0 0.049740 0.159015 0.020313 0.044793
0 0.097135 0.160134 0.030729 0.064950
0 0.301563 0.284994 0.025000 0.057111
0 0.325260 0.291713 0.023438 0.052632
0 0.450260 0.097984 0.027604 0.061590
0 0.480990 0.131019 0.022396 0.055991
0 0.501563 0.104143 0.021875 0.051512
0 0.482031 0.312430 0.027604 0.060470
0 0.431510 0.441209 0.021354 0.047032
0 0.425260 0.525196 0.027604 0.064950
0 0.339583 0.644457 0.029167 0.070549
0 0.420312 0.743561 0.027083 0.071669
0 0.028385 0.941209 0.029687 0.068309
0 0.173437 0.678611 0.023958 0.049272
0 0.600260 0.646697 0.019271 0.063830
0 0.621354 0.662934 0.021875 0.060470
0 0.809635 0.704367 0.027604 0.076148
0 0.819531 0.358903 0.023438 0.072788
0 0.807292 0.353863 0.017708 0.060470
0 0.973437 0.046473 0.025000 0.063830
0 0.892188 0.022396 0.029167 0.040314
0 0.545312 0.522396 0.022917 0.050392
0 0.705990 0.435050 0.017188 0.036954
0 0.266406 0.119821 0.025521 0.060470
0 0.246354 0.136618 0.020833 0.049272
