0 0.257590 0.267756 0.033207 0.037204
0 0.244307 0.315107 0.031309 0.039459
0 0.417457 0.330327 0.032258 0.042841
0 0.432163 0.369786 0.037002 0.042841
0 0.481973 0.521984 0.034156 0.049605
0 0.524194 0.658963 0.031309 0.037204
0 0.516603 0.690530 0.031309 0.037204
0 0.582068 0.721533 0.042694 0.049605
0 0.054554 0.695039 0.037002 0.052988
0 0.220588 0.948140 0.033207 0.042841
0 0.624288 0.801015 0.032258 0.039459
0 0.628083 0.830891 0.036053 0.042841
0 0.758065 0.732807 0.037951 0.045096
0 0.672676 0.641488 0.037951 0.045096
0 0.766129 0.669673 0.040797 0.045096
0 0.951139 0.971815 0.035104 0.042841
0 0.604364 0.257046 0.032258 0.033822
0 0.251898 0.902480 0.031309 0.039459
0 0.981499 0.258737 0.037002 0.048478
0 0.768975 0.884442 0.038899 0.039459
