0 0.206799 0.239327 0.018886 0.038810
0 0.106704 0.457309 0.018886 0.029754
0 0.138810 0.461190 0.018886 0.042691
0 0.125590 0.490944 0.022663 0.032342
0 0.252597 0.402975 0.019830 0.029754
0 0.262984 0.441785 0.019830 0.032342
0 0.375826 0.212160 0.013220 0.023286
0 0.510859 0.157827 0.020774 0.033635
0 0.412181 0.212807 0.017941 0.027167
0 0.517941 0.191462 0.025496 0.028461
0 0.593484 0.426261 0.023607 0.047865
0 0.645892 0.099612 0.016997 0.020699
0 0.546270 0.300129 0.023607 0.033635
0 0.692162 0.395860 0.024551 0.028461
0 0.757318 0.426261 0.026440 0.042691
0 0.841832 0.379043 0.023607 0.033635
0 0.776676 0.214101 0.019830 0.024580
0 0.754013 0.471539 0.021719 0.029754
0 0.642115 0.463777 0.033994 0.045278
0 0.941454 0.548512 0.022663 0.028461
0 0.947592 0.647477 0.019830 0.027167
0 0.645892 0.805951 0.018886 0.025873
0 0.645420 0.849935 0.021719 0.023286
0 0.914070 0.946313 0.024551 0.027167
0 0.885269 0.941785 0.019830 0.028461
0 0.852219 0.827296 0.029273 0.029754
0 0.694051 0.849935 0.033994 0.043984
0 0.563739 0.781371 0.018886 0.033635
0 0.582153 0.813713 0.012276 0.025873
0 0.546270 0.820181 0.016053 0.023286
0 0.447592 0.954722 0.020774 0.036223
0 0.247875 0.946960 0.031161 0.036223
0 0.220491 0.715395 0.023607 0.031048
0 0.273843 0.716041 0.022663 0.029754
0 0.371577 0.718629 0.023607 0.029754
0 0.385269 0.636481 0.022663 0.033635
0 0.408404 0.590556 0.019830 0.037516
0 0.414542 0.929495 0.026440 0.034929
0 0.293673 0.494179 0.022663 0.031048
0 0.549103 0.260026 0.025496 0.036223
0 0.111898 0.040103 0.019830 0.023286
0 0.266761 0.029107 0.016053 0.024580
0 0.405571 0.114489 0.023607 0.029754
