0 0.164721 0.208140 0.019455 0.027907
0 0.229896 0.284302 0.016213 0.031395
0 0.060311 0.101744 0.023346 0.045349
0 0.177367 0.468023 0.025292 0.038372
0 0.397211 0.323837 0.020104 0.033721
0 0.405966 0.451744 0.022049 0.031395
0 0.269455 0.081977 0.017510 0.033721
0 0.199416 0.219767 0.020104 0.034884
0 0.548962 0.153488 0.020104 0.039535
0 0.707198 0.128488 0.023995 0.047674
0 0.784695 0.198837 0.024643 0.053488
0 0.904669 0.259302 0.022049 0.041860
0 0.951686 0.132558 0.021401 0.048837
0 0.519455 0.956395 0.023346 0.054651
0 0.319066 0.794767 0.024643 0.052326
0 0.237678 0.937209 0.017510 0.044186
0 0.122568 0.877326 0.024643 0.040698
0 0.167315 0.719767 0.025940 0.037209
0 0.214656 0.750581 0.028534 0.047674
0 0.023022 0.422674 0.023995 0.045349
0 0.788586 0.026744 0.025940 0.048837
