0 0.285773 0.778509 0.046875 0.074561
0 0.111705 0.867142 0.033169 0.061769
0 0.152549 0.822917 0.029331 0.055190
0 0.214775 0.707420 0.030976 0.058845
0 0.196409 0.460526 0.041941 0.056287
0 0.145148 0.414839 0.046875 0.039474
0 0.253289 0.065789 0.030702 0.043129
0 0.276590 0.133589 0.031798 0.050073
0 0.265762 0.562317 0.024945 0.047880
0 0.392818 0.297332 0.028509 0.043494
0 0.381716 0.180921 0.049068 0.054825
0 0.712308 0.239949 0.041941 0.067617
0 0.732045 0.470943 0.054002 0.060307
0 0.901316 0.584978 0.030702 0.063231
0 0.589638 0.652961 0.041667 0.058114
0 0.257401 0.442069 0.050439 0.051535
