0 0.289474 0.778692 0.041667 0.062500
0 0.114172 0.860563 0.030976 0.065424
0 0.152001 0.821089 0.024397 0.046418
0 0.219709 0.703034 0.027138 0.059576
0 0.268092 0.566520 0.024671 0.044591
0 0.194353 0.465643 0.044408 0.038743
0 0.149945 0.390168 0.047149 0.091009
0 0.281387 0.132127 0.038103 0.054459
0 0.258772 0.067251 0.032895 0.051901
0 0.381716 0.317982 0.039748 0.053363
0 0.377056 0.199744 0.049616 0.054459
0 0.582922 0.151681 0.037555 0.062135
0 0.704084 0.255665 0.036458 0.061769
0 0.725877 0.475694 0.063048 0.063962
0 0.589227 0.642727 0.043037 0.067617
0 0.097725 0.021199 0.024945 0.035088
