0 0.106634 0.805007 0.024671 0.066155
0 0.162692 0.718567 0.043037 0.086257
0 0.191749 0.678911 0.033169 0.068348
0 0.033717 0.480263 0.066886 0.092105
0 0.268229 0.380665 0.049068 0.051535
0 0.259731 0.485928 0.033717 0.062500
0 0.595669 0.451206 0.035636 0.041301
0 0.462034 0.464547 0.039748 0.039474
0 0.107593 0.225694 0.066612 0.060307
0 0.183662 0.347953 0.033443 0.046053
0 0.683251 0.555190 0.020559 0.051901
0 0.902275 0.417946 0.057292 0.058114
0 0.307977 0.671601 0.032072 0.081506
0 0.359923 0.139254 0.036184 0.048246
