0 0.308662 0.673611 0.042215 0.078947
0 0.111020 0.803545 0.030154 0.061769
0 0.167900 0.716557 0.049068 0.080775
0 0.196272 0.678728 0.033991 0.068713
0 0.042352 0.478618 0.070998 0.077120
0 0.274123 0.383224 0.052632 0.047880
0 0.263432 0.490680 0.028509 0.052997
0 0.187089 0.339364 0.040296 0.058114
0 0.138158 0.216557 0.046053 0.061038
0 0.111294 0.229715 0.039474 0.058114
0 0.402275 0.124452 0.044682 0.062500
0 0.903235 0.412463 0.047149 0.067617
0 0.590872 0.465643 0.037555 0.040936
0 0.457511 0.483004 0.030702 0.049342
0 0.677906 0.556835 0.026316 0.047149
0 0.290570 0.469298 0.029605 0.038743
0 0.682703 0.506213 0.026042 0.046053
