0 0.187089 0.715278 0.043037 0.078216
0 0.138569 0.815058 0.034265 0.062865
0 0.216694 0.684028 0.035362 0.067617
0 0.327851 0.682200 0.037281 0.074196
0 0.243421 0.552083 0.033443 0.063231
0 0.317982 0.481725 0.029605 0.044591
0 0.287418 0.501279 0.023849 0.055190
0 0.290707 0.393640 0.041393 0.046784
0 0.032209 0.510417 0.050164 0.067617
0 0.219435 0.346857 0.024397 0.051901
0 0.158854 0.211806 0.062774 0.059576
0 0.412829 0.143823 0.046053 0.074196
0 0.450795 0.283260 0.046327 0.059211
0 0.466283 0.498355 0.031798 0.041301
0 0.946820 0.411915 0.053180 0.071637
0 0.700932 0.557931 0.026864 0.039839
0 0.600877 0.499269 0.026316 0.038012
0 0.698328 0.521016 0.016721 0.040570
0 0.050164 0.438779 0.092105 0.100512
