0 0.138021 0.819262 0.030428 0.066886
0 0.185581 0.716557 0.044956 0.084430
0 0.216146 0.686221 0.035910 0.077120
0 0.334567 0.682200 0.043037 0.080775
0 0.035499 0.514803 0.050713 0.060307
0 0.050027 0.436221 0.087445 0.099781
0 0.246436 0.554276 0.035088 0.053728
0 0.283580 0.502741 0.031524 0.052997
0 0.315515 0.482273 0.028509 0.043494
0 0.123355 0.224232 0.057566 0.062500
0 0.412555 0.145285 0.047697 0.076389
0 0.448465 0.285270 0.043860 0.060307
0 0.466283 0.500000 0.031798 0.043860
0 0.291804 0.397478 0.040296 0.042032
0 0.701069 0.520285 0.022204 0.043494
0 0.703262 0.560124 0.026590 0.038377
0 0.947231 0.417215 0.053454 0.082237
0 0.606634 0.501827 0.043311 0.040205
