0 0.077577 0.718750 0.041118 0.085161
0 0.155976 0.665387 0.027412 0.061038
0 0.158306 0.480811 0.026042 0.041301
0 0.178591 0.486294 0.020559 0.048611
0 0.216968 0.560124 0.027138 0.063231
0 0.116365 0.735197 0.060033 0.085161
0 0.086760 0.822368 0.028235 0.049708
0 0.242599 0.330592 0.034539 0.052997
0 0.203947 0.334064 0.058114 0.054825
0 0.454770 0.506213 0.030154 0.043129
0 0.573191 0.587171 0.036184 0.067617
0 0.570998 0.512975 0.035088 0.048611
0 0.492599 0.394554 0.031250 0.051535
0 0.519326 0.165753 0.030428 0.052997
0 0.324698 0.159357 0.049616 0.055556
0 0.728344 0.033808 0.055921 0.058114
0 0.812226 0.317434 0.035088 0.054459
0 0.186952 0.054276 0.043311 0.056652
0 0.688185 0.518823 0.025493 0.053728
0 0.024123 0.553728 0.046601 0.076754
0 0.616365 0.062500 0.031524 0.050439
