0 0.159424 0.845731 0.037480 0.082840
0 0.084465 0.946534 0.051059 0.106932
0 0.213335 0.688292 0.042640 0.089180
0 0.150054 0.602916 0.031776 0.073964
0 0.122759 0.608199 0.029875 0.067625
0 0.055540 0.587489 0.024172 0.051564
0 0.145301 0.418005 0.061380 0.079459
0 0.073737 0.071217 0.050244 0.076500
0 0.250543 0.137151 0.037208 0.065511
0 0.457360 0.071851 0.033134 0.064243
0 0.802417 0.139687 0.037208 0.069738
0 0.469310 0.372358 0.032591 0.060862
0 0.452879 0.524091 0.035035 0.053254
0 0.578897 0.482883 0.035578 0.055368
0 0.594785 0.591293 0.037480 0.071006
0 0.187670 0.392223 0.038023 0.065934
0 0.709261 0.455621 0.018740 0.054100
0 0.445274 0.160609 0.041010 0.046492
