0 0.078399 0.725694 0.042763 0.077120
0 0.120888 0.738852 0.057566 0.078582
0 0.160910 0.668494 0.029057 0.054825
0 0.453262 0.523392 0.036458 0.043129
0 0.569627 0.523575 0.040570 0.048611
0 0.571272 0.605263 0.037829 0.057018
0 0.487527 0.409722 0.039748 0.059211
0 0.223410 0.557200 0.040022 0.058845
0 0.181332 0.488487 0.024397 0.047149
0 0.158169 0.481542 0.019737 0.039839
0 0.108004 0.447186 0.027961 0.049342
0 0.017133 0.212537 0.033169 0.053728
0 0.190515 0.087719 0.043311 0.057018
0 0.323054 0.179276 0.044134 0.044956
0 0.513706 0.189876 0.026864 0.050073
0 0.512198 0.132127 0.036458 0.040570
0 0.616502 0.085709 0.043860 0.048611
0 0.725329 0.048794 0.055921 0.067617
0 0.805373 0.328765 0.031250 0.052266
0 0.216146 0.466374 0.030428 0.042398
0 0.202577 0.347770 0.057566 0.055921
0 0.243832 0.341374 0.032072 0.046053
0 0.400356 0.067800 0.040844 0.040570
