0 0.119380 0.739766 0.050713 0.092105
0 0.177357 0.673611 0.040570 0.068713
0 0.240543 0.568165 0.037555 0.055921
0 0.254934 0.607456 0.021930 0.025585
0 0.026727 0.573282 0.045230 0.071272
0 0.184073 0.489949 0.030428 0.044225
0 0.131305 0.457054 0.028509 0.042032
0 0.205729 0.495614 0.019463 0.056287
0 0.240269 0.484101 0.028783 0.047880
0 0.228070 0.370431 0.055373 0.058845
0 0.281113 0.357639 0.044134 0.058114
0 0.235334 0.140168 0.035910 0.046418
0 0.307977 0.125548 0.055647 0.072003
0 0.593202 0.666118 0.030702 0.061038
0 0.622533 0.624452 0.033443 0.031067
0 0.581140 0.600146 0.038377 0.041667
0 0.686266 0.588268 0.022204 0.054459
0 0.484101 0.625548 0.026316 0.041301
0 0.509457 0.519371 0.034265 0.053363
0 0.428317 0.407164 0.035910 0.048977
0 0.359238 0.354349 0.031524 0.042763
0 0.424068 0.253472 0.036184 0.040570
0 0.534128 0.335161 0.027138 0.044591
0 0.604852 0.218567 0.033169 0.046053
0 0.434622 0.228070 0.029879 0.031433
0 0.379660 0.328399 0.024671 0.033260
