0 0.230126 0.370797 0.057292 0.052266
0 0.282072 0.357456 0.046053 0.062135
0 0.236020 0.148940 0.040570 0.050073
0 0.309622 0.131762 0.055099 0.077120
0 0.130345 0.457420 0.032621 0.051535
0 0.109512 0.733918 0.038103 0.069444
0 0.118421 0.756396 0.053728 0.068348
0 0.176809 0.677083 0.035088 0.056652
0 0.091146 0.827668 0.029331 0.057383
0 0.239035 0.566703 0.029057 0.059576
0 0.261239 0.605263 0.013158 0.027778
0 0.025219 0.576572 0.049890 0.071272
0 0.177906 0.488121 0.038377 0.047880
0 0.210663 0.499817 0.020011 0.056652
0 0.511102 0.521199 0.030976 0.037281
0 0.486842 0.634320 0.026316 0.033991
0 0.591009 0.669956 0.026864 0.043860
0 0.429550 0.416118 0.032346 0.037646
0 0.032209 0.262610 0.045230 0.052997
0 0.721902 0.057200 0.056195 0.061038
0 0.535499 0.343202 0.028235 0.037281
0 0.582237 0.604349 0.038377 0.048611
0 0.361979 0.357456 0.034265 0.041667
