0 0.116365 0.746893 0.051809 0.085892
0 0.089501 0.842288 0.030976 0.062500
0 0.177906 0.682566 0.033443 0.055921
0 0.029331 0.583882 0.055373 0.075658
0 0.241091 0.570724 0.023849 0.052266
0 0.260417 0.605994 0.016447 0.032895
0 0.188185 0.494700 0.019463 0.037646
0 0.212719 0.505665 0.016996 0.044225
0 0.134731 0.468933 0.027686 0.048246
0 0.234512 0.381762 0.055647 0.050073
0 0.287281 0.368604 0.033991 0.054459
0 0.023300 0.279971 0.046053 0.053363
0 0.239446 0.163560 0.045230 0.052266
0 0.317845 0.164291 0.049068 0.066155
0 0.513158 0.540387 0.031798 0.045687
0 0.491228 0.650219 0.024671 0.033626
0 0.592928 0.681652 0.029057 0.051901
0 0.718339 0.059576 0.053454 0.062865
0 0.538377 0.366228 0.025219 0.039474
0 0.626919 0.641447 0.033991 0.026316
0 0.579907 0.609466 0.023849 0.027412
0 0.367736 0.374086 0.027686 0.035453
0 0.430510 0.434393 0.028235 0.039839
