0 0.120203 0.753838 0.046875 0.083699
0 0.176398 0.680007 0.036458 0.060307
0 0.088130 0.840643 0.026590 0.062135
0 0.243695 0.573648 0.029605 0.060307
0 0.136102 0.464181 0.028783 0.041667
0 0.235197 0.381762 0.055921 0.052266
0 0.213679 0.510599 0.015625 0.036550
0 0.180921 0.494700 0.040022 0.043494
0 0.286732 0.368969 0.038377 0.054459
0 0.241091 0.165570 0.038103 0.048246
0 0.318942 0.168311 0.052906 0.071272
0 0.719024 0.060490 0.048794 0.061038
0 0.515488 0.547332 0.030976 0.047149
0 0.537829 0.369700 0.025219 0.047880
0 0.593613 0.687500 0.029331 0.054825
0 0.627604 0.639254 0.029331 0.032164
0 0.583059 0.610928 0.035636 0.029605
0 0.493421 0.650950 0.026864 0.035088
