0 0.121436 0.752010 0.046601 0.072734
0 0.085526 0.722770 0.033443 0.069079
0 0.096628 0.832420 0.029331 0.056652
0 0.255894 0.604532 0.018914 0.033626
0 0.236294 0.567434 0.036732 0.060307
0 0.131031 0.460526 0.027961 0.044591
0 0.172423 0.489218 0.039474 0.040570
0 0.212445 0.499452 0.029605 0.051535
0 0.238898 0.484649 0.027138 0.046784
0 0.230126 0.375548 0.052906 0.046418
0 0.276179 0.358735 0.044134 0.055190
0 0.236979 0.152961 0.038651 0.057383
0 0.527549 0.317800 0.026590 0.042763
0 0.425576 0.371345 0.029879 0.039474
0 0.719846 0.061038 0.057566 0.061404
0 0.586486 0.662463 0.032072 0.058845
0 0.577440 0.588085 0.035362 0.036550
0 0.473958 0.603070 0.020833 0.034357
0 0.498766 0.500183 0.029331 0.044956
0 0.617736 0.616776 0.032621 0.036915
0 0.352659 0.329678 0.028783 0.039474
0 0.328399 0.321637 0.033991 0.043129
0 0.174479 0.676352 0.030976 0.048611
