3 0.684250 0.013250 0.030833 0.026000
3 0.049000 0.185500 0.038667 0.071500
3 0.566833 0.925625 0.042667 0.043250
3 0.299750 0.297750 0.035500 0.042500
3 0.527583 0.368750 0.032833 0.066500
3 0.015000 0.546875 0.029667 0.041250
3 0.652833 0.418500 0.047000 0.042500
3 0.070667 0.082125 0.033000 0.049750
3 0.299750 0.640750 0.041833 0.073500
3 0.236750 0.398750 0.041500 0.047500
3 0.953583 0.434750 0.036500 0.051000
3 0.260500 0.478875 0.038333 0.068250
3 0.632000 0.982875 0.043667 0.030250
3 0.903583 0.439500 0.042167 0.069500
3 0.220833 0.706125 0.033000 0.047250
3 0.487583 0.101500 0.043167 0.059500
3 0.792000 0.231500 0.037333 0.072500
3 0.389000 0.732875 0.041667 0.059250
3 0.132667 0.947375 0.036000 0.047250
3 0.021667 0.113125 0.031333 0.060750
3 0.126333 0.333500 0.033333 0.054000
3 0.437083 0.329250 0.039833 0.059000
3 0.725417 0.791125 0.045500 0.062750
3 0.272083 0.214625 0.044500 0.089750
3 0.058250 0.573500 0.055833 0.046000
3 0.279000 0.839500 0.030333 0.024500
3 0.783750 0.082500 0.034833 0.043000
3 0.396083 0.381875 0.037500 0.066250
3 0.199583 0.414375 0.051167 0.065250
3 0.888083 0.793375 0.031833 0.036750
3 0.501000 0.241625 0.054667 0.054750
3 0.347000 0.406750 0.067667 0.083000
3 0.980250 0.580250 0.039500 0.060000
3 0.020000 0.927500 0.038000 0.051500
3 0.076250 0.952750 0.041833 0.050000
3 0.607667 0.348500 0.036667 0.054000
3 0.491000 0.316500 0.044667 0.053500
3 0.904583 0.575625 0.043167 0.038250
3 0.444083 0.428625 0.042833 0.067250
3 0.034250 0.180375 0.042500 0.091250
3 0.951167 0.646625 0.050333 0.051250
3 0.283750 0.035125 0.056500 0.046250
3 0.974333 0.290375 0.050333 0.053250
3 0.580500 0.402250 0.042000 0.060000
3 0.233917 0.858125 0.027500 0.030250
3 0.617500 0.871000 0.043000 0.050500
3 0.727250 0.963125 0.059500 0.051750
3 0.598917 0.957750 0.093500 0.084500
3 0.810667 0.921875 0.053000 0.054750
3 0.243583 0.923750 0.049500 0.051000
3 0.250333 0.754500 0.045000 0.067500
3 0.455083 0.570000 0.040167 0.075500
3 0.558000 0.048750 0.042000 0.059500
3 0.508083 0.951625 0.036167 0.059750
3 0.519667 0.868125 0.030000 0.037250
3 0.113333 0.634250 0.043000 0.089500
3 0.656667 0.543000 0.045000 0.088500
3 0.312333 0.564125 0.044333 0.155750
3 0.122083 0.061625 0.045167 0.055250
3 0.141500 0.841625 0.055000 0.054250
3 0.639250 0.184375 0.038500 0.057250
3 0.782917 0.681625 0.069833 0.053250
3 0.644000 0.718125 0.044000 0.049250
3 0.708750 0.455500 0.048833 0.059500
3 0.228000 0.557375 0.038000 0.066750
3 0.109833 0.387625 0.047667 0.068750
3 0.796917 0.454375 0.035500 0.055250
3 0.193583 0.025375 0.042500 0.050250
3 0.428667 0.662250 0.040667 0.087500
3 0.180417 0.556125 0.044500 0.066750
3 0.835250 0.124500 0.044833 0.057500
3 0.306583 0.908125 0.060167 0.079750
3 0.023000 0.490875 0.040667 0.061250
3 0.137500 0.490125 0.044333 0.063750
3 0.515333 0.476625 0.051667 0.056750
3 0.882417 0.635250 0.040833 0.056500
3 0.046250 0.282250 0.049833 0.077000
3 0.699417 0.100875 0.039500 0.112750
3 0.465167 0.144250 0.059000 0.081000
3 0.120750 0.189000 0.040500 0.072500
3 0.435833 0.842875 0.038333 0.070250
3 0.665000 0.349750 0.059333 0.054500
3 0.787000 0.317000 0.047333 0.072500
3 0.362000 0.657125 0.039667 0.077250
3 0.591917 0.643125 0.038167 0.069250
3 0.618917 0.275625 0.050167 0.071250
3 0.336250 0.154875 0.050167 0.095250
3 0.411417 0.170625 0.043833 0.084250
3 0.269583 0.806375 0.025167 0.026750
