3 0.180000 0.657250 0.064000 0.038167
3 0.655375 0.010500 0.054250 0.020667
3 0.705750 0.217250 0.031500 0.028500
3 0.355625 0.427917 0.052250 0.040833
3 0.626375 0.989167 0.049750 0.021667
3 0.128000 0.331417 0.049000 0.043167
3 0.342625 0.637417 0.067250 0.046167
3 0.194250 0.861333 0.041500 0.040000
3 0.155000 0.461667 0.081500 0.037667
3 0.983625 0.392667 0.032750 0.044333
3 0.401250 0.290833 0.046000 0.041333
3 0.395250 0.655667 0.068000 0.044333
3 0.463250 0.528000 0.054000 0.037000
3 0.173000 0.911250 0.057000 0.054833
3 0.806500 0.325750 0.048000 0.032167
3 0.676125 0.111000 0.052750 0.039000
3 0.753125 0.784250 0.053250 0.050167
3 0.019250 0.535417 0.038000 0.052833
3 0.131375 0.399833 0.073250 0.038667
3 0.794625 0.839500 0.071250 0.035333
3 0.603375 0.902833 0.056750 0.046667
3 0.848625 0.376333 0.083250 0.040333
3 0.758375 0.715833 0.046750 0.034667
3 0.941250 0.061333 0.045500 0.038333
3 0.537500 0.922333 0.058500 0.045667
3 0.234625 0.819667 0.049750 0.030000
3 0.754000 0.633333 0.035000 0.035333
3 0.149500 0.048750 0.059000 0.042167
3 0.271500 0.473167 0.064500 0.040333
3 0.796875 0.793750 0.058750 0.080833
3 0.437625 0.699167 0.064750 0.035000
3 0.309125 0.075917 0.065250 0.037167
3 0.349250 0.988500 0.061000 0.023000
3 0.287750 0.686417 0.062000 0.051167
3 0.979875 0.870250 0.040250 0.039167
3 0.544250 0.017333 0.058500 0.033000
3 0.513500 0.307583 0.059000 0.062500
3 0.255875 0.548333 0.066750 0.039667
3 0.541375 0.655917 0.058250 0.053500
3 0.658000 0.443667 0.092500 0.064333
3 0.095500 0.886083 0.067500 0.060500
3 0.034750 0.749417 0.063500 0.047500
3 0.404375 0.562083 0.055250 0.046500
3 0.147250 0.734667 0.104500 0.058000
3 0.759125 0.896917 0.053750 0.052500
3 0.485125 0.970750 0.065250 0.040500
3 0.479500 0.593583 0.060500 0.050500
3 0.418250 0.249917 0.098500 0.046167
3 0.929000 0.757750 0.056000 0.040167
3 0.040250 0.630833 0.061500 0.042667
3 0.569500 0.283667 0.068000 0.035667
3 0.342125 0.502250 0.054750 0.041500
3 0.921750 0.358750 0.066000 0.031500
3 0.803625 0.987083 0.075750 0.025833
3 0.951875 0.492667 0.057750 0.041000
3 0.450625 0.178750 0.082250 0.054833
3 0.568375 0.198417 0.107250 0.044500
3 0.203625 0.099917 0.062750 0.065833
3 0.371375 0.814167 0.063750 0.053333
3 0.303500 0.397083 0.060500 0.046167
3 0.762750 0.164083 0.060000 0.039833
3 0.682875 0.640583 0.090750 0.064833
3 0.045000 0.242417 0.076500 0.066500
3 0.421250 0.077583 0.104000 0.072500
3 0.945625 0.645583 0.074250 0.050833
3 0.168625 0.541417 0.081250 0.042500
3 0.358250 0.365250 0.067000 0.052500
3 0.613125 0.790000 0.066250 0.048667
3 0.030875 0.323750 0.061250 0.050500
3 0.575500 0.707167 0.101500 0.060667
3 0.816375 0.480000 0.065250 0.049333
3 0.812125 0.198667 0.064750 0.055333
3 0.902625 0.245750 0.097750 0.085167
3 0.949625 0.132083 0.095250 0.082500
3 0.910000 0.410500 0.059500 0.054333
3 0.738875 0.063333 0.070250 0.068333
3 0.245500 0.880167 0.066500 0.056667
3 0.943500 0.552917 0.094500 0.042833
3 0.506250 0.124250 0.112500 0.057833
