3 0.947625 0.229000 0.057250 0.027667
3 0.350375 0.415583 0.043750 0.030833
3 0.660125 0.931750 0.034750 0.029500
3 0.729000 0.460750 0.036000 0.024500
3 0.575375 0.477917 0.040750 0.032500
3 0.148000 0.438083 0.052500 0.028167
3 0.106250 0.103500 0.045000 0.047667
3 0.447625 0.985417 0.051250 0.028167
3 0.119000 0.085000 0.052000 0.049333
3 0.522500 0.425833 0.052000 0.030000
3 0.761125 0.605250 0.050250 0.035500
3 0.985625 0.409750 0.028750 0.029500
3 0.052000 0.554333 0.055500 0.040000
3 0.233250 0.862917 0.030500 0.019833
3 0.218500 0.665583 0.035500 0.031833
3 0.715750 0.497167 0.039500 0.021333
3 0.916750 0.628833 0.046500 0.020333
3 0.899875 0.368083 0.029250 0.030167
3 0.442750 0.840250 0.042500 0.031500
3 0.615500 0.301000 0.060500 0.030000
3 0.376500 0.707167 0.069500 0.040667
3 0.842375 0.648917 0.062750 0.034167
3 0.495125 0.799000 0.057750 0.041000
3 0.138625 0.284833 0.053250 0.044333
3 0.066000 0.325667 0.044500 0.031000
3 0.282500 0.597250 0.039000 0.035500
3 0.556750 0.348583 0.053000 0.032833
3 0.507750 0.461583 0.046500 0.033167
3 0.970500 0.057833 0.056000 0.026000
3 0.498375 0.358167 0.050750 0.039333
3 0.717375 0.073000 0.062750 0.034333
3 0.838375 0.106833 0.071250 0.031000
3 0.190875 0.684000 0.043250 0.032333
3 0.803750 0.723583 0.065500 0.035833
3 0.969875 0.030083 0.057750 0.024833
3 0.237125 0.821083 0.035250 0.043833
3 0.304625 0.982750 0.046250 0.033500
3 0.038250 0.398167 0.047000 0.035333
3 0.378500 0.543000 0.047000 0.031667
3 0.053875 0.139167 0.046250 0.027667
3 0.409375 0.233750 0.036250 0.042167
3 0.941250 0.958833 0.048500 0.025333
3 0.103375 0.365000 0.044250 0.035333
3 0.162875 0.790083 0.061750 0.037500
3 0.557375 0.087417 0.049250 0.031500
3 0.421125 0.359583 0.051750 0.030500
3 0.590125 0.519083 0.060250 0.028500
3 0.665500 0.546667 0.045000 0.032667
3 0.173125 0.418167 0.045750 0.040000
3 0.951375 0.812500 0.065250 0.026667
3 0.454000 0.523250 0.057500 0.034167
3 0.534000 0.292833 0.085000 0.040333
3 0.815375 0.689000 0.072250 0.047333
3 0.850000 0.479167 0.071500 0.024667
3 0.166500 0.478250 0.064000 0.040500
3 0.399125 0.816917 0.060750 0.029833
3 0.281500 0.082333 0.046500 0.028000
3 0.215750 0.736250 0.053000 0.032833
3 0.457625 0.939417 0.038750 0.039500
3 0.631500 0.087500 0.052500 0.031333
3 0.276250 0.751333 0.048500 0.032000
3 0.074375 0.043833 0.040250 0.055667
3 0.326000 0.785333 0.052500 0.050667
3 0.091000 0.691083 0.051500 0.030500
3 0.351750 0.615500 0.060500 0.035000
3 0.136875 0.131750 0.047750 0.047500
3 0.762750 0.639667 0.061500 0.038667
3 0.634000 0.048083 0.054500 0.035500
3 0.600125 0.934917 0.054750 0.048500
3 0.063500 0.749500 0.044000 0.031000
3 0.761875 0.027000 0.043750 0.032667
3 0.940250 0.666333 0.048000 0.039000
3 0.508500 0.622750 0.054000 0.040833
3 0.952375 0.118083 0.072250 0.030500
3 0.583625 0.431833 0.060750 0.043000
3 0.217250 0.614250 0.063500 0.037167
3 0.442625 0.197083 0.053750 0.038500
3 0.703500 0.960583 0.059000 0.059167
3 0.344625 0.459333 0.074750 0.041333
3 0.833750 0.365333 0.065500 0.039667
3 0.521375 0.912083 0.083750 0.027833
3 0.783000 0.568583 0.061500 0.040167
3 0.744500 0.435833 0.064500 0.037667
3 0.723250 0.311417 0.086000 0.036500
3 0.452500 0.654667 0.076500 0.037000
3 0.644000 0.608167 0.064000 0.041000
3 0.891500 0.030833 0.071000 0.041333
3 0.242750 0.911750 0.047500 0.060167
3 0.712625 0.220000 0.103750 0.039333
3 0.941500 0.270667 0.083000 0.043000
3 0.191500 0.210833 0.063500 0.040333
3 0.764625 0.155583 0.118750 0.037167
3 0.026500 0.849500 0.049500 0.047000
3 0.324625 0.142250 0.062750 0.045167
3 0.247750 0.336917 0.063000 0.051500
3 0.525000 0.141917 0.058000 0.052833
3 0.881625 0.516833 0.062250 0.045000
3 0.276500 0.556417 0.074500 0.042500
3 0.787750 0.969083 0.074000 0.058833
