3 0.662000 0.322125 0.028667 0.052250
3 0.358417 0.399125 0.033500 0.045750
3 0.979167 0.624625 0.039333 0.087250
3 0.034000 0.350875 0.040667 0.043750
3 0.516417 0.323125 0.032833 0.035750
3 0.187417 0.164625 0.045833 0.051250
3 0.431083 0.418625 0.038500 0.043750
3 0.049750 0.293125 0.024833 0.039250
3 0.967417 0.102375 0.027500 0.044750
3 0.403167 0.834375 0.031000 0.046250
3 0.411917 0.831500 0.028167 0.052500
3 0.343167 0.413000 0.031000 0.042500
3 0.389917 0.158375 0.025833 0.044250
3 0.012750 0.204000 0.024833 0.034000
3 0.852583 0.327750 0.034500 0.054000
3 0.827333 0.914000 0.031333 0.027000
3 0.891000 0.394000 0.035000 0.028500
3 0.315250 0.984375 0.036833 0.026750
3 0.633583 0.606750 0.028833 0.046000
3 0.583917 0.151375 0.031500 0.038250
3 0.372583 0.539875 0.034167 0.039250
3 0.208417 0.172875 0.038833 0.054250
3 0.293917 0.372125 0.041833 0.078250
3 0.648500 0.540500 0.064667 0.046000
3 0.290250 0.016125 0.031500 0.031750
3 0.217500 0.780250 0.037333 0.048500
3 0.817417 0.662125 0.037500 0.036250
3 0.334083 0.566000 0.031500 0.046000
3 0.717333 0.811000 0.031333 0.048500
3 0.559583 0.130625 0.024500 0.043750
3 0.014750 0.242875 0.029167 0.036250
3 0.621083 0.449250 0.035833 0.071000
3 0.151167 0.942750 0.037333 0.043000
3 0.643333 0.134000 0.031667 0.037000
3 0.691167 0.405125 0.041000 0.040250
3 0.302167 0.673375 0.051000 0.042250
3 0.358500 0.171875 0.035667 0.050750
3 0.116167 0.596250 0.039000 0.040000
3 0.216000 0.330375 0.056333 0.075250
3 0.626167 0.831000 0.035000 0.039000
3 0.330000 0.741625 0.030333 0.077750
3 0.505667 0.889125 0.030000 0.047750
3 0.697250 0.962000 0.026833 0.036500
3 0.513833 0.212250 0.036667 0.041000
3 0.356583 0.661375 0.040500 0.041750
3 0.244750 0.050875 0.034833 0.037250
3 0.969000 0.877000 0.032333 0.040000
3 0.817167 0.848750 0.030667 0.043000
3 0.763083 0.290625 0.030167 0.051250
3 0.308167 0.435875 0.043333 0.053750
3 0.463500 0.167750 0.033333 0.045500
3 0.668083 0.261250 0.023500 0.038000
3 0.120667 0.663000 0.057333 0.048000
3 0.124083 0.355000 0.044500 0.053000
3 0.664083 0.833625 0.039500 0.044750
3 0.980583 0.819375 0.038833 0.047250
3 0.615500 0.934625 0.031000 0.036250
3 0.055083 0.968250 0.034833 0.041000
3 0.014250 0.564500 0.028167 0.066000
3 0.428750 0.089250 0.036167 0.056000
3 0.758667 0.023250 0.025333 0.046000
3 0.502000 0.602000 0.028000 0.057000
3 0.017417 0.146875 0.033833 0.050250
3 0.812333 0.447000 0.026333 0.045000
3 0.401833 0.017000 0.039000 0.033500
3 0.592667 0.746625 0.039667 0.055750
3 0.579583 0.022000 0.039500 0.042500
3 0.309750 0.864500 0.034833 0.039000
3 0.840083 0.690375 0.041500 0.059250
3 0.984333 0.687250 0.030333 0.066000
3 0.655417 0.377000 0.028500 0.048000
3 0.935583 0.418500 0.046833 0.050500
3 0.539500 0.978625 0.025333 0.038250
3 0.208917 0.980750 0.031167 0.035000
3 0.696000 0.201625 0.036333 0.047250
3 0.459167 0.663250 0.035667 0.060500
3 0.394000 0.945375 0.031333 0.062750
3 0.691667 0.759375 0.038667 0.054750
3 0.657417 0.051625 0.032500 0.079750
3 0.685333 0.642250 0.028333 0.065500
3 0.967333 0.244000 0.039333 0.063500
3 0.243500 0.490250 0.031000 0.041000
3 0.055167 0.534000 0.036333 0.053000
3 0.181833 0.455875 0.036000 0.065250
3 0.960250 0.741125 0.037833 0.062750
3 0.227583 0.378875 0.047833 0.065250
3 0.471083 0.328250 0.032167 0.069000
3 0.497417 0.417750 0.025167 0.040500
3 0.759750 0.657125 0.032167 0.058750
3 0.477167 0.482375 0.033667 0.046750
3 0.485167 0.713125 0.033000 0.091750
3 0.148417 0.564625 0.036833 0.057750
3 0.122333 0.114375 0.042333 0.055250
3 0.773083 0.339125 0.036167 0.070250
3 0.858833 0.129000 0.046667 0.086000
3 0.478417 0.834625 0.049167 0.051750
3 0.846500 0.384750 0.041667 0.059000
3 0.902000 0.207875 0.065000 0.061750
3 0.094417 0.507500 0.051167 0.072500
3 0.365833 0.325625 0.033000 0.095750
3 0.913083 0.649500 0.039167 0.100500
3 0.759333 0.899125 0.033333 0.066750
