3 0.253667 0.347500 0.033333 0.058000
3 0.294000 0.376500 0.035333 0.052000
3 0.321333 0.360000 0.028667 0.049000
3 0.346667 0.407500 0.043333 0.042000
3 0.390333 0.454000 0.040000 0.039000
3 0.412000 0.364500 0.044667 0.038000
3 0.403333 0.259000 0.034000 0.043000
3 0.450333 0.309000 0.045333 0.083000
3 0.461333 0.367500 0.030000 0.050000
3 0.489333 0.407000 0.047333 0.059000
3 0.526667 0.347500 0.031333 0.066000
3 0.488667 0.349500 0.028667 0.076000
3 0.562333 0.358500 0.036000 0.076000
3 0.630000 0.339000 0.035333 0.087000
3 0.619000 0.266500 0.044000 0.050000
3 0.714333 0.373000 0.036000 0.077000
3 0.694667 0.473500 0.034000 0.030000
3 0.608333 0.465500 0.038667 0.040000
3 0.615667 0.524500 0.034667 0.046000
3 0.638333 0.523000 0.033333 0.043000
3 0.669333 0.518500 0.028667 0.044000
3 0.681000 0.562500 0.038667 0.048000
3 0.759667 0.516500 0.033333 0.044000
3 0.722667 0.500500 0.034000 0.054000
3 0.728333 0.433000 0.040000 0.051000
3 0.757667 0.452500 0.029333 0.046000
3 0.803667 0.454500 0.038667 0.048000
3 0.833000 0.449000 0.028000 0.043000
3 0.857333 0.435000 0.040667 0.059000
3 0.914000 0.448000 0.031333 0.049000
3 0.957333 0.487500 0.043333 0.050000
3 0.933667 0.566500 0.025333 0.044000
3 0.978000 0.575000 0.038000 0.045000
3 0.986000 0.526500 0.027333 0.034000
3 0.939333 0.342500 0.031333 0.030000
3 0.979667 0.363500 0.029333 0.062000
3 0.984833 0.286875 0.030333 0.054750
3 0.879667 0.132000 0.040000 0.041000
3 0.840667 0.217500 0.026000 0.058000
3 0.847000 0.264500 0.030667 0.038000
3 0.874000 0.209500 0.031333 0.040000
3 0.896667 0.230500 0.020667 0.046000
3 0.931667 0.199000 0.061333 0.047000
3 0.944667 0.231500 0.067333 0.040000
3 0.976833 0.163375 0.046333 0.029750
3 0.971500 0.037500 0.057000 0.054000
3 0.797667 0.102000 0.054667 0.069000
3 0.821333 0.153500 0.030000 0.048000
3 0.580000 0.138000 0.067333 0.039000
3 0.651667 0.133500 0.034667 0.032000
3 0.624667 0.037500 0.030000 0.052000
3 0.541667 0.109500 0.060000 0.086000
3 0.478000 0.097500 0.038000 0.050000
3 0.443000 0.089000 0.029333 0.083000
3 0.400750 0.157625 0.024500 0.048250
3 0.364667 0.147000 0.031333 0.043000
3 0.339667 0.150500 0.026667 0.040000
3 0.332667 0.181500 0.023333 0.046000
3 0.295000 0.191000 0.048000 0.049000
3 0.255000 0.216000 0.030667 0.041000
3 0.364000 0.068500 0.039333 0.062000
3 0.242333 0.025500 0.046667 0.050000
3 0.238667 0.096500 0.048667 0.074000
3 0.205333 0.085000 0.027333 0.045000
3 0.144917 0.019375 0.026833 0.038250
3 0.118000 0.058000 0.036667 0.045000
3 0.141667 0.207000 0.030667 0.041000
3 0.055667 0.093500 0.076000 0.030000
3 0.055083 0.032375 0.059833 0.064250
3 0.033917 0.308500 0.067500 0.048000
3 0.079000 0.398500 0.062667 0.034000
3 0.069333 0.367000 0.040667 0.039000
3 0.098333 0.464500 0.048000 0.042000
3 0.062000 0.414500 0.054000 0.054000
3 0.100333 0.543000 0.044000 0.039000
3 0.044333 0.518500 0.029333 0.046000
3 0.013917 0.531500 0.027500 0.034000
3 0.233333 0.539500 0.043333 0.040000
3 0.293333 0.488000 0.040667 0.049000
3 0.348667 0.527000 0.040667 0.041000
3 0.284667 0.571500 0.048667 0.054000
3 0.433000 0.555000 0.049333 0.035000
3 0.462667 0.509000 0.024667 0.035000
3 0.525000 0.564500 0.032000 0.048000
3 0.578667 0.555500 0.027333 0.048000
3 0.110667 0.621000 0.031333 0.049000
3 0.174000 0.649000 0.036667 0.033000
3 0.160333 0.696500 0.026667 0.026000
3 0.235333 0.693500 0.048667 0.038000
3 0.309333 0.668500 0.044667 0.040000
3 0.330000 0.637500 0.051333 0.052000
3 0.368667 0.687500 0.026000 0.076000
3 0.375333 0.729500 0.036667 0.034000
3 0.403667 0.659000 0.041333 0.063000
3 0.436333 0.703500 0.024000 0.066000
3 0.456333 0.718500 0.020000 0.046000
3 0.480333 0.706500 0.033333 0.052000
3 0.450000 0.627500 0.034000 0.054000
3 0.423333 0.610500 0.036667 0.046000
3 0.523333 0.650500 0.055333 0.058000
3 0.573000 0.652500 0.037333 0.062000
3 0.582667 0.664000 0.031333 0.097000
3 0.610000 0.658500 0.032667 0.062000
3 0.725667 0.651000 0.033333 0.045000
3 0.766667 0.678500 0.052667 0.062000
3 0.793000 0.636500 0.029333 0.050000
3 0.805000 0.698000 0.022667 0.063000
3 0.828333 0.720500 0.032000 0.060000
3 0.856333 0.681500 0.033333 0.040000
3 0.884667 0.705500 0.027333 0.040000
3 0.878667 0.743000 0.035333 0.039000
3 0.929667 0.734500 0.026667 0.052000
3 0.957000 0.712500 0.040000 0.054000
3 0.939667 0.823000 0.061333 0.055000
3 0.970667 0.901500 0.028667 0.058000
3 0.888333 0.841000 0.024000 0.049000
3 0.839667 0.794000 0.030667 0.055000
3 0.805667 0.829000 0.032000 0.045000
3 0.781667 0.807500 0.030667 0.034000
3 0.741000 0.764000 0.045333 0.059000
3 0.728667 0.723500 0.031333 0.038000
3 0.690667 0.740000 0.030000 0.043000
3 0.662333 0.757000 0.026667 0.041000
3 0.672667 0.795500 0.020667 0.042000
3 0.638333 0.763000 0.028000 0.045000
3 0.630333 0.830500 0.030667 0.098000
3 0.685333 0.874000 0.030000 0.041000
3 0.717333 0.875500 0.032667 0.056000
3 0.718333 0.817000 0.072000 0.049000
3 0.778333 0.925000 0.022667 0.041000
3 0.809667 0.933000 0.033333 0.039000
3 0.858333 0.941500 0.033333 0.074000
3 0.513667 0.775000 0.042667 0.037000
3 0.467000 0.807000 0.044000 0.035000
3 0.562667 0.833000 0.067333 0.053000
3 0.568333 0.786000 0.054667 0.051000
3 0.498833 0.962750 0.027667 0.074500
3 0.554000 0.934500 0.076667 0.126000
3 0.649667 0.957000 0.033333 0.055000
3 0.685000 0.946000 0.030667 0.049000
3 0.407333 0.853000 0.028667 0.049000
3 0.446333 0.941000 0.052000 0.095000
3 0.387000 0.946500 0.058667 0.058000
3 0.365333 0.907000 0.038000 0.037000
3 0.342333 0.870500 0.030667 0.042000
3 0.294000 0.832000 0.043333 0.043000
3 0.274667 0.754500 0.035333 0.034000
3 0.100667 0.702000 0.034000 0.039000
3 0.098333 0.738500 0.033333 0.034000
3 0.061667 0.782000 0.036000 0.033000
3 0.098667 0.777000 0.036667 0.035000
3 0.034000 0.741000 0.034000 0.031000
3 0.017667 0.855500 0.034667 0.082000
3 0.073333 0.866500 0.046000 0.072000
3 0.126333 0.833500 0.042667 0.066000
3 0.170667 0.793500 0.058000 0.096000
3 0.205000 0.807500 0.036000 0.060000
3 0.131000 0.909000 0.044000 0.029000
3 0.058000 0.964500 0.056667 0.050000
3 0.116333 0.933500 0.052000 0.034000
3 0.221000 0.896500 0.026667 0.044000
3 0.257000 0.927000 0.029333 0.063000
3 0.171000 0.920000 0.070667 0.069000
3 0.178667 0.982000 0.031333 0.035000
3 0.309333 0.918500 0.032667 0.054000
3 0.465750 0.212875 0.039833 0.039250
3 0.864833 0.508875 0.024000 0.036250
3 0.938250 0.270000 0.028167 0.036000
3 0.923833 0.550500 0.016667 0.038500
3 0.943750 0.543750 0.031167 0.028500
3 0.516417 0.633750 0.076167 0.094500
3 0.434750 0.421500 0.025500 0.050000
3 0.460583 0.432875 0.023500 0.037750
3 0.138917 0.083000 0.038500 0.030000
3 0.073000 0.176250 0.026333 0.037500
3 0.065083 0.923625 0.033833 0.037250
3 0.111250 0.959375 0.034167 0.038250
3 0.133750 0.969875 0.029167 0.039250
3 0.527000 0.751000 0.033333 0.038000
3 0.791417 0.860500 0.026167 0.032500
3 0.638833 0.566750 0.030667 0.042500
3 0.729167 0.324250 0.027000 0.044500
3 0.821583 0.289500 0.041500 0.036500
3 0.731083 0.256875 0.036167 0.049250
3 0.891500 0.109625 0.059000 0.048750
3 0.829417 0.043000 0.029833 0.070500
