3 0.065333 0.260500 0.036667 0.056000
3 0.181667 0.259500 0.045333 0.054000
3 0.267333 0.261000 0.036667 0.069000
3 0.227333 0.189500 0.038000 0.042000
3 0.172667 0.181500 0.028667 0.050000
3 0.373333 0.329500 0.052667 0.044000
3 0.322000 0.368000 0.050333 0.055000
3 0.291667 0.398500 0.038667 0.052000
3 0.249667 0.431000 0.042000 0.043000
3 0.235000 0.338000 0.036000 0.055000
3 0.199333 0.339000 0.051333 0.039000
3 0.221667 0.356500 0.030667 0.030000
3 0.116667 0.427000 0.059333 0.047000
3 0.231333 0.482500 0.091333 0.062000
3 0.162333 0.509500 0.045333 0.072000
3 0.172667 0.452500 0.038000 0.040000
3 0.050000 0.375500 0.030000 0.038000
3 0.030333 0.164500 0.052000 0.044000
3 0.065333 0.059500 0.062000 0.060000
3 0.125333 0.094500 0.036667 0.042000
3 0.124333 0.029000 0.049333 0.057000
3 0.313333 0.121500 0.031333 0.052000
3 0.349000 0.118500 0.026667 0.034000
3 0.375250 0.199875 0.027167 0.033250
3 0.430333 0.179500 0.036000 0.048000
3 0.447333 0.222500 0.028667 0.034000
3 0.480000 0.252500 0.035333 0.044000
3 0.493333 0.321000 0.040667 0.041000
3 0.471000 0.371000 0.054667 0.041000
3 0.447667 0.438000 0.056000 0.053000
3 0.492000 0.411000 0.035333 0.039000
3 0.385333 0.459500 0.028667 0.062000
3 0.354667 0.440000 0.036667 0.051000
3 0.405667 0.103500 0.037333 0.054000
3 0.437667 0.070000 0.030667 0.035000
3 0.422667 0.030000 0.032667 0.047000
3 0.365000 0.049000 0.026667 0.063000
3 0.355333 0.028000 0.023333 0.053000
3 0.328667 0.026000 0.024667 0.037000
3 0.326333 0.053500 0.029333 0.038000
3 0.255333 0.142000 0.040667 0.049000
3 0.586667 0.034500 0.048667 0.046000
3 0.605000 0.118000 0.030667 0.073000
3 0.655000 0.075500 0.045333 0.048000
3 0.725667 0.048500 0.045333 0.038000
3 0.754667 0.101000 0.027333 0.049000
3 0.781333 0.098500 0.026000 0.072000
3 0.804000 0.104500 0.031333 0.036000
3 0.814000 0.045500 0.050000 0.072000
3 0.591000 0.235500 0.030667 0.046000
3 0.560000 0.254000 0.027333 0.029000
3 0.559667 0.289500 0.037333 0.036000
3 0.653000 0.383000 0.036000 0.049000
3 0.753000 0.342000 0.046667 0.053000
3 0.717333 0.331500 0.040667 0.040000
3 0.775667 0.294000 0.044000 0.049000
3 0.790667 0.245000 0.034000 0.063000
3 0.869333 0.214000 0.042000 0.043000
3 0.933667 0.227500 0.045333 0.054000
3 0.956000 0.266500 0.047333 0.050000
3 0.937333 0.099500 0.036667 0.062000
3 0.938667 0.157000 0.044667 0.055000
3 0.879667 0.133000 0.034667 0.045000
3 0.892000 0.104500 0.034000 0.042000
3 0.877667 0.063000 0.028000 0.049000
3 0.608333 0.444000 0.049333 0.041000
3 0.578000 0.506500 0.039333 0.042000
3 0.604333 0.545500 0.040000 0.040000
3 0.605000 0.675000 0.037333 0.099000
3 0.566000 0.692500 0.032667 0.092000
3 0.506667 0.583500 0.040667 0.050000
3 0.557667 0.581500 0.032000 0.042000
3 0.472333 0.596000 0.034667 0.059000
3 0.437333 0.616000 0.038000 0.093000
3 0.416333 0.567000 0.033333 0.047000
3 0.646000 0.664500 0.027333 0.090000
3 0.729000 0.577500 0.064000 0.102000
3 0.766583 0.451250 0.041833 0.050500
3 0.842000 0.394000 0.027333 0.043000
3 0.848333 0.437000 0.036000 0.045000
3 0.854000 0.492500 0.047333 0.080000
3 0.963667 0.557000 0.058667 0.097000
3 0.958667 0.490000 0.036667 0.057000
3 0.806333 0.639500 0.037333 0.060000
3 0.730333 0.751000 0.036000 0.087000
3 0.739667 0.815000 0.053333 0.055000
3 0.839667 0.706000 0.024000 0.051000
3 0.870000 0.703500 0.027333 0.050000
3 0.914667 0.688000 0.030000 0.053000
3 0.958000 0.708500 0.035333 0.066000
3 0.978500 0.650250 0.043000 0.061500
3 0.941667 0.790500 0.032000 0.064000
3 0.912000 0.785000 0.031333 0.069000
3 0.989833 0.795375 0.020333 0.053750
3 0.991167 0.735750 0.017667 0.054500
3 0.807667 0.770500 0.029333 0.042000
3 0.801333 0.736500 0.030000 0.040000
3 0.820333 0.717000 0.024000 0.045000
3 0.820333 0.883500 0.026667 0.072000
3 0.797667 0.912500 0.028000 0.074000
3 0.974667 0.935000 0.043333 0.093000
3 0.932500 0.973250 0.035000 0.053500
3 0.886167 0.967250 0.031667 0.065500
3 0.773333 0.935000 0.032667 0.051000
3 0.778417 0.978250 0.038833 0.043500
3 0.678333 0.841500 0.042667 0.056000
3 0.695333 0.885000 0.020667 0.039000
3 0.715167 0.975750 0.032333 0.048500
3 0.730333 0.908500 0.029333 0.048000
3 0.641333 0.846000 0.028667 0.083000
3 0.625333 0.797000 0.040667 0.087000
3 0.573667 0.795500 0.033333 0.084000
3 0.530333 0.776500 0.032000 0.072000
3 0.523333 0.697500 0.028667 0.060000
3 0.486000 0.731000 0.030000 0.115000
3 0.489333 0.909000 0.031333 0.089000
3 0.534500 0.967750 0.036333 0.064500
3 0.562000 0.950000 0.038000 0.081000
3 0.593667 0.874000 0.029333 0.089000
3 0.427333 0.863500 0.032667 0.086000
3 0.413000 0.934000 0.029333 0.069000
3 0.387333 0.732500 0.043333 0.058000
3 0.360000 0.778000 0.022000 0.031000
3 0.388000 0.798000 0.038000 0.051000
3 0.345333 0.688500 0.024667 0.044000
3 0.322667 0.660500 0.027333 0.042000
3 0.300333 0.633500 0.033333 0.042000
3 0.319000 0.577500 0.036000 0.044000
3 0.070333 0.570500 0.037333 0.050000
3 0.053333 0.503500 0.040667 0.068000
3 0.027000 0.475500 0.030667 0.056000
3 0.106333 0.636000 0.036000 0.041000
3 0.161667 0.674000 0.033333 0.055000
3 0.202667 0.692500 0.036667 0.046000
3 0.238333 0.714000 0.032000 0.047000
3 0.265000 0.691000 0.040000 0.061000
3 0.238333 0.613500 0.033333 0.062000
3 0.274667 0.615500 0.034000 0.044000
3 0.237333 0.549500 0.036667 0.050000
3 0.184667 0.625500 0.043333 0.050000
3 0.203333 0.594500 0.038000 0.042000
3 0.017917 0.727750 0.035500 0.041500
3 0.025667 0.775000 0.044000 0.043000
3 0.069667 0.776000 0.052000 0.061000
3 0.120000 0.800500 0.031333 0.074000
3 0.197667 0.817500 0.042667 0.042000
3 0.303333 0.835000 0.048667 0.043000
3 0.353333 0.971000 0.054000 0.041000
3 0.293667 0.947500 0.064000 0.048000
3 0.285000 0.880000 0.044000 0.057000
3 0.234333 0.888500 0.028000 0.040000
3 0.208667 0.859000 0.036667 0.047000
3 0.164000 0.907000 0.031333 0.111000
3 0.123667 0.895500 0.056000 0.082000
3 0.522917 0.356000 0.023167 0.039000
3 0.498667 0.154750 0.022333 0.031000
3 0.479750 0.130250 0.034833 0.034500
3 0.527167 0.843750 0.021333 0.041000
3 0.672000 0.682125 0.021000 0.033250
3 0.636083 0.930875 0.035167 0.072750
3 0.727667 0.645000 0.033667 0.041000
3 0.742917 0.468375 0.036833 0.044750
3 0.782000 0.133250 0.037667 0.055500
3 0.270583 0.113125 0.026833 0.058750
3 0.293417 0.177250 0.021833 0.056500
3 0.290750 0.044750 0.024167 0.050000
3 0.298583 0.427125 0.027167 0.038250
3 0.440583 0.757250 0.025167 0.039000
3 0.410667 0.521500 0.021000 0.036000
3 0.391250 0.370500 0.030167 0.036000
3 0.318917 0.762500 0.036500 0.039000
3 0.293583 0.736000 0.027167 0.033000
3 0.225667 0.964625 0.027333 0.046750
3 0.617000 0.158750 0.021000 0.050000
3 0.193167 0.431875 0.029333 0.040250
3 0.919083 0.868125 0.029833 0.040250
3 0.850500 0.773875 0.020667 0.039750
3 0.861250 0.974750 0.020500 0.045500
3 0.144250 0.715125 0.027500 0.040250
3 0.419250 0.659500 0.029833 0.033000
3 0.401417 0.769750 0.023833 0.031500
