3 0.435583 0.085875 0.025833 0.051250
3 0.261333 0.592125 0.024333 0.067250
3 0.352917 0.415125 0.023500 0.034750
3 0.987750 0.730500 0.024500 0.043000
3 0.394667 0.086500 0.028333 0.033500
3 0.878000 0.760250 0.019000 0.027000
3 0.286083 0.597375 0.028167 0.049750
3 0.993000 0.964000 0.014000 0.056000
3 0.948417 0.239375 0.034500 0.049750
3 0.893833 0.302750 0.046667 0.028500
3 0.645500 0.603375 0.026667 0.049750
3 0.644167 0.938125 0.029667 0.073250
3 0.010000 0.891875 0.019667 0.044250
3 0.908167 0.913125 0.030000 0.040750
3 0.442750 0.454250 0.038167 0.029500
3 0.372167 0.870125 0.043333 0.060250
3 0.874583 0.280875 0.039500 0.031250
3 0.588583 0.395750 0.030167 0.049500
3 0.714000 0.982500 0.029000 0.033500
3 0.283417 0.157625 0.023167 0.038750
3 0.624833 0.711375 0.021333 0.031750
3 0.711667 0.435875 0.026333 0.048250
3 0.655333 0.961625 0.032333 0.059250
3 0.498250 0.198000 0.041833 0.038000
3 0.187667 0.069500 0.031000 0.057500
3 0.814083 0.694375 0.037500 0.050250
3 0.379917 0.192875 0.028833 0.041250
3 0.080667 0.972875 0.029333 0.044750
3 0.303333 0.017000 0.029000 0.033500
3 0.346833 0.819875 0.023333 0.039750
3 0.863750 0.533750 0.036500 0.039500
3 0.932917 0.780750 0.031500 0.046500
3 0.962083 0.335625 0.027833 0.039750
3 0.899750 0.253750 0.036167 0.033500
3 0.785583 0.467625 0.030500 0.032750
3 0.780333 0.670500 0.051333 0.032000
3 0.653250 0.841125 0.034833 0.052250
3 0.254583 0.566875 0.028833 0.043750
3 0.015750 0.268250 0.029167 0.037000
3 0.449833 0.213375 0.029000 0.040750
3 0.842833 0.678375 0.040667 0.038750
3 0.856833 0.935875 0.031000 0.038750
3 0.131250 0.443875 0.022167 0.027250
3 0.325750 0.475750 0.022167 0.035000
3 0.691750 0.512875 0.031500 0.033250
3 0.752333 0.526250 0.065333 0.033500
3 0.664917 0.117375 0.026500 0.051250
3 0.336000 0.629875 0.031000 0.042250
3 0.262167 0.750250 0.033000 0.042500
3 0.292750 0.682125 0.029167 0.038750
3 0.374583 0.754250 0.022500 0.026500
3 0.910583 0.958750 0.032167 0.043000
3 0.241000 0.226500 0.031000 0.050000
3 0.093000 0.049625 0.032667 0.047250
3 0.746667 0.847375 0.042000 0.041250
3 0.482083 0.827375 0.031167 0.043750
3 0.428000 0.142750 0.029000 0.038500
3 0.482167 0.468625 0.026667 0.053750
3 0.373167 0.683750 0.033333 0.034000
3 0.386250 0.623625 0.031167 0.043250
3 0.553833 0.033500 0.026000 0.046000
3 0.508750 0.888375 0.034833 0.041250
3 0.067583 0.862500 0.031167 0.039500
3 0.186083 0.520625 0.027500 0.035250
3 0.157000 0.813625 0.038667 0.044250
3 0.199000 0.981375 0.043000 0.034750
3 0.562083 0.861500 0.036500 0.039000
3 0.636500 0.303875 0.030333 0.037250
3 0.284000 0.472750 0.026000 0.053500
3 0.332333 0.430250 0.031000 0.052000
3 0.836167 0.326250 0.047667 0.050000
3 0.032250 0.516375 0.034500 0.042750
3 0.083917 0.176250 0.028833 0.057500
3 0.544333 0.711000 0.037333 0.052000
3 0.483000 0.065375 0.028333 0.042750
3 0.983833 0.678500 0.031333 0.045500
3 0.964083 0.934750 0.031500 0.040500
3 0.109333 0.840375 0.032667 0.042750
3 0.612333 0.213000 0.025000 0.051500
3 0.112083 0.746500 0.026833 0.056000
3 0.634167 0.786125 0.038333 0.051250
3 0.466833 0.286000 0.041667 0.043500
3 0.044833 0.165125 0.037333 0.076250
3 0.262250 0.402125 0.029167 0.046250
3 0.570000 0.630500 0.036333 0.048000
3 0.212583 0.032000 0.044833 0.046500
3 0.737083 0.591000 0.041500 0.039500
3 0.247667 0.158875 0.030333 0.048250
3 0.325583 0.563375 0.035500 0.052250
3 0.454500 0.032500 0.028667 0.064500
3 0.164917 0.302000 0.039500 0.049500
3 0.751500 0.470375 0.026667 0.077250
3 0.365083 0.138375 0.030500 0.067750
3 0.931667 0.302750 0.035333 0.053500
3 0.521667 0.583375 0.042333 0.042750
3 0.569333 0.312875 0.033000 0.056750
3 0.112667 0.546500 0.033333 0.052000
3 0.418417 0.439125 0.036167 0.070750
3 0.100417 0.110625 0.044833 0.056250
3 0.909250 0.595125 0.053167 0.048250
3 0.898833 0.863125 0.032667 0.059750
3 0.924083 0.708250 0.045500 0.044500
3 0.449667 0.973750 0.030333 0.049500
3 0.948500 0.176750 0.031333 0.074500
3 0.020167 0.838875 0.039000 0.050750
3 0.569667 0.520000 0.041333 0.052000
3 0.524500 0.801500 0.037000 0.054000
3 0.801167 0.255375 0.049667 0.051750
3 0.958083 0.470625 0.039167 0.062750
3 0.695417 0.041000 0.042500 0.077500
3 0.958500 0.555000 0.045333 0.065000
3 0.428000 0.571500 0.027667 0.041500
3 0.864250 0.459250 0.039167 0.053000
3 0.604083 0.101625 0.045167 0.064750
3 0.736333 0.128500 0.045667 0.064000
3 0.436667 0.811875 0.015667 0.019750
