3 0.011625 0.981333 0.022750 0.032000
3 0.988000 0.701750 0.024000 0.032167
3 0.389125 0.202417 0.040750 0.023167
3 0.096250 0.008250 0.054000 0.016167
3 0.531875 0.060833 0.057250 0.029000
3 0.961000 0.546500 0.039000 0.022000
3 0.432625 0.969417 0.044750 0.030833
3 0.817000 0.988167 0.032000 0.023000
3 0.928750 0.326333 0.049500 0.023333
3 0.184750 0.828417 0.069000 0.030833
3 0.558375 0.698167 0.049750 0.039667
3 0.643750 0.823833 0.040000 0.055000
3 0.705500 0.867750 0.051000 0.022500
3 0.154125 0.053083 0.046750 0.026500
3 0.224750 0.986333 0.038000 0.027333
3 0.620000 0.810167 0.056000 0.048000
3 0.161250 0.852083 0.049000 0.033500
3 0.868750 0.060417 0.034500 0.043500
3 0.373375 0.446667 0.033250 0.025000
3 0.284375 0.274750 0.047250 0.027500
3 0.801250 0.939167 0.042000 0.058667
3 0.313250 0.788667 0.036500 0.054333
3 0.052125 0.273333 0.038750 0.019333
3 0.582750 0.671833 0.034000 0.029333
3 0.329625 0.284833 0.048750 0.028667
3 0.332000 0.087917 0.040500 0.019833
3 0.430125 0.177167 0.048250 0.035333
3 0.184000 0.918750 0.057000 0.054167
3 0.133750 0.695000 0.031000 0.036000
3 0.967375 0.989083 0.065250 0.021167
3 0.128625 0.413083 0.037750 0.032500
3 0.018250 0.444167 0.036000 0.025667
3 0.200750 0.577333 0.037500 0.042333
3 0.887250 0.231583 0.068500 0.037500
3 0.613750 0.104083 0.045000 0.028500
3 0.892375 0.976083 0.032250 0.034833
3 0.941500 0.033917 0.053000 0.023167
3 0.949000 0.087583 0.061500 0.042833
3 0.914250 0.525000 0.042500 0.038000
3 0.587625 0.018583 0.042750 0.028500
3 0.551125 0.782750 0.049250 0.035167
3 0.719375 0.296167 0.042250 0.022000
3 0.590875 0.166917 0.035250 0.025500
3 0.902500 0.184333 0.050500 0.043333
3 0.148750 0.895917 0.049000 0.051167
3 0.903875 0.016917 0.036250 0.033500
3 0.044625 0.816250 0.088750 0.040833
3 0.528750 0.301917 0.046000 0.022833
3 0.012750 0.906083 0.025000 0.023167
3 0.669250 0.510333 0.036000 0.030000
3 0.483125 0.153000 0.047250 0.027333
3 0.142250 0.277750 0.044000 0.032833
3 0.477125 0.293667 0.051250 0.072000
3 0.500500 0.847083 0.047000 0.034833
3 0.301750 0.821583 0.056000 0.053833
3 0.492875 0.093667 0.042250 0.049000
3 0.020500 0.845917 0.040500 0.021500
3 0.257875 0.365667 0.061750 0.034000
3 0.380125 0.774750 0.049750 0.027833
3 0.408500 0.745667 0.057500 0.029000
3 0.622750 0.560000 0.043000 0.024667
3 0.014250 0.514000 0.028000 0.055667
3 0.911375 0.390167 0.036750 0.029333
3 0.418625 0.323167 0.046250 0.039667
3 0.550125 0.141333 0.043750 0.029000
3 0.162250 0.766667 0.054000 0.041333
3 0.802250 0.443083 0.043000 0.037500
3 0.209750 0.487167 0.045500 0.059000
3 0.031375 0.303500 0.056250 0.041333
3 0.023625 0.382750 0.046750 0.044833
3 0.362625 0.177250 0.052750 0.025833
3 0.071375 0.849167 0.042250 0.051000
3 0.059500 0.989667 0.053000 0.020667
3 0.297375 0.543917 0.040750 0.047167
3 0.233125 0.941333 0.042250 0.047333
3 0.624750 0.136083 0.039500 0.028500
3 0.824750 0.338167 0.058000 0.029333
3 0.402750 0.273333 0.043500 0.047000
3 0.175000 0.633083 0.046500 0.034500
3 0.322625 0.129917 0.037750 0.040500
3 0.297125 0.344083 0.080250 0.040833
3 0.767000 0.541667 0.042000 0.036333
3 0.618625 0.052583 0.053250 0.034500
3 0.494125 0.030083 0.055750 0.037500
3 0.872125 0.356667 0.095750 0.056000
3 0.680500 0.375250 0.045500 0.035500
3 0.668375 0.565250 0.044750 0.026833
3 0.823125 0.524167 0.074750 0.027000
3 0.828750 0.094250 0.083500 0.025833
3 0.751000 0.409667 0.040500 0.037667
3 0.759875 0.499083 0.052750 0.046833
3 0.169250 0.128333 0.082500 0.028667
3 0.353250 0.023000 0.047000 0.030333
3 0.482000 0.731667 0.078000 0.030000
3 0.768750 0.459750 0.072000 0.061167
3 0.059250 0.301167 0.065500 0.033333
3 0.615750 0.282000 0.071000 0.023667
3 0.129375 0.971250 0.067750 0.031833
3 0.258875 0.799250 0.048750 0.060167
3 0.428375 0.439083 0.074250 0.036833
3 0.309875 0.443333 0.056750 0.046000
3 0.379500 0.223250 0.051500 0.042500
3 0.597125 0.842917 0.036250 0.043833
3 0.754250 0.629500 0.054500 0.032667
3 0.093500 0.921917 0.071500 0.031167
3 0.334250 0.612083 0.074000 0.032500
3 0.546500 0.903667 0.063000 0.050000
3 0.168250 0.395250 0.039500 0.046167
3 0.947250 0.279833 0.069000 0.028333
3 0.606500 0.346167 0.065000 0.035000
3 0.340125 0.887500 0.083750 0.032333
3 0.845375 0.648000 0.096250 0.034667
3 0.549500 0.100583 0.066500 0.039833
3 0.080250 0.775333 0.058500 0.069000
3 0.464750 0.232083 0.063500 0.048500
3 0.460000 0.512500 0.048000 0.051333
3 0.366625 0.350250 0.055250 0.035167
3 0.673875 0.619667 0.068750 0.034000
3 0.855375 0.023750 0.057250 0.047167
3 0.546250 0.216250 0.086500 0.045500
3 0.125250 0.583750 0.097500 0.035167
3 0.030375 0.049000 0.057250 0.034667
3 0.180000 0.443000 0.101500 0.066000
3 0.642500 0.933333 0.053000 0.095333
3 0.091250 0.660083 0.060000 0.085167
3 0.304000 0.962917 0.109000 0.071833
