3 0.426833 0.418375 0.053667 0.044750
3 0.793167 0.254875 0.038333 0.042250
3 0.686500 0.022500 0.029667 0.044500
3 0.647000 0.808000 0.026000 0.035500
3 0.598500 0.847625 0.025667 0.038750
3 0.225250 0.220250 0.040500 0.044500
3 0.628083 0.985500 0.040833 0.028000
3 0.695417 0.605125 0.033500 0.032250
3 0.883500 0.677125 0.022333 0.026750
3 0.152917 0.774250 0.030833 0.036500
3 0.769667 0.033500 0.031667 0.036000
3 0.434667 0.907375 0.037333 0.046250
3 0.326750 0.780250 0.037167 0.038000
3 0.889667 0.161375 0.059000 0.039750
3 0.849417 0.661500 0.035167 0.038500
3 0.010333 0.037625 0.020333 0.053250
3 0.126417 0.796750 0.032833 0.037000
3 0.296917 0.484625 0.028833 0.054250
3 0.426250 0.971375 0.044167 0.046250
3 0.154583 0.407250 0.050500 0.048000
3 0.881917 0.108375 0.036500 0.043250
3 0.781667 0.819500 0.038667 0.064500
3 0.277583 0.267250 0.042833 0.045000
3 0.280667 0.157125 0.044000 0.034250
3 0.991167 0.698500 0.017667 0.054000
3 0.081917 0.630375 0.034833 0.037750
3 0.640667 0.371750 0.031000 0.040500
3 0.527500 0.247625 0.036333 0.046250
3 0.409750 0.019375 0.037500 0.038250
3 0.985500 0.406750 0.028000 0.054000
3 0.268833 0.498375 0.030000 0.058250
3 0.225333 0.365500 0.035000 0.041000
3 0.438583 0.600875 0.037167 0.038750
3 0.504167 0.303250 0.044000 0.074500
3 0.618833 0.015250 0.033667 0.030000
3 0.757917 0.189500 0.035500 0.046000
3 0.791500 0.628125 0.025000 0.035750
3 0.475833 0.836500 0.027667 0.034000
3 0.564083 0.523750 0.034500 0.044500
3 0.520333 0.858625 0.038667 0.042250
3 0.334083 0.058750 0.047167 0.051500
3 0.453083 0.345000 0.034500 0.048000
3 0.012167 0.927375 0.023667 0.081250
3 0.476250 0.936250 0.033167 0.044000
3 0.304917 0.655875 0.034500 0.051750
3 0.296417 0.217000 0.039500 0.037500
3 0.833417 0.625125 0.041167 0.045750
3 0.889083 0.885250 0.050833 0.062000
3 0.025500 0.196125 0.039333 0.037250
3 0.268250 0.066000 0.049167 0.043500
3 0.272250 0.575625 0.033167 0.069250
3 0.590583 0.943000 0.022500 0.032000
3 0.351083 0.148125 0.032500 0.040250
3 0.665000 0.116750 0.031000 0.048000
3 0.139000 0.582125 0.036333 0.061250
3 0.578833 0.686500 0.033000 0.043000
3 0.354000 0.401000 0.037000 0.040500
3 0.643000 0.632500 0.047667 0.046500
3 0.143250 0.954875 0.044500 0.048250
3 0.598833 0.447625 0.029667 0.048250
3 0.069417 0.356125 0.042500 0.047250
3 0.115417 0.710625 0.033833 0.047250
3 0.112917 0.178875 0.042167 0.058750
3 0.413250 0.500500 0.048500 0.046000
3 0.555667 0.199250 0.035333 0.047500
3 0.406250 0.547375 0.035167 0.049250
3 0.900500 0.947125 0.033333 0.035750
3 0.620750 0.299500 0.024833 0.080000
3 0.673167 0.936500 0.035333 0.050500
3 0.228583 0.703500 0.037167 0.043500
3 0.197583 0.640625 0.034167 0.069750
3 0.974417 0.491875 0.046500 0.045750
3 0.590417 0.069000 0.044500 0.042500
3 0.697583 0.233375 0.038833 0.053250
3 0.570250 0.565625 0.031500 0.056750
3 0.055083 0.693250 0.046500 0.042000
3 0.087500 0.552125 0.037667 0.056750
3 0.546250 0.036500 0.031500 0.050000
3 0.898833 0.770875 0.031000 0.046250
3 0.124167 0.078125 0.066000 0.055750
3 0.728917 0.642125 0.026833 0.054750
3 0.957250 0.120250 0.029500 0.047500
3 0.354417 0.746625 0.034500 0.060750
3 0.499000 0.766500 0.042333 0.049500
3 0.759750 0.877625 0.046167 0.055750
3 0.282833 0.750250 0.046667 0.049000
3 0.911750 0.293750 0.045500 0.061500
3 0.168333 0.334625 0.035000 0.058250
3 0.347667 0.947750 0.039000 0.064500
3 0.497083 0.477125 0.038500 0.056250
3 0.045500 0.762000 0.045000 0.048000
3 0.020583 0.088625 0.040500 0.071250
3 0.221667 0.943000 0.042333 0.062000
3 0.493750 0.385875 0.044167 0.061250
3 0.305083 0.566250 0.032167 0.065000
3 0.237000 0.618500 0.038000 0.060500
3 0.640750 0.755000 0.045500 0.062500
3 0.428250 0.683875 0.056167 0.055250
3 0.644833 0.297375 0.040667 0.058250
3 0.857333 0.362625 0.039333 0.077250
3 0.090667 0.428250 0.039333 0.054500
3 0.806000 0.326625 0.034667 0.072750
3 0.755167 0.338875 0.031667 0.059750
3 0.247333 0.428375 0.053333 0.062750
3 0.786333 0.427625 0.044000 0.055250
3 0.462833 0.143625 0.036667 0.094250
3 0.854083 0.484750 0.040833 0.065500
3 0.851167 0.141500 0.030000 0.023500
