3 0.012083 0.943750 0.023500 0.030500
3 0.213667 0.394125 0.037667 0.039750
3 0.183000 0.362375 0.030667 0.030750
3 0.112250 0.201750 0.022500 0.039000
3 0.005750 0.796375 0.011167 0.055750
3 0.365750 0.266625 0.023167 0.049250
3 0.781667 0.740625 0.027000 0.046250
3 0.255583 0.574250 0.030167 0.034000
3 0.919167 0.526250 0.027667 0.040000
3 0.181167 0.226375 0.029333 0.037750
3 0.673167 0.460000 0.026667 0.042000
3 0.318500 0.014750 0.027333 0.029000
3 0.472000 0.616625 0.031667 0.032750
3 0.352917 0.303625 0.029833 0.019250
3 0.356083 0.383750 0.021167 0.038000
3 0.268917 0.667500 0.028833 0.042500
3 0.671250 0.297875 0.023167 0.028750
3 0.602167 0.765750 0.025000 0.051500
3 0.810083 0.781250 0.038500 0.038500
3 0.479917 0.673750 0.026833 0.039000
3 0.183750 0.322750 0.034167 0.038000
3 0.771917 0.810750 0.038500 0.059000
3 0.988917 0.684000 0.021833 0.054500
3 0.503667 0.642875 0.031667 0.054250
3 0.230083 0.408875 0.038833 0.041750
3 0.127167 0.798375 0.040000 0.050250
3 0.557333 0.729750 0.027333 0.037500
3 0.060083 0.965625 0.034833 0.037250
3 0.803250 0.610750 0.031833 0.034500
3 0.336833 0.326750 0.027333 0.037500
3 0.287917 0.032750 0.030500 0.038500
3 0.866500 0.020625 0.027333 0.033250
3 0.761083 0.278125 0.025167 0.029250
3 0.015917 0.062250 0.031500 0.067500
3 0.688917 0.962875 0.025167 0.074250
3 0.216250 0.644250 0.031833 0.034500
3 0.920333 0.123000 0.036667 0.050500
3 0.930583 0.854875 0.027500 0.034250
3 0.012167 0.220250 0.024000 0.048000
3 0.256167 0.646375 0.029333 0.044750
3 0.593417 0.711500 0.039500 0.043000
3 0.200750 0.594625 0.028833 0.037250
3 0.458500 0.582375 0.031667 0.040750
3 0.160167 0.978625 0.041000 0.036750
3 0.113000 0.148250 0.026000 0.030000
3 0.549083 0.198750 0.034167 0.054000
3 0.618167 0.669875 0.037000 0.048250
3 0.960000 0.103750 0.028667 0.043500
3 0.429333 0.106875 0.023000 0.030250
3 0.626083 0.475750 0.040167 0.050500
3 0.330250 0.732125 0.028167 0.042750
3 0.728000 0.202000 0.038667 0.042000
3 0.292000 0.840375 0.035333 0.046250
3 0.545083 0.102000 0.053500 0.064000
3 0.987667 0.916875 0.024333 0.039750
3 0.747667 0.666000 0.034667 0.039000
3 0.199667 0.173625 0.036333 0.063750
3 0.976333 0.814750 0.034333 0.040500
3 0.460250 0.730625 0.034500 0.043750
3 0.200000 0.094750 0.027000 0.070000
3 0.029667 0.305250 0.030333 0.060500
3 0.560000 0.601125 0.039667 0.052750
3 0.955083 0.498750 0.029833 0.038000
3 0.763417 0.981375 0.034833 0.034750
3 0.202167 0.258250 0.041667 0.048500
3 0.258250 0.974750 0.028167 0.047000
3 0.858333 0.591500 0.027667 0.047000
3 0.636417 0.256125 0.033167 0.052750
3 0.205500 0.853625 0.032667 0.067250
3 0.544667 0.014000 0.028000 0.027500
3 0.656000 0.952750 0.045000 0.084500
3 0.172000 0.116625 0.028667 0.040750
3 0.509833 0.064625 0.040000 0.037250
3 0.022167 0.873875 0.044000 0.041750
3 0.412500 0.514625 0.032333 0.051750
3 0.971250 0.296375 0.052500 0.053750
3 0.141583 0.617000 0.049167 0.041500
3 0.488500 0.559750 0.039333 0.052000
3 0.885833 0.351000 0.061000 0.047500
3 0.866500 0.784125 0.039000 0.041750
3 0.618417 0.168375 0.028167 0.068750
3 0.070083 0.119375 0.039167 0.052750
3 0.465167 0.932625 0.040000 0.051250
3 0.497000 0.505375 0.033333 0.065250
3 0.982917 0.352375 0.033833 0.043250
3 0.316500 0.120125 0.052333 0.046250
3 0.418333 0.759500 0.056000 0.074500
3 0.817917 0.065250 0.052167 0.055500
3 0.330500 0.972500 0.043667 0.044000
3 0.770500 0.422875 0.030667 0.069750
3 0.891667 0.233500 0.042667 0.051000
3 0.358000 0.570250 0.031333 0.065000
3 0.555250 0.270375 0.036500 0.072250
3 0.948000 0.183000 0.039333 0.083500
3 0.394750 0.214875 0.046167 0.048250
3 0.408083 0.350125 0.040500 0.054250
3 0.810500 0.474250 0.038333 0.057000
3 0.896500 0.927625 0.039667 0.068250
3 0.372000 0.866000 0.047667 0.055500
3 0.261417 0.531875 0.048167 0.068250
3 0.789667 0.570875 0.038333 0.060250
3 0.084417 0.198250 0.038833 0.057000
3 0.935667 0.578750 0.040667 0.060500
