3 0.831750 0.440500 0.022500 0.026000
3 0.043417 0.139375 0.035500 0.041250
3 0.678417 0.150500 0.041833 0.062500
3 0.102583 0.135250 0.040167 0.049000
3 0.563333 0.376625 0.034333 0.046250
3 0.924000 0.595875 0.038000 0.046750
3 0.760500 0.223750 0.027667 0.065000
3 0.408167 0.556375 0.047333 0.050750
3 0.859833 0.561000 0.029333 0.043000
3 0.907750 0.596250 0.042167 0.043500
3 0.431667 0.912125 0.033667 0.039250
3 0.020250 0.690375 0.033500 0.041250
3 0.008833 0.095375 0.017333 0.057250
3 0.014417 0.642375 0.028500 0.056250
3 0.962250 0.947500 0.029833 0.044000
3 0.014917 0.032000 0.028833 0.052500
3 0.052500 0.325625 0.029000 0.044750
3 0.764000 0.139500 0.033000 0.039000
3 0.087167 0.140500 0.044667 0.052000
3 0.679000 0.016250 0.040333 0.032000
3 0.990583 0.972875 0.018500 0.052750
3 0.418917 0.885250 0.053500 0.061500
3 0.781250 0.104000 0.030833 0.045500
3 0.959417 0.297250 0.032833 0.038500
3 0.211000 0.652000 0.027667 0.035500
3 0.486917 0.926375 0.026167 0.039250
3 0.819083 0.048000 0.037833 0.041500
3 0.245333 0.305500 0.047667 0.038000
3 0.975500 0.792750 0.038000 0.045000
3 0.640083 0.024375 0.029500 0.048250
3 0.021333 0.572375 0.042333 0.049250
3 0.800417 0.286125 0.027167 0.035750
3 0.058750 0.646250 0.032500 0.056500
3 0.839583 0.518500 0.042500 0.049500
3 0.150250 0.621750 0.032833 0.043000
3 0.060833 0.468750 0.033333 0.057500
3 0.103750 0.597750 0.040833 0.045500
3 0.249167 0.042125 0.032000 0.066250
3 0.647833 0.181500 0.040333 0.044000
3 0.533333 0.788500 0.028667 0.043000
3 0.850250 0.201500 0.035500 0.045000
3 0.800083 0.975250 0.043500 0.045000
3 0.070833 0.773750 0.027000 0.044500
3 0.312250 0.410875 0.038167 0.059750
3 0.691583 0.741000 0.037833 0.045000
3 0.743750 0.478750 0.033500 0.040000
3 0.564750 0.653750 0.029833 0.045500
3 0.305833 0.884875 0.031000 0.053250
3 0.469417 0.020625 0.045833 0.040750
3 0.813500 0.825750 0.044000 0.043500
3 0.168417 0.221625 0.044167 0.050250
3 0.335083 0.074500 0.034833 0.073500
3 0.404000 0.745750 0.030667 0.057000
3 0.068500 0.520375 0.043000 0.055250
3 0.864083 0.898375 0.046167 0.047250
3 0.543750 0.355375 0.043167 0.052250
3 0.938167 0.141500 0.037667 0.048000
3 0.021000 0.308750 0.041667 0.029500
3 0.250333 0.268125 0.049000 0.067250
3 0.390417 0.148750 0.053500 0.048000
3 0.631250 0.245500 0.030500 0.056000
3 0.604333 0.132750 0.033333 0.052500
3 0.758000 0.419000 0.032000 0.047500
3 0.966167 0.219250 0.036333 0.048500
3 0.657583 0.844500 0.062500 0.051000
3 0.430083 0.190625 0.033167 0.060250
3 0.695167 0.973000 0.042000 0.051000
3 0.186500 0.749250 0.035667 0.059000
3 0.099833 0.208625 0.036000 0.056250
3 0.429333 0.388250 0.045000 0.070000
3 0.570500 0.099625 0.031000 0.046250
3 0.920833 0.754625 0.042667 0.047250
3 0.843750 0.106000 0.043833 0.050500
3 0.142417 0.938000 0.047167 0.047500
3 0.087333 0.701750 0.060333 0.056500
3 0.182667 0.419125 0.054333 0.053250
3 0.803500 0.159750 0.037667 0.055500
3 0.146083 0.724125 0.045500 0.098250
3 0.543083 0.558750 0.040833 0.059000
3 0.034083 0.891625 0.043500 0.078750
3 0.502000 0.086500 0.043333 0.062000
3 0.794000 0.415125 0.040333 0.052250
3 0.638083 0.896125 0.051833 0.058250
3 0.348250 0.440250 0.043833 0.070000
3 0.455333 0.788875 0.041000 0.053750
3 0.709583 0.068125 0.050167 0.077750
3 0.259333 0.099625 0.044000 0.060750
3 0.935083 0.367875 0.054167 0.076750
3 0.619083 0.796000 0.034500 0.071500
3 0.868417 0.288125 0.066167 0.072750
3 0.717000 0.322125 0.053000 0.108250
3 0.771333 0.043375 0.028000 0.029750
