3 0.651333 0.417625 0.035000 0.029750
3 0.915083 0.411250 0.025500 0.024500
3 0.315000 0.753125 0.026333 0.029250
3 0.584167 0.864500 0.033333 0.039500
3 0.261333 0.334625 0.034333 0.042750
3 0.866417 0.588625 0.022833 0.018750
3 0.089833 0.232750 0.024667 0.037500
3 0.006250 0.901625 0.012167 0.060750
3 0.081833 0.608375 0.039000 0.054250
3 0.010250 0.517250 0.019500 0.068500
3 0.640917 0.486875 0.031500 0.038750
3 0.533250 0.473750 0.038833 0.039500
3 0.386000 0.924500 0.034667 0.046500
3 0.937917 0.903750 0.034833 0.034000
3 0.660750 0.225750 0.031500 0.052500
3 0.194667 0.122375 0.034667 0.052250
3 0.599333 0.641625 0.027000 0.040250
3 0.577333 0.222500 0.026333 0.042000
3 0.151750 0.256375 0.023500 0.031250
3 0.950417 0.464250 0.035167 0.045500
3 0.641833 0.601125 0.031000 0.046750
3 0.489417 0.970250 0.030833 0.049000
3 0.785000 0.725875 0.028333 0.049750
3 0.971750 0.708625 0.043500 0.043750
3 0.829083 0.211125 0.040833 0.050250
3 0.692583 0.291375 0.050167 0.050750
3 0.347417 0.955750 0.020500 0.028000
3 0.944417 0.521500 0.040500 0.041000
3 0.862750 0.517375 0.039167 0.026250
3 0.315750 0.852250 0.035833 0.050500
3 0.256917 0.741625 0.032833 0.054750
3 0.315250 0.401875 0.040500 0.052750
3 0.670000 0.170875 0.037667 0.041250
3 0.619500 0.131375 0.031667 0.038750
3 0.851917 0.900250 0.027833 0.036000
3 0.747583 0.016875 0.029833 0.033250
3 0.883417 0.258250 0.040167 0.049500
3 0.889083 0.348375 0.036500 0.051750
3 0.782583 0.195750 0.034167 0.043000
3 0.192667 0.579500 0.047000 0.038500
3 0.670917 0.014750 0.025833 0.029000
3 0.709417 0.895375 0.037167 0.057250
3 0.138417 0.682625 0.035167 0.064750
3 0.699833 0.599500 0.032000 0.042500
3 0.229250 0.684500 0.038167 0.041500
3 0.537583 0.129750 0.039167 0.049000
3 0.524250 0.058625 0.025833 0.048250
3 0.706917 0.083875 0.031167 0.051750
3 0.225750 0.262625 0.038500 0.045250
3 0.904500 0.159000 0.053667 0.051000
3 0.124917 0.743625 0.034500 0.052250
3 0.424000 0.831875 0.050000 0.061750
3 0.354583 0.014375 0.031500 0.028250
3 0.464083 0.257250 0.037500 0.043500
3 0.811333 0.079125 0.032333 0.070750
3 0.716833 0.162500 0.040667 0.051500
3 0.457000 0.381875 0.035333 0.072750
3 0.469583 0.155625 0.028167 0.055750
3 0.040333 0.735625 0.055333 0.067250
3 0.299667 0.258500 0.037667 0.062000
3 0.498833 0.150625 0.028667 0.072250
3 0.767250 0.684250 0.032500 0.075500
3 0.297917 0.698250 0.033833 0.049500
3 0.850667 0.042750 0.041667 0.050000
3 0.427583 0.109625 0.028500 0.066750
3 0.630750 0.860375 0.038167 0.040750
3 0.215833 0.518625 0.056667 0.077250
3 0.309333 0.502500 0.044667 0.058500
3 0.765750 0.479750 0.034167 0.062500
3 0.463750 0.055625 0.034167 0.059750
3 0.899417 0.810875 0.047833 0.083250
3 0.925417 0.332875 0.034833 0.052250
3 0.087750 0.171375 0.039833 0.051250
3 0.469750 0.688375 0.058167 0.077750
3 0.398167 0.728125 0.045333 0.055250
3 0.262833 0.484875 0.046667 0.061750
3 0.584417 0.054250 0.030833 0.051500
3 0.829667 0.346000 0.053333 0.060000
3 0.195333 0.187875 0.038667 0.052750
3 0.170667 0.370125 0.035000 0.063250
3 0.137667 0.926625 0.050667 0.053750
3 0.170083 0.052375 0.046833 0.084250
3 0.226417 0.854875 0.052500 0.053750
3 0.396500 0.601000 0.041000 0.059500
3 0.122333 0.084625 0.039333 0.082750
3 0.045917 0.069750 0.038167 0.059500
3 0.236750 0.154125 0.032167 0.077250
3 0.823667 0.692250 0.050667 0.094500
3 0.442000 0.460750 0.045667 0.066000
3 0.315333 0.074250 0.047667 0.057000
3 0.085667 0.438375 0.041333 0.085250
3 0.404000 0.337125 0.044333 0.059250
3 0.289500 0.916250 0.040333 0.065500
3 0.982250 0.330375 0.035167 0.078750
3 0.902000 0.752875 0.021333 0.022250
