3 0.26 0.60625 0.037 0.0395
3 0.01575 0.990167 0.0315 0.0196667
3 0.92025 0.200667 0.064 0.0376667
3 0.1435 0.477667 0.083 0.0423333
3 0.010375 0.508 0.02075 0.0323333
3 0.769125 0.47575 0.03775 0.0265
3 0.2915 0.637917 0.0615 0.0318333
3 0.15325 0.615917 0.0475 0.0278333
3 0.687625 0.0806667 0.05425 0.0493333
3 0.169625 0.293917 0.05825 0.0285
3 0.729125 0.0821667 0.04325 0.0426667
3 0.282 0.4865 0.055 0.0296667
3 0.02525 0.831833 0.049 0.0623333
3 0.0375 0.360417 0.044 0.0335
3 0.98275 0.583 0.0325 0.0403333
3 0.946 0.64675 0.0575 0.0385
3 0.1365 0.27275 0.058 0.0338333
3 0.522 0.0568333 0.064 0.043
3 0.901125 0.868833 0.04725 0.0316667
3 0.878125 0.145667 0.06025 0.0343333
3 0.025125 0.93175 0.05025 0.0545
3 0.077 0.367083 0.05 0.0391667
3 0.60125 0.658 0.05 0.0373333
3 0.33 0.387 0.0545 0.0326667
3 0.94075 0.1815 0.091 0.0536667
3 0.557875 0.574167 0.05225 0.0443333
3 0.10425 0.219333 0.053 0.041
3 0.6085 0.444083 0.054 0.0425
3 0.3215 0.681917 0.0465 0.0325
3 0.9485 0.67625 0.0785 0.0345
3 0.043125 0.0789167 0.05075 0.0371667
3 0.498625 0.124 0.07075 0.0486667
3 0.703875 0.79825 0.05825 0.0358333
3 0.5135 0.588583 0.064 0.0371667
3 0.330375 0.606417 0.04925 0.0441667
3 0.89575 0.475167 0.059 0.032
3 0.2725 0.879333 0.0555 0.0726667
3 0.33025 0.8375 0.053 0.0516667
3 0.14525 0.0310833 0.065 0.0361667
3 0.31575 0.292417 0.0625 0.0465
3 0.679 0.594583 0.0535 0.0365
3 0.826625 0.883583 0.05225 0.0405
3 0.361625 0.417417 0.07375 0.0415
3 0.49675 0.40425 0.0655 0.0348333
3 0.5165 0.0275833 0.059 0.0528333
3 0.673625 0.881417 0.05525 0.0415
3 0.889875 0.5745 0.05725 0.034
3 0.779125 0.89925 0.05875 0.0471667
3 0.595375 0.199167 0.05825 0.0436667
3 0.967125 0.767667 0.05075 0.0393333
3 0.51775 0.54375 0.063 0.0451667
3 0.185625 0.35725 0.05275 0.0391667
3 0.9435 0.558833 0.053 0.054
3 0.773 0.4085 0.0665 0.046
3 0.608125 0.0795833 0.07025 0.0698333
3 0.622875 0.287167 0.05425 0.0536667
3 0.85875 0.647333 0.078 0.0403333
3 0.036375 0.1665 0.06875 0.042
3 0.494625 0.626 0.07225 0.0436667
3 0.9085 0.391833 0.056 0.0363333
3 0.68875 0.443417 0.0725 0.0451667
3 0.451 0.436667 0.063 0.0413333
3 0.203375 0.9475 0.05075 0.0506667
3 0.048375 0.89175 0.07375 0.0521667
3 0.13025 0.790167 0.066 0.0406667
3 0.58275 0.981833 0.065 0.035
3 0.925625 0.838083 0.07125 0.0378333
3 0.089375 0.576667 0.09525 0.0723333
3 0.223875 0.488417 0.07425 0.0391667
3 0.197375 0.803167 0.06425 0.0536667
3 0.495 0.900167 0.0755 0.0366667
3 0.434625 0.854 0.09775 0.0356667
3 0.39975 0.109083 0.078 0.0405
3 0.549625 0.723917 0.08625 0.0455
3 0.434 0.702167 0.0775 0.0503333
3 0.659625 0.681333 0.07075 0.05
3 0.21375 0.565583 0.057 0.0598333
3 0.17325 0.663083 0.1035 0.0378333
3 0.532625 0.303833 0.08425 0.0553333
3 0.55325 0.78575 0.0745 0.0461667
3 0.465125 0.771667 0.09025 0.042
3 0.04 0.77075 0.08 0.0368333
3 0.871375 0.0574167 0.10425 0.0551667
3 0.052 0.716833 0.1015 0.0433333
3 0.172125 0.86825 0.08925 0.0481667
3 0.468125 0.244083 0.08825 0.0711667
3 0.037 0.0210833 0.0735 0.0411667
