3 0.656000 0.989250 0.053500 0.021500
3 0.011000 0.066333 0.021500 0.021000
3 0.354125 0.911083 0.029750 0.021167
3 0.414500 0.865583 0.059500 0.030500
3 0.845875 0.511167 0.051750 0.025333
3 0.616750 0.037000 0.047000 0.031333
3 0.651375 0.174500 0.044250 0.025667
3 0.956875 0.932750 0.040250 0.021833
3 0.749875 0.090333 0.024250 0.023667
3 0.011625 0.339250 0.022750 0.020500
3 0.960125 0.012667 0.048750 0.024333
3 0.245875 0.011583 0.052750 0.022833
3 0.704500 0.238083 0.036000 0.046167
3 0.554375 0.220500 0.046250 0.029667
3 0.638000 0.118000 0.057500 0.030667
3 0.758875 0.017000 0.071250 0.031333
3 0.479625 0.936167 0.042250 0.027667
3 0.282875 0.967667 0.032750 0.020667
3 0.701125 0.862000 0.035750 0.025333
3 0.761750 0.700083 0.075500 0.032167
3 0.886375 0.664667 0.061750 0.037333
3 0.397375 0.506250 0.039250 0.026833
3 0.187375 0.264500 0.055250 0.023000
3 0.605125 0.977917 0.050250 0.043167
3 0.508875 0.067417 0.053250 0.030167
3 0.351750 0.879583 0.035000 0.032167
3 0.646625 0.078417 0.061750 0.040833
3 0.839750 0.705667 0.079500 0.034667
3 0.170375 0.426750 0.050750 0.034500
3 0.037625 0.836667 0.036250 0.024000
3 0.808000 0.601750 0.078500 0.036167
3 0.758125 0.281500 0.052250 0.025000
3 0.185125 0.504917 0.088250 0.022167
3 0.192125 0.478417 0.038750 0.024833
3 0.043125 0.796083 0.035250 0.024833
3 0.973625 0.955250 0.038250 0.025500
3 0.245375 0.752167 0.057750 0.030000
3 0.757125 0.507500 0.053750 0.033667
3 0.244750 0.489667 0.050500 0.027667
3 0.201750 0.049083 0.064500 0.070167
3 0.697250 0.780083 0.037000 0.028167
3 0.104250 0.338583 0.043500 0.026167
3 0.067250 0.013000 0.041500 0.025667
3 0.834500 0.420167 0.099000 0.030667
3 0.106500 0.210750 0.049500 0.032833
3 0.571125 0.774750 0.033750 0.023167
3 0.795000 0.657583 0.054500 0.028167
3 0.156750 0.966583 0.037500 0.020833
3 0.648125 0.903583 0.036250 0.024167
3 0.455500 0.980250 0.043500 0.034167
3 0.818625 0.276750 0.058750 0.021500
3 0.347375 0.676833 0.032750 0.028667
3 0.401375 0.309333 0.053750 0.032667
3 0.374875 0.267917 0.084250 0.025500
3 0.825500 0.732750 0.061500 0.028167
3 0.874625 0.602167 0.060750 0.027000
3 0.575875 0.954667 0.060750 0.041667
3 0.341750 0.945500 0.068000 0.022667
3 0.812875 0.156833 0.035250 0.041333
3 0.481375 0.214833 0.058250 0.028333
3 0.229875 0.253250 0.047750 0.026833
3 0.732250 0.821000 0.039500 0.035667
3 0.024000 0.729500 0.036500 0.032667
3 0.135500 0.849583 0.038500 0.038500
3 0.530000 0.129750 0.055000 0.040833
3 0.933375 0.232917 0.067750 0.023167
3 0.962625 0.516667 0.045250 0.025333
3 0.798500 0.580417 0.048000 0.040833
3 0.417000 0.922833 0.043000 0.034667
3 0.535250 0.019250 0.043500 0.038167
3 0.752875 0.919917 0.042750 0.043833
3 0.279375 0.060917 0.030750 0.054833
3 0.846750 0.548750 0.043000 0.047500
3 0.905750 0.932917 0.046500 0.030167
3 0.442000 0.507000 0.040500 0.027667
3 0.070750 0.603750 0.039000 0.055833
3 0.377250 0.449000 0.031500 0.027667
3 0.719375 0.547917 0.038250 0.040500
3 0.465625 0.652167 0.042250 0.031333
3 0.735250 0.766083 0.056000 0.037500
3 0.130375 0.065333 0.042750 0.039667
3 0.822625 0.891167 0.053750 0.030000
3 0.054500 0.390083 0.047000 0.044167
3 0.413750 0.074917 0.054500 0.027500
3 0.833500 0.059417 0.054500 0.035500
3 0.705000 0.339417 0.039500 0.042167
3 0.571375 0.724333 0.045750 0.031333
3 0.593000 0.489083 0.050500 0.050167
3 0.795125 0.846417 0.084250 0.033167
3 0.902000 0.475417 0.070500 0.030500
3 0.193000 0.139667 0.041500 0.026000
3 0.501500 0.164583 0.094500 0.028500
3 0.760000 0.431667 0.065000 0.033000
3 0.974500 0.815750 0.046000 0.041500
3 0.324875 0.779167 0.057250 0.044333
3 0.502125 0.417250 0.044250 0.037833
3 0.159625 0.723250 0.084250 0.029500
3 0.508875 0.257000 0.077250 0.044667
3 0.597875 0.882000 0.053250 0.035333
3 0.446625 0.556583 0.059750 0.033167
3 0.289375 0.331167 0.051250 0.023667
3 0.472500 0.810083 0.034500 0.058500
3 0.721750 0.596833 0.055500 0.034000
3 0.615750 0.152750 0.069000 0.047167
3 0.824875 0.221417 0.055750 0.049833
3 0.666500 0.209750 0.137500 0.044167
3 0.201750 0.685917 0.088000 0.031500
3 0.324375 0.057167 0.061250 0.056667
3 0.965750 0.196250 0.067500 0.030500
3 0.608375 0.808500 0.050750 0.045667
3 0.611750 0.714583 0.091000 0.061167
3 0.623500 0.301667 0.060500 0.035667
3 0.844750 0.818500 0.074500 0.030667
3 0.316500 0.241167 0.093500 0.051667
3 0.762500 0.334333 0.055500 0.053667
3 0.924000 0.313750 0.081500 0.041500
3 0.535250 0.341583 0.067500 0.042500
3 0.423875 0.612750 0.055750 0.056167
3 0.951500 0.265000 0.053000 0.040000
3 0.509250 0.500500 0.062500 0.042667
3 0.032875 0.135583 0.065250 0.049833
3 0.103000 0.410750 0.028000 0.012500
