3 0.656667 0.269000 0.034667 0.052500
3 0.707167 0.014250 0.026000 0.028000
3 0.641750 0.031000 0.027167 0.050500
3 0.127000 0.303125 0.028000 0.052250
3 0.447167 0.955500 0.034667 0.040000
3 0.077417 0.333625 0.032167 0.093750
3 0.391333 0.081625 0.041000 0.034750
3 0.991583 0.020500 0.016833 0.040500
3 0.761333 0.044500 0.027333 0.061500
3 0.575000 0.461125 0.030667 0.057750
3 0.661833 0.127250 0.054667 0.068500
3 0.597500 0.166750 0.031000 0.049000
3 0.202083 0.189250 0.053833 0.067500
3 0.951167 0.585750 0.037000 0.043000
3 0.062000 0.130250 0.037667 0.042500
3 0.532750 0.963250 0.041167 0.044500
3 0.719000 0.106750 0.028667 0.053000
3 0.553250 0.156125 0.034833 0.055250
3 0.436667 0.907875 0.036667 0.041250
3 0.967083 0.955625 0.034500 0.052750
3 0.575583 0.878750 0.042167 0.047000
3 0.049667 0.473875 0.038333 0.039250
3 0.652167 0.182000 0.029333 0.047000
3 0.307917 0.837625 0.064500 0.046250
3 0.166583 0.350125 0.031833 0.049250
3 0.612833 0.463000 0.037333 0.044000
3 0.113917 0.355375 0.042833 0.060250
3 0.084583 0.407750 0.044833 0.076000
3 0.234750 0.240750 0.058500 0.066000
3 0.401333 0.023125 0.030333 0.045750
3 0.007667 0.283375 0.015000 0.056750
3 0.155000 0.418125 0.047000 0.053750
3 0.444750 0.128250 0.031500 0.078500
3 0.702083 0.160625 0.044500 0.055750
3 0.885417 0.023750 0.033500 0.047000
3 0.494833 0.708375 0.028333 0.045750
3 0.585333 0.032500 0.027667 0.048000
3 0.335500 0.586625 0.030000 0.036250
3 0.725333 0.277500 0.054000 0.048500
3 0.851000 0.107500 0.033667 0.043000
3 0.064167 0.646625 0.034000 0.068250
3 0.415167 0.818375 0.043333 0.037750
3 0.309250 0.490625 0.035167 0.043750
3 0.369000 0.859250 0.041333 0.043500
3 0.495750 0.606875 0.032167 0.045250
3 0.480583 0.154000 0.037167 0.075000
3 0.419833 0.424250 0.035667 0.045000
3 0.902000 0.755250 0.050667 0.055500
3 0.042667 0.330875 0.026667 0.077750
3 0.527333 0.334500 0.056667 0.076500
3 0.320417 0.709250 0.029500 0.084500
3 0.333833 0.290875 0.038000 0.055750
3 0.986500 0.084500 0.027000 0.045500
3 0.856667 0.814875 0.039000 0.051250
3 0.264333 0.503875 0.036333 0.052750
3 0.304250 0.198875 0.053167 0.042750
3 0.448917 0.224125 0.040500 0.098750
3 0.386750 0.465625 0.045833 0.041250
3 0.555833 0.381125 0.032333 0.060750
3 0.740250 0.980625 0.055500 0.036750
3 0.175333 0.122000 0.048333 0.069000
3 0.533333 0.544250 0.054333 0.039500
3 0.931250 0.643250 0.058833 0.079000
3 0.891250 0.868625 0.044833 0.046250
3 0.090500 0.619000 0.042000 0.078500
3 0.773583 0.134000 0.025500 0.084000
3 0.137083 0.745125 0.026167 0.079750
3 0.362833 0.050625 0.063667 0.052750
3 0.830917 0.367125 0.035500 0.079750
3 0.073833 0.778875 0.043667 0.058750
3 0.232833 0.967875 0.038667 0.059250
3 0.822500 0.166125 0.029333 0.059750
3 0.338167 0.922750 0.049333 0.044500
3 0.141833 0.665625 0.035000 0.050750
3 0.101583 0.950000 0.034833 0.096000
3 0.053250 0.693375 0.044833 0.095750
3 0.543500 0.075125 0.052333 0.058750
3 0.804667 0.676375 0.059333 0.050250
3 0.471500 0.416750 0.041667 0.088500
3 0.745250 0.763250 0.032167 0.085500
3 0.010667 0.023250 0.020667 0.046000
3 0.496417 0.493625 0.041833 0.059750
3 0.223333 0.099500 0.046333 0.055500
3 0.625750 0.656750 0.044167 0.078000
3 0.855250 0.407125 0.044500 0.070750
3 0.341917 0.424250 0.050500 0.067500
3 0.670417 0.858500 0.063167 0.059000
3 0.059000 0.901625 0.038333 0.103750
3 0.100833 0.044375 0.035000 0.088250
3 0.277917 0.079375 0.047167 0.063750
3 0.804333 0.887250 0.033000 0.074500
3 0.185667 0.943500 0.040667 0.070500
3 0.807667 0.073000 0.046333 0.077500
3 0.413500 0.204000 0.036000 0.092000
3 0.734167 0.520125 0.037667 0.120250
3 0.456417 0.728875 0.040167 0.069250
3 0.941500 0.116875 0.036667 0.072750
3 0.160833 0.040000 0.038333 0.070500
3 0.209500 0.375875 0.043667 0.106750
3 0.755667 0.428875 0.043333 0.097250
3 0.190917 0.030000 0.040167 0.059500
3 0.722500 0.635875 0.073333 0.073750
3 0.815083 0.543750 0.045833 0.078500
3 0.966333 0.278375 0.042333 0.072250
3 0.657167 0.352500 0.021333 0.028500
3 0.967667 0.644750 0.026667 0.037000
