3 0.511625 0.0258333 0.04025 0.037
3 0.29625 0.982083 0.0515 0.0178333
3 0.73425 0.0513333 0.029 0.0233333
3 0.01025 0.600833 0.0205 0.0303333
3 0.193125 0.96175 0.03625 0.0201667
3 0.1365 0.00558333 0.0535 0.0111667
3 0.768375 0.926917 0.02625 0.0315
3 0.652375 0.680083 0.04125 0.0261667
3 0.919125 0.152 0.07475 0.0346667
3 0.8665 0.170833 0.0685 0.046
3 0.008875 0.930917 0.01775 0.0275
3 0.070625 0.992833 0.04425 0.0143333
3 0.018 0.811583 0.036 0.0165
3 0.068875 0.344333 0.03475 0.0283333
3 0.52975 0.464583 0.035 0.0345
3 0.119125 0.900417 0.03875 0.0288333
3 0.634625 0.0450833 0.02675 0.0441667
3 0.2205 0.0865 0.0385 0.0236667
3 0.78875 0.858833 0.033 0.027
3 0.08925 0.4125 0.0375 0.024
3 0.296625 0.724167 0.04175 0.0333333
3 0.053375 0.26525 0.03875 0.0231667
3 0.436125 0.117917 0.02625 0.0331667
3 0.009875 0.682417 0.01975 0.0241667
3 0.788625 0.373667 0.03975 0.026
3 0.772125 0.148917 0.04025 0.0275
3 0.39875 0.0104167 0.0345 0.0205
3 0.617625 0.53625 0.03675 0.0265
3 0.452 0.811917 0.06 0.0241667
3 0.614875 0.923667 0.03825 0.029
3 0.576125 0.0129167 0.03775 0.0238333
3 0.481 0.291167 0.0375 0.0246667
3 0.883875 0.551833 0.03975 0.0283333
3 0.2375 0.297417 0.0405 0.0311667
3 0.38675 0.371 0.0515 0.0546667
3 0.385375 0.48275 0.04075 0.0465
3 0.047125 0.13025 0.05425 0.0271667
3 0.144375 0.336833 0.03925 0.0396667
3 0.81525 0.152167 0.045 0.0266667
3 0.042375 0.90025 0.04225 0.0368333
3 0.23225 0.321 0.033 0.0276667
3 0.315375 0.79375 0.03775 0.0278333
3 0.019 0.244833 0.032 0.0256667
3 0.56875 0.292667 0.039 0.0256667
3 0.98975 0.9395 0.0185 0.0343333
3 0.323 0.460667 0.0455 0.0283333
3 0.6005 0.687417 0.0425 0.0315
3 0.340375 0.858333 0.03775 0.0303333
3 0.252 0.714667 0.0425 0.0406667
3 0.251875 0.668 0.02675 0.026
3 0.522625 0.400583 0.05725 0.0215
3 0.804 0.00966667 0.045 0.0193333
3 0.608875 0.772667 0.03225 0.0366667
3 0.13375 0.622667 0.0295 0.0293333
3 0.17175 0.485333 0.047 0.028
3 0.70275 0.87525 0.042 0.0298333
3 0.879125 0.52375 0.03575 0.0311667
3 0.41075 0.597917 0.0355 0.0255
3 0.526375 0.0699167 0.04125 0.0701667
3 0.9015 0.0100833 0.0745 0.0201667
3 0.022375 0.173833 0.04475 0.024
3 0.944 0.414917 0.0595 0.0285
3 0.95875 0.272417 0.0395 0.0288333
3 0.3755 0.519833 0.033 0.037
3 0.478125 0.01475 0.04025 0.0291667
3 0.53425 0.20475 0.052 0.0325
3 0.954125 0.30625 0.03775 0.0355
3 0.252 0.987583 0.0435 0.0238333
3 0.397625 0.759917 0.05425 0.0238333
3 0.8145 0.665417 0.0475 0.0341667
3 0.20275 0.19075 0.0525 0.0215
3 0.91075 0.856833 0.0465 0.0203333
3 0.072 0.495333 0.0485 0.027
3 0.0145 0.0565 0.029 0.0266667
3 0.94875 0.697333 0.047 0.0286667
3 0.395875 0.221167 0.04975 0.0396667
3 0.69675 0.0441667 0.0305 0.0326667
3 0.019375 0.561667 0.03875 0.026
3 0.487 0.831167 0.053 0.024
3 0.484625 0.467417 0.05875 0.0488333
3 0.3985 0.639833 0.06 0.028
3 0.224875 0.918 0.05825 0.024
3 0.956375 0.106667 0.08075 0.0493333
3 0.04825 0.636167 0.0435 0.0326667
3 0.211125 0.6305 0.03875 0.0273333
3 0.24475 0.0574167 0.041 0.0315
3 0.016125 0.292417 0.03175 0.0418333
3 0.5555 0.493167 0.033 0.0426667
3 0.290875 0.601417 0.06175 0.0231667
3 0.984625 0.3535 0.03025 0.031
3 0.5325 0.30875 0.0415 0.0361667
3 0.863375 0.312917 0.05075 0.0331667
3 0.11725 0.975083 0.046 0.0445
3 0.9445 0.0805833 0.0845 0.0345
3 0.843625 0.248083 0.04575 0.0295
3 0.980375 0.236 0.03575 0.0256667
3 0.3525 0.121667 0.0675 0.0456667
3 0.592375 0.06425 0.05375 0.0361667
3 0.923125 0.192667 0.04675 0.0333333
3 0.38675 0.145417 0.051 0.0275
3 0.73225 0.558917 0.0445 0.0275
3 0.284875 0.319083 0.03675 0.0328333
3 0.14575 0.23575 0.0445 0.0405
3 0.79275 0.341083 0.044 0.0501667
3 0.497875 0.717167 0.07975 0.029
3 0.888625 0.884083 0.05275 0.0355
3 0.2935 0.10975 0.056 0.0315
3 0.3025 0.387833 0.0495 0.0533333
3 0.924625 0.645333 0.04975 0.033
3 0.9735 0.546667 0.038 0.0236667
3 0.036375 0.32475 0.07275 0.0348333
3 0.34275 0.897833 0.0355 0.043
3 0.75375 0.51875 0.0775 0.0271667
3 0.438125 0.266417 0.04475 0.0458333
3 0.6915 0.093 0.042 0.031
3 0.26525 0.456833 0.041 0.0306667
3 0.658375 0.71875 0.06775 0.0548333
3 0.9795 0.870167 0.0395 0.0343333
3 0.550875 0.912917 0.04325 0.0481667
3 0.359125 0.0336667 0.07325 0.0286667
3 0.3495 0.417667 0.044 0.0386667
3 0.33125 0.75325 0.0485 0.0455
3 0.16375 0.0961667 0.0455 0.042
3 0.46 0.33175 0.0495 0.0408333
3 0.04825 0.159833 0.061 0.0443333
3 0.77525 0.75075 0.041 0.0538333
3 0.305375 0.228583 0.07625 0.0278333
3 0.867875 0.47425 0.04275 0.0355
3 0.983 0.79475 0.0325 0.0318333
3 0.1775 0.756083 0.091 0.0285
3 0.464625 0.426417 0.05225 0.0495
3 0.939375 0.591417 0.04075 0.0435
3 0.969625 0.0334167 0.06075 0.0408333
3 0.737875 0.63525 0.04875 0.0541667
3 0.729125 0.178583 0.04475 0.0448333
3 0.19075 0.3735 0.094 0.045
3 0.933 0.963417 0.0605 0.0238333
3 0.603375 0.348167 0.04825 0.0493333
3 0.6005 0.204667 0.0675 0.0283333
3 0.74825 0.903167 0.067 0.0333333
3 0.694875 0.8295 0.05675 0.0376667
3 0.156125 0.84825 0.05675 0.0391667
3 0.824625 0.830667 0.06425 0.0413333
3 0.3235 0.682167 0.0485 0.037
3 0.47025 0.0935833 0.056 0.0648333
3 0.71325 0.97175 0.0575 0.0335
3 0.495625 0.9525 0.03325 0.047
3 0.02375 0.02575 0.0475 0.0361667
3 0.603375 0.423083 0.06525 0.0315
3 0.241375 0.789667 0.04475 0.0596667
3 0.076125 0.46375 0.07375 0.0375
3 0.170875 0.543167 0.05725 0.048
3 0.667625 0.4365 0.06275 0.0596667
