3 0.225667 0.111000 0.052000 0.077000
3 0.276083 0.028875 0.037833 0.057250
3 0.152333 0.078500 0.037333 0.082000
3 0.133000 0.034000 0.033333 0.045000
3 0.174500 0.023875 0.045000 0.047250
3 0.041000 0.211375 0.053333 0.121750
3 0.053000 0.284500 0.048000 0.060000
3 0.023917 0.333125 0.047500 0.070750
3 0.018000 0.293000 0.032667 0.055000
3 0.018583 0.381375 0.036833 0.042250
3 0.109000 0.386500 0.028000 0.046000
3 0.237667 0.308000 0.081333 0.089000
3 0.270333 0.367500 0.044000 0.042000
3 0.302667 0.298500 0.043333 0.060000
3 0.348333 0.376500 0.032000 0.050000
3 0.384250 0.362500 0.026833 0.060000
3 0.454000 0.361000 0.038000 0.047000
3 0.497000 0.339000 0.037333 0.051000
3 0.557667 0.321000 0.033333 0.073000
3 0.497000 0.278000 0.066667 0.055000
3 0.612333 0.400500 0.037333 0.044000
3 0.669917 0.379125 0.034500 0.056250
3 0.700000 0.422500 0.056667 0.046000
3 0.751667 0.471500 0.046667 0.058000
3 0.776000 0.522500 0.054000 0.054000
3 0.698000 0.545500 0.040667 0.058000
3 0.641000 0.554000 0.029333 0.053000
3 0.752000 0.633000 0.024667 0.045000
3 0.661333 0.704000 0.058000 0.043000
3 0.676667 0.781000 0.055333 0.067000
3 0.851000 0.827500 0.054667 0.100000
3 0.875667 0.759000 0.050667 0.059000
3 0.791667 0.700500 0.044000 0.056000
3 0.498667 0.503500 0.100667 0.096000
3 0.570000 0.492500 0.043333 0.038000
3 0.612000 0.468000 0.047333 0.037000
3 0.540333 0.414500 0.041333 0.054000
3 0.479000 0.413000 0.029333 0.033000
3 0.502000 0.454000 0.023333 0.045000
3 0.397000 0.480500 0.032000 0.054000
3 0.406667 0.548500 0.044667 0.074000
3 0.225333 0.531000 0.058000 0.113000
3 0.195333 0.607000 0.034000 0.051000
3 0.158333 0.555500 0.029333 0.094000
3 0.184667 0.443500 0.047333 0.050000
3 0.195667 0.356000 0.033333 0.053000
3 0.065000 0.527000 0.037333 0.087000
3 0.068000 0.741500 0.040667 0.070000
3 0.130667 0.795000 0.040667 0.063000
3 0.081000 0.822000 0.030667 0.071000
3 0.017333 0.779500 0.032667 0.074000
3 0.079333 0.896500 0.059333 0.092000
3 0.264667 0.885000 0.036667 0.065000
3 0.224667 0.790500 0.035333 0.058000
3 0.295333 0.786000 0.026000 0.045000
3 0.391000 0.805500 0.052000 0.118000
3 0.476667 0.792000 0.032667 0.063000
3 0.484667 0.723500 0.042000 0.044000
3 0.544333 0.802000 0.026667 0.041000
3 0.576667 0.833000 0.034000 0.081000
3 0.603667 0.899500 0.034667 0.070000
3 0.562333 0.946000 0.034667 0.061000
3 0.645000 0.842000 0.029333 0.049000
3 0.633000 0.789000 0.049333 0.053000
3 0.712000 0.875000 0.066000 0.111000
3 0.326000 0.669000 0.064667 0.053000
3 0.352667 0.633500 0.048667 0.034000
3 0.372333 0.681000 0.042667 0.043000
3 0.254667 0.705000 0.028667 0.037000
3 0.291333 0.725500 0.040667 0.040000
3 0.220667 0.725000 0.020667 0.043000
3 0.254333 0.638000 0.033333 0.045000
3 0.341667 0.833500 0.034667 0.062000
3 0.781000 0.190000 0.065333 0.093000
3 0.658333 0.032500 0.072000 0.054000
3 0.868333 0.030000 0.034667 0.059000
3 0.928333 0.030000 0.052000 0.051000
3 0.978167 0.023500 0.043667 0.046000
3 0.936333 0.181000 0.036000 0.085000
3 0.976167 0.137750 0.047667 0.042500
3 0.844667 0.258500 0.052667 0.100000
3 0.788333 0.335000 0.052000 0.055000
3 0.799000 0.361500 0.061333 0.044000
3 0.794000 0.410500 0.026000 0.038000
3 0.700667 0.318000 0.032667 0.053000
3 0.853333 0.506000 0.036667 0.067000
3 0.816000 0.451500 0.044667 0.052000
3 0.890667 0.429000 0.038000 0.079000
3 0.896000 0.543500 0.050000 0.084000
3 0.944000 0.601000 0.047333 0.045000
3 0.952333 0.657000 0.030667 0.049000
3 0.860667 0.662000 0.051333 0.063000
3 0.932667 0.715000 0.048667 0.049000
3 0.965000 0.688500 0.034667 0.046000
3 0.961333 0.819000 0.064667 0.081000
3 0.907417 0.844500 0.089833 0.102000
3 0.278167 0.414125 0.045667 0.028250
3 0.120250 0.078500 0.029167 0.043000
3 0.782250 0.251250 0.053833 0.051500
3 0.958917 0.870000 0.046167 0.044000
3 0.272667 0.828250 0.026333 0.038000
3 0.110667 0.935375 0.027000 0.036750
3 0.499083 0.604875 0.042167 0.078750
3 0.439000 0.504500 0.031333 0.050500
3 0.464167 0.521625 0.045333 0.088750
3 0.509250 0.552625 0.065167 0.070250
