3 0.071250 0.460750 0.053500 0.028500
3 0.574875 0.527833 0.051750 0.028000
3 0.696375 0.074250 0.071750 0.032500
3 0.295875 0.278667 0.029250 0.030000
3 0.760125 0.269083 0.024750 0.030167
3 0.766750 0.859250 0.038500 0.029167
3 0.148500 0.014417 0.055000 0.026833
3 0.977750 0.363417 0.039000 0.021500
3 0.235250 0.300000 0.042000 0.051667
3 0.054250 0.526500 0.053500 0.037000
3 0.455375 0.632750 0.040750 0.027833
3 0.065375 0.658167 0.052750 0.024333
3 0.306500 0.323500 0.060500 0.029000
3 0.856625 0.516583 0.053750 0.028167
3 0.146875 0.613417 0.044250 0.035833
3 0.433125 0.926667 0.039250 0.035667
3 0.755000 0.372667 0.034000 0.041667
3 0.930375 0.814917 0.044250 0.027500
3 0.374125 0.573917 0.058250 0.045833
3 0.956250 0.220417 0.051500 0.047167
3 0.393375 0.170250 0.046750 0.021500
3 0.312000 0.885500 0.047000 0.042000
3 0.615000 0.170333 0.051000 0.039667
3 0.642250 0.565750 0.047000 0.027167
3 0.733500 0.427917 0.048000 0.031167
3 0.468125 0.602000 0.046250 0.036667
3 0.779000 0.046833 0.062000 0.022667
3 0.375000 0.822583 0.035000 0.029500
3 0.675000 0.983667 0.053000 0.030667
3 0.805375 0.853083 0.052250 0.036500
3 0.607625 0.014833 0.043250 0.028333
3 0.444625 0.421583 0.049250 0.031500
3 0.257500 0.940083 0.041500 0.037833
3 0.953250 0.707250 0.061500 0.032833
3 0.877500 0.221583 0.046000 0.026833
3 0.787500 0.424417 0.068000 0.034167
3 0.137375 0.513750 0.055250 0.026500
3 0.536625 0.578417 0.042750 0.029500
3 0.058375 0.694500 0.048250 0.031667
3 0.879500 0.831000 0.054500 0.029667
3 0.926625 0.455750 0.038750 0.029167
3 0.860250 0.595000 0.047000 0.031333
3 0.810750 0.809917 0.064000 0.030833
3 0.509625 0.156167 0.136250 0.028000
3 0.014500 0.977500 0.028500 0.032000
3 0.769000 0.753833 0.039500 0.031333
3 0.396125 0.980583 0.040250 0.036500
3 0.869500 0.907500 0.061000 0.030000
3 0.458250 0.465333 0.061000 0.038000
3 0.044375 0.561000 0.034750 0.036667
3 0.854875 0.422000 0.042250 0.031667
3 0.347500 0.924917 0.052500 0.039167
3 0.927125 0.358167 0.044750 0.030000
3 0.472125 0.897750 0.041750 0.049833
3 0.054750 0.193917 0.062000 0.034500
3 0.792500 0.359750 0.042500 0.055500
3 0.076500 0.731083 0.054000 0.033833
3 0.030000 0.134750 0.043000 0.027167
3 0.831250 0.638917 0.055500 0.033833
3 0.977000 0.072083 0.044500 0.044833
3 0.247250 0.019083 0.055500 0.036500
3 0.690500 0.744667 0.042500 0.028667
3 0.576875 0.447417 0.078250 0.030167
3 0.977750 0.338583 0.041500 0.027167
3 0.521375 0.497917 0.044750 0.027500
3 0.908375 0.544750 0.062250 0.035500
3 0.694500 0.903333 0.051000 0.036000
3 0.731750 0.296750 0.033500 0.041500
3 0.726375 0.535250 0.046750 0.029167
3 0.664875 0.441167 0.058250 0.030000
3 0.782750 0.574833 0.044000 0.035333
3 0.578875 0.313083 0.043750 0.042500
3 0.979500 0.882250 0.036000 0.031167
3 0.946625 0.270000 0.065250 0.027667
3 0.152125 0.330750 0.064250 0.033833
3 0.947000 0.114750 0.043500 0.085500
3 0.377875 0.321083 0.045250 0.048833
3 0.635625 0.298250 0.052750 0.035167
3 0.415750 0.878667 0.055500 0.045667
3 0.650250 0.815667 0.076000 0.041000
3 0.720375 0.700750 0.050750 0.035833
3 0.083500 0.607000 0.041000 0.042000
3 0.911500 0.973333 0.067000 0.046333
3 0.803875 0.914833 0.056250 0.036333
3 0.452500 0.259917 0.073000 0.092500
3 0.573375 0.412917 0.061250 0.038833
3 0.368375 0.743833 0.057750 0.035000
3 0.465375 0.711083 0.076250 0.041833
3 0.697125 0.031000 0.060250 0.055667
3 0.552250 0.236667 0.056500 0.055333
3 0.745500 0.966167 0.062500 0.043333
3 0.127125 0.411500 0.054250 0.070333
3 0.827625 0.297833 0.054750 0.037333
3 0.788375 0.503417 0.063750 0.058167
3 0.470750 0.767750 0.060000 0.049833
3 0.105000 0.889333 0.115500 0.037333
3 0.060000 0.381417 0.066500 0.055500
3 0.391125 0.704750 0.040750 0.018167
3 0.486750 0.374250 0.038500 0.026833
