3 0.143125 0.117750 0.058750 0.021833
3 0.014375 0.941500 0.028250 0.021667
3 0.855625 0.861500 0.034750 0.034333
3 0.667125 0.323667 0.040750 0.023333
3 0.669500 0.475583 0.043500 0.023500
3 0.280000 0.822417 0.047500 0.030167
3 0.041500 0.479500 0.050500 0.023667
3 0.017000 0.730417 0.033500 0.026167
3 0.072875 0.713583 0.049250 0.029833
3 0.866250 0.959583 0.036500 0.036833
3 0.550500 0.223583 0.045000 0.035167
3 0.736875 0.992333 0.034750 0.015333
3 0.713875 0.850417 0.033750 0.029500
3 0.745000 0.771500 0.030500 0.026000
3 0.317250 0.412583 0.035500 0.025500
3 0.091625 0.794167 0.055250 0.023333
3 0.268000 0.108500 0.043000 0.047000
3 0.014750 0.607833 0.029000 0.024000
3 0.801875 0.781250 0.036750 0.026167
3 0.987750 0.166167 0.022500 0.036000
3 0.579000 0.009750 0.031000 0.019167
3 0.305000 0.021500 0.034500 0.029667
3 0.163875 0.007583 0.042250 0.014833
3 0.306750 0.116833 0.040000 0.072333
3 0.385125 0.210333 0.044250 0.023333
3 0.159375 0.828000 0.044250 0.023333
3 0.592875 0.070917 0.030750 0.037833
3 0.604500 0.084583 0.039000 0.030500
3 0.932375 0.204333 0.029750 0.021667
3 0.092250 0.890000 0.030000 0.018000
3 0.056125 0.218500 0.032750 0.036333
3 0.765000 0.831667 0.036000 0.027667
3 0.644750 0.069083 0.037000 0.026500
3 0.269000 0.150417 0.051500 0.025833
3 0.436375 0.683417 0.034750 0.028167
3 0.911625 0.010333 0.033750 0.020333
3 0.923125 0.688750 0.032750 0.023167
3 0.798750 0.731000 0.047000 0.025000
3 0.297375 0.051500 0.044750 0.033667
3 0.065375 0.771083 0.050750 0.037167
3 0.067500 0.979333 0.032000 0.021333
3 0.781125 0.769667 0.041250 0.028667
3 0.070500 0.809583 0.049000 0.040500
3 0.423750 0.214917 0.053500 0.037833
3 0.234500 0.046917 0.065000 0.055167
3 0.060750 0.938083 0.063000 0.023167
3 0.983125 0.493000 0.032250 0.047333
3 0.987500 0.969250 0.022500 0.024833
3 0.279875 0.298750 0.038750 0.028167
3 0.583375 0.152917 0.028250 0.033500
3 0.118000 0.851000 0.045000 0.029333
3 0.797625 0.485667 0.032250 0.019333
3 0.029500 0.584750 0.053000 0.024833
3 0.968875 0.292750 0.028750 0.020833
3 0.594375 0.982833 0.032750 0.030667
3 0.150500 0.247667 0.033500 0.026667
3 0.819750 0.758167 0.052000 0.019667
3 0.826375 0.839500 0.051250 0.028000
3 0.440000 0.725417 0.033000 0.026167
3 0.359375 0.564167 0.037250 0.036000
3 0.623125 0.011667 0.048750 0.023000
3 0.176750 0.569000 0.069500 0.040333
3 0.986500 0.322417 0.025500 0.040833
3 0.668250 0.409500 0.039000 0.030333
3 0.343625 0.536250 0.035750 0.026833
3 0.970375 0.799500 0.036250 0.022333
3 0.720750 0.705083 0.044000 0.033833
3 0.347250 0.298500 0.053500 0.058667
3 0.053625 0.495167 0.038750 0.026333
3 0.260375 0.563083 0.037250 0.026500
3 0.725375 0.463250 0.049750 0.027167
3 0.047750 0.274667 0.045000 0.045667
3 0.023375 0.215667 0.034750 0.067333
3 0.689125 0.504083 0.043750 0.030167
3 0.572625 0.207833 0.055750 0.071000
3 0.662875 0.766167 0.046250 0.026333
3 0.701625 0.542833 0.041250 0.032000
3 0.260875 0.419583 0.027750 0.043167
3 0.347375 0.193000 0.038250 0.053000
3 0.439000 0.501583 0.040500 0.025500
3 0.762750 0.702000 0.035000 0.035333
3 0.647000 0.604167 0.054000 0.023333
3 0.922375 0.903333 0.039750 0.033333
3 0.621375 0.038750 0.040250 0.028833
3 0.965875 0.228583 0.034250 0.022500
3 0.155250 0.041667 0.033500 0.037667
3 0.012375 0.803917 0.024250 0.038833
3 0.755250 0.418250 0.041000 0.033167
3 0.711875 0.825250 0.052750 0.032500
3 0.379750 0.662167 0.039500 0.036333
3 0.021000 0.130750 0.041500 0.048833
3 0.679625 0.025583 0.049250 0.043167
3 0.831250 0.675917 0.055000 0.037833
3 0.772625 0.348833 0.048750 0.039333
3 0.646500 0.791250 0.051000 0.028167
3 0.633250 0.249583 0.043000 0.029167
3 0.682000 0.297000 0.040500 0.031333
3 0.736000 0.378083 0.040000 0.045500
3 0.805000 0.409917 0.039500 0.027500
3 0.712125 0.970500 0.040250 0.032333
3 0.025500 0.060167 0.050500 0.038000
3 0.255125 0.615667 0.052250 0.026000
3 0.981875 0.430167 0.034750 0.028333
3 0.722500 0.421917 0.039000 0.032833
3 0.872875 0.751917 0.071250 0.031500
3 0.752625 0.064500 0.035250 0.046000
3 0.708750 0.664417 0.058500 0.033500
3 0.017750 0.012667 0.035000 0.024667
3 0.253125 0.843833 0.044750 0.039000
3 0.852125 0.461167 0.061750 0.030667
3 0.985250 0.645333 0.029000 0.039000
3 0.732625 0.891583 0.045750 0.049833
3 0.385250 0.256750 0.049500 0.047833
3 0.856750 0.704417 0.066500 0.037833
3 0.328875 0.746583 0.035250 0.032833
3 0.374875 0.934000 0.039250 0.033000
3 0.119875 0.196583 0.038750 0.027500
3 0.937000 0.428917 0.040500 0.027500
3 0.108375 0.679250 0.052750 0.032167
3 0.801500 0.280583 0.042000 0.023167
3 0.028375 0.913250 0.056250 0.054500
3 0.310500 0.197250 0.043500 0.046500
3 0.727125 0.603667 0.047750 0.025333
3 0.744250 0.181333 0.051500 0.023333
3 0.347875 0.626667 0.049750 0.029667
3 0.278500 0.879500 0.058000 0.037667
3 0.447375 0.877750 0.032750 0.027833
3 0.450500 0.802833 0.047000 0.028667
3 0.469500 0.367750 0.056500 0.035500
3 0.981125 0.196667 0.030750 0.024333
3 0.715500 0.101083 0.042000 0.040167
3 0.352500 0.441417 0.063000 0.030833
3 0.493375 0.312500 0.053750 0.033667
3 0.251250 0.447833 0.058000 0.030000
3 0.594500 0.577833 0.039000 0.041333
3 0.150750 0.759083 0.078000 0.026833
3 0.919750 0.158667 0.040000 0.025667
3 0.763875 0.211583 0.044250 0.031833
3 0.981750 0.092167 0.031000 0.029000
3 0.330500 0.353583 0.085000 0.034167
3 0.374875 0.785417 0.027750 0.047833
3 0.919000 0.778083 0.054500 0.037167
3 0.984750 0.032250 0.030500 0.060833
3 0.625875 0.832833 0.072250 0.023000
3 0.025375 0.370500 0.046750 0.055000
3 0.046750 0.082250 0.092000 0.031167
3 0.960750 0.258917 0.052000 0.026833
3 0.061875 0.605500 0.058750 0.023000
3 0.487125 0.755167 0.072750 0.028667
3 0.036625 0.651833 0.059750 0.041333
3 0.853125 0.159000 0.053250 0.025667
3 0.702000 0.251250 0.060000 0.060500
3 0.820500 0.894000 0.078000 0.058000
3 0.713750 0.137333 0.079500 0.051000
