3 0.333125 0.852167 0.037250 0.021667
3 0.097125 0.609250 0.055750 0.016833
3 0.797125 0.607000 0.065750 0.036000
3 0.208750 0.370333 0.036500 0.021667
3 0.277875 0.399750 0.039250 0.041833
3 0.761125 0.007167 0.038750 0.014000
3 0.968750 0.501583 0.042500 0.019167
3 0.016875 0.843000 0.033250 0.021333
3 0.007750 0.279417 0.015000 0.028167
3 0.680625 0.605000 0.045750 0.033667
3 0.028125 0.949250 0.036750 0.019167
3 0.985250 0.584167 0.022000 0.022333
3 0.736250 0.440083 0.047000 0.022833
3 0.041250 0.672917 0.027500 0.021167
3 0.810375 0.675417 0.068750 0.035167
3 0.740375 0.846750 0.050750 0.024167
3 0.624625 0.329417 0.033250 0.018500
3 0.673500 0.613833 0.044000 0.038667
3 0.227250 0.007417 0.045500 0.014500
3 0.826375 0.518917 0.034250 0.028167
3 0.151500 0.520583 0.036500 0.023167
3 0.286875 0.421000 0.054250 0.036667
3 0.231375 0.097417 0.046250 0.026500
3 0.687750 0.414000 0.034500 0.040000
3 0.128875 0.667500 0.035750 0.019667
3 0.123250 0.049750 0.035500 0.021167
3 0.632500 0.066917 0.032500 0.024833
3 0.226500 0.522583 0.059500 0.029167
3 0.300625 0.841250 0.028250 0.029167
3 0.733875 0.899417 0.032250 0.022167
3 0.167500 0.114250 0.048000 0.022833
3 0.913750 0.615000 0.035500 0.026333
3 0.607500 0.653917 0.052500 0.025500
3 0.638625 0.801250 0.031250 0.024833
3 0.964500 0.919750 0.044000 0.032500
3 0.582500 0.227583 0.029500 0.045500
3 0.211000 0.682750 0.061000 0.027500
3 0.886125 0.335083 0.033750 0.031167
3 0.675125 0.057917 0.033250 0.028500
3 0.914250 0.525417 0.035000 0.032500
3 0.183875 0.223917 0.040250 0.028833
3 0.177500 0.085583 0.032000 0.023833
3 0.580750 0.501500 0.073000 0.030333
3 0.527750 0.054667 0.043000 0.038333
3 0.241375 0.381000 0.051750 0.024667
3 0.282250 0.173917 0.043000 0.022833
3 0.020375 0.228583 0.031250 0.022500
3 0.137875 0.218000 0.032750 0.041667
3 0.714000 0.281583 0.040000 0.020500
3 0.136625 0.692750 0.042750 0.021167
3 0.266375 0.657500 0.043250 0.029000
3 0.546125 0.497583 0.052250 0.037500
3 0.880250 0.067083 0.029500 0.045500
3 0.533000 0.042917 0.059500 0.032167
3 0.783125 0.599417 0.087250 0.035833
3 0.220500 0.354000 0.046000 0.021000
3 0.966500 0.671667 0.032500 0.024000
3 0.730375 0.975500 0.035250 0.030667
3 0.044625 0.304083 0.035750 0.016833
3 0.675000 0.723917 0.044500 0.024500
3 0.207125 0.137250 0.054250 0.029500
3 0.583875 0.262917 0.035750 0.023167
3 0.628750 0.472667 0.038000 0.026000
3 0.667125 0.986417 0.041250 0.026500
3 0.262125 0.017000 0.028750 0.031333
3 0.515500 0.376583 0.038500 0.020833
3 0.672375 0.445917 0.042750 0.022500
3 0.210500 0.710750 0.069000 0.030500
3 0.078000 0.987000 0.031500 0.024667
3 0.967000 0.636917 0.032000 0.025500
3 0.072125 0.941917 0.038250 0.035500
3 0.288125 0.806333 0.045250 0.030667
3 0.946625 0.098667 0.043750 0.025667
3 0.627000 0.169667 0.036000 0.023667
3 0.332750 0.823833 0.033500 0.023333
3 0.298375 0.923500 0.034250 0.037333
3 0.046625 0.870667 0.040750 0.026333
3 0.690375 0.382000 0.036750 0.027667
3 0.098500 0.527667 0.041500 0.022000
3 0.081375 0.411917 0.034250 0.024833
3 0.304000 0.248417 0.037500 0.027833
3 0.674375 0.781667 0.047750 0.028333
3 0.794625 0.984083 0.040750 0.030167
3 0.634750 0.351000 0.029500 0.025000
3 0.659750 0.021417 0.024000 0.041500
3 0.570625 0.349000 0.038250 0.058667
3 0.652500 0.214083 0.036000 0.019167
3 0.919750 0.560583 0.049500 0.021833
3 0.697750 0.689167 0.033000 0.032667
3 0.334250 0.649083 0.037500 0.025833
3 0.273375 0.749000 0.032250 0.024667
3 0.964000 0.525500 0.039500 0.025667
3 0.189750 0.739417 0.037000 0.027833
3 0.365625 0.700083 0.037250 0.023833
3 0.215875 0.398000 0.037250 0.031667
3 0.345875 0.371583 0.028250 0.024833
3 0.490000 0.253667 0.039500 0.041667
3 0.551125 0.222583 0.037250 0.023833
3 0.714625 0.643583 0.029250 0.027500
3 0.083500 0.896917 0.046500 0.021167
3 0.626750 0.631500 0.060500 0.035333
3 0.140250 0.017417 0.034000 0.031167
3 0.660625 0.091500 0.037250 0.035667
3 0.575125 0.682333 0.043250 0.020667
3 0.955750 0.847333 0.030000 0.027333
3 0.972000 0.891667 0.037000 0.049000
3 0.823750 0.485583 0.055000 0.020833
3 0.352625 0.546917 0.034250 0.027167
3 0.301625 0.984083 0.040750 0.030833
3 0.206750 0.454750 0.037000 0.027833
3 0.743625 0.878417 0.050250 0.027167
3 0.587250 0.816583 0.047000 0.021833
3 0.178000 0.670333 0.052000 0.024333
3 0.471125 0.343417 0.075750 0.022500
3 0.347875 0.613250 0.042750 0.036833
3 0.185750 0.323167 0.037500 0.033667
3 0.264875 0.934417 0.037750 0.036500
3 0.601625 0.717583 0.041250 0.031500
3 0.672875 0.825917 0.052750 0.036500
3 0.036750 0.806833 0.047500 0.022000
3 0.195500 0.549417 0.068000 0.032500
3 0.568875 0.134583 0.045750 0.027833
3 0.192250 0.186833 0.048000 0.042000
3 0.905375 0.479083 0.047250 0.047833
3 0.229750 0.838167 0.034000 0.041000
3 0.057125 0.141417 0.023250 0.031167
3 0.806375 0.922250 0.041750 0.022167
3 0.656000 0.896083 0.027500 0.031500
3 0.875500 0.570667 0.052500 0.035000
3 0.658875 0.247833 0.026750 0.032333
3 0.253000 0.329333 0.029000 0.027333
3 0.903000 0.414833 0.052000 0.031000
3 0.570250 0.298667 0.054500 0.043000
3 0.108875 0.391083 0.046750 0.018500
3 0.460500 0.065583 0.055500 0.030500
3 0.462375 0.694083 0.029250 0.030833
3 0.872750 0.521250 0.035500 0.029833
3 0.013750 0.032833 0.027000 0.040000
3 0.240375 0.255583 0.032250 0.037833
3 0.100875 0.156250 0.051250 0.032500
3 0.782375 0.421000 0.045250 0.030333
3 0.341500 0.503167 0.040500 0.030667
3 0.098875 0.637417 0.099750 0.028500
3 0.941250 0.257333 0.043500 0.044667
3 0.430000 0.756917 0.034500 0.030833
3 0.449625 0.313750 0.063250 0.020500
3 0.226250 0.187750 0.050500 0.043500
3 0.326875 0.143500 0.043750 0.022667
3 0.528250 0.124750 0.043000 0.037500
3 0.198625 0.050500 0.066250 0.044667
3 0.929625 0.338417 0.037750 0.049833
3 0.249375 0.450250 0.036250 0.034500
3 0.026375 0.555583 0.051750 0.027500
3 0.330375 0.769333 0.030250 0.037333
3 0.772875 0.156083 0.032250 0.035167
3 0.048000 0.486250 0.046000 0.034167
3 0.799250 0.204167 0.050500 0.069000
3 0.486375 0.052000 0.061250 0.047000
3 0.603625 0.098667 0.049250 0.055667
3 0.851500 0.149000 0.064500 0.037667
3 0.516375 0.265250 0.028250 0.022500
