3 0.110000 0.119000 0.028667 0.065000
3 0.024917 0.193625 0.049500 0.095750
3 0.111667 0.211500 0.036000 0.046000
3 0.143000 0.230000 0.093333 0.081000
3 0.098333 0.306500 0.054667 0.044000
3 0.056667 0.346000 0.042000 0.051000
3 0.167000 0.451000 0.052000 0.091000
3 0.234667 0.445500 0.062000 0.068000
3 0.140333 0.533000 0.050667 0.071000
3 0.269667 0.590000 0.041333 0.069000
3 0.094000 0.596000 0.043333 0.117000
3 0.080333 0.625000 0.038667 0.097000
3 0.115667 0.695000 0.056000 0.113000
3 0.078667 0.816500 0.036667 0.092000
3 0.122667 0.861000 0.038000 0.083000
3 0.143667 0.905500 0.032000 0.056000
3 0.212333 0.914000 0.037333 0.065000
3 0.224083 0.986250 0.051500 0.027500
3 0.323333 0.963000 0.038000 0.069000
3 0.397000 0.968000 0.048000 0.059000
3 0.313333 0.866500 0.032667 0.110000
3 0.274667 0.855500 0.031333 0.080000
3 0.250000 0.889000 0.030000 0.057000
3 0.347333 0.865500 0.026000 0.078000
3 0.350333 0.774500 0.029333 0.078000
3 0.203000 0.809000 0.036000 0.045000
3 0.245667 0.720500 0.060000 0.102000
3 0.300000 0.704000 0.064667 0.039000
3 0.318333 0.543500 0.049333 0.054000
3 0.406000 0.588500 0.055333 0.048000
3 0.443333 0.630500 0.054000 0.042000
3 0.463667 0.728000 0.074667 0.059000
3 0.439333 0.746000 0.052667 0.049000
3 0.456667 0.887000 0.031333 0.111000
3 0.500583 0.971250 0.036500 0.057500
3 0.620667 0.975250 0.042000 0.049500
3 0.549667 0.756000 0.057333 0.053000
3 0.587333 0.723500 0.036667 0.068000
3 0.596000 0.777000 0.024667 0.053000
3 0.707000 0.879500 0.062667 0.074000
3 0.755833 0.905875 0.035000 0.064250
3 0.806500 0.908500 0.040667 0.092000
3 0.843000 0.889500 0.070667 0.050000
3 0.971417 0.943250 0.039500 0.113500
3 0.922333 0.662000 0.045333 0.135000
3 0.836333 0.749500 0.052000 0.068000
3 0.818333 0.562500 0.037333 0.094000
3 0.840667 0.615000 0.032667 0.083000
3 0.739333 0.615000 0.055333 0.039000
3 0.733667 0.538000 0.046667 0.053000
3 0.791333 0.657000 0.032667 0.067000
3 0.670000 0.702500 0.038000 0.070000
3 0.689000 0.766000 0.041333 0.061000
3 0.588000 0.655500 0.048667 0.038000
3 0.570667 0.515500 0.046000 0.058000
3 0.485000 0.522500 0.074667 0.076000
3 0.470667 0.472500 0.055333 0.046000
3 0.437000 0.363500 0.036000 0.052000
3 0.532000 0.421500 0.046000 0.044000
3 0.577667 0.400500 0.048000 0.040000
3 0.587333 0.459000 0.040667 0.049000
3 0.665333 0.390500 0.066000 0.076000
3 0.694667 0.518000 0.036667 0.101000
3 0.338333 0.411000 0.061333 0.089000
3 0.337667 0.339500 0.060000 0.086000
3 0.362000 0.252500 0.043333 0.072000
3 0.369000 0.090500 0.033333 0.040000
3 0.347000 0.050000 0.026667 0.053000
3 0.263667 0.011875 0.053333 0.023250
3 0.442667 0.051000 0.039333 0.063000
3 0.465000 0.070500 0.033333 0.038000
3 0.461333 0.115500 0.052667 0.048000
3 0.489000 0.195500 0.044000 0.056000
3 0.491667 0.238000 0.045333 0.043000
3 0.584000 0.206500 0.032667 0.068000
3 0.523000 0.293000 0.034667 0.049000
3 0.540667 0.317000 0.024667 0.101000
3 0.564000 0.327000 0.026000 0.033000
3 0.627333 0.304000 0.052667 0.055000
3 0.674333 0.279500 0.022667 0.044000
3 0.717667 0.426500 0.028000 0.066000
3 0.763333 0.466000 0.046000 0.045000
3 0.801250 0.404500 0.039500 0.046000
3 0.811667 0.440500 0.042667 0.040000
3 0.692667 0.223500 0.043333 0.104000
3 0.746667 0.186000 0.036667 0.059000
3 0.766000 0.098000 0.034000 0.087000
3 0.726667 0.108500 0.051333 0.056000
3 0.699667 0.051000 0.072000 0.047000
3 0.744000 0.038500 0.039333 0.038000
3 0.628000 0.028500 0.070000 0.048000
3 0.556000 0.045000 0.039333 0.035000
3 0.765667 0.026000 0.045333 0.051000
3 0.877000 0.080500 0.030667 0.082000
3 0.896333 0.122500 0.030667 0.070000
3 0.932000 0.123000 0.032667 0.067000
3 0.967000 0.150000 0.030667 0.073000
3 0.862333 0.186000 0.036000 0.095000
3 0.839667 0.263500 0.033333 0.080000
3 0.872000 0.351000 0.059333 0.041000
3 0.910000 0.215500 0.026000 0.066000
3 0.970333 0.306500 0.029333 0.040000
3 0.988833 0.386250 0.022333 0.037500
3 0.173833 0.219125 0.072333 0.048750
3 0.706250 0.151375 0.023167 0.038250
3 0.916333 0.038500 0.066333 0.042000
3 0.834500 0.359750 0.043333 0.038000
3 0.774833 0.417750 0.037000 0.043500
3 0.828333 0.720375 0.025000 0.035750
3 0.948750 0.898375 0.042167 0.037250
3 0.982500 0.847625 0.035000 0.045250
3 0.033333 0.758125 0.031000 0.049750
3 0.427250 0.217625 0.021167 0.049750
3 0.325500 0.202375 0.029667 0.058250
3 0.377500 0.061750 0.023000 0.047500
3 0.536333 0.174500 0.016333 0.026500
