3 0.212000 0.894083 0.048000 0.032167
3 0.975750 0.537917 0.039000 0.019833
3 0.557250 0.016250 0.023000 0.032167
3 0.979125 0.569750 0.040250 0.034167
3 0.151000 0.360833 0.043500 0.024000
3 0.062750 0.716667 0.037500 0.037000
3 0.072750 0.364167 0.047000 0.029667
3 0.392125 0.095833 0.030750 0.033333
3 0.626500 0.300000 0.049000 0.053667
3 0.751000 0.162500 0.046500 0.040333
3 0.799875 0.152917 0.041750 0.031500
3 0.566375 0.457750 0.042250 0.029500
3 0.821750 0.848000 0.054000 0.035000
3 0.631000 0.811250 0.043000 0.026500
3 0.726250 0.320917 0.049000 0.035167
3 0.963250 0.879083 0.041500 0.033500
3 0.767125 0.377500 0.047750 0.026333
3 0.568125 0.679583 0.068250 0.032500
3 0.089875 0.331833 0.044250 0.028000
3 0.193375 0.214167 0.047250 0.036333
3 0.726125 0.772750 0.042750 0.045833
3 0.725750 0.583417 0.043500 0.026167
3 0.504375 0.439750 0.039750 0.024500
3 0.054250 0.381167 0.048000 0.039333
3 0.315750 0.191833 0.042500 0.040333
3 0.588000 0.756583 0.035500 0.031500
3 0.560125 0.133250 0.042250 0.030167
3 0.181625 0.227500 0.057750 0.031667
3 0.416375 0.093667 0.038750 0.039667
3 0.180250 0.289167 0.034000 0.025333
3 0.596375 0.354083 0.036250 0.030833
3 0.488375 0.262833 0.051250 0.035333
3 0.831000 0.524000 0.124000 0.043000
3 0.978000 0.952333 0.044000 0.028667
3 0.881750 0.510667 0.072000 0.024000
3 0.522250 0.116667 0.054000 0.027000
3 0.533875 0.802333 0.031750 0.044333
3 0.558750 0.640083 0.085000 0.031833
3 0.017500 0.211333 0.034500 0.047667
3 0.127125 0.973667 0.063250 0.033333
3 0.711875 0.839000 0.042250 0.031000
3 0.151625 0.985833 0.061750 0.027333
3 0.736125 0.880167 0.047250 0.040667
3 0.281625 0.337833 0.079250 0.028000
3 0.927750 0.011083 0.049500 0.021833
3 0.515625 0.054500 0.037250 0.038667
3 0.933375 0.786250 0.080250 0.030167
3 0.512500 0.618833 0.048500 0.052667
3 0.568250 0.903833 0.043000 0.030333
3 0.424750 0.756417 0.045500 0.031167
3 0.603750 0.031667 0.068000 0.035667
3 0.814000 0.560500 0.051000 0.038333
3 0.712375 0.144583 0.043250 0.054167
3 0.431000 0.502167 0.058500 0.033000
3 0.831250 0.050917 0.051000 0.033500
3 0.311875 0.912000 0.059750 0.031333
3 0.724000 0.019250 0.059500 0.038167
3 0.202375 0.372333 0.098750 0.052000
3 0.397875 0.271500 0.055250 0.027333
3 0.390000 0.491250 0.043500 0.066833
3 0.156625 0.039250 0.063250 0.034500
3 0.884250 0.949250 0.062500 0.030833
3 0.506500 0.226500 0.047500 0.043000
3 0.826750 0.934167 0.051000 0.030333
3 0.150250 0.014750 0.052000 0.029167
3 0.315250 0.781917 0.052500 0.037167
3 0.493625 0.807083 0.049750 0.052500
3 0.539125 0.092000 0.041750 0.028667
3 0.971125 0.441417 0.054750 0.030500
3 0.742125 0.097167 0.048750 0.026667
3 0.627375 0.984833 0.059250 0.030333
3 0.275000 0.188417 0.039500 0.063167
3 0.122375 0.343750 0.071250 0.036167
3 0.356875 0.023750 0.088250 0.033833
3 0.454250 0.969833 0.038000 0.053000
3 0.842375 0.366250 0.077250 0.030167
3 0.417375 0.362417 0.054250 0.038167
3 0.427000 0.850333 0.039500 0.038000
3 0.031625 0.026333 0.056750 0.039000
3 0.127000 0.267333 0.046500 0.036000
3 0.701750 0.262250 0.101000 0.036167
3 0.095625 0.710333 0.044750 0.056667
3 0.428000 0.397250 0.063500 0.032500
3 0.637875 0.844917 0.038750 0.051833
3 0.053375 0.530917 0.042750 0.049167
3 0.773125 0.697833 0.043750 0.059667
3 0.672500 0.087083 0.057500 0.032500
3 0.392375 0.135167 0.103750 0.035000
3 0.257750 0.435333 0.043000 0.046667
3 0.468750 0.311417 0.055000 0.022833
3 0.357375 0.794500 0.045750 0.066000
3 0.821125 0.478833 0.064750 0.033667
3 0.019625 0.984917 0.038750 0.029500
3 0.414500 0.573000 0.052500 0.037667
3 0.812500 0.415083 0.056500 0.039167
3 0.775000 0.315417 0.048500 0.037167
3 0.172750 0.805583 0.056000 0.036167
3 0.560500 0.376000 0.037500 0.055333
3 0.488625 0.925667 0.053250 0.041667
3 0.550250 0.247000 0.069500 0.033333
3 0.906750 0.319583 0.049000 0.032500
3 0.251750 0.072917 0.057000 0.040167
3 0.926375 0.630417 0.062750 0.051833
3 0.665500 0.745750 0.099500 0.070833
3 0.685000 0.397667 0.059500 0.034667
3 0.514500 0.563417 0.072000 0.031833
3 0.746250 0.734333 0.116500 0.032333
3 0.027000 0.492250 0.053500 0.029167
3 0.680125 0.917000 0.050750 0.037667
3 0.178625 0.597917 0.051250 0.035500
3 0.861000 0.225417 0.052000 0.044167
3 0.149375 0.724417 0.055250 0.052167
3 0.954125 0.987083 0.051250 0.025833
3 0.952750 0.486000 0.075500 0.041000
3 0.113750 0.100833 0.073500 0.034333
3 0.249000 0.272917 0.053000 0.056500
3 0.544250 0.705250 0.077000 0.047833
3 0.959375 0.212833 0.081250 0.040667
3 0.632000 0.188333 0.068000 0.049667
3 0.109750 0.823917 0.077000 0.032167
3 0.759375 0.632000 0.103750 0.036000
3 0.302500 0.866583 0.076000 0.066500
3 0.358125 0.703167 0.076250 0.046667
3 0.964875 0.365000 0.064750 0.037000
3 0.043875 0.666500 0.087250 0.050667
3 0.184875 0.924417 0.074250 0.045167
3 0.039625 0.432333 0.075750 0.047333
3 0.642250 0.472417 0.101500 0.044833
3 0.285125 0.587750 0.059250 0.057833
3 0.174000 0.484667 0.058000 0.061667
3 0.943000 0.133917 0.108500 0.039500
3 0.263375 0.980250 0.079750 0.038500
3 0.927875 0.693417 0.074750 0.054167
