3 0.187000 0.674167 0.050000 0.034333
3 0.729625 0.243417 0.034250 0.061500
3 0.105875 0.558833 0.042250 0.027333
3 0.580000 0.893250 0.033000 0.031167
3 0.632750 0.251750 0.035000 0.035167
3 0.571250 0.199250 0.032500 0.021167
3 0.823625 0.213167 0.048750 0.027667
3 0.023000 0.428000 0.045500 0.014333
3 0.042375 0.214833 0.043750 0.029000
3 0.192000 0.672000 0.042000 0.036667
3 0.194375 0.764750 0.059750 0.032833
3 0.838125 0.217000 0.045250 0.027000
3 0.157000 0.256167 0.033000 0.051000
3 0.044500 0.150917 0.042500 0.053167
3 0.660250 0.892250 0.037000 0.023500
3 0.801125 0.304667 0.050750 0.024667
3 0.340375 0.239417 0.031250 0.022500
3 0.393000 0.644500 0.032500 0.030000
3 0.961375 0.332000 0.047750 0.025000
3 0.654250 0.643083 0.048000 0.029833
3 0.726625 0.235500 0.023750 0.043667
3 0.587125 0.254167 0.038750 0.029333
3 0.523000 0.979917 0.040500 0.023500
3 0.647625 0.932250 0.035750 0.025833
3 0.628750 0.626500 0.073000 0.037667
3 0.700500 0.037333 0.027500 0.039667
3 0.745750 0.829417 0.040500 0.026833
3 0.735000 0.047667 0.036000 0.033333
3 0.178500 0.577000 0.052000 0.038333
3 0.629000 0.272250 0.027000 0.023833
3 0.316000 0.798333 0.055500 0.027333
3 0.107125 0.914083 0.040250 0.036833
3 0.893625 0.379167 0.026250 0.024667
3 0.752125 0.867417 0.040250 0.017833
3 0.987375 0.933750 0.020750 0.026500
3 0.672750 0.426667 0.028500 0.031667
3 0.627250 0.420417 0.033000 0.022833
3 0.398000 0.389250 0.039500 0.045167
3 0.835125 0.688167 0.034750 0.022333
3 0.103000 0.075833 0.037500 0.024000
3 0.488625 0.660667 0.046750 0.026000
3 0.761250 0.372583 0.035000 0.042833
3 0.124500 0.044417 0.029000 0.019833
3 0.374125 0.409167 0.027250 0.030333
3 0.089500 0.023750 0.051500 0.030167
3 0.080000 0.165583 0.066000 0.048167
3 0.890125 0.303167 0.060250 0.028000
3 0.128750 0.974583 0.028500 0.026500
3 0.505250 0.575333 0.038000 0.024333
3 0.899125 0.668083 0.058250 0.033167
3 0.127625 0.273750 0.046750 0.031833
3 0.018000 0.109000 0.035500 0.020333
3 0.959000 0.937667 0.031500 0.029333
3 0.723125 0.835083 0.046750 0.031167
3 0.399750 0.355500 0.043000 0.031333
3 0.682875 0.849333 0.041250 0.024667
3 0.616250 0.835417 0.032000 0.030167
3 0.386000 0.711667 0.065500 0.023000
3 0.040875 0.064167 0.029250 0.020667
3 0.558375 0.659500 0.043250 0.029000
3 0.780000 0.238333 0.034000 0.022667
3 0.988125 0.976917 0.023750 0.040167
3 0.167125 0.973833 0.037250 0.022667
3 0.203375 0.428250 0.055250 0.020833
3 0.407750 0.175750 0.048500 0.038500
3 0.606375 0.899917 0.041750 0.046500
3 0.437500 0.039000 0.036000 0.026000
3 0.618875 0.093833 0.035250 0.030667
3 0.209000 0.817000 0.055500 0.026333
3 0.350875 0.011000 0.062250 0.021667
3 0.760250 0.698333 0.035000 0.025333
3 0.709375 0.648167 0.031250 0.027667
3 0.662625 0.663750 0.044750 0.024500
3 0.983750 0.763333 0.030000 0.024000
3 0.156500 0.434750 0.062500 0.022833
3 0.814750 0.191250 0.048000 0.024500
3 0.117875 0.300833 0.028750 0.021000
3 0.791000 0.294917 0.059000 0.041167
3 0.349625 0.163167 0.050250 0.038333
3 0.786375 0.354833 0.032250 0.033667
3 0.973250 0.234333 0.026000 0.038667
3 0.243250 0.285417 0.031000 0.036833
3 0.132375 0.081750 0.034750 0.048833
3 0.709375 0.314750 0.033250 0.039500
3 0.813750 0.098917 0.033500 0.060833
3 0.365500 0.758250 0.084000 0.029167
3 0.314750 0.957333 0.035000 0.026667
3 0.133250 0.701583 0.074000 0.037500
3 0.780375 0.514583 0.035750 0.031167
3 0.643375 0.792750 0.052250 0.033167
3 0.855625 0.336500 0.057250 0.053667
3 0.051375 0.244917 0.038250 0.018500
3 0.500125 0.129083 0.048750 0.051833
3 0.684750 0.930500 0.027500 0.032667
3 0.498750 0.904417 0.039500 0.045833
3 0.883500 0.790667 0.056500 0.024000
3 0.184625 0.256500 0.056750 0.036667
3 0.566500 0.815250 0.043500 0.032167
3 0.527125 0.849583 0.046250 0.026833
3 0.923750 0.053167 0.036500 0.033667
3 0.789500 0.040417 0.038500 0.031167
3 0.253375 0.208333 0.055750 0.028333
3 0.212375 0.740250 0.070750 0.066500
3 0.903500 0.816500 0.039000 0.037000
3 0.336375 0.545417 0.042250 0.022500
3 0.319125 0.217500 0.062750 0.020667
3 0.764500 0.676250 0.047000 0.030500
3 0.427750 0.295917 0.084500 0.029500
3 0.834250 0.014167 0.039000 0.025000
3 0.693250 0.243000 0.025000 0.035000
3 0.357625 0.079917 0.041750 0.054167
3 0.879375 0.112833 0.050750 0.043333
3 0.509750 0.021583 0.049000 0.042833
3 0.079625 0.428250 0.040750 0.040167
3 0.091500 0.260500 0.037500 0.059667
3 0.260125 0.027417 0.058250 0.050167
3 0.050375 0.891750 0.027750 0.045500
3 0.777500 0.464833 0.038500 0.026667
3 0.253500 0.437167 0.041000 0.028000
3 0.765250 0.967917 0.040500 0.063833
3 0.615250 0.480667 0.043000 0.043000
3 0.889000 0.148917 0.038000 0.038500
3 0.809000 0.537583 0.037000 0.024833
3 0.810250 0.864750 0.037500 0.027500
3 0.534250 0.582833 0.046500 0.030333
3 0.751250 0.433417 0.029500 0.027167
3 0.713125 0.380833 0.053250 0.030333
3 0.958625 0.278750 0.029250 0.039500
3 0.919125 0.982167 0.038750 0.031667
3 0.233250 0.543833 0.039000 0.037667
3 0.650875 0.738750 0.042250 0.039167
3 0.823125 0.391250 0.040250 0.048833
3 0.740250 0.580917 0.041500 0.038833
3 0.261375 0.316833 0.063750 0.024667
3 0.651375 0.019000 0.031250 0.037667
3 0.186000 0.861333 0.056500 0.023000
3 0.821375 0.915333 0.038250 0.034667
3 0.228125 0.215083 0.061750 0.024833
3 0.384500 0.102667 0.041000 0.047333
3 0.857375 0.976417 0.037250 0.039167
3 0.586250 0.754000 0.049000 0.037667
3 0.315875 0.860750 0.038250 0.028500
3 0.890750 0.624833 0.051000 0.032667
3 0.257125 0.602583 0.033250 0.039500
3 0.371250 0.289083 0.028000 0.054167
3 0.148875 0.651833 0.049250 0.047667
3 0.920125 0.694917 0.041250 0.030833
3 0.461875 0.144417 0.033250 0.044167
3 0.931500 0.539000 0.032500 0.032667
3 0.348625 0.637500 0.044750 0.055333
3 0.512375 0.051500 0.055250 0.050667
3 0.922125 0.891083 0.034250 0.037833
3 0.052250 0.189833 0.088500 0.049667
3 0.556000 0.702000 0.053500 0.041000
3 0.773500 0.608583 0.058000 0.055833
3 0.708125 0.452000 0.042250 0.035000
3 0.372375 0.178083 0.035750 0.055500
3 0.038875 0.929000 0.032750 0.050667
3 0.628750 0.982083 0.034000 0.035167
3 0.969000 0.790417 0.056500 0.033167
3 0.717375 0.157167 0.040750 0.083333
3 0.184750 0.928833 0.050000 0.052000
3 0.912000 0.020500 0.032500 0.029000
3 0.600125 0.034000 0.048750 0.042667
3 0.848875 0.494167 0.061750 0.023000
3 0.965875 0.834583 0.064250 0.056833
3 0.455875 0.907583 0.066250 0.045500
3 0.746125 0.740000 0.043750 0.031000
3 0.553500 0.487917 0.058000 0.034167
3 0.787625 0.406000 0.064750 0.029333
3 0.055500 0.371250 0.049500 0.040500
3 0.040375 0.280583 0.069250 0.047833
3 0.292750 0.733500 0.027000 0.031000
3 0.749625 0.478750 0.022750 0.022167
