3 0.792875 0.351583 0.044750 0.031167
3 0.285625 0.752833 0.059750 0.026000
3 0.146125 0.374000 0.039750 0.024000
3 0.941875 0.369333 0.026250 0.019333
3 0.409000 0.347917 0.040500 0.026833
3 0.319625 0.430500 0.023750 0.025333
3 0.985500 0.361833 0.025000 0.019000
3 0.692375 0.208417 0.020250 0.039167
3 0.775000 0.195250 0.033000 0.023167
3 0.986125 0.952083 0.024250 0.019500
3 0.458875 0.088667 0.042750 0.044667
3 0.029000 0.663667 0.051500 0.029000
3 0.759500 0.901500 0.038000 0.027333
3 0.759750 0.961250 0.030000 0.022833
3 0.083625 0.695083 0.040250 0.025500
3 0.833500 0.279000 0.040500 0.024333
3 0.418375 0.184083 0.030250 0.022500
3 0.188125 0.738417 0.028750 0.019833
3 0.018250 0.390000 0.036000 0.016000
3 0.013750 0.495000 0.027000 0.028000
3 0.019750 0.646833 0.038500 0.032000
3 0.110500 0.229083 0.022000 0.026167
3 0.769875 0.137750 0.053750 0.025500
3 0.739250 0.185417 0.032500 0.023167
3 0.195375 0.924083 0.029750 0.041500
3 0.321500 0.988667 0.092000 0.020000
3 0.696000 0.924833 0.032500 0.027333
3 0.037500 0.979833 0.030500 0.040333
3 0.295125 0.743417 0.071250 0.023833
3 0.383375 0.261000 0.049750 0.027667
3 0.392375 0.845500 0.029750 0.024667
3 0.782375 0.027083 0.027250 0.050500
3 0.745875 0.093250 0.047250 0.030500
3 0.342375 0.695500 0.042250 0.036667
3 0.429000 0.374167 0.029500 0.032333
3 0.213875 0.460500 0.035750 0.027667
3 0.721625 0.310333 0.028250 0.016667
3 0.420750 0.847333 0.029500 0.023667
3 0.164875 0.897333 0.028250 0.038333
3 0.093500 0.871000 0.022500 0.032333
3 0.668750 0.662750 0.043500 0.031167
3 0.246500 0.166083 0.028000 0.025167
3 0.961250 0.340833 0.032000 0.038667
3 0.701750 0.132167 0.030000 0.022667
3 0.929875 0.991333 0.041750 0.017333
3 0.752500 0.478833 0.032500 0.033667
3 0.803125 0.282833 0.038250 0.040000
3 0.132375 0.217583 0.041250 0.025500
3 0.926375 0.585583 0.050750 0.023833
3 0.369625 0.853000 0.036250 0.021333
3 0.649625 0.438417 0.029750 0.019500
3 0.034625 0.045750 0.055750 0.017833
3 0.365625 0.790583 0.035250 0.031167
3 0.702875 0.959500 0.049250 0.023667
3 0.503000 0.655500 0.030000 0.027667
3 0.096250 0.713917 0.051000 0.030833
3 0.672500 0.638333 0.041500 0.024333
3 0.720375 0.061417 0.033250 0.043500
3 0.560625 0.990500 0.042250 0.019000
3 0.144125 0.846167 0.047750 0.035333
3 0.313000 0.465167 0.042500 0.055333
3 0.707750 0.098083 0.029500 0.020833
3 0.024875 0.139000 0.046250 0.016333
3 0.583250 0.736417 0.041000 0.019500
3 0.174000 0.592583 0.055000 0.020167
3 0.022875 0.762500 0.045250 0.019667
3 0.747250 0.056750 0.027000 0.022833
3 0.729375 0.012333 0.034250 0.024333
3 0.349250 0.088583 0.044000 0.024833
3 0.220500 0.174083 0.043500 0.020500
3 0.733375 0.707167 0.031750 0.020333
3 0.123250 0.429167 0.035000 0.034333
3 0.769125 0.149667 0.061750 0.025333
3 0.258000 0.657333 0.047000 0.026333
3 0.833000 0.256583 0.044500 0.024500
3 0.194750 0.513083 0.035500 0.023500
3 0.070000 0.111000 0.058000 0.032000
3 0.878375 0.763167 0.034750 0.035667
3 0.425625 0.659917 0.048750 0.051833
3 0.432375 0.443917 0.034750 0.031833
3 0.164875 0.117833 0.029250 0.029667
3 0.395875 0.725667 0.035750 0.031667
3 0.053000 0.178917 0.046500 0.024833
3 0.840250 0.106583 0.040000 0.042833
3 0.237000 0.628333 0.046500 0.025667
3 0.081000 0.404417 0.032000 0.041833
3 0.076375 0.079000 0.042250 0.038667
3 0.377000 0.185917 0.038500 0.024167
3 0.873375 0.565167 0.031750 0.021000
3 0.283875 0.484667 0.045250 0.022667
3 0.523500 0.419417 0.028500 0.031500
3 0.383625 0.449417 0.050750 0.029500
3 0.868625 0.610917 0.034750 0.026500
3 0.014125 0.090917 0.027750 0.025833
3 0.323125 0.026750 0.035750 0.052500
3 0.309125 0.506250 0.071250 0.021500
3 0.786125 0.766667 0.053750 0.027000
3 0.208500 0.574667 0.035500 0.022667
3 0.047250 0.027250 0.057000 0.031833
3 0.972875 0.285917 0.039250 0.035500
3 0.719625 0.573000 0.046250 0.022333
3 0.279000 0.040500 0.045500 0.022333
3 0.286875 0.816667 0.042750 0.022333
3 0.521500 0.626417 0.037000 0.028167
3 0.783125 0.431583 0.030750 0.029500
3 0.801625 0.682333 0.047750 0.031000
3 0.130250 0.775333 0.030500 0.027333
3 0.876000 0.432667 0.034000 0.056667
3 0.227625 0.603167 0.063250 0.022000
3 0.667250 0.953083 0.031500 0.029833
3 0.671500 0.142000 0.034000 0.042333
3 0.735875 0.446833 0.039250 0.021333
3 0.926750 0.609750 0.055500 0.022833
3 0.152000 0.958833 0.031000 0.031000
3 0.622125 0.657583 0.048750 0.032833
3 0.442000 0.818000 0.048000 0.032000
3 0.764125 0.030417 0.027250 0.044167
3 0.681125 0.577583 0.033250 0.025167
3 0.764125 0.633083 0.044250 0.025833
3 0.690375 0.395333 0.029750 0.029000
3 0.836250 0.927667 0.036000 0.047667
3 0.844875 0.141333 0.041750 0.025667
3 0.606500 0.214417 0.046000 0.028167
3 0.347500 0.830833 0.040000 0.036667
3 0.734250 0.208583 0.055500 0.029500
3 0.453375 0.486667 0.033750 0.025333
3 0.025625 0.692250 0.050750 0.026500
3 0.355500 0.153083 0.072500 0.048167
3 0.148750 0.515333 0.035500 0.040333
3 0.702875 0.333833 0.036250 0.047000
3 0.698000 0.870000 0.039000 0.048667
3 0.388625 0.221583 0.049250 0.027833
3 0.223625 0.668000 0.037250 0.023333
3 0.445125 0.764750 0.040250 0.021833
3 0.245750 0.900500 0.064000 0.034333
3 0.086875 0.469750 0.033250 0.045167
3 0.119875 0.322583 0.041250 0.030833
3 0.087375 0.628750 0.031750 0.021500
3 0.172875 0.694250 0.035250 0.029167
3 0.769875 0.732000 0.031750 0.029000
3 0.218625 0.787583 0.051250 0.041833
3 0.909250 0.684083 0.051500 0.023500
3 0.169625 0.234250 0.038750 0.043500
3 0.827250 0.617667 0.054500 0.023333
3 0.861875 0.195167 0.067750 0.025000
3 0.268125 0.355250 0.056250 0.026500
3 0.454875 0.417417 0.032250 0.026833
3 0.138875 0.458250 0.028750 0.044833
3 0.687500 0.471750 0.043000 0.025500
3 0.398750 0.085000 0.042000 0.042333
3 0.151750 0.669250 0.036000 0.026167
3 0.159000 0.159583 0.038000 0.038167
3 0.300625 0.267417 0.048750 0.028500
3 0.034375 0.374833 0.041250 0.020667
3 0.924875 0.183500 0.049250 0.049000
3 0.451750 0.023667 0.037000 0.045333
3 0.163625 0.401083 0.054250 0.042500
3 0.445625 0.280500 0.064250 0.025333
3 0.916500 0.818583 0.069500 0.026500
3 0.474125 0.729333 0.042250 0.033667
3 0.512125 0.782417 0.050250 0.027500
3 0.464750 0.352833 0.061000 0.057000
3 0.198250 0.079583 0.038000 0.040500
3 0.427375 0.524917 0.037250 0.038167
3 0.843875 0.658333 0.084250 0.025667
3 0.202625 0.017583 0.040250 0.034833
3 0.158875 0.776500 0.027250 0.036667
3 0.905125 0.348500 0.071750 0.022667
3 0.932750 0.054083 0.040000 0.047833
3 0.615625 0.151750 0.044750 0.041833
3 0.527500 0.241000 0.046000 0.037000
3 0.804875 0.063333 0.046250 0.043667
3 0.324375 0.539917 0.061250 0.033500
3 0.560875 0.827000 0.040250 0.041000
3 0.790750 0.028333 0.026000 0.045000
3 0.355250 0.415083 0.053500 0.024833
3 0.281500 0.097083 0.061000 0.054833
3 0.541250 0.743083 0.052000 0.041167
3 0.039500 0.605667 0.034500 0.038333
3 0.558000 0.896250 0.032000 0.031500
3 0.280875 0.592583 0.056750 0.023500
3 0.718125 0.510167 0.045250 0.039000
3 0.045500 0.335500 0.056000 0.038000
3 0.571875 0.520083 0.047250 0.067167
3 0.311250 0.895667 0.070500 0.031333
3 0.093500 0.828750 0.074500 0.046500
