3 0.721125 0.508667 0.035750 0.028333
3 0.257000 0.059667 0.031000 0.024667
3 0.641750 0.022000 0.072500 0.026667
3 0.802125 0.713750 0.039250 0.069833
3 0.774000 0.924583 0.042500 0.057833
3 0.149375 0.250083 0.087250 0.029833
3 0.941000 0.427000 0.068000 0.037000
3 0.913625 0.044583 0.055750 0.027167
3 0.559000 0.747833 0.053500 0.023667
3 0.848250 0.736083 0.058000 0.024500
3 0.719500 0.375333 0.046000 0.033667
3 0.375875 0.516000 0.038750 0.028000
3 0.505625 0.266833 0.060750 0.063667
3 0.713000 0.067167 0.056000 0.040667
3 0.662875 0.023750 0.068250 0.023500
3 0.671625 0.074750 0.063750 0.033167
3 0.119625 0.687667 0.054250 0.043333
3 0.788500 0.932583 0.062000 0.070167
3 0.277000 0.169000 0.045500 0.033333
3 0.028625 0.632083 0.039750 0.023500
3 0.213000 0.637833 0.088000 0.032667
3 0.077250 0.418750 0.044000 0.023833
3 0.166750 0.050583 0.044500 0.024500
3 0.080125 0.561500 0.041250 0.044667
3 0.779250 0.721750 0.065500 0.061500
3 0.779750 0.169750 0.035500 0.044833
3 0.268250 0.155833 0.040500 0.029333
3 0.988125 0.305000 0.021250 0.041000
3 0.288250 0.546417 0.031500 0.023833
3 0.667625 0.479833 0.037750 0.030000
3 0.047875 0.682083 0.024750 0.031833
3 0.531125 0.120417 0.029250 0.025500
3 0.505625 0.594083 0.032250 0.041833
3 0.438000 0.251250 0.064500 0.031500
3 0.689000 0.178500 0.032500 0.056333
3 0.055375 0.204250 0.051250 0.035833
3 0.712875 0.906000 0.044750 0.043000
3 0.686625 0.436833 0.045750 0.026333
3 0.623125 0.071583 0.043750 0.035500
3 0.971625 0.183750 0.039250 0.029833
3 0.303125 0.835917 0.052250 0.025833
3 0.326125 0.020833 0.042750 0.039333
3 0.143500 0.378750 0.045500 0.030833
3 0.205125 0.286500 0.083250 0.022000
3 0.558750 0.061667 0.039000 0.032333
3 0.621750 0.506750 0.035500 0.027833
3 0.783750 0.640000 0.035500 0.031667
3 0.336000 0.497750 0.029500 0.037833
3 0.575875 0.970250 0.054250 0.028167
3 0.025500 0.429333 0.050500 0.033000
3 0.679750 0.985750 0.041500 0.027500
3 0.806000 0.066333 0.040500 0.057667
3 0.736625 0.448833 0.049750 0.054000
3 0.569125 0.151083 0.065750 0.033167
3 0.871875 0.127583 0.035750 0.035500
3 0.110625 0.889000 0.045750 0.028667
3 0.730500 0.137667 0.035000 0.074667
3 0.472750 0.102167 0.057500 0.026000
3 0.744375 0.275083 0.031750 0.056167
3 0.421125 0.954583 0.073250 0.033500
3 0.036625 0.354167 0.069750 0.026000
3 0.708375 0.355083 0.097750 0.030167
3 0.433000 0.222417 0.074500 0.035833
3 0.183500 0.571417 0.083500 0.031500
3 0.664000 0.382833 0.064000 0.027000
3 0.936250 0.530000 0.039500 0.035333
3 0.164625 0.022917 0.091250 0.034500
3 0.198000 0.908000 0.049500 0.050333
3 0.665875 0.207750 0.076750 0.031167
3 0.589375 0.775000 0.047750 0.025000
3 0.979000 0.624500 0.042000 0.025333
3 0.740750 0.864250 0.069500 0.077500
3 0.257000 0.302667 0.118500 0.030000
3 0.488375 0.663917 0.069750 0.035833
3 0.755375 0.575000 0.061250 0.051000
3 0.144250 0.508167 0.041000 0.072333
3 0.510500 0.917583 0.045500 0.041167
3 0.270125 0.239000 0.084750 0.047667
3 0.791000 0.468583 0.047500 0.039833
3 0.089625 0.970333 0.117250 0.030000
3 0.379125 0.368000 0.037250 0.061333
3 0.126875 0.926667 0.067750 0.034667
3 0.854500 0.277417 0.101000 0.052167
3 0.702125 0.778083 0.065250 0.036500
3 0.350625 0.556583 0.061750 0.065833
3 0.192250 0.194333 0.049500 0.032333
3 0.487250 0.897917 0.052500 0.045500
3 0.254625 0.768000 0.050250 0.047667
3 0.331875 0.131250 0.066250 0.053500
3 0.868375 0.160000 0.067750 0.049000
3 0.744000 0.536750 0.070500 0.065833
3 0.250625 0.594500 0.076750 0.066000
3 0.224250 0.968583 0.055000 0.051833
3 0.914000 0.785583 0.080500 0.039833
3 0.918375 0.279917 0.092750 0.057167
3 0.644125 0.613500 0.096250 0.034333
3 0.948750 0.853500 0.096000 0.034333
3 0.820875 0.425917 0.080750 0.056500
3 0.378000 0.765750 0.052000 0.069500
3 0.150375 0.147167 0.092750 0.027000
3 0.028250 0.867667 0.056000 0.039667
3 0.438000 0.984917 0.122000 0.026167
3 0.855500 0.617500 0.050500 0.068000
3 0.486500 0.448500 0.069500 0.039000
3 0.633250 0.919750 0.053500 0.044500
3 0.418000 0.811500 0.052000 0.062667
3 0.771125 0.820000 0.073250 0.051667
3 0.660250 0.560000 0.056500 0.065000
3 0.086625 0.042500 0.063750 0.081667
3 0.861625 0.907583 0.093750 0.053500
3 0.025875 0.073667 0.051250 0.070333
3 0.456250 0.382667 0.075000 0.052667
3 0.564875 0.483083 0.090750 0.049500
3 0.252000 0.416667 0.076000 0.036333
