3 0.304083 0.149875 0.029500 0.035750
3 0.666583 0.320625 0.035167 0.042250
3 0.478083 0.981625 0.023833 0.025750
3 0.750833 0.617750 0.030000 0.045500
3 0.784917 0.839750 0.038167 0.051000
3 0.577667 0.194125 0.030667 0.043750
3 0.579167 0.045250 0.026667 0.052500
3 0.751000 0.845000 0.030667 0.037500
3 0.005333 0.078250 0.010333 0.058500
3 0.881083 0.599250 0.032167 0.049500
3 0.918250 0.986375 0.031833 0.022250
3 0.152000 0.980500 0.046000 0.039000
3 0.010833 0.883375 0.021000 0.048250
3 0.579500 0.982250 0.034000 0.034500
3 0.991833 0.789125 0.015333 0.056250
3 0.891500 0.021250 0.039333 0.042000
3 0.481250 0.154750 0.029833 0.049500
3 0.615750 0.011625 0.038500 0.022750
3 0.494750 0.399750 0.038833 0.054000
3 0.269583 0.126625 0.037833 0.051750
3 0.415750 0.179000 0.052167 0.057000
3 0.061917 0.459875 0.041167 0.040250
3 0.929083 0.053875 0.033167 0.042250
3 0.452667 0.951125 0.026667 0.047750
3 0.658333 0.354625 0.041667 0.050750
3 0.788917 0.852875 0.039500 0.048750
3 0.527917 0.070250 0.042167 0.047500
3 0.853583 0.827500 0.036167 0.042000
3 0.323583 0.075250 0.035167 0.054000
3 0.527417 0.580625 0.036167 0.046750
3 0.572000 0.869500 0.038000 0.057000
3 0.987583 0.688375 0.024500 0.048750
3 0.632750 0.320625 0.031500 0.062750
3 0.515417 0.162375 0.038833 0.052750
3 0.691667 0.740500 0.035333 0.050000
3 0.672000 0.452000 0.030667 0.042000
3 0.120167 0.675625 0.029667 0.041750
3 0.642917 0.105625 0.032167 0.057750
3 0.231583 0.066250 0.037167 0.045000
3 0.016000 0.502000 0.031667 0.050000
3 0.931417 0.582375 0.051167 0.052250
3 0.454000 0.110250 0.045000 0.042500
3 0.858833 0.769875 0.062667 0.051250
3 0.080083 0.238375 0.043833 0.058750
3 0.770000 0.385625 0.036667 0.047750
3 0.742167 0.021625 0.030000 0.042750
3 0.846500 0.155875 0.033000 0.051250
3 0.208250 0.913250 0.047167 0.054000
3 0.386333 0.978125 0.033667 0.036750
3 0.520500 0.970250 0.035000 0.048000
3 0.989333 0.120250 0.019667 0.061500
3 0.363417 0.665625 0.035833 0.053750
3 0.679833 0.083250 0.049667 0.057500
3 0.577333 0.458500 0.051333 0.047000
3 0.368750 0.739875 0.038833 0.050250
3 0.718333 0.458375 0.036000 0.045250
3 0.705833 0.330750 0.033000 0.070000
3 0.229500 0.158875 0.044333 0.045250
3 0.558000 0.583875 0.035333 0.058250
3 0.682667 0.848500 0.045667 0.061500
3 0.049333 0.555875 0.039000 0.057250
3 0.976500 0.187375 0.038333 0.057750
3 0.195917 0.649875 0.039500 0.051750
3 0.574250 0.716500 0.040167 0.046000
3 0.141750 0.153375 0.050500 0.046750
3 0.479667 0.886625 0.040667 0.052250
3 0.929583 0.368250 0.040500 0.044000
3 0.061250 0.643625 0.072833 0.107250
3 0.278833 0.800125 0.043000 0.055750
3 0.155417 0.585500 0.037833 0.052500
3 0.759833 0.683750 0.036000 0.047500
3 0.589833 0.147500 0.033667 0.047000
3 0.644667 0.815250 0.037000 0.063500
3 0.871917 0.310000 0.046500 0.058500
3 0.691250 0.230750 0.037500 0.056000
3 0.509167 0.219250 0.037667 0.050500
3 0.289917 0.881000 0.042500 0.058500
3 0.844667 0.938500 0.044333 0.076500
3 0.276750 0.208250 0.057167 0.055500
3 0.145000 0.209625 0.047000 0.048250
3 0.434333 0.489750 0.046667 0.058000
3 0.763000 0.922625 0.043000 0.073250
3 0.492417 0.285125 0.033500 0.059750
3 0.909583 0.678250 0.038833 0.051500
3 0.860750 0.065625 0.040167 0.078750
3 0.702500 0.652750 0.044333 0.058500
3 0.230667 0.832875 0.057333 0.052250
3 0.371833 0.279375 0.050667 0.058250
3 0.891417 0.486875 0.041500 0.058250
3 0.896083 0.134750 0.038833 0.061000
3 0.969250 0.281375 0.048500 0.055250
3 0.091750 0.886000 0.061833 0.067500
3 0.423750 0.038750 0.042167 0.060000
3 0.796583 0.035625 0.040167 0.059750
3 0.741167 0.767500 0.039333 0.055000
3 0.565417 0.272875 0.051500 0.061250
3 0.360417 0.080000 0.054500 0.085000
3 0.812333 0.654500 0.048333 0.056000
3 0.159167 0.496125 0.040333 0.059250
3 0.414417 0.630500 0.080833 0.064000
3 0.806167 0.206375 0.035333 0.058750
3 0.621167 0.241000 0.039333 0.077000
3 0.335333 0.470625 0.043333 0.054750
3 0.301750 0.302625 0.039833 0.078250
3 0.140250 0.066625 0.063167 0.060250
3 0.234583 0.320875 0.054167 0.107750
