3 0.973625 0.008333 0.047250 0.016333
3 0.262250 0.990917 0.058000 0.017833
3 0.077375 0.520917 0.037750 0.019500
3 0.485625 0.278750 0.045250 0.030500
3 0.443875 0.548500 0.053250 0.061000
3 0.927875 0.471833 0.044250 0.021000
3 0.484500 0.856750 0.044000 0.024833
3 0.434375 0.393833 0.061750 0.033000
3 0.966875 0.530917 0.042250 0.057500
3 0.514750 0.170667 0.041500 0.028667
3 0.447375 0.304250 0.035250 0.021500
3 0.185000 0.899833 0.041500 0.023333
3 0.571750 0.314667 0.046500 0.031000
3 0.268375 0.235583 0.049250 0.033167
3 0.145750 0.272917 0.057000 0.043500
3 0.034125 0.358917 0.039750 0.028833
3 0.930750 0.768833 0.040000 0.032333
3 0.352125 0.301833 0.038750 0.027333
3 0.293375 0.453667 0.046250 0.062333
3 0.248875 0.474583 0.041750 0.025833
3 0.689500 0.895833 0.054000 0.042333
3 0.654625 0.009667 0.055750 0.018333
3 0.203750 0.301917 0.052000 0.044167
3 0.586750 0.262667 0.040500 0.045333
3 0.621000 0.679250 0.044500 0.031500
3 0.930250 0.594083 0.040500 0.029500
3 0.630375 0.768417 0.052250 0.027833
3 0.817625 0.811917 0.051750 0.033500
3 0.976250 0.107083 0.047500 0.018167
3 0.946625 0.951417 0.080750 0.040500
3 0.219125 0.390083 0.056250 0.031167
3 0.164625 0.136833 0.042250 0.029333
3 0.360000 0.574417 0.050500 0.047167
3 0.480875 0.371167 0.044750 0.024667
3 0.190250 0.872583 0.050000 0.032167
3 0.491125 0.114500 0.047750 0.027333
3 0.760750 0.008667 0.059500 0.017000
3 0.966125 0.437750 0.038250 0.020167
3 0.979500 0.569167 0.038500 0.028333
3 0.545625 0.254250 0.028250 0.040167
3 0.228125 0.897250 0.047750 0.031167
3 0.556750 0.465833 0.052500 0.035333
3 0.842500 0.421667 0.048500 0.034000
3 0.352125 0.807083 0.054250 0.039833
3 0.097625 0.300917 0.043750 0.037500
3 0.614625 0.899167 0.067250 0.044667
3 0.502625 0.245500 0.050250 0.036333
3 0.792500 0.030000 0.050000 0.028333
3 0.572875 0.162333 0.043250 0.032333
3 0.872500 0.031667 0.050000 0.030000
3 0.586875 0.617167 0.047250 0.032333
3 0.298875 0.327917 0.041750 0.049500
3 0.222625 0.779667 0.039750 0.035667
3 0.655000 0.380333 0.047000 0.040333
3 0.983000 0.042500 0.034000 0.042333
3 0.581000 0.108333 0.063000 0.032000
3 0.112625 0.747250 0.058250 0.027833
3 0.490250 0.199667 0.047500 0.041667
3 0.579750 0.731750 0.051000 0.030833
3 0.268500 0.712417 0.065000 0.063167
3 0.234250 0.218750 0.048000 0.037167
3 0.263125 0.510750 0.057750 0.033500
3 0.368000 0.155417 0.048500 0.031833
3 0.516375 0.814667 0.046750 0.034000
3 0.534750 0.376500 0.068000 0.045667
3 0.613625 0.975250 0.058750 0.046500
3 0.940000 0.803500 0.052500 0.042667
3 0.158500 0.821000 0.047000 0.038667
3 0.394625 0.104833 0.044250 0.032000
3 0.266125 0.363750 0.048750 0.046167
3 0.448875 0.946083 0.052750 0.042833
3 0.550875 0.409500 0.062750 0.038667
3 0.102375 0.587250 0.063250 0.040833
3 0.262500 0.840417 0.053000 0.035500
3 0.717500 0.081000 0.038500 0.036000
3 0.417375 0.857083 0.061250 0.035167
3 0.352750 0.860500 0.057000 0.035667
3 0.687000 0.158083 0.042500 0.055167
3 0.482125 0.672417 0.056750 0.036167
3 0.154375 0.231333 0.058750 0.034333
3 0.193500 0.495417 0.049000 0.033833
3 0.154500 0.095250 0.053000 0.040833
3 0.018875 0.696667 0.036250 0.039000
3 0.760500 0.957500 0.057000 0.036333
3 0.045000 0.140000 0.072500 0.041000
3 0.085375 0.808917 0.060750 0.038500
3 0.900000 0.327833 0.061000 0.032333
3 0.311250 0.534167 0.049500 0.036667
3 0.318625 0.894250 0.069250 0.031167
3 0.252625 0.583000 0.059750 0.042333
3 0.150375 0.678583 0.064250 0.042500
3 0.375250 0.363250 0.072000 0.041500
3 0.736875 0.265333 0.061750 0.038667
3 0.827250 0.849750 0.095000 0.050833
3 0.800875 0.618333 0.051250 0.038333
3 0.796750 0.714750 0.046000 0.036167
3 0.026875 0.503083 0.053250 0.033833
3 0.687250 0.805333 0.081000 0.041000
3 0.334125 0.257417 0.099750 0.040167
3 0.189500 0.027083 0.056500 0.041833
3 0.954625 0.239250 0.068750 0.037167
3 0.670375 0.334833 0.069750 0.048667
3 0.480875 0.048333 0.100250 0.072667
