3 0.872125 0.740167 0.04175 0.0296667
3 0.321375 0.3095 0.04375 0.034
3 0.016625 0.739583 0.03325 0.0321667
3 0.36 0.713083 0.039 0.0308333
3 0.28075 0.405 0.0495 0.0316667
3 0.260875 0.439833 0.04775 0.0263333
3 0.49025 0.702833 0.0395 0.0326667
3 0.327 0.269333 0.0465 0.0263333
3 0.1715 0.476417 0.0445 0.0231667
3 0.379125 0.739667 0.04275 0.028
3 0.045125 0.289583 0.04725 0.0308333
3 0.54125 0.193333 0.0375 0.0313333
3 0.985875 0.37325 0.02825 0.0231667
3 0.978625 0.803333 0.03675 0.0253333
3 0.316125 0.990333 0.06025 0.0193333
3 0.351375 0.875667 0.04375 0.0313333
3 0.626875 0.294167 0.04475 0.0333333
3 0.472375 0.662 0.04475 0.035
3 0.98575 0.707833 0.0285 0.0216667
3 0.9575 0.791333 0.0475 0.023
3 0.159375 0.235083 0.05475 0.0385
3 0.572 0.7445 0.036 0.022
3 0.4115 0.804917 0.0385 0.0298333
3 0.683375 0.449583 0.04525 0.0248333
3 0.326625 0.373583 0.06075 0.0351667
3 0.82625 0.71275 0.0435 0.0298333
3 0.677625 0.762833 0.03925 0.0306667
3 0.922625 0.80075 0.04225 0.0301667
3 0.061875 0.958083 0.05325 0.0338333
3 0.95825 0.9825 0.041 0.026
3 0.71525 0.739667 0.067 0.0373333
3 0.34625 0.8945 0.0555 0.0386667
3 0.075625 0.752917 0.04425 0.0205
3 0.379375 0.690667 0.04425 0.0386667
3 0.693875 0.556583 0.06025 0.0185
3 0.987375 0.834833 0.02525 0.0246667
3 0.8995 0.726917 0.0475 0.0331667
3 0.5825 0.193583 0.0465 0.0375
3 0.892375 0.259583 0.04375 0.0295
3 0.895 0.312083 0.0445 0.0305
3 0.505625 0.28925 0.04075 0.0528333
3 0.63875 0.848833 0.0715 0.036
3 0.9835 0.592667 0.0325 0.036
3 0.62575 0.93925 0.055 0.0298333
3 0.127 0.562667 0.0545 0.0343333
3 0.474875 0.1945 0.05225 0.048
3 0.49325 0.226583 0.0445 0.0455
3 0.275125 0.313167 0.04375 0.03
3 0.209875 0.947083 0.05475 0.0578333
3 0.646375 0.712917 0.03925 0.0238333
3 0.8625 0.951417 0.0395 0.0285
3 0.22875 0.830917 0.05 0.0421667
3 0.19675 0.296083 0.051 0.0358333
3 0.134375 0.53125 0.04825 0.0301667
3 0.496375 0.418667 0.05025 0.03
3 0.229625 0.47575 0.04625 0.0301667
3 0.970875 0.548 0.03475 0.0323333
3 0.44325 0.968083 0.043 0.0405
3 0.60175 0.909167 0.0535 0.0406667
3 0.102125 0.683333 0.06675 0.0316667
3 0.240375 0.545917 0.05175 0.0365
3 0.334125 0.751333 0.04825 0.035
3 0.22875 0.723833 0.059 0.036
3 0.3175 0.576417 0.046 0.0391667
3 0.357875 0.980167 0.04725 0.0316667
3 0.870375 0.356417 0.04675 0.0245
3 0.4645 0.615583 0.0395 0.0378333
3 0.52225 0.6515 0.0545 0.045
3 0.21225 0.518667 0.0445 0.0273333
3 0.1575 0.139333 0.049 0.032
3 0.94925 0.882667 0.042 0.0263333
3 0.157875 0.396 0.04775 0.031
3 0.2015 0.36375 0.0485 0.0341667
3 0.283 0.096 0.0705 0.0343333
3 0.28975 0.499833 0.042 0.0313333
3 0.654125 0.40825 0.04075 0.0338333
3 0.444375 0.512 0.06025 0.029
3 0.015875 0.15825 0.03175 0.0331667
3 0.9635 0.952 0.0385 0.028
3 0.6415 0.165083 0.058 0.0331667
3 0.57875 0.9835 0.062 0.033
3 0.4235 0.300417 0.112 0.0375
3 0.672375 0.799917 0.04575 0.0381667
3 0.33 0.626 0.058 0.0373333
3 0.491375 0.0888333 0.05175 0.0326667
3 0.283625 0.02275 0.04525 0.0431667
3 0.060875 0.339167 0.06025 0.0353333
3 0.686375 0.9445 0.05075 0.0453333
3 0.277125 0.206417 0.05675 0.0295
3 0.210375 0.198083 0.04725 0.0351667
3 0.474875 0.841417 0.05975 0.0281667
3 0.4655 0.473167 0.0815 0.024
3 0.97 0.641833 0.056 0.0303333
3 0.8575 0.879167 0.066 0.0283333
3 0.894 0.18425 0.06 0.0411667
3 0.824375 0.657417 0.08125 0.0275
3 0.54025 0.112583 0.0475 0.0345
3 0.853875 0.033 0.05675 0.0376667
3 0.822125 0.458417 0.06325 0.0331667
3 0.58725 0.0946667 0.052 0.0353333
3 0.09775 0.0135833 0.044 0.0271667
3 0.687125 0.587 0.05725 0.0373333
3 0.60325 0.513167 0.049 0.0376667
3 0.907125 0.54475 0.05125 0.0395
3 0.264375 0.643833 0.05975 0.0343333
3 0.628375 0.0540833 0.04525 0.0421667
3 0.235375 0.87175 0.10775 0.0418333
3 0.66375 0.105417 0.0585 0.0395
3 0.670125 0.201583 0.08275 0.0428333
3 0.791 0.406583 0.053 0.0738333
3 0.109 0.61225 0.058 0.0411667
3 0.939 0.422583 0.049 0.0375
3 0.6825 0.629833 0.0735 0.043
3 0.605 0.353167 0.067 0.0386667
3 0.957375 0.169917 0.06775 0.0401667
3 0.415875 0.0230833 0.07625 0.0355
3 0.718875 0.337833 0.05775 0.0546667
