3 0.21275 0.2455 0.0445 0.0343333
3 0.712375 0.855583 0.05375 0.0411667
3 0.669 0.2915 0.056 0.042
3 0.525625 0.67725 0.04875 0.0321667
3 0.402 0.8285 0.052 0.0333333
3 0.2015 0.6695 0.0395 0.0403333
3 0.838625 0.964417 0.04225 0.0328333
3 0.982875 0.854 0.03425 0.0513333
3 0.262375 0.264417 0.05025 0.0318333
3 0.21675 0.27575 0.051 0.0295
3 0.80325 0.978417 0.0465 0.0395
3 0.51325 0.5145 0.0595 0.0326667
3 0.623375 0.991583 0.07375 0.0168333
3 0.1545 0.119083 0.058 0.0321667
3 0.4295 0.992083 0.0605 0.0158333
3 0.732125 0.147167 0.04425 0.0286667
3 0.055 0.555917 0.056 0.0338333
3 0.7905 0.460583 0.0415 0.0275
3 0.393125 0.765833 0.05325 0.045
3 0.7105 0.196583 0.0465 0.0401667
3 0.18925 0.344667 0.0455 0.0326667
3 0.02125 0.541333 0.0425 0.036
3 0.783375 0.504417 0.07675 0.0365
3 0.98925 0.577833 0.0205 0.0386667
3 0.535375 0.0190833 0.06125 0.0381667
3 0.192625 0.869417 0.06125 0.0481667
3 0.095125 0.0995 0.05175 0.0363333
3 0.698125 0.9545 0.05725 0.04
3 0.02425 0.115917 0.047 0.0405
3 0.716125 0.52525 0.06425 0.0405
3 0.40775 0.597167 0.061 0.0606667
3 0.23825 0.392667 0.056 0.0333333
3 0.9175 0.97125 0.062 0.0491667
3 0.28325 0.41875 0.058 0.0311667
3 0.886 0.492833 0.0565 0.0256667
3 0.493 0.742417 0.0765 0.0295
3 0.11275 0.3045 0.055 0.0286667
3 0.056 0.391417 0.0675 0.0331667
3 0.575625 0.0573333 0.08675 0.0593333
3 0.054 0.498583 0.075 0.0305
3 0.6805 0.530583 0.0465 0.0428333
3 0.803625 0.74725 0.04725 0.0348333
3 0.159375 0.970167 0.05975 0.055
3 0.64275 0.618917 0.055 0.0445
3 0.68375 0.4425 0.052 0.0406667
3 0.377875 0.151417 0.03975 0.0241667
3 0.18775 0.429667 0.054 0.047
3 0.914625 0.62575 0.04925 0.0465
3 0.266625 0.644083 0.07625 0.0391667
3 0.820375 0.590917 0.05425 0.0511667
3 0.719375 0.770167 0.05475 0.0363333
3 0.65325 0.82275 0.0395 0.0355
3 0.85575 0.708917 0.0545 0.0445
3 0.74125 0.851167 0.053 0.0423333
3 0.91875 0.923583 0.068 0.0428333
3 0.947625 0.284833 0.04925 0.0426667
3 0.455625 0.110583 0.07125 0.0321667
3 0.054875 0.35975 0.08275 0.0345
3 0.02075 0.786333 0.0415 0.0426667
3 0.635 0.769167 0.057 0.033
3 0.57875 0.678583 0.054 0.0375
3 0.9355 0.7945 0.0815 0.0326667
3 0.752125 0.71675 0.05275 0.0335
3 0.6665 0.246667 0.072 0.0346667
3 0.66975 0.579417 0.076 0.0368333
3 0.63425 0.0359167 0.053 0.0568333
3 0.4865 0.641417 0.0545 0.0465
3 0.83325 0.672583 0.0575 0.0401667
3 0.06425 0.726583 0.0705 0.0328333
3 0.482 0.857833 0.059 0.043
3 0.304125 0.876167 0.06375 0.0426667
3 0.50875 0.229333 0.053 0.0453333
3 0.9615 0.117 0.06 0.0366667
3 0.202 0.796083 0.0515 0.0631667
3 0.377 0.7165 0.062 0.0363333
3 0.371875 0.0243333 0.06375 0.044
3 0.976625 0.624083 0.04675 0.0391667
3 0.680125 0.918167 0.08975 0.0406667
3 0.54625 0.767583 0.0525 0.0555
3 0.382625 0.204833 0.06225 0.0346667
3 0.455 0.0333333 0.0715 0.0473333
3 0.92375 0.758083 0.099 0.0405
3 0.234 0.0746667 0.0725 0.0363333
3 0.037875 0.455083 0.06225 0.0398333
3 0.840875 0.810083 0.05275 0.0605
3 0.794375 0.22975 0.06425 0.0591667
3 0.540125 0.940583 0.06325 0.0441667
3 0.662125 0.708083 0.05825 0.0531667
3 0.30775 0.830833 0.0815 0.042
3 0.109 0.278833 0.0845 0.037
3 0.330125 0.930167 0.06075 0.0453333
3 0.365375 0.976583 0.06675 0.0381667
3 0.253125 0.127917 0.07325 0.0358333
3 0.891 0.1535 0.069 0.037
3 0.269 0.227 0.09 0.041
3 0.23525 0.966333 0.055 0.046
3 0.02775 0.0554167 0.0555 0.0531667
3 0.26525 0.0206667 0.0705 0.0393333
