3 0.282125 0.701667 0.05825 0.0263333
3 0.12 0.5025 0.0695 0.028
3 0.978625 0.559083 0.04075 0.0245
3 0.011375 0.423417 0.02275 0.0251667
3 0.797125 0.677417 0.04925 0.0315
3 0.986125 0.881 0.02625 0.0276667
3 0.25925 0.341167 0.041 0.0406667
3 0.14225 0.890417 0.0455 0.0305
3 0.8105 0.492417 0.042 0.0301667
3 0.98575 0.595583 0.027 0.0395
3 0.970875 0.511417 0.04625 0.0241667
3 0.71475 0.4965 0.052 0.031
3 0.9625 0.0634167 0.0405 0.0328333
3 0.9245 0.558167 0.037 0.0243333
3 0.599 0.237917 0.0615 0.0321667
3 0.14875 0.170917 0.0375 0.0298333
3 0.18125 0.828583 0.0365 0.0371667
3 0.155625 0.0135 0.08725 0.025
3 0.4015 0.271167 0.0495 0.031
3 0.86875 0.1155 0.0615 0.044
3 0.836125 0.571833 0.06475 0.0266667
3 0.51175 0.40175 0.0455 0.0345
3 0.6795 0.961417 0.0445 0.0561667
3 0.508375 0.568167 0.04925 0.037
3 0.17275 0.339417 0.047 0.0335
3 0.47475 0.804 0.042 0.0386667
3 0.016875 0.915417 0.03375 0.0248333
3 0.216 0.358 0.044 0.0373333
3 0.44025 0.572417 0.0375 0.0435
3 0.067125 0.130917 0.05225 0.0368333
3 0.55925 0.28125 0.0545 0.0318333
3 0.221 0.68525 0.058 0.0441667
3 0.657375 0.597417 0.04975 0.0305
3 0.720125 0.68475 0.04525 0.0341667
3 0.632875 0.0736667 0.05875 0.0503333
3 0.077625 0.483833 0.03825 0.0353333
3 0.259625 0.262083 0.04575 0.0405
3 0.7575 0.634417 0.048 0.0311667
3 0.863125 0.72425 0.05475 0.0358333
3 0.276 0.0625 0.0825 0.0336667
3 0.367125 0.807917 0.06125 0.0398333
3 0.026125 0.5845 0.04425 0.0273333
3 0.359625 0.417417 0.06475 0.0311667
3 0.677625 0.645333 0.05225 0.0406667
3 0.475125 0.861667 0.05775 0.0413333
3 0.406625 0.916917 0.04675 0.0345
3 0.88425 0.345083 0.0745 0.0375
3 0.06325 0.98475 0.054 0.0291667
3 0.443375 0.979583 0.04025 0.0391667
3 0.627125 0.401 0.05875 0.0363333
3 0.0245 0.84525 0.049 0.0305
3 0.93875 0.885917 0.061 0.0351667
3 0.78825 0.907583 0.0555 0.0435
3 0.06275 0.192583 0.061 0.0331667
3 0.276875 0.980917 0.04775 0.0375
3 0.7595 0.518417 0.078 0.0338333
3 0.303625 0.4645 0.04775 0.0313333
3 0.961125 0.72 0.04075 0.034
3 0.098625 0.909167 0.08425 0.041
3 0.25575 0.512083 0.0755 0.0371667
3 0.35375 0.626833 0.057 0.0653333
3 0.14775 0.262833 0.0715 0.0376667
3 0.355375 0.0713333 0.05325 0.039
3 0.927875 0.40425 0.06325 0.0341667
3 0.843 0.658 0.0525 0.04
3 0.702625 0.01975 0.05975 0.0395
3 0.974375 0.922667 0.04575 0.0573333
3 0.256625 0.02375 0.05075 0.0455
3 0.80575 0.976417 0.0665 0.0458333
3 0.334375 0.520917 0.05375 0.0398333
3 0.118375 0.349583 0.08025 0.0415
3 0.864 0.288917 0.069 0.0321667
3 0.87525 0.535167 0.0485 0.0576667
3 0.449125 0.1415 0.07275 0.0336667
3 0.342875 0.387667 0.06925 0.039
3 0.837875 0.807833 0.05825 0.04
3 0.18375 0.109917 0.0545 0.0381667
3 0.606375 0.527417 0.05375 0.0371667
3 0.551375 0.736917 0.05425 0.0475
3 0.457 0.270417 0.078 0.0488333
3 0.030625 0.681 0.06125 0.035
3 0.601875 0.918333 0.05575 0.0646667
3 0.108375 0.52825 0.06675 0.0368333
3 0.063375 0.288167 0.07225 0.0376667
3 0.46375 0.764833 0.055 0.048
3 0.73475 0.3915 0.057 0.0383333
3 0.12325 0.2285 0.069 0.0373333
3 0.1155 0.420917 0.1235 0.0358333
3 0.91175 0.488833 0.083 0.0416667
3 0.23425 0.89425 0.0665 0.0538333
3 0.713 0.258667 0.0795 0.0386667
3 0.827875 0.40875 0.05725 0.0428333
3 0.165125 0.48025 0.06725 0.0445
3 0.702 0.894167 0.0495 0.0633333
3 0.333875 0.224583 0.06725 0.0391667
3 0.463375 0.516333 0.06225 0.045
3 0.445625 0.446333 0.07825 0.0403333
3 0.1305 0.722 0.0745 0.0436667
3 0.73025 0.789333 0.067 0.0443333
