3 0.415083 0.259250 0.041500 0.043000
3 0.228167 0.748500 0.028000 0.035000
3 0.020833 0.752750 0.040667 0.066000
3 0.053917 0.806125 0.040833 0.042250
3 0.890000 0.405625 0.031000 0.046250
3 0.714833 0.073750 0.045667 0.060500
3 0.015917 0.826250 0.031500 0.039000
3 0.965833 0.017500 0.045000 0.034500
3 0.297750 0.383875 0.028500 0.029250
3 0.446000 0.254125 0.024333 0.035250
3 0.618750 0.244750 0.026167 0.045500
3 0.086833 0.016125 0.031333 0.031750
3 0.663167 0.849750 0.037000 0.031000
3 0.620500 0.707250 0.031333 0.045000
3 0.502917 0.735500 0.046167 0.048500
3 0.543167 0.835875 0.031333 0.044250
3 0.821500 0.204625 0.024000 0.057250
3 0.007750 0.682375 0.015167 0.051250
3 0.368500 0.182750 0.028667 0.040500
3 0.447167 0.565250 0.027667 0.046000
3 0.608333 0.749625 0.033000 0.038250
3 0.543500 0.726125 0.035000 0.046250
3 0.907750 0.311375 0.046833 0.043750
3 0.703833 0.353125 0.034000 0.036750
3 0.051250 0.784750 0.043500 0.045500
3 0.764833 0.417000 0.032667 0.051500
3 0.563250 0.771500 0.037167 0.042500
3 0.782750 0.307625 0.086500 0.062250
3 0.034083 0.854250 0.037833 0.068000
3 0.680500 0.045125 0.032333 0.039250
3 0.112417 0.375250 0.037167 0.044000
3 0.903833 0.016250 0.082333 0.032000
3 0.402917 0.432875 0.028500 0.042250
3 0.845750 0.381750 0.080500 0.039500
3 0.370917 0.906125 0.035833 0.068750
3 0.192000 0.319250 0.033667 0.041500
3 0.257500 0.410125 0.036000 0.047750
3 0.035833 0.541750 0.028000 0.041000
3 0.776917 0.950000 0.028500 0.030500
3 0.078417 0.668750 0.034833 0.045500
3 0.466750 0.060625 0.032833 0.046250
3 0.281667 0.691750 0.029333 0.044000
3 0.354917 0.087875 0.031833 0.048250
3 0.691750 0.328125 0.033167 0.038750
3 0.616583 0.518125 0.038167 0.041750
3 0.498917 0.067000 0.022500 0.043500
3 0.783500 0.694125 0.039000 0.054750
3 0.742917 0.473750 0.034500 0.056500
3 0.404500 0.207375 0.044000 0.043250
3 0.368167 0.466750 0.038000 0.035500
3 0.148083 0.375875 0.034500 0.039250
3 0.468500 0.242125 0.031667 0.044750
3 0.822500 0.771375 0.043667 0.047750
3 0.727667 0.368625 0.031667 0.049750
3 0.954500 0.173625 0.072000 0.040750
3 0.369000 0.432250 0.036000 0.042500
3 0.401417 0.903875 0.029833 0.043750
3 0.886583 0.329500 0.034167 0.056500
3 0.629333 0.100000 0.036667 0.039000
3 0.361500 0.153125 0.033000 0.038250
3 0.865083 0.677125 0.035167 0.048250
3 0.515833 0.786750 0.057000 0.052000
3 0.157417 0.843125 0.058833 0.043250
3 0.839417 0.214500 0.039833 0.066000
3 0.217167 0.625000 0.032000 0.072500
3 0.290750 0.060500 0.039500 0.049000
3 0.161500 0.800500 0.044000 0.055500
3 0.826083 0.808750 0.038500 0.059500
3 0.890917 0.243250 0.043167 0.048000
3 0.490583 0.863375 0.032167 0.050250
3 0.641250 0.313125 0.033833 0.043750
3 0.311833 0.584500 0.031000 0.050000
3 0.834917 0.453625 0.042167 0.049750
3 0.941250 0.464125 0.039167 0.055250
3 0.826250 0.016000 0.046500 0.031500
3 0.421250 0.029250 0.043500 0.058000
3 0.071917 0.548000 0.032500 0.085500
3 0.746250 0.255625 0.037500 0.056750
3 0.337750 0.826875 0.033167 0.058250
3 0.464167 0.804125 0.035667 0.057250
3 0.051000 0.679125 0.036333 0.081250
3 0.124250 0.328750 0.046167 0.042000
3 0.876083 0.967250 0.046167 0.058500
3 0.416250 0.633875 0.031833 0.052750
3 0.433333 0.436750 0.030667 0.064000
3 0.921583 0.502750 0.057833 0.045000
3 0.178750 0.018000 0.037833 0.035500
3 0.980250 0.069000 0.038833 0.112000
3 0.418917 0.344000 0.040167 0.051500
3 0.455667 0.388125 0.040000 0.042250
3 0.367667 0.741000 0.040000 0.050000
3 0.096250 0.860500 0.035500 0.070500
3 0.133500 0.758375 0.049333 0.062250
3 0.561417 0.601625 0.038833 0.056750
3 0.585333 0.214625 0.037000 0.052750
3 0.218583 0.209750 0.030500 0.055000
3 0.638250 0.396125 0.042167 0.057250
3 0.193000 0.675125 0.041333 0.057250
3 0.326167 0.697750 0.051000 0.045000
3 0.464833 0.341625 0.034000 0.048250
3 0.679917 0.466750 0.038833 0.048000
3 0.857667 0.728375 0.037667 0.065250
3 0.277833 0.239000 0.047333 0.051500
3 0.875500 0.177625 0.035333 0.105250
3 0.198083 0.435000 0.065500 0.040000
3 0.970500 0.512625 0.055000 0.042750
3 0.345000 0.922875 0.041000 0.078750
3 0.688500 0.217375 0.048667 0.048750
3 0.025750 0.030000 0.051167 0.056500
3 0.171917 0.268250 0.034167 0.046500
3 0.227417 0.322375 0.033167 0.067750
3 0.304417 0.301125 0.049500 0.052750
3 0.527250 0.351375 0.038167 0.070750
3 0.951167 0.258250 0.076333 0.070500
3 0.643917 0.799875 0.057500 0.050250
3 0.461083 0.966375 0.070500 0.038750
3 0.523167 0.238625 0.033667 0.059750
3 0.981417 0.812625 0.036833 0.050250
3 0.338583 0.529125 0.038833 0.068750
3 0.192583 0.540250 0.035500 0.054500
3 0.055417 0.455875 0.041833 0.042250
3 0.965500 0.317625 0.069000 0.047250
3 0.598000 0.092500 0.029000 0.063000
3 0.122167 0.245750 0.042000 0.059500
3 0.269917 0.912500 0.039500 0.058000
3 0.391583 0.808750 0.053833 0.051500
3 0.543083 0.153500 0.047167 0.073500
3 0.064250 0.062750 0.028500 0.082000
3 0.727917 0.959750 0.034167 0.079000
3 0.309833 0.456500 0.036000 0.063500
3 0.097000 0.967625 0.036000 0.062250
3 0.261417 0.504250 0.044500 0.071000
3 0.936500 0.834250 0.043000 0.080000
3 0.480417 0.616875 0.051833 0.095250
3 0.659917 0.591250 0.050500 0.086000
3 0.684750 0.884625 0.045167 0.078250
