3 0.35675 0.68 0.0408333 0.0665
3 0.603667 0.4845 0.039 0.0465
3 0.98025 0.616375 0.0395 0.04225
3 0.935583 0.883125 0.0448333 0.06425
3 0.456833 0.979125 0.0326667 0.03825
3 0.373083 0.0325 0.0408333 0.0495
3 0.00791667 0.151 0.0158333 0.0545
3 0.2925 0.674875 0.0363333 0.04325
3 0.66225 0.394375 0.0425 0.04175
3 0.943583 0.867625 0.0441667 0.08825
3 0.24025 0.192125 0.0431667 0.05725
3 0.991167 0.35825 0.0176667 0.067
3 0.8385 0.63775 0.045 0.046
3 0.390167 0.02225 0.0463333 0.0445
3 0.99175 0.429125 0.0165 0.05425
3 0.434917 0.2505 0.0371667 0.0785
3 0.608417 0.263375 0.0401667 0.04175
3 0.8865 0.372125 0.0423333 0.06125
3 0.33625 0.283625 0.0421667 0.05325
3 0.01875 0.642 0.0375 0.081
3 0.477167 0.875 0.0406667 0.0795
3 0.698167 0.847375 0.0356667 0.07325
3 0.384917 0.963875 0.0438333 0.06075
3 0.4075 0.666 0.0403333 0.054
3 0.233083 0.225125 0.0351667 0.05075
3 0.2835 0.8065 0.0373333 0.0515
3 0.162667 0.131375 0.045 0.03425
3 0.782667 0.74875 0.0393333 0.0535
3 0.77375 0.457 0.0398333 0.062
3 0.778167 0.415875 0.0403333 0.04175
3 0.809583 0.300375 0.0405 0.04825
3 0.661 0.458375 0.0333333 0.05825
3 0.336917 0.687375 0.0481667 0.05075
3 0.655667 0.296375 0.058 0.06375
3 0.397167 0.2975 0.0463333 0.042
3 0.750333 0.945 0.0486667 0.0785
3 0.238083 0.30375 0.0448333 0.0545
3 0.834 0.697125 0.0406667 0.05775
3 0.147083 0.329125 0.0431667 0.05225
3 0.7365 0.268 0.0386667 0.0595
3 0.236667 0.114125 0.0373333 0.05425
3 0.29825 0.743875 0.0431667 0.04225
3 0.01575 0.471375 0.0315 0.04925
3 0.449333 0.891125 0.0326667 0.06775
3 0.286417 0.312125 0.0561667 0.05225
3 0.9235 0.427 0.0386667 0.0605
3 0.863667 0.247625 0.059 0.06975
3 0.0169167 0.513625 0.0338333 0.05025
3 0.888833 0.713375 0.052 0.06975
3 0.581917 0.41175 0.0361667 0.0515
3 0.452583 0.59675 0.0408333 0.051
3 0.826583 0.225875 0.0625 0.06925
3 0.503417 0.9355 0.0495 0.1065
3 0.078 0.143625 0.036 0.06075
3 0.7045 0.18975 0.044 0.0545
3 0.308833 0.03525 0.0466667 0.0435
3 0.66975 0.811875 0.0351667 0.06575
3 0.646 0.35675 0.062 0.0575
3 0.362667 0.621375 0.0443333 0.05575
3 0.536583 0.16325 0.0405 0.061
3 0.4895 0.113 0.042 0.055
3 0.0859167 0.5125 0.0481667 0.0545
3 0.313083 0.892625 0.0321667 0.10375
3 0.731167 0.8505 0.056 0.099
3 0.64175 0.21425 0.0471667 0.066
3 0.366417 0.903875 0.0328333 0.06875
3 0.573417 0.352125 0.0495 0.07075
3 0.2625 0.44425 0.065 0.056
3 0.5165 0.2475 0.0463333 0.053
3 0.4045 0.799375 0.0406667 0.10325
3 0.0501667 0.327625 0.049 0.06175
3 0.730333 0.32875 0.052 0.054
3 0.54325 0.672125 0.0731667 0.05125
3 0.2365 0.743125 0.046 0.06125
3 0.910583 0.930125 0.0535 0.07775
3 0.08825 0.215625 0.0638333 0.04825
3 0.883167 0.41975 0.0436667 0.0605
3 0.719333 0.418375 0.0443333 0.06275
3 0.667333 0.644625 0.0386667 0.06075
3 0.894917 0.803875 0.0578333 0.06375
3 0.851083 0.9475 0.0695 0.0995
3 0.5485 0.555625 0.04 0.07275
3 0.511333 0.719 0.0453333 0.0865
3 0.27975 0.06325 0.0315 0.0935
3 0.79675 0.3575 0.0671667 0.054
3 0.719333 0.75775 0.037 0.1025
3 0.151417 0.195375 0.0368333 0.07075
3 0.961917 0.741875 0.0678333 0.06775
3 0.178583 0.691875 0.0411667 0.06225
3 0.965417 0.579875 0.0671667 0.08225
3 0.917167 0.179625 0.0716667 0.05925
3 0.0179167 0.751375 0.0348333 0.05875
3 0.614583 0.889 0.0415 0.09
3 0.0318333 0.160125 0.039 0.06775
3 0.129667 0.47425 0.069 0.077
3 0.96475 0.172875 0.0585 0.09575
3 0.0830833 0.829625 0.0891667 0.14225
