3 0.963250 0.191167 0.035000 0.067667
3 0.370125 0.841250 0.092250 0.033833
3 0.817250 0.600500 0.063500 0.030333
3 0.179125 0.132000 0.049750 0.029667
3 0.386125 0.708417 0.058250 0.025833
3 0.919750 0.307917 0.052000 0.049500
3 0.978875 0.589583 0.034750 0.033167
3 0.862000 0.814167 0.049500 0.025333
3 0.365375 0.495083 0.057250 0.016833
3 0.525625 0.774667 0.081250 0.035333
3 0.665125 0.972083 0.030250 0.025500
3 0.022375 0.089667 0.044250 0.026000
3 0.518125 0.105083 0.069750 0.038167
3 0.113750 0.027667 0.071000 0.026000
3 0.671750 0.699833 0.052000 0.055000
3 0.695500 0.280000 0.046000 0.026667
3 0.140500 0.457500 0.069000 0.036667
3 0.259750 0.013000 0.039000 0.025667
3 0.035000 0.896083 0.039000 0.037833
3 0.202000 0.871333 0.052500 0.036667
3 0.606625 0.745417 0.037750 0.027500
3 0.585250 0.606250 0.068500 0.032833
3 0.983500 0.941333 0.033000 0.080000
3 0.183375 0.054417 0.070750 0.024167
3 0.053625 0.422000 0.045750 0.047333
3 0.362750 0.852250 0.106500 0.038500
3 0.634375 0.238083 0.053750 0.036500
3 0.138000 0.256917 0.057500 0.023167
3 0.209500 0.579500 0.047000 0.037667
3 0.471875 0.133500 0.057750 0.044667
3 0.414375 0.504667 0.059750 0.029333
3 0.963875 0.744250 0.044250 0.036500
3 0.117750 0.627500 0.058500 0.032000
3 0.236125 0.634667 0.082750 0.032333
3 0.930250 0.988333 0.075500 0.022667
3 0.307000 0.705833 0.051500 0.031667
3 0.388125 0.464917 0.080250 0.032167
3 0.243125 0.704167 0.050250 0.029000
3 0.917125 0.803250 0.049750 0.045167
3 0.491750 0.677583 0.090000 0.031167
3 0.821625 0.337750 0.055250 0.025167
3 0.657500 0.103750 0.038500 0.056500
3 0.294750 0.945333 0.052000 0.034667
3 0.799125 0.277750 0.054250 0.034833
3 0.919000 0.640000 0.073000 0.029667
3 0.856750 0.367833 0.068000 0.035333
3 0.616625 0.423917 0.060250 0.033167
3 0.747125 0.286667 0.060750 0.036667
3 0.293250 0.612833 0.057000 0.037000
3 0.237625 0.763000 0.072250 0.034000
3 0.757625 0.905167 0.065750 0.052000
3 0.926375 0.544250 0.046750 0.037167
3 0.262000 0.540583 0.048500 0.047167
3 0.198375 0.520833 0.084250 0.042000
3 0.497125 0.851500 0.076250 0.035000
3 0.869625 0.761917 0.072750 0.033500
3 0.019375 0.021667 0.038250 0.042000
3 0.949500 0.390583 0.058000 0.033500
3 0.204875 0.838333 0.074750 0.042667
3 0.144625 0.534083 0.061250 0.019833
3 0.735000 0.973500 0.041000 0.049000
3 0.685875 0.845833 0.065750 0.029000
3 0.536750 0.236167 0.051000 0.049000
3 0.842000 0.019583 0.055000 0.038833
3 0.919625 0.586833 0.073250 0.031667
3 0.247125 0.363667 0.087750 0.028667
3 0.103375 0.148333 0.105750 0.032667
3 0.118875 0.893167 0.083750 0.056667
3 0.043375 0.949833 0.086250 0.042333
3 0.296875 0.791833 0.099250 0.032000
3 0.613625 0.150167 0.043250 0.040333
3 0.503875 0.014917 0.084750 0.029500
3 0.229250 0.041500 0.108500 0.039000
3 0.421875 0.227833 0.054250 0.052000
3 0.905500 0.340417 0.066500 0.040833
3 0.240500 0.105167 0.088000 0.055333
3 0.059500 0.863167 0.069500 0.036000
3 0.305125 0.424333 0.087250 0.036667
3 0.604250 0.085583 0.059000 0.057833
3 0.359000 0.018750 0.070500 0.037167
3 0.505250 0.583083 0.068500 0.037167
3 0.480625 0.736083 0.091250 0.039500
3 0.963125 0.065417 0.070250 0.036500
3 0.231875 0.326833 0.105750 0.034000
3 0.707125 0.866833 0.069750 0.039667
3 0.312375 0.222083 0.083250 0.037833
3 0.750875 0.239583 0.055250 0.040167
3 0.569250 0.881417 0.051500 0.052500
3 0.381500 0.594917 0.079000 0.040500
3 0.537875 0.964667 0.077250 0.046000
3 0.663500 0.612583 0.058500 0.047833
3 0.864125 0.493167 0.092250 0.041667
3 0.432250 0.949167 0.075000 0.060667
3 0.444250 0.383833 0.099500 0.050667
3 0.037250 0.330000 0.074000 0.051667
3 0.606750 0.375833 0.097000 0.041333
3 0.944375 0.430750 0.067250 0.039500
3 0.732500 0.046750 0.062000 0.044500
3 0.046500 0.067833 0.087500 0.040333
3 0.860500 0.962417 0.079500 0.065500
3 0.797000 0.431417 0.065000 0.050833
3 0.534000 0.292500 0.072000 0.061667
3 0.523000 0.144917 0.024500 0.019500
