3 0.315 0.008625 0.0466667 0.01725
3 0.488667 0.06925 0.0333333 0.075
3 0.341583 0.62525 0.0321667 0.0455
3 0.33425 0.734875 0.0381667 0.05025
3 0.484833 0.04475 0.0296667 0.0625
3 0.795417 0.633 0.0381667 0.04
3 0.906333 0.9615 0.0236667 0.036
3 0.527667 0.715 0.0403333 0.048
3 0.559833 0.56725 0.033 0.051
3 0.503833 0.466375 0.032 0.04675
3 0.20425 0.791875 0.0348333 0.03775
3 0.46675 0.727375 0.0381667 0.05475
3 0.505 0.864875 0.0273333 0.06675
3 0.824333 0.698875 0.0643333 0.06225
3 0.0323333 0.64425 0.031 0.04
3 0.460583 0.207125 0.0295 0.04025
3 0.447083 0.023875 0.0258333 0.04725
3 0.19825 0.31975 0.0301667 0.042
3 0.953167 0.072375 0.0363333 0.04225
3 0.4865 0.628125 0.0303333 0.04425
3 0.749583 0.497625 0.0365 0.05325
3 0.59975 0.148125 0.0488333 0.06175
3 0.80975 0.585625 0.0351667 0.03925
3 0.20625 0.51 0.0335 0.0455
3 0.00916667 0.15825 0.0173333 0.056
3 0.70225 0.15625 0.0361667 0.0485
3 0.438667 0.08325 0.0386667 0.061
3 0.06975 0.5835 0.0415 0.037
3 0.920917 0.47775 0.0311667 0.047
3 0.595333 0.496 0.0413333 0.071
3 0.6645 0.577875 0.0293333 0.03925
3 0.198333 0.740375 0.0396667 0.07575
3 0.645083 0.091375 0.0431667 0.05775
3 0.881917 0.77925 0.0401667 0.044
3 0.350417 0.79675 0.0341667 0.059
3 0.808833 0.321125 0.053 0.04325
3 0.6665 0.493375 0.0366667 0.04725
3 0.292667 0.772125 0.0463333 0.03925
3 0.570583 0.498875 0.0368333 0.07575
3 0.107917 0.2415 0.0321667 0.0395
3 0.308417 0.613375 0.0401667 0.05025
3 0.19525 0.034625 0.0361667 0.05175
3 0.955667 0.40325 0.04 0.055
3 0.0425833 0.83525 0.0498333 0.0415
3 0.326917 0.277125 0.0455 0.08425
3 0.2225 0.402375 0.0326667 0.05275
3 0.24475 0.438 0.0361667 0.059
3 0.50925 0.98 0.0628333 0.0385
3 0.273667 0.473125 0.0413333 0.05275
3 0.968 0.556625 0.0413333 0.05125
3 0.0185833 0.390375 0.0371667 0.06175
3 0.205 0.91575 0.0406667 0.051
3 0.0526667 0.438875 0.0573333 0.05425
3 0.786083 0.7815 0.0388333 0.057
3 0.982 0.849875 0.0236667 0.04625
3 0.422417 0.821375 0.0448333 0.05925
3 0.885167 0.423125 0.055 0.05275
3 0.544833 0.91125 0.0426667 0.061
3 0.56025 0.72975 0.0468333 0.07
3 0.0185833 0.065125 0.0368333 0.05625
3 0.880917 0.556 0.0491667 0.0595
3 0.762167 0.54375 0.039 0.0655
3 0.674833 0.353875 0.0426667 0.06975
3 0.886333 0.248375 0.0413333 0.05725
3 0.744083 0.62475 0.0528333 0.059
3 0.20875 0.1905 0.0415 0.056
3 0.812167 0.181625 0.0453333 0.07275
3 0.827667 0.385 0.0483333 0.0655
3 0.17125 0.863375 0.0411667 0.06025
3 0.6815 0.20025 0.05 0.085
3 0.0634167 0.125875 0.0618333 0.05475
3 0.96 0.6215 0.0396667 0.082
3 0.257 0.72775 0.0426667 0.068
3 0.428583 0.968125 0.0535 0.06275
3 0.10125 0.07125 0.0545 0.0555
3 0.294417 0.352375 0.0448333 0.09325
3 0.478917 0.845375 0.0508333 0.06175
3 0.43625 0.604375 0.0441667 0.08375
3 0.0573333 0.67 0.071 0.073
3 0.24275 0.044 0.0611667 0.06
3 0.4045 0.125375 0.0413333 0.12875
3 0.86675 0.054625 0.0381667 0.06575
3 0.983083 0.30525 0.0338333 0.063
3 0.525583 0.29725 0.0408333 0.065
3 0.493333 0.14175 0.0546667 0.063
3 0.2185 0.096 0.0523333 0.064
3 0.60725 0.262 0.0681667 0.072
3 0.73725 0.9375 0.0511667 0.086
