3 0.214667 0.224000 0.035333 0.039000
3 0.089667 0.368000 0.036000 0.089000
3 0.315333 0.480500 0.050000 0.072000
3 0.375000 0.373500 0.044000 0.052000
3 0.482333 0.400000 0.049333 0.051000
3 0.557000 0.470000 0.056000 0.059000
3 0.518000 0.559500 0.036667 0.060000
3 0.404000 0.486000 0.039333 0.045000
3 0.358333 0.602500 0.036000 0.088000
3 0.376333 0.523500 0.040000 0.060000
3 0.281333 0.608500 0.039333 0.072000
3 0.114667 0.594500 0.047333 0.074000
3 0.134000 0.671500 0.054000 0.118000
3 0.183333 0.703500 0.050000 0.084000
3 0.233667 0.728000 0.046667 0.043000
3 0.383333 0.725500 0.046000 0.064000
3 0.357000 0.772500 0.037333 0.060000
3 0.369667 0.876500 0.068000 0.066000
3 0.307333 0.894500 0.044667 0.086000
3 0.251583 0.959750 0.049167 0.080500
3 0.339750 0.959250 0.056167 0.081500
3 0.470333 0.920000 0.038667 0.065000
3 0.446333 0.673500 0.041333 0.072000
3 0.177333 0.153500 0.042000 0.074000
3 0.203333 0.169500 0.035333 0.038000
3 0.262333 0.169500 0.036000 0.056000
3 0.269000 0.096500 0.048000 0.076000
3 0.340333 0.082500 0.034667 0.056000
3 0.363000 0.158000 0.041333 0.047000
3 0.342333 0.222500 0.026667 0.058000
3 0.287667 0.255500 0.033333 0.078000
3 0.416333 0.224500 0.044000 0.040000
3 0.441000 0.129000 0.045333 0.061000
3 0.508333 0.114000 0.049333 0.059000
3 0.597000 0.107000 0.038667 0.059000
3 0.585000 0.144500 0.044000 0.072000
3 0.665333 0.128500 0.039333 0.058000
3 0.765667 0.062500 0.073333 0.062000
3 0.751000 0.202500 0.069333 0.056000
3 0.739000 0.308000 0.048000 0.059000
3 0.716000 0.350500 0.030000 0.050000
3 0.709333 0.420500 0.032667 0.068000
3 0.754000 0.446500 0.034000 0.066000
3 0.776333 0.396500 0.038667 0.064000
3 0.857333 0.445500 0.043333 0.056000
3 0.835333 0.496000 0.038000 0.047000
3 0.814333 0.532500 0.044000 0.058000
3 0.883000 0.591500 0.049333 0.068000
3 0.786333 0.656000 0.050667 0.073000
3 0.891000 0.721500 0.068000 0.082000
3 0.937000 0.812000 0.049333 0.059000
3 0.980500 0.877500 0.039000 0.092000
3 0.673333 0.518500 0.040667 0.058000
3 0.657000 0.461500 0.045333 0.052000
3 0.607333 0.232500 0.030000 0.066000
3 0.187167 0.045875 0.042333 0.091250
3 0.274917 0.018875 0.049500 0.037250
3 0.034667 0.050500 0.060667 0.074000
3 0.101667 0.136500 0.037333 0.068000
3 0.140667 0.147000 0.036667 0.057000
3 0.041333 0.186000 0.071333 0.081000
3 0.040333 0.340000 0.041333 0.063000
3 0.019250 0.468750 0.038167 0.049500
3 0.053000 0.692500 0.053333 0.082000
3 0.048667 0.824000 0.042000 0.049000
3 0.098333 0.928500 0.049333 0.080000
3 0.147667 0.823000 0.038667 0.057000
3 0.174083 0.966250 0.051500 0.067500
3 0.011917 0.908625 0.023500 0.073750
3 0.038667 0.966000 0.052667 0.067000
3 0.633333 0.770500 0.051333 0.050000
3 0.712000 0.690500 0.043333 0.080000
3 0.738333 0.778000 0.040000 0.037000
3 0.788333 0.807500 0.033333 0.046000
3 0.834000 0.802500 0.034000 0.046000
3 0.885667 0.877000 0.054667 0.077000
3 0.861000 0.976500 0.057333 0.046000
3 0.797667 0.868500 0.068000 0.064000
3 0.743667 0.891000 0.034667 0.037000
3 0.693333 0.894000 0.051333 0.045000
3 0.687667 0.916000 0.086667 0.059000
3 0.914333 0.404000 0.036000 0.049000
3 0.903000 0.489000 0.025333 0.055000
3 0.943000 0.574000 0.037333 0.089000
3 0.978000 0.531500 0.027333 0.038000
3 0.981833 0.426625 0.036333 0.060250
3 0.946333 0.474000 0.052000 0.049000
3 0.977833 0.340625 0.044333 0.068250
3 0.965333 0.235500 0.031333 0.050000
3 0.983500 0.175750 0.033000 0.048500
3 0.926000 0.154500 0.048667 0.056000
3 0.875667 0.176000 0.045333 0.063000
3 0.852667 0.232500 0.068667 0.062000
3 0.657583 0.026875 0.028167 0.053250
3 0.471333 0.020875 0.044667 0.041250
3 0.362667 0.314000 0.035333 0.049000
3 0.410333 0.384500 0.022667 0.044000
3 0.542667 0.420500 0.031333 0.036000
3 0.237000 0.784500 0.033333 0.034000
3 0.162333 0.901000 0.034667 0.035000
3 0.721167 0.013375 0.030333 0.026250
