3 0.893 0.67225 0.032 0.025
3 0.37025 0.00925 0.0255 0.0185
3 0.81025 0.62875 0.0321667 0.045
3 0.083 0.073625 0.031 0.02925
3 0.75025 0.614625 0.0348333 0.04125
3 0.695417 0.4345 0.0451667 0.0505
3 0.36775 0.110625 0.0271667 0.03175
3 0.873 0.25925 0.0466667 0.0275
3 0.438833 0.120875 0.0266667 0.05625
3 0.620833 0.802375 0.031 0.03825
3 0.917417 0.983125 0.0335 0.02975
3 0.911583 0.622125 0.0545 0.05075
3 0.184917 0.49275 0.0285 0.039
3 0.939833 0.92725 0.0276667 0.0755
3 0.420667 0.19575 0.036 0.0405
3 0.768 0.481875 0.037 0.03325
3 0.65075 0.8585 0.0251667 0.04
3 0.701833 0.580875 0.0313333 0.04575
3 0.318417 0.7075 0.0308333 0.0435
3 0.42375 0.139875 0.0311667 0.03175
3 0.48725 0.636 0.0268333 0.0505
3 0.1635 0.40175 0.0326667 0.0375
3 0.20175 0.346625 0.0455 0.03275
3 0.0403333 0.04175 0.028 0.0345
3 0.554583 0.574375 0.0348333 0.07625
3 0.101083 0.899125 0.0228333 0.03025
3 0.161917 0.856125 0.0491667 0.09775
3 0.65925 0.126625 0.0325 0.03425
3 0.4225 0.040375 0.0443333 0.03225
3 0.62525 0.884875 0.0258333 0.03975
3 0.303833 0.960125 0.044 0.05225
3 0.41875 0.75475 0.0275 0.0525
3 0.873667 0.556375 0.0283333 0.07075
3 0.952667 0.3105 0.0273333 0.0395
3 0.75075 0.949875 0.0228333 0.03025
3 0.491083 0.562125 0.0338333 0.06275
3 0.200833 0.420375 0.034 0.05575
3 0.975083 0.338375 0.0345 0.04725
3 0.700667 0.633875 0.03 0.05025
3 0.339 0.108 0.0383333 0.039
3 0.764333 0.5875 0.029 0.036
3 0.562167 0.203375 0.0266667 0.04325
3 0.0918333 0.10825 0.0263333 0.0375
3 0.2635 0.545625 0.0266667 0.04575
3 0.202833 0.683375 0.0223333 0.05475
3 0.53675 0.046875 0.0268333 0.04125
3 0.26675 0.757 0.0361667 0.0395
3 0.765333 0.503875 0.0513333 0.04425
3 0.263083 0.914125 0.0408333 0.06375
3 0.573333 0.17225 0.0326667 0.035
3 0.063 0.619125 0.03 0.02475
3 0.983417 0.567875 0.0328333 0.04525
3 0.0680833 0.7295 0.0281667 0.039
3 0.084 0.3505 0.037 0.035
3 0.127583 0.80575 0.0358333 0.0445
3 0.60425 0.858375 0.0255 0.03725
3 0.932167 0.700375 0.0326667 0.04275
3 0.275333 0.507625 0.029 0.04475
3 0.594833 0.969 0.028 0.047
3 0.217583 0.464 0.0348333 0.029
3 0.826833 0.159125 0.0263333 0.05075
3 0.347917 0.5415 0.0295 0.033
3 0.829667 0.610875 0.0503333 0.03875
3 0.20575 0.808 0.0515 0.047
3 0.0364167 0.101625 0.0468333 0.05925
3 0.88475 0.984625 0.0355 0.02775
3 0.397417 0.02375 0.0258333 0.0475
3 0.234333 0.610125 0.0343333 0.06075
3 0.901417 0.206375 0.0238333 0.03625
3 0.150917 0.01625 0.0558333 0.0325
3 0.0156667 0.442375 0.0303333 0.04125
3 0.0165 0.589625 0.025 0.05525
3 0.161167 0.689875 0.053 0.03325
3 0.6855 0.599125 0.0373333 0.03475
3 0.703 0.78275 0.0436667 0.04
3 0.881 0.1465 0.0446667 0.036
3 0.681 0.919625 0.03 0.06525
3 0.594333 0.48475 0.0386667 0.04
3 0.11725 0.042125 0.0288333 0.03975
3 0.551667 0.13525 0.0336667 0.066
3 0.595417 0.213875 0.0298333 0.03325
3 0.01475 0.4995 0.0295 0.034
3 0.636417 0.973 0.0458333 0.051
3 0.345917 0.157375 0.0445 0.03725
3 0.20875 0.52125 0.0628333 0.0375
3 0.663417 0.665375 0.0278333 0.05575
3 0.9445 0.181625 0.0233333 0.03425
3 0.351 0.495625 0.0403333 0.04125
3 0.239083 0.692625 0.0281667 0.05525
3 0.716333 0.896625 0.0293333 0.04975
3 0.969333 0.649125 0.0436667 0.04725
3 0.36125 0.901125 0.0371667 0.04025
3 0.875583 0.221625 0.0351667 0.03425
3 0.866167 0.92025 0.0303333 0.05
3 0.510833 0.897 0.0363333 0.041
3 0.02125 0.12975 0.0425 0.0345
3 0.65375 0.17575 0.0358333 0.0425
3 0.508417 0.135125 0.0358333 0.04375
3 0.678167 0.541625 0.03 0.04675
3 0.012 0.962375 0.0236667 0.03275
3 0.168417 0.747875 0.0378333 0.04375
3 0.54875 0.942375 0.0295 0.08425
3 0.6915 0.83 0.0613333 0.038
3 0.663417 0.483 0.0291667 0.0505
3 0.5755 0.100125 0.024 0.04875
3 0.885583 0.073625 0.0275 0.03525
3 0.201917 0.870625 0.0681667 0.08075
3 0.310167 0.467 0.0296667 0.0515
3 0.792583 0.54975 0.0471667 0.051
3 0.624583 0.453125 0.0288333 0.04675
3 0.339917 0.828875 0.0381667 0.04275
3 0.215 0.292875 0.0336667 0.05475
3 0.588417 0.615625 0.0368333 0.04775
3 0.1455 0.5395 0.0353333 0.0665
3 0.95675 0.05925 0.0191667 0.0435
3 0.955 0.25075 0.043 0.037
3 0.605167 0.0245 0.0293333 0.033
3 0.354667 0.627125 0.0326667 0.08575
3 0.637583 0.608 0.0315 0.0495
3 0.518 0.424125 0.0353333 0.05175
3 0.94225 0.0165 0.0385 0.033
3 0.2515 0.347375 0.0326667 0.07175
3 0.4445 0.8155 0.0366667 0.068
3 0.444083 0.671375 0.0455 0.07675
3 0.156083 0.287125 0.0311667 0.06675
3 0.977167 0.08875 0.0233333 0.0635
3 0.445667 0.905 0.0256667 0.074
3 0.946917 0.456 0.0361667 0.052
3 0.758083 0.67075 0.0501667 0.0545
3 0.27325 0.294125 0.0285 0.07825
3 0.116667 0.433 0.035 0.0495
3 0.192417 0.950875 0.0541667 0.06275
3 0.286333 0.659875 0.036 0.09075
3 0.03725 0.276125 0.0381667 0.06875
3 0.0586667 0.69275 0.0596667 0.0525
3 0.787583 0.169625 0.0308333 0.05575
3 0.39025 0.714 0.0525 0.052
3 0.558 0.300125 0.0343333 0.08025
3 0.11425 0.656375 0.0395 0.09025
3 0.824083 0.378 0.0378333 0.1035
