3 0.051375 0.208 0.04525 0.0303333
3 0.278 0.634333 0.0495 0.0343333
3 0.876375 0.283417 0.04225 0.0285
3 0.189 0.240917 0.035 0.0218333
3 0.805875 0.817333 0.04825 0.034
3 0.890375 0.0095 0.05125 0.019
3 0.9795 0.786833 0.027 0.0233333
3 0.365125 0.54925 0.06675 0.0315
3 0.6215 0.0263333 0.066 0.0173333
3 0.22725 0.897417 0.0555 0.0325
3 0.776 0.187 0.038 0.024
3 0.386 0.464083 0.041 0.0238333
3 0.085 0.295833 0.0395 0.026
3 0.748 0.5415 0.0405 0.0203333
3 0.254625 0.869333 0.04225 0.0263333
3 0.0095 0.89175 0.019 0.0405
3 0.390625 0.152083 0.03475 0.0288333
3 0.75775 0.0113333 0.0425 0.0226667
3 0.71925 0.52975 0.0425 0.0338333
3 0.163125 0.0761667 0.04425 0.039
3 0.7905 0.254167 0.04 0.0266667
3 0.702125 0.140333 0.04525 0.034
3 0.47375 0.0968333 0.0365 0.0373333
3 0.174625 0.580167 0.08225 0.0396667
3 0.027 0.661333 0.047 0.023
3 0.207 0.483667 0.0275 0.0233333
3 0.329125 0.725 0.04625 0.0283333
3 0.990625 0.63125 0.01775 0.0258333
3 0.184625 0.908667 0.02425 0.03
3 0.048 0.68 0.0655 0.0263333
3 0.117375 0.401083 0.03575 0.0265
3 0.751375 0.563667 0.03675 0.028
3 0.175875 0.110167 0.04575 0.0283333
3 0.42325 0.17375 0.029 0.0348333
3 0.23225 0.881083 0.053 0.0538333
3 0.821625 0.689917 0.04425 0.0378333
3 0.08475 0.728417 0.0335 0.0281667
3 0.684625 0.967083 0.03125 0.0341667
3 0.833125 0.91 0.03775 0.0286667
3 0.518375 0.0135833 0.04225 0.0268333
3 0.34075 0.46775 0.0305 0.0291667
3 0.450875 0.0405 0.05275 0.0406667
3 0.7645 0.931333 0.0425 0.0303333
3 0.37625 0.282167 0.034 0.029
3 0.984875 0.298167 0.02975 0.0223333
3 0.32425 0.43025 0.068 0.0275
3 0.28025 0.6525 0.067 0.0256667
3 0.058 0.81575 0.0275 0.0275
3 0.70625 0.92925 0.0495 0.0355
3 0.9115 0.676333 0.047 0.0276667
3 0.847 0.64375 0.045 0.0288333
3 0.441375 0.792 0.03075 0.023
3 0.829625 0.858083 0.05475 0.0365
3 0.348125 0.160917 0.04025 0.0415
3 0.0495 0.284333 0.0415 0.043
3 0.42925 0.445167 0.0315 0.023
3 0.078375 0.23375 0.04375 0.0301667
3 0.37625 0.213583 0.0345 0.0471667
3 0.41525 0.69175 0.0465 0.0241667
3 0.98275 0.9275 0.0325 0.0383333
3 0.687 0.808167 0.042 0.037
3 0.732375 0.487417 0.03775 0.0385
3 0.3645 0.674917 0.054 0.0298333
3 0.0535 0.0125833 0.055 0.0251667
3 0.855 0.892 0.05 0.0213333
3 0.026 0.239 0.051 0.0356667
3 0.408625 0.05975 0.05775 0.0488333
3 0.41 0.548 0.0465 0.0276667
3 0.775125 0.75425 0.03675 0.0368333
3 0.34675 0.241083 0.0625 0.0311667
3 0.221375 0.988667 0.06125 0.0216667
3 0.4735 0.674833 0.035 0.0276667
3 0.979625 0.355667 0.03075 0.044
3 0.75275 0.592 0.0435 0.026
3 0.803375 0.29525 0.03325 0.0338333
3 0.8915 0.578083 0.044 0.0291667
3 0.8155 0.219583 0.0385 0.0425
3 0.325125 0.8475 0.04975 0.0296667
3 0.410875 0.65275 0.04075 0.0285
3 0.262875 0.0215 0.04125 0.0286667
3 0.08525 0.427 0.049 0.0303333
3 0.65375 0.77325 0.065 0.0365
3 0.821 0.109667 0.038 0.0396667
3 0.682625 0.14925 0.05325 0.0528333
3 0.199625 0.365667 0.03575 0.0313333
3 0.031625 0.566833 0.06325 0.021
3 0.02525 0.83275 0.0485 0.0235
3 0.69975 0.480417 0.0395 0.0391667
3 0.330375 0.180333 0.05525 0.0616667
3 0.16 0.43325 0.0525 0.0368333
3 0.66125 0.651 0.0465 0.0273333
3 0.1735 0.402417 0.098 0.0325
3 0.40875 0.728667 0.049 0.022
3 0.45675 0.760583 0.0545 0.0238333
3 0.39625 0.319583 0.0335 0.0435
3 0.116125 0.592333 0.04825 0.026
3 0.92125 0.750583 0.0395 0.0278333
3 0.749125 0.853583 0.04725 0.0381667
3 0.661375 0.54775 0.03475 0.0381667
3 0.81675 0.956167 0.0365 0.0383333
3 0.271875 0.784833 0.04725 0.0236667
3 0.762625 0.117417 0.03625 0.0711667
3 0.028 0.446083 0.056 0.0271667
3 0.8185 0.45425 0.034 0.0391667
3 0.846125 0.29575 0.04025 0.0328333
3 0.504125 0.2175 0.06075 0.052
3 0.498375 0.2535 0.05975 0.042
3 0.871375 0.410917 0.05625 0.0278333
3 0.73375 0.719833 0.041 0.0386667
3 0.652125 0.44975 0.04475 0.0405
3 0.80375 0.152417 0.0465 0.0541667
3 0.123125 0.0441667 0.03725 0.0646667
3 0.339125 0.782 0.05275 0.03
3 0.039625 0.396833 0.05425 0.024
3 0.04375 0.1555 0.084 0.0643333
3 0.024 0.947 0.048 0.0263333
3 0.602875 0.18675 0.07075 0.0335
3 0.81725 0.0451667 0.0425 0.0686667
3 0.468125 0.166 0.05475 0.051
3 0.0295 0.0674167 0.0565 0.0378333
3 0.116375 0.355083 0.03275 0.0371667
3 0.434625 0.843167 0.04875 0.0263333
3 0.289875 0.718833 0.06125 0.0446667
3 0.744 0.245917 0.059 0.0748333
3 0.18325 0.75075 0.0715 0.0248333
3 0.640375 0.613667 0.06425 0.0393333
3 0.738 0.0516667 0.071 0.0393333
3 0.77975 0.65475 0.0675 0.0441667
3 0.191 0.818833 0.0835 0.02
3 0.91925 0.486417 0.069 0.0438333
3 0.5305 0.0764167 0.058 0.0678333
3 0.353125 0.322417 0.07325 0.0488333
