3 0.23 0.685417 0.041 0.0231667
3 0.1255 0.976583 0.0365 0.0455
3 0.21925 0.03975 0.0745 0.0458333
3 0.65 0.693833 0.0555 0.0373333
3 0.398125 0.98675 0.04125 0.0251667
3 0.825625 0.857583 0.05125 0.0288333
3 0.678625 0.31 0.04025 0.0286667
3 0.958875 0.4605 0.03725 0.0523333
3 0.96475 0.8605 0.049 0.029
3 0.5315 0.963917 0.047 0.0308333
3 0.083875 0.31425 0.04525 0.0325
3 0.320125 0.101667 0.04425 0.0316667
3 0.31925 0.0913333 0.0565 0.0336667
3 0.641 0.712917 0.048 0.0368333
3 0.10975 0.830917 0.0585 0.0478333
3 0.058625 0.845167 0.07575 0.0316667
3 0.955125 0.317083 0.04875 0.0431667
3 0.652625 0.0471667 0.04225 0.029
3 0.514 0.774333 0.042 0.0356667
3 0.88875 0.411667 0.034 0.038
3 0.032 0.702583 0.044 0.0405
3 0.955625 0.81975 0.05075 0.0305
3 0.971125 0.777583 0.03425 0.0321667
3 0.617625 0.335083 0.05525 0.0278333
3 0.67725 0.0791667 0.046 0.0403333
3 0.2695 0.99225 0.05 0.0155
3 0.904125 0.987333 0.05275 0.0246667
3 0.103 0.14425 0.0355 0.0245
3 0.670375 0.908667 0.03675 0.0503333
3 0.985625 0.4045 0.02675 0.0483333
3 0.96875 0.726833 0.0365 0.0293333
3 0.275 0.31375 0.0525 0.0258333
3 0.176125 0.792167 0.04725 0.03
3 0.116375 0.941833 0.05075 0.038
3 0.955125 0.2695 0.03425 0.026
3 0.866 0.949083 0.04 0.0421667
3 0.55025 0.363083 0.0465 0.0285
3 0.02775 0.294583 0.0425 0.0248333
3 0.64275 0.201333 0.0385 0.0316667
3 0.657125 0.171083 0.06075 0.0291667
3 0.440375 0.518917 0.04325 0.0288333
3 0.095625 0.9165 0.06375 0.049
3 0.58875 0.454333 0.046 0.0353333
3 0.756875 0.5695 0.04225 0.0303333
3 0.8425 0.658583 0.058 0.0351667
3 0.415625 0.328667 0.03725 0.0286667
3 0.77975 0.591833 0.052 0.0356667
3 0.479125 0.223583 0.04725 0.0318333
3 0.14575 0.512917 0.047 0.0295
3 0.1655 0.2365 0.046 0.0413333
3 0.633125 0.456667 0.03825 0.0403333
3 0.516875 0.615667 0.04925 0.0296667
3 0.082375 0.72825 0.04525 0.0291667
3 0.273125 0.641083 0.05375 0.0501667
3 0.132 0.188917 0.0445 0.0281667
3 0.8265 0.354833 0.0555 0.034
3 0.10125 0.388667 0.0795 0.03
3 0.114125 0.646 0.05325 0.0346667
3 0.72775 0.021 0.0445 0.0383333
3 0.37175 0.53375 0.0505 0.0338333
3 0.26425 0.439 0.052 0.0206667
3 0.96025 0.977167 0.0385 0.0366667
3 0.459875 0.983833 0.05025 0.031
3 0.208875 0.325917 0.04275 0.0288333
3 0.620375 0.364167 0.04725 0.0326667
3 0.856375 0.0156667 0.05525 0.03
3 0.756875 0.509833 0.05025 0.036
3 0.76375 0.476833 0.0585 0.0346667
3 0.0965 0.255917 0.0515 0.0241667
3 0.285875 0.3905 0.04675 0.0293333
3 0.646375 0.122333 0.04875 0.045
3 0.320875 0.43525 0.05175 0.0348333
3 0.690625 0.732333 0.05325 0.0316667
3 0.755 0.67225 0.05 0.0418333
3 0.235 0.881833 0.0525 0.033
3 0.12775 0.860333 0.078 0.059
3 0.22225 0.2915 0.056 0.0276667
3 0.762875 0.258417 0.04975 0.0371667
3 0.26825 0.944917 0.0445 0.0448333
3 0.447625 0.145667 0.05475 0.0326667
3 0.722125 0.3065 0.06125 0.0383333
3 0.152875 0.4305 0.08625 0.033
3 0.55375 0.6685 0.0515 0.0386667
3 0.230875 0.615167 0.05775 0.0316667
3 0.12725 0.3655 0.12 0.0576667
3 0.651375 0.255333 0.10225 0.0416667
3 0.82325 0.6975 0.055 0.0573333
3 0.365125 0.186667 0.04825 0.0366667
3 0.859875 0.184667 0.05975 0.0456667
3 0.8445 0.516083 0.062 0.0378333
3 0.026875 0.0261667 0.05375 0.0386667
3 0.47125 0.27625 0.055 0.0548333
3 0.87275 0.587667 0.0485 0.038
3 0.327625 0.750583 0.05075 0.0385
3 0.7185 0.191333 0.056 0.036
3 0.632375 0.816 0.04875 0.0523333
3 0.96075 0.122417 0.075 0.0345
3 0.176 0.920417 0.063 0.0665
3 0.71025 0.94375 0.065 0.0685
3 0.42 0.247417 0.063 0.0385
3 0.55975 0.763583 0.0585 0.0551667
3 0.353375 0.956167 0.07025 0.0353333
3 0.406625 0.0559167 0.07775 0.0415
3 0.5125 0.41875 0.077 0.0468333
3 0.478875 0.0896667 0.06425 0.053
3 0.70475 0.53275 0.064 0.0415
3 0.52725 0.859667 0.0625 0.0643333
