3 0.926083 0.80825 0.0338333 0.0325
3 0.336 0.282125 0.0426667 0.04125
3 0.163083 0.390625 0.0291667 0.02775
3 0.50925 0.728625 0.0231667 0.03775
3 0.704333 0.769625 0.0356667 0.03275
3 0.266667 0.21275 0.022 0.0365
3 0.374667 0.598125 0.0293333 0.02975
3 0.891917 0.91775 0.0261667 0.0395
3 0.0181667 0.544 0.0326667 0.037
3 0.747417 0.759 0.0288333 0.0445
3 0.00675 0.221 0.0135 0.067
3 0.844667 0.8325 0.0256667 0.055
3 0.394083 0.6755 0.0275 0.032
3 0.4095 0.641125 0.0346667 0.03075
3 0.377917 0.704625 0.0341667 0.04125
3 0.563667 0.973 0.0453333 0.0375
3 0.241167 0.782125 0.0346667 0.03825
3 0.369333 0.644 0.0213333 0.0365
3 0.533333 0.7325 0.0293333 0.037
3 0.649417 0.632375 0.0271667 0.05025
3 0.724 0.290125 0.026 0.04325
3 0.143167 0.98225 0.037 0.0295
3 0.349167 0.50875 0.0363333 0.0365
3 0.86375 0.739 0.0278333 0.051
3 0.574333 0.523875 0.0203333 0.03825
3 0.695417 0.823125 0.0275 0.03625
3 0.55275 0.75175 0.0248333 0.042
3 0.50425 0.615375 0.0331667 0.03575
3 0.03275 0.93625 0.0328333 0.0565
3 0.383417 0.339875 0.0315 0.03925
3 0.926083 0.014875 0.0341667 0.02975
3 0.711083 0.721 0.0285 0.0365
3 0.716083 0.69075 0.0675 0.04
3 0.244333 0.379875 0.0316667 0.07375
3 0.915167 0.378625 0.0466667 0.04775
3 0.514167 0.524625 0.0296667 0.03225
3 0.28225 0.628125 0.0338333 0.03775
3 0.0745 0.9675 0.0266667 0.0595
3 0.717917 0.35975 0.0398333 0.0405
3 0.800333 0.400875 0.0376667 0.03925
3 0.622167 0.236 0.0643333 0.0375
3 0.767333 0.28875 0.06 0.0495
3 0.682667 0.741375 0.0303333 0.03925
3 0.155667 0.949625 0.036 0.03975
3 0.853083 0.473 0.0351667 0.0615
3 0.574083 0.364375 0.0338333 0.03575
3 0.42225 0.6205 0.0578333 0.039
3 0.957917 0.1505 0.0291667 0.0905
3 0.881917 0.293125 0.0391667 0.05925
3 0.659 0.714 0.0296667 0.034
3 0.519083 0.561625 0.0321667 0.04825
3 0.269167 0.957625 0.0473333 0.03975
3 0.223167 0.055875 0.029 0.04225
3 0.19075 0.731 0.0288333 0.0465
3 0.6315 0.648 0.0493333 0.0585
3 0.573833 0.867125 0.027 0.03825
3 0.580667 0.741625 0.033 0.04775
3 0.418667 0.723125 0.026 0.04425
3 0.617667 0.4795 0.035 0.0675
3 0.455417 0.28875 0.0555 0.0325
3 0.497833 0.087875 0.023 0.07175
3 0.524417 0.039375 0.0365 0.04675
3 0.733083 0.2205 0.0498333 0.077
3 0.985833 0.202375 0.0273333 0.10725
3 0.306667 0.929625 0.0386667 0.04575
3 0.29875 0.027125 0.0238333 0.05425
3 0.191083 0.32075 0.0338333 0.0535
3 0.9585 0.39975 0.037 0.0655
3 0.9565 0.2625 0.0316667 0.0665
3 0.9115 0.5995 0.0446667 0.0525
3 0.245667 0.884 0.0313333 0.0465
3 0.336917 0.57625 0.0301667 0.043
3 0.18525 0.872375 0.0465 0.05225
3 0.326333 0.455375 0.039 0.06625
3 0.643917 0.39925 0.0331667 0.0475
3 0.174833 0.0465 0.0316667 0.047
3 0.417833 0.2435 0.038 0.0455
3 0.08325 0.229375 0.0315 0.05825
3 0.984 0.97575 0.028 0.0455
3 0.567333 0.9185 0.049 0.039
3 0.531833 0.682375 0.05 0.04425
3 0.222167 0.32975 0.0333333 0.051
3 0.472083 0.052125 0.0285 0.08375
3 0.0210833 0.117125 0.0415 0.11525
3 0.819583 0.66725 0.0445 0.047
3 0.153 0.44075 0.03 0.076
3 0.03725 0.422125 0.0521667 0.03775
3 0.568417 0.121375 0.0288333 0.07525
3 0.764667 0.097125 0.031 0.08375
3 0.357083 0.186 0.0431667 0.042
3 0.2025 0.1215 0.039 0.0415
3 0.743333 0.580375 0.0293333 0.06825
3 0.613417 0.06875 0.0415 0.0935
3 0.431167 0.02275 0.0356667 0.0455
3 0.764333 0.842 0.0526667 0.0395
3 0.967 0.020125 0.0286667 0.04025
3 0.65325 0.978875 0.0258333 0.03825
3 0.388417 0.564875 0.0591667 0.04425
3 0.18025 0.8125 0.0621667 0.046
3 0.523083 0.944125 0.0321667 0.05225
3 0.612583 0.820625 0.0348333 0.09725
3 0.923333 0.188375 0.0376667 0.10375
3 0.890417 0.794625 0.0348333 0.08875
3 0.574667 0.457875 0.0376667 0.05425
3 0.354 0.957375 0.0283333 0.05625
3 0.315833 0.321625 0.0556667 0.05475
3 0.0361667 0.811125 0.034 0.08375
3 0.37025 0.443 0.0438333 0.0655
3 0.675 0.28975 0.037 0.054
3 0.467583 0.89075 0.0318333 0.097
3 0.652583 0.483125 0.0511667 0.06125
3 0.688167 0.608375 0.034 0.08125
3 0.0676667 0.272875 0.0443333 0.05025
3 0.271833 0.731375 0.0283333 0.07075
3 0.822333 0.56 0.0643333 0.0625
3 0.129083 0.304875 0.0565 0.04875
3 0.336667 0.094125 0.0403333 0.05425
3 0.0875 0.388625 0.0643333 0.04925
3 0.244667 0.473375 0.04 0.06975
3 0.53525 0.8345 0.0391667 0.0535
3 0.816583 0.963 0.0595 0.057
3 0.207333 0.251 0.0516667 0.104
