3 0.190375 0.787417 0.04025 0.0255
3 0.539375 0.0406667 0.06475 0.0396667
3 0.7275 0.35625 0.0305 0.0195
3 0.0635 0.23975 0.0385 0.0305
3 0.4665 0.131083 0.0455 0.0485
3 0.755625 0.699167 0.05075 0.0276667
3 0.55725 0.233083 0.0355 0.0221667
3 0.867 0.375 0.05 0.042
3 0.6235 0.00758333 0.068 0.0151667
3 0.945625 0.36925 0.04225 0.0215
3 0.978875 0.555167 0.03375 0.0316667
3 0.824375 0.781417 0.04275 0.0235
3 0.32675 0.932333 0.0435 0.034
3 0.524625 0.072 0.05175 0.0473333
3 0.235375 0.89075 0.03925 0.0371667
3 0.20525 0.13625 0.05 0.0471667
3 0.967875 0.667083 0.04625 0.0411667
3 0.41225 0.527417 0.0425 0.0331667
3 0.388375 0.568583 0.04725 0.0248333
3 0.723125 0.662417 0.05475 0.0275
3 0.283625 0.991583 0.05675 0.0165
3 0.436375 0.449167 0.05175 0.0296667
3 0.209375 0.0105833 0.03425 0.0211667
3 0.982 0.857083 0.036 0.0318333
3 0.12475 0.866833 0.046 0.03
3 0.890375 0.929417 0.04775 0.0318333
3 0.291125 0.56225 0.05375 0.0445
3 0.16725 0.8925 0.0395 0.0323333
3 0.043 0.496167 0.042 0.0296667
3 0.618875 0.617917 0.03675 0.0255
3 0.89675 0.588583 0.051 0.0311667
3 0.34975 0.415583 0.04 0.0415
3 0.02125 0.28525 0.0425 0.0515
3 0.14725 0.218 0.0425 0.0576667
3 0.416875 0.02825 0.05775 0.0265
3 0.053375 0.263 0.03875 0.0416667
3 0.414625 0.1505 0.06225 0.0263333
3 0.44 0.423333 0.0485 0.0266667
3 0.217 0.73825 0.035 0.0378333
3 0.52575 0.199667 0.0385 0.028
3 0.297625 0.433917 0.04575 0.0298333
3 0.97875 0.786833 0.038 0.03
3 0.489875 0.403583 0.05025 0.0301667
3 0.976875 0.94225 0.04575 0.0425
3 0.757375 0.137917 0.04125 0.0321667
3 0.274875 0.30475 0.05475 0.0261667
3 0.589875 0.342167 0.04875 0.0256667
3 0.3605 0.173583 0.045 0.0435
3 0.25225 0.781667 0.06 0.024
3 0.07075 0.628583 0.0505 0.0225
3 0.72925 0.429917 0.0445 0.0301667
3 0.291125 0.40025 0.04975 0.0298333
3 0.721375 0.869083 0.04075 0.0308333
3 0.053375 0.572583 0.06875 0.0255
3 0.4175 0.375333 0.059 0.0286667
3 0.2035 0.917833 0.05 0.0396667
3 0.953125 0.505917 0.04275 0.0378333
3 0.534375 0.380167 0.07175 0.0253333
3 0.145875 0.0320833 0.05725 0.0311667
3 0.423625 0.7365 0.05025 0.0333333
3 0.66675 0.5325 0.047 0.038
3 0.01725 0.473417 0.0345 0.0411667
3 0.444125 0.30475 0.04075 0.0465
3 0.82775 0.2345 0.053 0.0286667
3 0.575875 0.778167 0.10175 0.077
3 0.79125 0.92325 0.0745 0.0428333
3 0.88925 0.0636667 0.063 0.032
3 0.66575 0.114667 0.0665 0.03
3 0.74275 0.53175 0.062 0.0331667
3 0.939375 0.547167 0.03975 0.0366667
3 0.943375 0.952417 0.05125 0.0438333
3 0.73325 0.30175 0.081 0.0328333
3 0.875125 0.402167 0.05025 0.0363333
3 0.950125 0.169167 0.06475 0.0373333
3 0.849375 0.45075 0.09275 0.0265
3 0.34175 0.692917 0.079 0.0338333
3 0.23075 0.981667 0.052 0.0363333
3 0.91525 0.09375 0.0845 0.0258333
3 0.306 0.746667 0.044 0.0303333
3 0.297625 0.894167 0.09775 0.0476667
3 0.0395 0.981083 0.0605 0.0271667
3 0.3705 0.669333 0.0755 0.055
3 0.281625 0.202583 0.04825 0.0498333
3 0.134875 0.766667 0.06675 0.0286667
3 0.65025 0.929583 0.0655 0.0485
3 0.658375 0.201167 0.09125 0.0293333
3 0.773 0.808083 0.0535 0.0405
3 0.427875 0.47775 0.06475 0.0381667
3 0.63425 0.973667 0.084 0.0323333
3 0.684375 0.645 0.06525 0.0406667
3 0.52175 0.592083 0.049 0.0278333
3 0.6445 0.687333 0.065 0.0396667
3 0.242 0.258583 0.0715 0.0348333
3 0.106125 0.120917 0.04525 0.0415
3 0.94825 0.815917 0.056 0.0461667
3 0.418625 0.857 0.05675 0.041
3 0.38125 0.22875 0.0545 0.0368333
3 0.112125 0.458667 0.05025 0.043
3 0.46375 0.1755 0.073 0.04
3 0.824375 0.72 0.06575 0.057
3 0.84225 0.290417 0.0675 0.0275
3 0.355 0.5855 0.0705 0.044
3 0.077 0.04625 0.0615 0.0298333
3 0.85925 0.10275 0.066 0.0358333
3 0.438625 0.890167 0.06775 0.036
3 0.66975 0.753333 0.0685 0.0336667
3 0.564375 0.5165 0.05175 0.0376667
3 0.428625 0.346083 0.05875 0.0331667
3 0.6455 0.579333 0.0505 0.0336667
3 0.70775 0.918667 0.0865 0.036
3 0.83375 0.1805 0.064 0.0396667
3 0.821625 0.428417 0.07825 0.0378333
3 0.562875 0.124667 0.05625 0.0323333
3 0.803875 0.649 0.05325 0.067
3 0.894375 0.246583 0.06525 0.0308333
3 0.764375 0.588667 0.07725 0.0416667
3 0.061625 0.189 0.05375 0.0403333
3 0.95 0.319 0.096 0.0366667
3 0.17375 0.251417 0.0685 0.0458333
3 0.266375 0.824167 0.07875 0.0406667
3 0.795625 0.858917 0.06175 0.0391667
3 0.96175 0.0409167 0.071 0.0565
3 0.35675 0.82175 0.0935 0.0508333
3 0.7935 0.3855 0.076 0.0496667
