3 0.516625 0.782667 0.05225 0.0416667
3 0.977875 0.47825 0.04125 0.0205
3 0.146625 0.739167 0.05675 0.026
3 0.335625 0.690083 0.04175 0.0335
3 0.41675 0.529 0.052 0.028
3 0.22875 0.646833 0.0485 0.0333333
3 0.1165 0.39175 0.062 0.0298333
3 0.169375 0.73875 0.06125 0.0305
3 0.237625 0.939 0.07425 0.03
3 0.963625 0.45775 0.04175 0.0208333
3 0.58825 0.975083 0.04 0.0448333
3 0.928625 0.502667 0.05025 0.0313333
3 0.34025 0.891417 0.058 0.0315
3 0.902875 0.307083 0.03775 0.0345
3 0.778375 0.37625 0.10825 0.0288333
3 0.046625 0.2535 0.05225 0.0313333
3 0.592 0.523083 0.0725 0.0238333
3 0.709125 0.842833 0.08775 0.0263333
3 0.57675 0.353333 0.0715 0.026
3 0.4115 0.834417 0.048 0.0255
3 0.9525 0.0234167 0.075 0.0408333
3 0.307875 0.291 0.05625 0.031
3 0.9665 0.782167 0.065 0.0316667
3 0.0195 0.18075 0.039 0.0255
3 0.431125 0.122167 0.04875 0.032
3 0.276 0.3695 0.0495 0.0566667
3 0.942375 0.89875 0.04725 0.0421667
3 0.15575 0.22425 0.043 0.0345
3 0.809375 0.2595 0.04675 0.0343333
3 0.4595 0.160333 0.0895 0.046
3 0.46225 0.571083 0.057 0.0485
3 0.815 0.446167 0.041 0.0463333
3 0.413125 0.680917 0.07325 0.0291667
3 0.61025 0.249833 0.08 0.0366667
3 0.1985 0.44325 0.0695 0.0468333
3 0.571 0.936167 0.037 0.051
3 0.845625 0.91 0.09825 0.033
3 0.4815 0.4305 0.0605 0.032
3 0.06675 0.729 0.073 0.0396667
3 0.609375 0.919333 0.04225 0.062
3 0.091625 0.264583 0.05275 0.0318333
3 0.649 0.812167 0.113 0.035
3 0.456625 0.4985 0.05275 0.034
3 0.28375 0.553083 0.074 0.0631667
3 0.44775 0.782083 0.091 0.0408333
3 0.6585 0.391583 0.1135 0.0301667
3 0.533125 0.154 0.08625 0.028
3 0.165625 0.961083 0.05375 0.0681667
3 0.106875 0.113167 0.05175 0.033
3 0.9325 0.0368333 0.1125 0.036
3 0.41425 0.913 0.081 0.0256667
3 0.554625 0.876833 0.05175 0.0556667
3 0.96325 0.54575 0.0675 0.0311667
3 0.794125 0.857083 0.06375 0.0465
3 0.268375 0.0901667 0.06275 0.0446667
3 0.555375 0.20075 0.07725 0.0331667
3 0.641 0.134667 0.078 0.064
3 0.51175 0.356 0.058 0.0316667
3 0.56875 0.0415833 0.0665 0.0521667
3 0.918625 0.837917 0.05275 0.0338333
3 0.634875 0.314167 0.06675 0.0316667
3 0.35 0.2565 0.049 0.0423333
3 0.964125 0.570583 0.06625 0.0305
3 0.957625 0.40075 0.07125 0.0491667
3 0.20275 0.128417 0.0595 0.0338333
3 0.942625 0.721833 0.04375 0.0496667
3 0.1225 0.153833 0.045 0.032
3 0.695625 0.974167 0.06025 0.0333333
3 0.948625 0.348083 0.09025 0.0611667
3 0.197625 0.606333 0.07425 0.0296667
3 0.8325 0.97575 0.0575 0.0478333
3 0.9095 0.206667 0.091 0.0323333
3 0.046125 0.302833 0.05525 0.038
3 0.082125 0.370917 0.05325 0.0331667
3 0.340375 0.0266667 0.05225 0.0373333
3 0.545375 0.625917 0.06375 0.0668333
3 0.4855 0.920417 0.049 0.0325
3 0.402 0.412417 0.0575 0.0521667
3 0.937 0.969667 0.082 0.0286667
3 0.056 0.844667 0.112 0.0353333
3 0.08675 0.628833 0.0545 0.075
3 0.43775 0.218167 0.0505 0.0346667
3 0.64775 0.367833 0.1235 0.0426667
3 0.7185 0.803583 0.1195 0.0468333
3 0.7535 0.0579167 0.1625 0.0311667
3 0.554625 0.453583 0.08575 0.0358333
3 0.031 0.967167 0.062 0.0353333
3 0.768875 0.1045 0.14425 0.0393333
3 0.068125 0.795083 0.07075 0.0571667
3 0.148125 0.397833 0.07075 0.0306667
3 0.260125 0.4285 0.06075 0.07
3 0.949875 0.293167 0.09775 0.038
3 0.1745 0.275417 0.0765 0.0541667
3 0.274375 0.834833 0.11075 0.0373333
3 0.21225 0.672667 0.087 0.0346667
3 0.8775 0.768083 0.0735 0.0448333
3 0.11875 0.707 0.0895 0.0356667
3 0.488125 0.266 0.11075 0.0476667
3 0.786125 0.507833 0.10175 0.0533333
3 0.322125 0.516083 0.12325 0.0355
3 0.94525 0.655833 0.0505 0.0466667
3 0.6135 0.612667 0.084 0.063
3 0.54175 0.567417 0.0905 0.0448333
3 0.865 0.599333 0.0995 0.0586667
3 0.049375 0.4625 0.09875 0.047
3 0.848625 0.534833 0.08025 0.0726667
