3 0.754667 0.621375 0.041 0.03625
3 0.394 0.43175 0.0246667 0.085
3 0.472333 0.685875 0.0606667 0.03975
3 0.608833 0.166375 0.0216667 0.03475
3 0.516417 0.66 0.0318333 0.049
3 0.444 0.52175 0.064 0.0685
3 0.829583 0.28075 0.0285 0.0365
3 0.794833 0.094875 0.0296667 0.03625
3 0.96075 0.015875 0.0261667 0.03175
3 0.67525 0.096 0.0488333 0.1095
3 0.590917 0.50775 0.0298333 0.0415
3 0.126167 0.967 0.049 0.0605
3 0.930333 0.3965 0.0386667 0.04
3 0.478 0.900875 0.026 0.02625
3 0.958083 0.391625 0.0395 0.04325
3 0.00658333 0.845 0.0131667 0.064
3 0.0769167 0.858875 0.0325 0.08475
3 0.0124167 0.425125 0.0248333 0.03825
3 0.365417 0.018375 0.0261667 0.03675
3 0.76675 0.51375 0.0251667 0.1005
3 0.40475 0.043875 0.0295 0.08775
3 0.789917 0.798125 0.0475 0.04475
3 0.383583 0.543375 0.0445 0.04675
3 0.987333 0.20625 0.0253333 0.0465
3 0.509917 0.42775 0.0278333 0.0675
3 0.64275 0.714125 0.0318333 0.06925
3 0.36725 0.334 0.0238333 0.1195
3 0.332333 0.26575 0.032 0.046
3 0.38675 0.102875 0.0615 0.08525
3 0.0534167 0.8085 0.0255 0.069
3 0.560167 0.77975 0.0263333 0.066
3 0.290083 0.928625 0.0581667 0.06525
3 0.508167 0.372375 0.0266667 0.06625
3 0.7195 0.552875 0.0326667 0.06825
3 0.51225 0.3175 0.0251667 0.0685
3 0.131 0.522875 0.0623333 0.04725
3 0.71425 0.98475 0.0385 0.029
3 0.0484167 0.971375 0.0281667 0.03425
3 0.447167 0.081125 0.0343333 0.05175
3 0.702333 0.041875 0.0286667 0.05275
3 0.106 0.059875 0.058 0.08825
3 0.04375 0.383125 0.0505 0.03625
3 0.453083 0.61775 0.0281667 0.038
3 0.0896667 0.70125 0.031 0.0455
3 0.82825 0.0165 0.0268333 0.033
3 0.867917 0.650625 0.0418333 0.05125
3 0.724333 0.924875 0.054 0.03025
3 0.334333 0.33425 0.0326667 0.081
3 0.975917 0.27125 0.0325 0.0435
3 0.665417 0.635625 0.0311667 0.06025
3 0.954917 0.462375 0.0638333 0.03975
3 0.7315 0.192375 0.0306667 0.11825
3 0.523167 0.56725 0.0266667 0.08
3 0.0483333 0.2125 0.044 0.0385
3 0.525417 0.852125 0.0381667 0.03875
3 0.3455 0.17 0.0286667 0.07
3 0.74575 0.575625 0.0348333 0.07325
3 0.578833 0.425375 0.029 0.07925
3 0.628333 0.544625 0.029 0.12325
3 0.0183333 0.094 0.0366667 0.0625
3 0.264333 0.701875 0.043 0.14325
3 0.581583 0.681625 0.0345 0.04625
3 0.594417 0.237375 0.0378333 0.04625
3 0.144167 0.88325 0.058 0.0555
3 0.8195 0.901125 0.0266667 0.05575
3 0.322667 0.44775 0.025 0.0725
3 0.105917 0.12575 0.0285 0.056
3 0.875167 0.815125 0.0246667 0.05775
3 0.143 0.687375 0.0376667 0.04675
3 0.4835 0.036625 0.03 0.06775
3 0.3155 0.63375 0.0466667 0.0405
3 0.830167 0.346375 0.034 0.07125
3 0.502833 0.7425 0.0583333 0.1055
3 0.01375 0.550625 0.0275 0.09975
3 0.514583 0.086625 0.0365 0.05825
3 0.0505833 0.13625 0.0258333 0.067
3 0.645167 0.287625 0.0333333 0.04925
3 0.979167 0.68575 0.031 0.067
3 0.21325 0.356875 0.0775 0.04025
3 0.247 0.812125 0.084 0.08575
3 0.44975 0.146625 0.0511667 0.06325
3 0.0985 0.29475 0.0593333 0.041
3 0.806833 0.605625 0.056 0.04975
3 0.896333 0.564125 0.0226667 0.06775
3 0.952833 0.082625 0.074 0.09025
3 0.17825 0.18725 0.0491667 0.074
3 0.882333 0.412125 0.0433333 0.05675
3 0.713083 0.336 0.0411667 0.0875
3 0.775833 0.24575 0.03 0.0865
3 0.930917 0.324125 0.0305 0.07925
3 0.45375 0.240375 0.0338333 0.06575
3 0.85925 0.93075 0.0378333 0.103
3 0.286 0.4715 0.0443333 0.0815
3 0.203 0.631875 0.0746667 0.11275
3 0.36975 0.44125 0.0361667 0.1145
3 0.04525 0.6525 0.0315 0.1065
3 0.931083 0.917375 0.0305 0.10225
3 0.525417 0.92325 0.0395 0.0705
3 0.1565 0.0665 0.03 0.1185
3 0.555 0.5255 0.026 0.0995
3 0.61375 0.601375 0.0565 0.08425
3 0.489833 0.199125 0.0496667 0.04475
3 0.647417 0.194625 0.0425 0.09525
3 0.214333 0.025375 0.0606667 0.05075
3 0.208333 0.1245 0.0576667 0.084
3 0.35125 0.702625 0.0295 0.12175
3 0.966 0.740625 0.058 0.05725
3 0.8405 0.227375 0.048 0.05525
3 0.205083 0.9055 0.0615 0.072
3 0.90525 0.195125 0.0435 0.11575
3 0.696917 0.887625 0.0488333 0.07425
3 0.863667 0.053 0.071 0.0735
3 0.746917 0.669625 0.0558333 0.09175
3 0.321667 0.821125 0.0526667 0.09875
3 0.4075 0.284375 0.0463333 0.13725
