3 0.121833 0.461 0.0446667 0.043
3 0.610083 0.485 0.0261667 0.0465
3 0.896583 0.246125 0.0705 0.04125
3 0.678417 0.11275 0.0241667 0.0425
3 0.598667 0.769375 0.028 0.04525
3 0.39875 0.54975 0.0265 0.0435
3 0.831417 0.288 0.0375 0.033
3 0.584917 0.62925 0.0191667 0.0315
3 0.897417 0.16525 0.0265 0.044
3 0.788917 0.231125 0.0355 0.05875
3 0.130167 0.662625 0.03 0.03675
3 0.395 0.968625 0.0433333 0.03775
3 0.828333 0.326875 0.0333333 0.04525
3 0.210917 0.347875 0.0288333 0.03725
3 0.787917 0.4885 0.0295 0.0535
3 0.0935833 0.447125 0.0411667 0.04125
3 0.317333 0.834 0.0343333 0.0625
3 0.392167 0.984875 0.0463333 0.02625
3 0.781833 0.057 0.0293333 0.038
3 0.648 0.7355 0.0366667 0.0265
3 0.0996667 0.91525 0.0246667 0.039
3 0.119 0.94225 0.0253333 0.0465
3 0.95025 0.089 0.0258333 0.0315
3 0.927167 0.642 0.0343333 0.05
3 0.808333 0.48325 0.0496667 0.054
3 0.78325 0.949875 0.0221667 0.03475
3 0.551917 0.53525 0.0261667 0.0375
3 0.155917 0.439875 0.0208333 0.05425
3 0.30225 0.756 0.0275 0.071
3 0.956417 0.60925 0.0215 0.037
3 0.722417 0.657 0.0448333 0.04
3 0.10975 0.323 0.0255 0.045
3 0.0294167 0.335 0.0461667 0.033
3 0.0764167 0.485875 0.0338333 0.05075
3 0.94175 0.063625 0.0331667 0.03325
3 0.0859167 0.97125 0.0275 0.0385
3 0.216833 0.5215 0.0283333 0.0495
3 0.88325 0.8585 0.0401667 0.0325
3 0.8205 0.574125 0.0656667 0.02675
3 0.797083 0.252375 0.0295 0.07275
3 0.742833 0.2895 0.0246667 0.045
3 0.0444167 0.91975 0.0261667 0.0325
3 0.332333 0.91475 0.0506667 0.058
3 0.6525 0.710125 0.029 0.05575
3 0.8295 0.2565 0.0343333 0.036
3 0.7545 0.836125 0.024 0.04825
3 0.57875 0.714375 0.0345 0.03775
3 0.247583 0.978125 0.0258333 0.03825
3 0.586417 0.388 0.0275 0.0275
3 0.0614167 0.23525 0.0271667 0.03
3 0.5125 0.206 0.0206667 0.045
3 0.803667 0.861 0.0336667 0.062
3 0.357417 0.5655 0.0275 0.0405
3 0.33725 0.831625 0.0255 0.07175
3 0.49875 0.794875 0.0388333 0.03075
3 0.814333 0.344875 0.0253333 0.04525
3 0.9725 0.215375 0.0216667 0.05625
3 0.0504167 0.979875 0.0355 0.03875
3 0.695417 0.969375 0.0255 0.04175
3 0.949417 0.15375 0.0441667 0.037
3 0.731667 0.973 0.0326667 0.0325
3 0.50875 0.945625 0.0265 0.02875
3 0.430667 0.630875 0.0323333 0.03675
3 0.778417 0.615875 0.0458333 0.03025
3 0.988083 0.625125 0.0238333 0.02575
3 0.370667 0.5815 0.026 0.046
3 0.208167 0.72475 0.022 0.0405
3 0.808 0.945625 0.033 0.04075
3 0.358417 0.75925 0.0348333 0.0575
3 0.0938333 0.139 0.021 0.0555
3 0.489083 0.6345 0.0398333 0.0455
3 0.206667 0.319125 0.0386667 0.04275
3 0.0145833 0.499 0.0291667 0.062
3 0.886833 0.3305 0.0446667 0.0395
3 0.552 0.699125 0.039 0.04725
3 0.112083 0.362125 0.0445 0.03375
3 0.883333 0.180125 0.027 0.06125
3 0.575167 0.797625 0.034 0.03125
3 0.575667 0.25775 0.0256667 0.038
3 0.879083 0.11875 0.0268333 0.0425
3 0.1035 0.79775 0.0326667 0.041
3 0.774333 0.305625 0.0483333 0.03875
3 0.533917 0.89775 0.0328333 0.0415
3 0.226083 0.21025 0.0248333 0.036
3 0.38675 0.7655 0.0298333 0.0785
3 0.0935833 0.251625 0.0231667 0.03875
3 0.07675 0.135875 0.0378333 0.06375
3 0.958917 0.9795 0.0401667 0.0385
3 0.108667 0.4905 0.026 0.055
3 0.456083 0.352875 0.0245 0.04525
3 0.150333 0.57575 0.0313333 0.044
3 0.131667 0.97425 0.03 0.0495
3 0.959667 0.438875 0.0383333 0.02775
3 0.237083 0.9325 0.0278333 0.044
3 0.622333 0.69275 0.0546667 0.0435
3 0.836833 0.14575 0.033 0.0385
3 0.351583 0.08975 0.0318333 0.034
3 0.130833 0.311375 0.035 0.07425
3 0.748 0.6425 0.0466667 0.044
3 0.466833 0.299125 0.0336667 0.04975
3 0.785917 0.91625 0.0348333 0.0355
3 0.0126667 0.16675 0.0253333 0.0645
3 0.326833 0.758 0.0296667 0.032
3 0.475333 0.82875 0.043 0.036
3 0.629417 0.44725 0.0328333 0.0355
3 0.494083 0.72975 0.0281667 0.046
3 0.204 0.89525 0.0313333 0.0415
3 0.0188333 0.593625 0.0313333 0.03125
3 0.946167 0.525375 0.0546667 0.03425
3 0.615583 0.162875 0.0321667 0.04675
3 0.0174167 0.706875 0.0251667 0.03725
3 0.4825 0.670875 0.0246667 0.03775
3 0.472 0.784 0.025 0.04
3 0.0175833 0.42575 0.0278333 0.0355
3 0.428667 0.546625 0.0236667 0.04375
3 0.77525 0.171125 0.0221667 0.06775
3 0.6095 0.267125 0.027 0.05025
3 0.586083 0.5995 0.0351667 0.0335
3 0.951 0.68475 0.0233333 0.063
3 0.169167 0.5235 0.0346667 0.041
3 0.355667 0.65025 0.031 0.042
3 0.0146667 0.021875 0.0293333 0.03825
3 0.110417 0.01575 0.0375 0.0315
3 0.0276667 0.2575 0.0346667 0.066
3 0.3845 0.867125 0.0246667 0.04025
3 0.202167 0.055625 0.026 0.03425
3 0.617583 0.224125 0.0435 0.03775
3 0.970583 0.73075 0.0548333 0.0295
3 0.892167 0.64875 0.0393333 0.062
3 0.252667 0.41125 0.0243333 0.056
3 0.491 0.221875 0.0396667 0.03925
3 0.664 0.512625 0.0276667 0.03875
3 0.39125 0.280875 0.0368333 0.02825
3 0.712667 0.38775 0.0613333 0.0405
3 0.455 0.02275 0.033 0.0415
3 0.984333 0.014125 0.0313333 0.02825
3 0.418667 0.677375 0.0256667 0.04625
3 0.480833 0.978 0.0366667 0.033
3 0.939583 0.199875 0.0348333 0.05575
3 0.552 0.38075 0.0663333 0.0495
3 0.0954167 0.195625 0.0328333 0.05625
3 0.0835833 0.738 0.0475 0.0325
3 0.7065 0.291625 0.0496667 0.04475
3 0.522667 0.024875 0.0333333 0.04725
3 0.904333 0.775 0.0313333 0.056
3 0.585083 0.511 0.0288333 0.0415
3 0.260333 0.134875 0.0343333 0.07825
3 0.674917 0.159 0.0385 0.076
3 0.734917 0.18825 0.0311667 0.0515
3 0.212167 0.569 0.0523333 0.0615
3 0.896833 0.418125 0.0436667 0.06075
3 0.9105 0.0685 0.048 0.072
3 0.377417 0.454125 0.0468333 0.08225
3 0.909167 0.921625 0.0523333 0.09775
3 0.1355 0.189375 0.038 0.05225
3 0.7815 0.79575 0.0666667 0.052
3 0.648667 0.277125 0.039 0.05625
