3 0.186000 0.093000 0.034000 0.079000
3 0.315667 0.151500 0.038667 0.066000
3 0.339000 0.245500 0.050000 0.047000
3 0.254000 0.246000 0.026000 0.041000
3 0.182167 0.295625 0.032333 0.047750
3 0.241000 0.337375 0.038000 0.055250
3 0.310333 0.377000 0.057333 0.073000
3 0.455667 0.365500 0.044000 0.052000
3 0.535000 0.334500 0.040000 0.058000
3 0.456000 0.273125 0.043333 0.064750
3 0.554750 0.244875 0.038500 0.051250
3 0.560083 0.119750 0.050500 0.065500
3 0.473667 0.092875 0.034667 0.072750
3 0.360750 0.043875 0.055167 0.080750
3 0.287500 0.044625 0.043000 0.078250
3 0.258667 0.036500 0.063333 0.044000
3 0.143833 0.022500 0.043667 0.044500
3 0.029333 0.091625 0.056000 0.041250
3 0.074833 0.242000 0.037667 0.046500
3 0.125667 0.346000 0.058667 0.069000
3 0.111000 0.393500 0.030667 0.044000
3 0.048917 0.379500 0.037500 0.068000
3 0.015250 0.243000 0.030167 0.039000
3 0.071667 0.511500 0.064000 0.046000
3 0.083667 0.451000 0.054667 0.059000
3 0.151667 0.473000 0.034667 0.051000
3 0.237000 0.478500 0.025333 0.040000
3 0.234167 0.523000 0.045000 0.099000
3 0.301750 0.561000 0.035833 0.073000
3 0.384167 0.471000 0.033000 0.063000
3 0.453667 0.509000 0.071333 0.054000
3 0.465667 0.426000 0.050667 0.069000
3 0.552333 0.405750 0.045333 0.090500
3 0.701667 0.397500 0.034667 0.078000
3 0.730417 0.330875 0.067833 0.045250
3 0.670000 0.277250 0.055333 0.071000
3 0.727333 0.218500 0.047000 0.056000
3 0.830250 0.133125 0.073500 0.100750
3 0.872000 0.046000 0.059333 0.067000
3 0.657250 0.066250 0.040833 0.086500
3 0.537000 0.023875 0.037333 0.047250
3 0.105667 0.639000 0.033333 0.091000
3 0.151167 0.659375 0.062333 0.111750
3 0.168500 0.715250 0.057333 0.103000
3 0.207667 0.773000 0.040000 0.075000
3 0.231417 0.794750 0.031167 0.078500
3 0.266000 0.747500 0.039333 0.098000
3 0.314000 0.759000 0.039333 0.087000
3 0.385667 0.736000 0.041333 0.071000
3 0.423833 0.870125 0.035667 0.120750
3 0.443333 0.854000 0.046000 0.117000
3 0.490333 0.778000 0.042667 0.077000
3 0.451333 0.787000 0.039333 0.083000
3 0.535417 0.663250 0.038167 0.077500
3 0.580333 0.612500 0.033333 0.066000
3 0.095000 0.737250 0.054667 0.076500
3 0.011583 0.827125 0.022833 0.082750
3 0.015250 0.745875 0.030167 0.049250
3 0.131333 0.876500 0.043333 0.054000
3 0.032917 0.910625 0.065500 0.049750
3 0.202917 0.973250 0.059833 0.053500
3 0.237917 0.927750 0.054833 0.053000
3 0.372333 0.923250 0.052000 0.053500
3 0.366667 0.875500 0.052667 0.038000
3 0.529333 0.859000 0.035333 0.077000
3 0.563667 0.803000 0.045333 0.085000
3 0.587667 0.699500 0.032000 0.064000
3 0.633667 0.667000 0.036000 0.081000
3 0.671333 0.632000 0.052667 0.061000
3 0.652667 0.580500 0.036667 0.054000
3 0.827167 0.626000 0.065000 0.065000
3 0.743333 0.683500 0.034000 0.066000
3 0.735667 0.756500 0.037333 0.064000
3 0.745667 0.806500 0.037333 0.064000
3 0.807333 0.842500 0.043333 0.090000
3 0.825667 0.948500 0.050667 0.076000
3 0.877667 0.923500 0.056000 0.052000
3 0.971167 0.880250 0.057667 0.049500
3 0.975833 0.916875 0.048333 0.044750
3 0.976333 0.969500 0.046667 0.052000
3 0.634583 0.978250 0.048500 0.043500
3 0.525000 0.973750 0.041333 0.052500
3 0.423000 0.690250 0.030667 0.051000
3 0.398667 0.564000 0.040667 0.041000
3 0.876000 0.437000 0.047333 0.091000
3 0.845667 0.444500 0.052000 0.048000
3 0.776583 0.420625 0.052500 0.094250
3 0.948667 0.577500 0.039333 0.076000
3 0.975000 0.686500 0.034667 0.054000
3 0.929333 0.713000 0.055333 0.081000
3 0.857667 0.715000 0.049333 0.067000
3 0.883333 0.802000 0.034000 0.093000
3 0.900333 0.319500 0.052000 0.036000
3 0.928667 0.347500 0.047333 0.098000
3 0.849333 0.277500 0.038000 0.058000
3 0.981167 0.274750 0.037667 0.036500
3 0.333667 0.974000 0.036000 0.051000
3 0.454250 0.955250 0.037167 0.089500
3 0.377833 0.194125 0.029333 0.032750
3 0.221167 0.147750 0.033667 0.054500
3 0.030917 0.350875 0.057500 0.051250
3 0.105750 0.432375 0.051167 0.070750
3 0.085667 0.849875 0.038000 0.042750
3 0.479917 0.511125 0.033500 0.054250
3 0.632583 0.960250 0.033167 0.043000
3 0.858333 0.376250 0.037667 0.062000
3 0.894833 0.603500 0.058667 0.041000
3 0.186583 0.535375 0.042500 0.044750
3 0.024667 0.546875 0.036667 0.038250
3 0.179583 0.833875 0.035167 0.041750
3 0.229667 0.053500 0.037000 0.054500
