3 0.363333 0.408000 0.052667 0.069000
3 0.388000 0.461750 0.038000 0.038000
3 0.313333 0.529000 0.030000 0.071000
3 0.361167 0.557500 0.044333 0.063000
3 0.378083 0.631250 0.039167 0.056500
3 0.411000 0.642500 0.037333 0.052000
3 0.499000 0.763500 0.052000 0.080000
3 0.331833 0.727875 0.057667 0.052750
3 0.302417 0.775125 0.026833 0.066250
3 0.247000 0.845500 0.032000 0.050000
3 0.366667 0.875500 0.028667 0.086000
3 0.408333 0.911500 0.040000 0.104000
3 0.443333 0.901500 0.034000 0.122000
3 0.459667 0.845500 0.033333 0.084000
3 0.508667 0.937500 0.034000 0.100000
3 0.533000 0.844000 0.033333 0.085000
3 0.576333 0.833000 0.036000 0.061000
3 0.647000 0.873000 0.041333 0.087000
3 0.628917 0.901625 0.050833 0.083750
3 0.595167 0.909125 0.039667 0.082750
3 0.483000 0.458500 0.042667 0.066000
3 0.468000 0.512500 0.034000 0.072000
3 0.512667 0.537500 0.035333 0.084000
3 0.588833 0.627250 0.032333 0.107500
3 0.623500 0.646625 0.041667 0.071750
3 0.660333 0.536500 0.028000 0.084000
3 0.625833 0.513500 0.044000 0.060000
3 0.700667 0.548000 0.036000 0.051000
3 0.761000 0.621000 0.037333 0.097000
3 0.069000 0.112500 0.062667 0.068000
3 0.074667 0.155000 0.036667 0.059000
3 0.186333 0.129250 0.040000 0.052000
3 0.143667 0.274125 0.037000 0.053250
3 0.322667 0.095000 0.046000 0.095000
3 0.425333 0.153500 0.043333 0.062000
3 0.404000 0.247500 0.055333 0.054000
3 0.426667 0.314500 0.047333 0.048000
3 0.514333 0.388500 0.038667 0.074000
3 0.546333 0.311500 0.036000 0.090000
3 0.495000 0.266500 0.044000 0.044000
3 0.510000 0.158000 0.051333 0.073000
3 0.546000 0.230000 0.042000 0.075000
3 0.607667 0.233500 0.034667 0.054000
3 0.643000 0.204000 0.036000 0.089000
3 0.699333 0.256000 0.026000 0.093000
3 0.679667 0.295000 0.034667 0.075000
3 0.664333 0.436000 0.044000 0.067000
3 0.611000 0.362000 0.037333 0.051000
3 0.744667 0.453000 0.043333 0.089000
3 0.783000 0.483500 0.041333 0.070000
3 0.056000 0.027500 0.042000 0.040000
3 0.031417 0.083750 0.032833 0.048500
3 0.030333 0.262000 0.042667 0.041000
3 0.063750 0.305500 0.057167 0.032500
3 0.161083 0.363000 0.045500 0.086000
3 0.205000 0.350000 0.036000 0.055000
3 0.242667 0.388500 0.043333 0.078000
3 0.205000 0.426500 0.036000 0.098000
3 0.135083 0.465875 0.049833 0.049250
3 0.082417 0.380250 0.046167 0.052500
3 0.031000 0.362250 0.041333 0.064500
3 0.070667 0.551000 0.067333 0.039000
3 0.085667 0.500000 0.038667 0.039000
3 0.184667 0.552000 0.056667 0.067000
3 0.100833 0.597500 0.043000 0.065500
3 0.058667 0.687125 0.045333 0.069250
3 0.154500 0.743000 0.044000 0.081000
3 0.100833 0.788750 0.055000 0.110500
3 0.150167 0.828000 0.052000 0.113000
3 0.074250 0.790250 0.031833 0.052000
3 0.033000 0.781375 0.065667 0.106250
3 0.010583 0.739750 0.020833 0.057500
3 0.028667 0.982750 0.048667 0.034500
3 0.286667 0.842500 0.047333 0.102000
3 0.310000 0.880000 0.035333 0.095000
3 0.768333 0.841500 0.049333 0.100000
3 0.828000 0.808000 0.062000 0.049000
3 0.890333 0.882250 0.034667 0.067500
3 0.806333 0.944000 0.040667 0.091000
3 0.776583 0.927000 0.043500 0.075000
3 0.960667 0.863000 0.034000 0.071000
3 0.963333 0.925000 0.038000 0.065000
3 0.956333 0.621000 0.034667 0.091000
3 0.920667 0.567500 0.042000 0.074000
3 0.878667 0.495000 0.063333 0.047000
3 0.915583 0.440375 0.057167 0.063750
3 0.898333 0.333000 0.086667 0.049000
3 0.929000 0.259750 0.070000 0.046000
3 0.835333 0.241000 0.038000 0.065000
3 0.843000 0.151500 0.046667 0.036000
3 0.878000 0.101125 0.032667 0.047250
3 0.911000 0.060375 0.038667 0.043750
3 0.930000 0.025000 0.046000 0.041000
3 0.785000 0.026625 0.046000 0.052750
3 0.750333 0.101250 0.045333 0.078500
3 0.795000 0.146500 0.034667 0.100000
3 0.552333 0.061500 0.057333 0.074000
3 0.534000 0.101000 0.050000 0.093000
3 0.598000 0.013500 0.031333 0.026000
3 0.338333 0.017000 0.030667 0.029000
3 0.236000 0.033750 0.047333 0.062500
3 0.136000 0.134000 0.036667 0.039000
3 0.759333 0.247000 0.032667 0.079000
3 0.688333 0.165000 0.064000 0.029000
3 0.796083 0.595875 0.031167 0.049250
3 0.313333 0.233500 0.034000 0.046000
3 0.275667 0.627500 0.033333 0.048000
3 0.241667 0.533000 0.033333 0.053000
3 0.381250 0.697125 0.035500 0.054750
3 0.487667 0.603500 0.034667 0.066000
3 0.550667 0.641500 0.032667 0.062000
3 0.596583 0.684000 0.022167 0.049000
3 0.750083 0.690000 0.024833 0.082000
3 0.632917 0.973000 0.035833 0.054000
3 0.258000 0.928500 0.043333 0.074000
3 0.155000 0.947000 0.044000 0.043000
3 0.102750 0.952625 0.055500 0.042250
3 0.079667 0.869500 0.048000 0.038000
3 0.079500 0.332625 0.050333 0.034750
3 0.285667 0.128125 0.052333 0.046750
3 0.361417 0.097750 0.027167 0.045500
3 0.319667 0.308500 0.026000 0.023000
3 0.370333 0.930375 0.024333 0.045250
3 0.546333 0.895500 0.025667 0.057000
3 0.634167 0.325500 0.023333 0.032500
3 0.529750 0.142625 0.026500 0.038750
3 0.414333 0.224125 0.025333 0.037250
3 0.690833 0.403625 0.031667 0.034250
3 0.667583 0.424750 0.031167 0.048500
3 0.777750 0.201250 0.034833 0.049500
3 0.897250 0.071625 0.036167 0.042750
3 0.892917 0.750250 0.021167 0.065000
