3 0.073 0.63575 0.0436667 0.0435
3 0.823833 0.444625 0.0313333 0.05075
3 0.454417 0.7195 0.0218333 0.057
3 0.496917 0.65175 0.0438333 0.061
3 0.746833 0.762625 0.0316667 0.03575
3 0.52175 0.9055 0.0331667 0.036
3 0.975167 0.79075 0.0403333 0.0445
3 0.682167 0.573875 0.04 0.05125
3 0.766917 0.255375 0.0328333 0.03975
3 0.985417 0.7495 0.0285 0.056
3 0.990083 0.017125 0.0198333 0.03425
3 0.2625 0.945125 0.046 0.05225
3 0.344083 0.747125 0.0345 0.06475
3 0.27575 0.8775 0.0365 0.054
3 0.9815 0.213375 0.0366667 0.05425
3 0.0845833 0.021625 0.0401667 0.04325
3 0.59 0.283375 0.0336667 0.04875
3 0.754583 0.580875 0.0285 0.04625
3 0.231583 0.0985 0.0438333 0.045
3 0.811 0.417125 0.04 0.06225
3 0.778167 0.613125 0.0333333 0.03825
3 0.586583 0.50425 0.0331667 0.049
3 0.0474167 0.607625 0.0625 0.04925
3 0.807333 0.492 0.0286667 0.04
3 0.274417 0.669 0.0328333 0.05
3 0.231333 0.065375 0.036 0.04575
3 0.152 0.60875 0.0373333 0.046
3 0.571667 0.3755 0.0323333 0.0395
3 0.461 0.019375 0.0373333 0.03875
3 0.790917 0.823375 0.0291667 0.03625
3 0.5155 0.067 0.03 0.0465
3 0.517083 0.598125 0.0355 0.04625
3 0.750833 0.5125 0.034 0.0375
3 0.20625 0.43825 0.0368333 0.0325
3 0.46225 0.62325 0.0298333 0.0645
3 0.623333 0.507625 0.0413333 0.05125
3 0.02075 0.683375 0.0408333 0.04075
3 0.596583 0.858875 0.0238333 0.05775
3 0.743 0.863 0.0333333 0.0405
3 0.9885 0.34375 0.0223333 0.1075
3 0.651083 0.552625 0.0485 0.04275
3 0.25525 0.207875 0.0465 0.04425
3 0.721583 0.718875 0.0498333 0.04225
3 0.836 0.178 0.0313333 0.063
3 0.768833 0.9745 0.0363333 0.0465
3 0.6705 0.5005 0.032 0.0485
3 0.19325 0.2035 0.0368333 0.0425
3 0.296583 0.618375 0.0428333 0.04225
3 0.34575 0.192625 0.0425 0.05825
3 0.24725 0.821875 0.0461667 0.04525
3 0.882333 0.588875 0.0353333 0.04875
3 0.113667 0.687875 0.044 0.07925
3 0.189167 0.606125 0.033 0.04375
3 0.221917 0.12925 0.0435 0.0415
3 0.0211667 0.455625 0.0416667 0.03925
3 0.527417 0.01575 0.0375 0.0315
3 0.655667 0.9465 0.0293333 0.063
3 0.218667 0.952375 0.0383333 0.06125
3 0.415167 0.074125 0.053 0.05725
3 0.798917 0.966375 0.0311667 0.06425
3 0.5995 0.436125 0.0373333 0.04875
3 0.39775 0.459375 0.0368333 0.04825
3 0.371333 0.026625 0.026 0.05325
3 0.801417 0.28875 0.0538333 0.08
3 0.02825 0.754 0.0448333 0.081
3 0.826583 0.228625 0.0395 0.04275
3 0.744833 0.45675 0.05 0.0405
3 0.710083 0.374875 0.0468333 0.03925
3 0.604167 0.159125 0.0363333 0.05575
3 0.8185 0.892375 0.0383333 0.04775
3 0.638417 0.3815 0.0351667 0.0565
3 0.60675 0.022 0.0271667 0.044
3 0.477583 0.2405 0.0491667 0.048
3 0.62675 0.113625 0.0298333 0.04825
3 0.477333 0.16625 0.036 0.067
3 0.120333 0.20125 0.0636667 0.038
3 0.64675 0.44375 0.0358333 0.051
3 0.903333 0.735625 0.0316667 0.08425
3 0.447167 0.167375 0.0396667 0.08525
3 0.652833 0.646125 0.0373333 0.07725
3 0.52825 0.727 0.0335 0.0655
3 0.904333 0.4135 0.0436667 0.0985
3 0.6705 0.201625 0.033 0.04975
3 0.0261667 0.0765 0.047 0.057
3 0.9795 0.063 0.041 0.0475
3 0.08975 0.78375 0.0581667 0.075
3 0.849583 0.505375 0.0368333 0.09475
3 0.325417 0.78925 0.0391667 0.0575
3 0.573417 0.71 0.0318333 0.065
3 0.251333 0.56525 0.033 0.0565
3 0.86575 0.673 0.0431667 0.0505
3 0.2705 0.520875 0.0323333 0.05625
3 0.298917 0.159375 0.0421667 0.05225
3 0.948917 0.826125 0.0588333 0.06775
3 0.928417 0.52875 0.0625 0.045
3 0.1825 0.0705 0.0386667 0.0875
3 0.12725 0.41575 0.0575 0.0565
3 0.290667 0.406125 0.041 0.07375
3 0.753333 0.042125 0.0336667 0.06275
3 0.881833 0.932375 0.049 0.06175
3 0.504833 0.43875 0.0463333 0.055
3 0.4305 0.725125 0.038 0.08475
3 0.717583 0.204375 0.0328333 0.05425
3 0.464167 0.093375 0.0553333 0.07275
3 0.62725 0.81825 0.0361667 0.0895
3 0.117083 0.107375 0.0358333 0.07475
3 0.79025 0.532 0.0365 0.0765
3 0.465417 0.54925 0.0618333 0.073
3 0.343167 0.342 0.033 0.0765
3 0.496583 0.956875 0.0541667 0.07675
3 0.526833 0.502625 0.0486667 0.07475
3 0.92075 0.028875 0.0388333 0.05775
3 0.795583 0.081125 0.0368333 0.07125
3 0.710833 0.785 0.048 0.108
3 0.70625 0.283625 0.0868333 0.08575
3 0.410833 0.90525 0.0556667 0.0745
