3 0.00991667 0.566125 0.0191667 0.06125
3 0.97325 0.01375 0.0291667 0.0275
3 0.245833 0.5605 0.0323333 0.051
3 0.864333 0.130375 0.0283333 0.05525
3 0.0100833 0.9415 0.0188333 0.061
3 0.353833 0.835 0.0323333 0.043
3 0.244917 0.746375 0.0285 0.03975
3 0.602083 0.18525 0.0245 0.047
3 0.647917 0.357 0.0321667 0.037
3 0.469083 0.340125 0.0215 0.03775
3 0.889917 0.727 0.0281667 0.041
3 0.616917 0.58325 0.0285 0.0405
3 0.549583 0.36475 0.0285 0.041
3 0.042 0.458375 0.033 0.05075
3 0.159667 0.883625 0.0236667 0.04575
3 0.0116667 0.98075 0.0233333 0.0365
3 0.06175 0.395625 0.0378333 0.04725
3 0.93375 0.354 0.0395 0.05
3 0.278417 0.021375 0.0285 0.03775
3 0.0288333 0.175875 0.0413333 0.06475
3 0.238333 0.4315 0.032 0.051
3 0.0123333 0.075375 0.0246667 0.04725
3 0.812333 0.1035 0.0336667 0.0495
3 0.0108333 0.482875 0.021 0.05825
3 0.56825 0.318 0.0235 0.039
3 0.25125 0.299625 0.0368333 0.04425
3 0.269167 0.34375 0.0396667 0.0485
3 0.729833 0.854625 0.035 0.04575
3 0.54325 0.68425 0.0301667 0.0475
3 0.435333 0.02025 0.0353333 0.0405
3 0.2105 0.407 0.0356667 0.046
3 0.400833 0.033375 0.047 0.04725
3 0.0366667 0.1095 0.0323333 0.043
3 0.8005 0.207125 0.043 0.03775
3 0.539583 0.424125 0.0311667 0.04475
3 0.4135 0.4235 0.0326667 0.047
3 0.053 0.692125 0.0433333 0.04175
3 0.19525 0.589 0.0408333 0.045
3 0.778083 0.32925 0.0315 0.0455
3 0.370417 0.31725 0.0471667 0.048
3 0.261917 0.47475 0.0358333 0.053
3 0.0533333 0.315875 0.0276667 0.03975
3 0.107167 0.62775 0.037 0.0455
3 0.539333 0.77275 0.0363333 0.0415
3 0.343917 0.1135 0.0338333 0.045
3 0.151333 0.087125 0.0433333 0.05425
3 0.553 0.82325 0.0293333 0.0445
3 0.643417 0.316125 0.0368333 0.04275
3 0.385917 0.54275 0.0371667 0.0555
3 0.598167 0.945375 0.03 0.04425
3 0.808917 0.386125 0.0308333 0.04025
3 0.989333 0.233125 0.0203333 0.06675
3 0.698583 0.83325 0.0305 0.0395
3 0.984583 0.756 0.0295 0.045
3 0.594833 0.610625 0.039 0.04375
3 0.962083 0.8085 0.0391667 0.0465
3 0.3725 0.428375 0.036 0.04725
3 0.45825 0.93 0.0375 0.0425
3 0.797417 0.436375 0.0358333 0.03675
3 0.50225 0.942375 0.0338333 0.04225
3 0.0791667 0.083375 0.0336667 0.04825
3 0.0865 0.750625 0.0293333 0.04925
3 0.0279167 0.65125 0.0485 0.059
3 0.228417 0.66775 0.0385 0.058
3 0.33725 0.26225 0.0318333 0.05
3 0.985 0.044625 0.03 0.06175
3 0.41875 0.709625 0.0385 0.05075
3 0.0756667 0.1575 0.0346667 0.046
3 0.879833 0.347625 0.035 0.04075
3 0.96375 0.16625 0.0335 0.046
3 0.0880833 0.372625 0.0511667 0.05575
3 0.588917 0.6735 0.0418333 0.046
3 0.705917 0.635 0.0381667 0.058
3 0.211333 0.1195 0.04 0.04
3 0.135917 0.20375 0.0298333 0.054
3 0.1415 0.9705 0.0416667 0.052
3 0.771167 0.786125 0.0426667 0.05125
3 0.390167 0.198375 0.0426667 0.05275
3 0.282333 0.151125 0.0506667 0.04525
3 0.342667 0.7505 0.0416667 0.049
3 0.56175 0.5105 0.0535 0.059
3 0.296667 0.777125 0.038 0.04875
3 0.669083 0.256 0.0345 0.062
3 0.6455 0.40175 0.0363333 0.063
3 0.975167 0.66825 0.0456667 0.051
3 0.413167 0.2515 0.0396667 0.0545
3 0.157 0.51775 0.0416667 0.055
3 0.0985 0.211625 0.0353333 0.05675
3 0.433917 0.109875 0.0398333 0.05375
3 0.208417 0.8075 0.0368333 0.0515
3 0.91325 0.757625 0.0421667 0.05025
3 0.49925 0.621875 0.0441667 0.05575
3 0.176167 0.282 0.0486667 0.0555
3 0.591417 0.771 0.0428333 0.051
3 0.141917 0.68175 0.0418333 0.051
3 0.65075 0.962125 0.0518333 0.04925
3 0.822 0.27625 0.039 0.0615
3 0.535167 0.240625 0.0466667 0.05925
3 0.0749167 0.903625 0.0401667 0.06225
3 0.598667 0.225375 0.0313333 0.05725
3 0.8735 0.057875 0.0403333 0.05825
3 0.518417 0.054 0.0395 0.063
3 0.301667 0.6925 0.0376667 0.063
3 0.795667 0.7185 0.044 0.053
3 0.975 0.30075 0.0423333 0.0675
3 0.873083 0.4375 0.0441667 0.0535
3 0.460917 0.816 0.0435 0.087
3 0.220833 0.92675 0.0433333 0.066
3 0.7165 0.266625 0.0433333 0.07075
3 0.083 0.48925 0.0426667 0.1335
3 0.73125 0.153625 0.0461667 0.10625
