3 0.0346667 0.37825 0.028 0.028
3 0.192417 0.8995 0.0368333 0.0375
3 0.785417 0.9235 0.0288333 0.0425
3 0.0165 0.133375 0.033 0.05775
3 0.2505 0.02175 0.0296667 0.0435
3 0.78775 0.95975 0.0331667 0.0465
3 0.828417 0.584375 0.0398333 0.04375
3 0.96525 0.782 0.0318333 0.0475
3 0.403167 0.599375 0.0243333 0.03975
3 0.4185 0.2965 0.035 0.046
3 0.290667 0.101625 0.031 0.04425
3 0.976167 0.955875 0.029 0.06075
3 0.778583 0.732125 0.0295 0.03525
3 0.495833 0.06525 0.0276667 0.04
3 0.181333 0.709625 0.0326667 0.04975
3 0.643917 0.399125 0.0258333 0.03575
3 0.938917 0.342375 0.0285 0.04875
3 0.71725 0.793875 0.0388333 0.05125
3 0.77 0.453875 0.027 0.03525
3 0.800333 0.377 0.0326667 0.0405
3 0.410333 0.659 0.0303333 0.047
3 0.788917 0.153 0.0258333 0.04
3 0.630583 0.215875 0.0281667 0.04625
3 0.515167 0.406625 0.0343333 0.04725
3 0.0675 0.647125 0.03 0.05375
3 0.215833 0.933625 0.0286667 0.03725
3 0.610917 0.40675 0.0355 0.042
3 0.893167 0.481625 0.031 0.05375
3 0.17875 0.933375 0.0455 0.05325
3 0.986583 0.123625 0.0258333 0.04225
3 0.2665 0.7465 0.0273333 0.0425
3 0.959 0.289 0.0263333 0.045
3 0.1 0.6015 0.0343333 0.052
3 0.43525 0.093 0.0311667 0.0475
3 0.876833 0.11475 0.0323333 0.042
3 0.162333 0.481625 0.0326667 0.04875
3 0.944333 0.67975 0.0286667 0.037
3 0.398833 0.090125 0.037 0.05925
3 0.8225 0.038375 0.033 0.04575
3 0.91425 0.276 0.0288333 0.0535
3 0.62875 0.5025 0.0341667 0.044
3 0.0315833 0.635875 0.0595 0.04475
3 0.227083 0.418625 0.0321667 0.03725
3 0.569 0.639 0.029 0.0345
3 0.770583 0.079875 0.0381667 0.04725
3 0.992167 0.1905 0.0156667 0.06
3 0.102833 0.31125 0.0383333 0.052
3 0.3315 0.650375 0.0333333 0.03975
3 0.327917 0.915375 0.0295 0.04275
3 0.14925 0.638625 0.0351667 0.05725
3 0.986583 0.368125 0.0268333 0.04825
3 0.718083 0.606125 0.0265 0.08075
3 0.138167 0.359875 0.0333333 0.04825
3 0.0300833 0.271875 0.0361667 0.04025
3 0.881083 0.29475 0.0308333 0.047
3 0.115083 0.75775 0.0581667 0.055
3 0.528 0.24925 0.0323333 0.0435
3 0.1895 0.018 0.055 0.036
3 0.612333 0.811875 0.0383333 0.04775
3 0.782333 0.689 0.0426667 0.049
3 0.201167 0.250875 0.0366667 0.06875
3 0.944333 0.460375 0.0326667 0.04025
3 0.390167 0.39925 0.0393333 0.0535
3 0.602167 0.722125 0.0376667 0.04375
3 0.790333 0.42775 0.0456667 0.0405
3 0.679333 0.970875 0.036 0.05025
3 0.201 0.080125 0.042 0.04825
3 0.444167 0.791375 0.028 0.04775
3 0.389417 0.791 0.0301667 0.046
3 0.845083 0.8075 0.0405 0.0525
3 0.68525 0.827875 0.0358333 0.07075
3 0.686917 0.08375 0.0348333 0.044
3 0.93025 0.04725 0.0338333 0.0515
3 0.805167 0.6075 0.036 0.0595
3 0.43225 0.73225 0.0301667 0.053
3 0.212167 0.809375 0.042 0.04775
3 0.22025 0.46525 0.0475 0.0465
3 0.755583 0.6295 0.0411667 0.065
3 0.508667 0.17625 0.043 0.0475
3 0.529917 0.465 0.0305 0.0605
3 0.38425 0.332 0.0398333 0.0475
3 0.48125 0.639 0.0398333 0.062
3 0.912917 0.354 0.0331667 0.061
3 0.881167 0.658875 0.0313333 0.05325
3 0.94675 0.75075 0.0365 0.057
3 0.450833 0.3135 0.0376667 0.0695
3 0.906167 0.041375 0.0366667 0.05825
3 0.208417 0.59425 0.0448333 0.048
3 0.399167 0.559375 0.0386667 0.07175
3 0.0636667 0.122875 0.039 0.05025
3 0.580167 0.954625 0.0453333 0.04775
3 0.6335 0.058875 0.0356667 0.05175
3 0.319333 0.72825 0.0456667 0.051
3 0.7265 0.096625 0.027 0.06575
3 0.848083 0.345375 0.0378333 0.06175
3 0.604833 0.647 0.034 0.0475
3 0.02775 0.034125 0.0335 0.05375
3 0.560417 0.83 0.0361667 0.056
3 0.26975 0.3075 0.0338333 0.065
3 0.307833 0.40475 0.039 0.075
3 0.253833 0.8705 0.0386667 0.048
3 0.2265 0.32425 0.033 0.059
3 0.630333 0.28425 0.0353333 0.061
3 0.873333 0.0345 0.038 0.0635
3 0.280833 0.183125 0.0586667 0.06425
3 0.215083 0.15 0.0405 0.071
3 0.82875 0.242 0.0401667 0.0765
3 0.463 0.9125 0.044 0.0615
3 0.507583 0.693875 0.0375 0.05775
3 0.758167 0.1695 0.041 0.0945
3 0.688333 0.613375 0.0376667 0.06325
