3 0.767167 0.832375 0.0336667 0.04425
3 0.104333 0.127 0.0413333 0.045
3 0.302083 0.138375 0.0325 0.03275
3 0.852 0.951 0.0323333 0.0405
3 0.598333 0.07025 0.022 0.0345
3 0.0135833 0.272 0.0271667 0.052
3 0.728833 0.133625 0.04 0.05275
3 0.205083 0.92125 0.0348333 0.0425
3 0.621 0.87225 0.0253333 0.0385
3 0.0640833 0.48725 0.0358333 0.096
3 0.0768333 0.27175 0.0533333 0.0395
3 0.0215833 0.951375 0.0431667 0.06075
3 0.16475 0.067875 0.0301667 0.03025
3 0.141583 0.973625 0.0215 0.03875
3 0.418 0.765625 0.0363333 0.05575
3 0.254 0.012625 0.0356667 0.02525
3 0.504333 0.409125 0.0403333 0.06925
3 0.236833 0.25125 0.0256667 0.035
3 0.526583 0.529125 0.0241667 0.04175
3 0.24675 0.28675 0.0228333 0.038
3 0.3045 0.218125 0.0233333 0.04275
3 0.1235 0.05925 0.041 0.034
3 0.0371667 0.793 0.03 0.0435
3 0.502083 0.2205 0.0305 0.052
3 0.365833 0.089625 0.0323333 0.06975
3 0.826083 0.844375 0.0461667 0.03725
3 0.379167 0.25875 0.0356667 0.04
3 0.27925 0.626875 0.0425 0.05825
3 0.163333 0.247125 0.0393333 0.06175
3 0.980083 0.259625 0.0388333 0.04575
3 0.988 0.117875 0.022 0.06925
3 0.0349167 0.233875 0.0328333 0.03775
3 0.548167 0.180375 0.027 0.03725
3 0.827667 0.05125 0.0266667 0.0475
3 0.334083 0.252 0.0358333 0.046
3 0.324583 0.2905 0.0318333 0.036
3 0.644833 0.1765 0.029 0.0525
3 0.32425 0.566125 0.0321667 0.04725
3 0.75275 0.318875 0.0348333 0.04675
3 0.0600833 0.937125 0.0475 0.03775
3 0.719 0.29875 0.0433333 0.058
3 0.783917 0.1895 0.0351667 0.0455
3 0.0405833 0.173 0.0458333 0.056
3 0.255 0.33325 0.0296667 0.0385
3 0.216833 0.023625 0.0536667 0.04525
3 0.125167 0.108625 0.0343333 0.04875
3 0.432167 0.77275 0.0343333 0.0785
3 0.8995 0.20325 0.026 0.037
3 0.639 0.23375 0.03 0.0475
3 0.936333 0.158 0.0263333 0.044
3 0.170417 0.177 0.0311667 0.042
3 0.0975 0.45 0.0343333 0.045
3 0.52525 0.819875 0.0381667 0.07475
3 0.297083 0.332 0.0315 0.045
3 0.954833 0.2475 0.0316667 0.06
3 0.0194167 0.05675 0.0368333 0.047
3 0.826417 0.806875 0.0451667 0.04625
3 0.379583 0.0815 0.0351667 0.0825
3 0.384167 0.354125 0.051 0.04325
3 0.535167 0.575625 0.0383333 0.03975
3 0.17725 0.947 0.0308333 0.0485
3 0.920583 0.729125 0.0381667 0.05475
3 0.943167 0.934375 0.032 0.06175
3 0.618417 0.172 0.0331667 0.0595
3 0.67275 0.190625 0.0285 0.06575
3 0.646417 0.51925 0.0385 0.068
3 0.9545 0.72925 0.0406667 0.044
3 0.571167 0.71875 0.0583333 0.052
3 0.779833 0.2455 0.0336667 0.0445
3 0.0575 0.63425 0.0313333 0.0465
3 0.692667 0.9655 0.037 0.048
3 0.741917 0.9385 0.0381667 0.043
3 0.259 0.21625 0.0353333 0.0675
3 0.128667 0.267125 0.0476667 0.06975
3 0.567167 0.055 0.0296667 0.0405
3 0.328417 0.826125 0.0508333 0.04425
3 0.0811667 0.32425 0.0363333 0.04
3 0.919583 0.615375 0.0401667 0.05075
3 0.468083 0.621625 0.0408333 0.05475
3 0.8055 0.980375 0.0556667 0.03625
3 0.931917 0.310875 0.0381667 0.06275
3 0.647167 0.723625 0.0466667 0.04675
3 0.497833 0.3465 0.0346667 0.0465
3 0.0168333 0.618 0.0336667 0.043
3 0.752 0.625625 0.0343333 0.04475
3 0.07 0.206875 0.038 0.04925
3 0.331167 0.631875 0.049 0.04975
3 0.2995 0.9685 0.0483333 0.04
3 0.617917 0.820375 0.0368333 0.06825
3 0.244083 0.96675 0.0415 0.0485
3 0.919583 0.857125 0.0298333 0.07125
3 0.864167 0.176375 0.0386667 0.03425
3 0.432667 0.97725 0.0443333 0.043
3 0.802917 0.61575 0.0345 0.0535
3 0.648583 0.58025 0.0428333 0.058
3 0.513667 0.142375 0.0353333 0.08325
3 0.693083 0.6305 0.0485 0.054
3 0.230417 0.5765 0.0475 0.044
3 0.566667 0.836875 0.0566667 0.06025
3 0.205167 0.328125 0.038 0.05725
3 0.775 0.5075 0.0353333 0.085
3 0.9845 0.485625 0.0293333 0.06975
3 0.95775 0.132625 0.0361667 0.08475
3 0.0469167 0.72 0.0368333 0.0485
3 0.588333 0.223875 0.0336667 0.05225
3 0.4935 0.925625 0.038 0.06775
3 0.31825 0.089125 0.0585 0.06225
3 0.966333 0.462 0.0323333 0.093
3 0.454583 0.8765 0.0365 0.0605
3 0.98125 0.63325 0.0365 0.054
3 0.471917 0.237375 0.0405 0.07325
3 0.236167 0.69425 0.0453333 0.0535
3 0.883 0.06825 0.0456667 0.0625
3 0.588083 0.527625 0.0368333 0.08325
3 0.446833 0.519875 0.0403333 0.08025
3 0.113 0.738875 0.0506667 0.06725
3 0.034 0.403125 0.0476667 0.08925
