3 0.400833 0.580875 0.0226667 0.02575
3 0.889 0.25375 0.0273333 0.0395
3 0.0735 0.119875 0.0276667 0.04475
3 0.939167 0.015375 0.0226667 0.03075
3 0.986083 0.31475 0.0278333 0.0365
3 0.815583 0.597625 0.0288333 0.03225
3 0.898 0.062625 0.021 0.03025
3 0.307167 0.5605 0.0336667 0.0425
3 0.945083 0.33325 0.0845 0.072
3 0.853833 0.1445 0.0276667 0.0345
3 0.898667 0.98125 0.045 0.0335
3 0.651167 0.811375 0.0356667 0.03675
3 0.210333 0.18875 0.023 0.0275
3 0.99075 0.01425 0.0178333 0.0285
3 0.797583 0.794 0.0465 0.039
3 0.281667 0.04975 0.0376667 0.0315
3 0.953833 0.89575 0.0496667 0.0425
3 0.816583 0.701625 0.0495 0.04075
3 0.631417 0.60475 0.0415 0.037
3 0.559 0.3385 0.0356667 0.0405
3 0.246917 0.745125 0.0421667 0.06475
3 0.0626667 0.3395 0.0306667 0.0475
3 0.234833 0.5765 0.0316667 0.039
3 0.804333 0.86925 0.038 0.069
3 0.626917 0.066 0.0301667 0.0305
3 0.244667 0.011 0.0266667 0.022
3 0.8445 0.085875 0.024 0.02975
3 0.651917 0.96625 0.0371667 0.045
3 0.3545 0.977625 0.0413333 0.03425
3 0.4625 0.495125 0.0336667 0.03525
3 0.291 0.417875 0.0256667 0.05675
3 0.922167 0.782625 0.033 0.03575
3 0.412167 0.069 0.0276667 0.041
3 0.0325 0.61775 0.0256667 0.0335
3 0.39625 0.98475 0.0321667 0.029
3 0.885833 0.401 0.0416667 0.044
3 0.797167 0.699375 0.0316667 0.04525
3 0.499583 0.013 0.0398333 0.026
3 0.812667 0.01325 0.0326667 0.0265
3 0.09575 0.04025 0.0271667 0.043
3 0.17075 0.05425 0.0288333 0.0335
3 0.31825 0.400625 0.0338333 0.04075
3 0.824167 0.878375 0.0346667 0.05125
3 0.673917 0.437 0.0298333 0.039
3 0.789833 0.257875 0.0343333 0.02975
3 0.414917 0.8265 0.0391667 0.059
3 0.33425 0.472875 0.0375 0.03125
3 0.395 0.954625 0.0266667 0.04425
3 0.706583 0.899375 0.0371667 0.03825
3 0.319917 0.985 0.0285 0.025
3 0.124583 0.5435 0.0385 0.0385
3 0.188583 0.442 0.0251667 0.049
3 0.910667 0.520125 0.0336667 0.04675
3 0.971333 0.107125 0.0416667 0.03625
3 0.08375 0.117375 0.0325 0.04175
3 0.0973333 0.2145 0.0233333 0.039
3 0.7815 0.1965 0.0383333 0.0215
3 0.220917 0.082875 0.0311667 0.04625
3 0.277167 0.62225 0.0293333 0.0365
3 0.364167 0.896125 0.033 0.02825
3 0.3385 0.426625 0.0236667 0.03225
3 0.802417 0.0685 0.0481667 0.04
3 0.199667 0.209375 0.0346667 0.02675
3 0.785917 0.035875 0.0325 0.02675
3 0.713583 0.15925 0.0225 0.0325
3 0.4245 0.36175 0.0436667 0.0365
3 0.974583 0.984125 0.0295 0.02975
3 0.20875 0.472875 0.0381667 0.04625
3 0.246167 0.069 0.0316667 0.046
3 0.0224167 0.52025 0.0411667 0.0485
3 0.0918333 0.3435 0.0323333 0.051
3 0.0134167 0.12375 0.0268333 0.079
3 0.7275 0.839125 0.0493333 0.04475
3 0.118833 0.432 0.0286667 0.0425
3 0.169583 0.38875 0.0445 0.028
3 0.957667 0.932875 0.0376667 0.04625
3 0.888 0.361875 0.0453333 0.03125
3 0.59525 0.035 0.0361667 0.0485
3 0.524667 0.097875 0.0263333 0.04125
3 0.145583 0.750375 0.0261667 0.03175
3 0.265917 0.665875 0.0268333 0.04275
3 0.1125 0.592625 0.027 0.03975
3 0.642167 0.712875 0.0376667 0.04675
3 0.259917 0.158 0.0251667 0.0855
3 0.959417 0.020625 0.0268333 0.03625
3 0.984583 0.155875 0.0308333 0.04675
3 0.187917 0.015625 0.0291667 0.03125
3 0.01525 0.563 0.0271667 0.0405
3 0.101583 0.5125 0.0291667 0.0375
3 0.414833 0.401375 0.045 0.03225
3 0.11725 0.041125 0.0331667 0.04075
3 0.86225 0.829375 0.0258333 0.08225
3 0.359833 0.504875 0.0363333 0.04025
3 0.817917 0.123125 0.0271667 0.02925
3 0.122583 0.20375 0.0331667 0.0395
3 0.75475 0.099625 0.0281667 0.03475
3 0.0546667 0.58775 0.024 0.035
3 0.282083 0.806625 0.0495 0.04125
3 0.670167 0.4845 0.044 0.0385
3 0.667917 0.740125 0.0295 0.04875
3 0.0896667 0.975375 0.0306667 0.03475
3 0.8895 0.67375 0.058 0.038
3 0.949333 0.630125 0.0473333 0.05475
3 0.667333 0.868 0.027 0.0465
3 0.0528333 0.725875 0.029 0.03475
3 0.230833 0.830875 0.023 0.03575
3 0.983667 0.60175 0.031 0.0425
3 0.657 0.123375 0.028 0.05525
3 0.0146667 0.01825 0.028 0.0365
3 0.770417 0.98325 0.0271667 0.0315
3 0.80225 0.280625 0.0315 0.03275
3 0.69525 0.685125 0.0265 0.03825
3 0.88025 0.503625 0.0311667 0.03525
3 0.206083 0.6665 0.0205 0.04
3 0.58125 0.4555 0.0328333 0.042
3 0.03925 0.792 0.0331667 0.032
3 0.495167 0.130375 0.0416667 0.04825
3 0.328667 0.023875 0.027 0.04425
3 0.6175 0.11025 0.052 0.052
3 0.3135 0.827 0.027 0.0595
3 0.197167 0.597625 0.0293333 0.04375
3 0.0154167 0.274625 0.0291667 0.03875
3 0.825333 0.648 0.031 0.043
3 0.17 0.84325 0.0293333 0.0435
3 0.573667 0.49425 0.029 0.0405
3 0.522667 0.40125 0.0446667 0.036
3 0.6915 0.0215 0.0373333 0.0325
3 0.969667 0.729 0.0556667 0.037
3 0.013 0.466375 0.026 0.03325
3 0.737833 0.973 0.0243333 0.049
3 0.447667 0.080125 0.0276667 0.04375
3 0.713083 0.064375 0.0281667 0.04125
3 0.8685 0.934125 0.031 0.06475
3 0.15675 0.547 0.0335 0.0355
3 0.927333 0.73775 0.0466667 0.039
3 0.763333 0.794625 0.0373333 0.04075
3 0.849 0.5955 0.0436667 0.0375
3 0.7505 0.733 0.0293333 0.044
3 0.702083 0.608875 0.0301667 0.03825
3 0.754833 0.01025 0.0343333 0.0205
3 0.84925 0.733625 0.0471667 0.04725
3 0.95175 0.532 0.0515 0.037
3 0.228667 0.313375 0.0393333 0.06225
3 0.34 0.263375 0.0273333 0.04175
3 0.92975 0.171375 0.0341667 0.02775
3 0.527083 0.28475 0.0421667 0.037
3 0.234333 0.98225 0.0403333 0.0355
3 0.672917 0.05425 0.0321667 0.034
3 0.216583 0.724125 0.0288333 0.04125
3 0.728667 0.188875 0.035 0.03575
3 0.715 0.972375 0.0246667 0.05525
3 0.64475 0.45525 0.0258333 0.035
3 0.0950833 0.676625 0.0341667 0.05025
3 0.911083 0.567125 0.0465 0.03675
3 0.8295 0.777 0.0476667 0.061
3 0.698417 0.771875 0.0315 0.04025
3 0.763333 0.155625 0.051 0.03475
3 0.281 0.7365 0.0373333 0.0445
3 0.82775 0.472875 0.0671667 0.04275
3 0.4425 0.4465 0.0416667 0.048
3 0.7255 0.662125 0.0406667 0.04225
3 0.699583 0.380375 0.0491667 0.04075
3 0.4535 0.026375 0.0296667 0.03725
3 0.368917 0.55 0.0618333 0.0395
3 0.817667 0.328875 0.0576667 0.03875
3 0.576583 0.311 0.0468333 0.042
3 0.890583 0.764 0.0261667 0.083
3 0.483667 0.378 0.0253333 0.063
3 0.63375 0.31475 0.0361667 0.0395
3 0.306333 0.6295 0.0356667 0.059
3 0.465333 0.7885 0.0533333 0.0765
3 0.60775 0.526 0.0341667 0.0635
3 0.159917 0.63775 0.0605 0.044
3 0.188583 0.25325 0.0408333 0.0695
3 0.767417 0.42925 0.0388333 0.039
3 0.112833 0.73825 0.0373333 0.059
3 0.7355 0.566125 0.0503333 0.04975
3 0.0895 0.431875 0.032 0.06525
3 0.575417 0.775375 0.0295 0.05925
3 0.959833 0.261625 0.0713333 0.04575
3 0.627667 0.657375 0.026 0.04825
3 0.40525 0.76175 0.0331667 0.053
3 0.2475 0.26725 0.042 0.0675
3 0.596583 0.218625 0.0345 0.05825
3 0.895167 0.867 0.0516667 0.0675
3 0.222 0.923 0.0336667 0.0575
