3 0.21475 0.459375 0.0335 0.05325
3 0.885917 0.787 0.0361667 0.05
3 0.184667 0.012125 0.0316667 0.02425
3 0.680583 0.449875 0.0275 0.03975
3 0.0671667 0.21475 0.0243333 0.062
3 0.0818333 0.62075 0.0263333 0.0385
3 0.898917 0.82275 0.0345 0.056
3 0.8955 0.197375 0.021 0.03775
3 0.311333 0.40925 0.036 0.05
3 0.66425 0.092 0.0308333 0.042
3 0.676 0.414125 0.0293333 0.03725
3 0.334667 0.4295 0.0376667 0.046
3 0.626667 0.529375 0.0286667 0.04425
3 0.656917 0.50075 0.0365 0.0395
3 0.965167 0.9345 0.04 0.0395
3 0.844583 0.512125 0.0338333 0.03575
3 0.478583 0.689125 0.0188333 0.03075
3 0.908583 0.339375 0.0271667 0.04025
3 0.2325 0.086375 0.0266667 0.04075
3 0.0140833 0.511375 0.0271667 0.04325
3 0.33925 0.073 0.0288333 0.04
3 0.30475 0.26775 0.0305 0.0505
3 0.379 0.7275 0.054 0.037
3 0.357667 0.7565 0.0276667 0.036
3 0.781 0.507625 0.0223333 0.03525
3 0.489833 0.570375 0.0286667 0.03825
3 0.242 0.65025 0.0273333 0.039
3 0.149833 0.44475 0.0303333 0.0555
3 0.869 0.2715 0.033 0.0495
3 0.989833 0.824875 0.02 0.05125
3 0.976833 0.460625 0.0463333 0.03675
3 0.781 0.453625 0.0316667 0.04425
3 0.898083 0.12525 0.0331667 0.0405
3 0.017 0.294125 0.0336667 0.04425
3 0.549167 0.212125 0.028 0.09525
3 0.288 0.805125 0.0263333 0.04475
3 0.5295 0.875625 0.064 0.03725
3 0.512917 0.605125 0.0298333 0.03725
3 0.436167 0.45275 0.033 0.0265
3 0.465333 0.811125 0.0283333 0.03725
3 0.03875 0.019125 0.0391667 0.03825
3 0.0239167 0.774125 0.0325 0.05625
3 0.0534167 0.322875 0.0308333 0.06175
3 0.0564167 0.643625 0.0421667 0.04525
3 0.601917 0.34925 0.0451667 0.0475
3 0.836833 0.943875 0.0276667 0.04025
3 0.939833 0.36275 0.0233333 0.0495
3 0.5225 0.1945 0.0363333 0.072
3 0.429667 0.18425 0.0366667 0.0475
3 0.694417 0.0995 0.0261667 0.0465
3 0.443917 0.366125 0.0351667 0.03675
3 0.506833 0.92375 0.0336667 0.0475
3 0.57225 0.93275 0.0291667 0.047
3 0.046 0.91 0.0363333 0.055
3 0.8 0.083 0.035 0.0515
3 0.84925 0.855375 0.0431667 0.05075
3 0.896 0.58425 0.0266667 0.0435
3 0.104333 0.725125 0.067 0.04075
3 0.744917 0.351625 0.0305 0.05175
3 0.433917 0.0665 0.0295 0.049
3 0.39625 0.12125 0.0238333 0.0345
3 0.236917 0.256 0.0278333 0.0525
3 0.347083 0.611875 0.0495 0.04675
3 0.945 0.31625 0.032 0.0355
3 0.11175 0.8715 0.0335 0.0515
3 0.982167 0.741875 0.0306667 0.04975
3 0.663083 0.727 0.0378333 0.043
3 0.31525 0.82125 0.0295 0.052
3 0.229917 0.561375 0.0468333 0.04225
3 0.746333 0.5645 0.0346667 0.0455
3 0.226167 0.71025 0.0346667 0.042
3 0.16225 0.969 0.0351667 0.052
3 0.891833 0.96325 0.028 0.058
3 0.22825 0.162 0.0395 0.0405
3 0.838583 0.656375 0.0298333 0.05625
3 0.6955 0.33575 0.031 0.046
3 0.910917 0.64125 0.0338333 0.043
3 0.625417 0.14025 0.0255 0.06
3 0.818667 0.275125 0.029 0.06575
3 0.321667 0.327125 0.043 0.05025
3 0.420333 0.789625 0.0263333 0.04575
3 0.5025 0.821375 0.0383333 0.04675
3 0.75625 0.257 0.0331667 0.0545
3 0.4395 0.488125 0.0386667 0.04375
3 0.803167 0.31675 0.0306667 0.042
3 0.964667 0.396125 0.0406667 0.05125
3 0.835 0.11575 0.0426667 0.041
3 0.716167 0.045875 0.031 0.04625
3 0.409583 0.256875 0.0421667 0.06325
3 0.475583 0.29775 0.0371667 0.0505
3 0.251667 0.31375 0.035 0.046
3 0.812417 0.5345 0.0408333 0.0515
3 0.342417 0.131125 0.0318333 0.05075
3 0.12375 0.641875 0.0358333 0.05225
3 0.772833 0.815 0.0603333 0.054
3 0.599 0.2765 0.0423333 0.0625
3 0.951917 0.036375 0.0455 0.05775
3 0.637583 0.215125 0.0375 0.06575
3 0.1155 0.05325 0.038 0.0545
3 0.168917 0.8985 0.0491667 0.0505
3 0.0614167 0.08 0.0528333 0.042
3 0.264167 0.51025 0.0323333 0.072
3 0.0449167 0.554625 0.0338333 0.07225
3 0.16875 0.615125 0.0451667 0.05225
3 0.379 0.19575 0.0383333 0.054
3 0.47225 0.155375 0.0351667 0.06425
3 0.163667 0.229125 0.0403333 0.05225
3 0.345083 0.884625 0.0385 0.06525
3 0.27675 0.86625 0.0368333 0.0675
3 0.194917 0.760125 0.0465 0.05575
3 0.523417 0.319 0.0315 0.1085
3 0.0858333 0.335875 0.045 0.07725
3 0.957 0.248 0.0366667 0.045
3 0.652083 0.815375 0.0585 0.06125
