3 0.521333 0.155000 0.036667 0.067000
3 0.529000 0.234500 0.030667 0.058000
3 0.562000 0.192625 0.028667 0.074250
3 0.583667 0.204000 0.022667 0.047000
3 0.602333 0.188500 0.025333 0.068000
3 0.630333 0.182000 0.034667 0.073000
3 0.702917 0.020875 0.025500 0.041250
3 0.744917 0.024625 0.036833 0.047250
3 0.830833 0.018375 0.035000 0.036250
3 0.828333 0.190500 0.069333 0.052000
3 0.758333 0.213000 0.030667 0.051000
3 0.724250 0.106375 0.027833 0.045750
3 0.367333 0.109500 0.026000 0.058000
3 0.388333 0.249000 0.025333 0.063000
3 0.400000 0.264500 0.031333 0.060000
3 0.426667 0.300500 0.030000 0.058000
3 0.451333 0.335500 0.027333 0.056000
3 0.501000 0.380000 0.040000 0.055000
3 0.500333 0.436500 0.042667 0.076000
3 0.554000 0.304500 0.047333 0.040000
3 0.587667 0.285000 0.034667 0.061000
3 0.645333 0.266500 0.028667 0.062000
3 0.621667 0.253500 0.025333 0.048000
3 0.611333 0.337000 0.024667 0.047000
3 0.626000 0.358250 0.027333 0.053500
3 0.649000 0.336000 0.030667 0.035000
3 0.703333 0.330500 0.076667 0.090000
3 0.679667 0.388000 0.032000 0.043000
3 0.703667 0.264000 0.026667 0.037000
3 0.722000 0.244000 0.026000 0.045000
3 0.742333 0.260500 0.018667 0.046000
3 0.731083 0.284375 0.050500 0.045750
3 0.780333 0.288000 0.030667 0.045000
3 0.810333 0.284000 0.032000 0.085000
3 0.818333 0.311000 0.048000 0.053000
3 0.313000 0.245500 0.032000 0.046000
3 0.333000 0.289750 0.031333 0.036000
3 0.364000 0.292500 0.031333 0.040000
3 0.346750 0.318000 0.026500 0.029000
3 0.338667 0.342500 0.030000 0.034000
3 0.363000 0.350000 0.033333 0.039000
3 0.353333 0.376000 0.051333 0.035000
3 0.314000 0.366000 0.030000 0.045000
3 0.304667 0.408000 0.036667 0.039000
3 0.345000 0.387500 0.052000 0.044000
3 0.234333 0.333500 0.046667 0.042000
3 0.230333 0.272500 0.036000 0.058000
3 0.252083 0.270500 0.028833 0.054000
3 0.194667 0.111000 0.042000 0.047000
3 0.165000 0.135000 0.044000 0.031000
3 0.164000 0.078000 0.072667 0.051000
3 0.033667 0.229500 0.042667 0.068000
3 0.148333 0.277000 0.048000 0.063000
3 0.123333 0.347500 0.050000 0.064000
3 0.168917 0.387875 0.039833 0.041250
3 0.140083 0.467625 0.033833 0.084750
3 0.011250 0.307625 0.022167 0.045750
3 0.235833 0.599625 0.029667 0.060250
3 0.211000 0.672500 0.040000 0.046000
3 0.255000 0.686500 0.042667 0.040000
3 0.318250 0.512750 0.046833 0.070500
3 0.368667 0.508500 0.056667 0.062000
3 0.372000 0.562625 0.059667 0.060750
3 0.431333 0.583125 0.030667 0.056750
3 0.386667 0.596500 0.032667 0.046000
3 0.397667 0.686000 0.032000 0.039000
3 0.369667 0.715000 0.048000 0.043000
3 0.458667 0.687000 0.034000 0.049000
3 0.507333 0.727000 0.031333 0.057000
3 0.516000 0.650000 0.028667 0.041000
3 0.473000 0.631500 0.036000 0.044000
3 0.610583 0.598750 0.026833 0.059500
3 0.623000 0.618000 0.025333 0.035000
3 0.627000 0.457500 0.038667 0.068000
3 0.683083 0.622250 0.037500 0.040500
3 0.719083 0.628875 0.036833 0.050750
3 0.792000 0.639000 0.028667 0.053000
3 0.226833 0.760750 0.041333 0.052000
3 0.150000 0.759000 0.031333 0.043000
3 0.126000 0.963500 0.028667 0.054000
3 0.191667 0.957000 0.034667 0.037000
3 0.283667 0.932500 0.030667 0.040000
3 0.305917 0.912375 0.032500 0.055750
3 0.356000 0.924375 0.022667 0.040250
3 0.400000 0.943500 0.036667 0.052000
3 0.450333 0.842000 0.030667 0.103000
3 0.449000 0.982750 0.025333 0.034500
3 0.519667 0.917500 0.036000 0.044000
3 0.562667 0.891000 0.046000 0.081000
3 0.546667 0.963000 0.048667 0.047000
3 0.640667 0.970875 0.038000 0.049250
3 0.700167 0.896250 0.036333 0.048500
3 0.722333 0.806000 0.033333 0.067000
3 0.023667 0.929000 0.030667 0.039000
3 0.046500 0.976250 0.041667 0.047500
3 0.624667 0.688000 0.059333 0.037000
3 0.591000 0.752000 0.024000 0.041000
3 0.675500 0.735750 0.034333 0.043500
3 0.751333 0.724500 0.035333 0.064000
3 0.766000 0.679375 0.036667 0.099750
3 0.834000 0.720000 0.047333 0.043000
3 0.826333 0.769000 0.074667 0.059000
3 0.840250 0.798125 0.050500 0.122750
3 0.764667 0.797000 0.038000 0.057000
3 0.776667 0.769500 0.035333 0.054000
3 0.762167 0.982750 0.033000 0.034500
3 0.803333 0.961500 0.034000 0.058000
3 0.861333 0.952500 0.034000 0.070000
3 0.857667 0.882000 0.046667 0.047000
3 0.971750 0.985250 0.030833 0.029500
3 0.941000 0.719500 0.032000 0.046000
3 0.939333 0.661000 0.051333 0.043500
3 0.959333 0.682000 0.050000 0.041000
3 0.853667 0.644000 0.042667 0.053000
3 0.814333 0.618125 0.022667 0.063250
3 0.828500 0.578750 0.041333 0.039000
3 0.921750 0.604750 0.050833 0.053000
3 0.894667 0.614625 0.027333 0.039750
3 0.988500 0.617000 0.023000 0.045000
3 0.865667 0.449000 0.041000 0.067500
3 0.892667 0.496500 0.051333 0.104000
3 0.795167 0.438875 0.053667 0.050750
3 0.748667 0.403000 0.036667 0.037000
3 0.932333 0.376500 0.044000 0.038000
3 0.931750 0.348625 0.025167 0.036250
3 0.986500 0.352250 0.027000 0.037500
3 0.992333 0.406875 0.015333 0.036750
3 0.967667 0.274500 0.030667 0.064000
3 0.991750 0.116875 0.016500 0.032750
3 0.986167 0.024000 0.027667 0.039000
3 0.952000 0.064500 0.022000 0.024000
3 0.451333 0.400000 0.035333 0.051000
3 0.502333 0.781000 0.046667 0.083000
3 0.558000 0.948000 0.026000 0.041000
3 0.438667 0.869500 0.019333 0.048000
3 0.908000 0.892500 0.022000 0.052000
3 0.274000 0.399500 0.027333 0.032000
3 0.281750 0.988250 0.025500 0.023500
3 0.218083 0.615500 0.024500 0.049500
3 0.026500 0.216250 0.052667 0.051500
3 0.195250 0.330875 0.024167 0.047250
3 0.247417 0.739375 0.031500 0.044750
3 0.206250 0.110625 0.023167 0.030750
3 0.871667 0.614125 0.030333 0.040750
3 0.786000 0.344875 0.017333 0.027750
3 0.818917 0.060750 0.017833 0.029000
