3 0.898 0.0144167 0.0365 0.0248333
3 0.777125 0.71375 0.04725 0.0225
3 0.7745 0.338333 0.04 0.018
3 0.86825 0.511833 0.043 0.0293333
3 0.621875 0.32475 0.05275 0.0315
3 0.439375 0.232167 0.04075 0.025
3 0.161125 0.823167 0.03375 0.0306667
3 0.203625 0.236917 0.03575 0.0305
3 0.13925 0.155917 0.034 0.0231667
3 0.5665 0.203 0.049 0.0346667
3 0.909375 0.913667 0.04925 0.0463333
3 0.618125 0.298167 0.05025 0.0283333
3 0.35925 0.341917 0.082 0.0321667
3 0.189625 0.826833 0.03525 0.0366667
3 0.4155 0.19475 0.0545 0.0475
3 0.143375 0.0305 0.03925 0.0326667
3 0.871375 0.879 0.04875 0.0456667
3 0.2005 0.202167 0.0305 0.0256667
3 0.886125 0.223833 0.03825 0.0306667
3 0.450375 0.8735 0.03425 0.0236667
3 0.256 0.09025 0.0495 0.0275
3 0.289 0.0634167 0.0445 0.0388333
3 0.476 0.54825 0.0705 0.0378333
3 0.17 0.859583 0.037 0.0221667
3 0.4645 0.264583 0.046 0.0258333
3 0.232125 0.790083 0.03425 0.0275
3 0.341 0.09875 0.0385 0.0371667
3 0.796375 0.79 0.03325 0.025
3 0.753625 0.7625 0.03375 0.0223333
3 0.245375 0.1155 0.04525 0.0296667
3 0.328125 0.2125 0.03225 0.0383333
3 0.866 0.767917 0.0605 0.0255
3 0.176125 0.697583 0.05175 0.0361667
3 0.937375 0.774583 0.04625 0.0218333
3 0.810125 0.28525 0.03225 0.0261667
3 0.533125 0.932333 0.03825 0.0433333
3 0.285375 0.3215 0.04175 0.046
3 0.978625 0.228 0.03825 0.0366667
3 0.167 0.208083 0.033 0.0375
3 0.297625 0.354667 0.04225 0.033
3 0.820125 0.85425 0.03525 0.0268333
3 0.50025 0.290583 0.0405 0.0471667
3 0.1295 0.58775 0.037 0.0288333
3 0.48475 0.704917 0.0385 0.0258333
3 0.937875 0.79675 0.05175 0.0315
3 0.208 0.26675 0.042 0.0315
3 0.63325 0.168 0.038 0.0376667
3 0.51675 0.6925 0.038 0.0233333
3 0.735875 0.69925 0.03875 0.0261667
3 0.152875 0.190083 0.05925 0.0281667
3 0.261125 0.266333 0.05025 0.0296667
3 0.3425 0.04875 0.0565 0.0385
3 0.011625 0.044 0.02325 0.0343333
3 0.183375 0.0460833 0.04875 0.0418333
3 0.22525 0.342 0.0475 0.0286667
3 0.602375 0.194583 0.05975 0.0411667
3 0.89075 0.494583 0.036 0.0311667
3 0.571125 0.5045 0.04825 0.0296667
3 0.5285 0.61975 0.0355 0.0265
3 0.6505 0.0555 0.0545 0.0406667
3 0.244 0.384083 0.037 0.0258333
3 0.543125 0.26725 0.03975 0.0325
3 0.170375 0.276583 0.04125 0.0281667
3 0.583625 0.5385 0.04975 0.033
3 0.566 0.588 0.041 0.0603333
3 0.530375 0.22875 0.04225 0.0331667
3 0.274 0.771583 0.0415 0.0285
3 0.468875 0.722167 0.06575 0.023
3 0.26675 0.291583 0.0405 0.0241667
3 0.9025 0.0958333 0.0545 0.032
3 0.492125 0.623417 0.04925 0.0288333
3 0.9005 0.3665 0.0365 0.0323333
3 0.193125 0.645833 0.03475 0.029
3 0.279125 0.601833 0.03875 0.0266667
3 0.7515 0.844333 0.027 0.026
3 0.83875 0.956 0.052 0.0283333
3 0.871625 0.188417 0.04225 0.0625
3 0.42875 0.571167 0.0465 0.0266667
3 0.14625 0.653833 0.048 0.043
3 0.9665 0.3075 0.052 0.0296667
3 0.960625 0.53975 0.04125 0.0285
3 0.977125 0.746583 0.03675 0.0275
3 0.342625 0.26325 0.04575 0.0275
3 0.291125 0.17025 0.04225 0.0275
3 0.487875 0.879417 0.04425 0.0305
3 0.836 0.417833 0.0445 0.0286667
3 0.590125 0.252 0.05275 0.0313333
3 0.334125 0.73325 0.05775 0.0288333
3 0.139 0.7975 0.031 0.0356667
3 0.94875 0.0775 0.0505 0.051
3 0.517625 0.16575 0.04125 0.0381667
3 0.4485 0.366833 0.043 0.032
3 0.767375 0.688917 0.04775 0.0311667
3 0.260875 0.648833 0.03625 0.0326667
3 0.9555 0.181167 0.0435 0.029
3 0.122125 0.420833 0.09375 0.0283333
3 0.84975 0.68625 0.048 0.0311667
3 0.654875 0.216083 0.03425 0.0405
3 0.24425 0.594333 0.0375 0.0333333
3 0.132125 0.27825 0.03875 0.0315
3 0.3925 0.556833 0.0615 0.027
3 0.517125 0.113417 0.04125 0.0538333
3 0.5225 0.0624167 0.044 0.0595
3 0.28575 0.6765 0.0395 0.0363333
3 0.42675 0.434167 0.035 0.0513333
3 0.966625 0.330917 0.05175 0.0238333
3 0.131875 0.70425 0.04725 0.0258333
3 0.50475 0.965417 0.0435 0.0531667
3 0.196375 0.593667 0.04525 0.0326667
3 0.357125 0.8205 0.03925 0.0313333
3 0.867875 0.381917 0.04275 0.0231667
3 0.457 0.966917 0.061 0.0475
3 0.341375 0.505917 0.06025 0.0268333
3 0.21025 0.936583 0.036 0.0335
3 0.632125 0.734083 0.05775 0.0225
3 0.575875 0.668583 0.03525 0.0285
3 0.256 0.853167 0.036 0.042
3 0.252125 0.96475 0.04575 0.0348333
3 0.458875 0.495833 0.04725 0.0263333
3 0.942875 0.51225 0.04725 0.0325
3 0.619125 0.138083 0.05225 0.0411667
3 0.976375 0.829083 0.04375 0.0275
3 0.174375 0.149333 0.05075 0.0426667
3 0.82175 0.20125 0.047 0.0545
3 0.841625 0.791667 0.04525 0.0293333
3 0.234125 0.49775 0.05275 0.0335
3 0.905375 0.84475 0.03725 0.0288333
3 0.14125 0.0938333 0.0385 0.047
3 0.17075 0.445167 0.0945 0.0266667
3 0.239 0.229833 0.0385 0.0326667
3 0.203375 0.536 0.05925 0.0246667
3 0.202 0.729 0.052 0.034
3 0.7255 0.1855 0.0425 0.0483333
3 0.313625 0.790167 0.04725 0.0313333
3 0.125125 0.39425 0.08825 0.0378333
3 0.28725 0.248667 0.0475 0.0383333
3 0.86275 0.0730833 0.052 0.0485
3 0.32725 0.5745 0.049 0.0363333
3 0.1725 0.960083 0.054 0.0271667
3 0.6305 0.52125 0.047 0.0421667
3 0.958 0.471083 0.0455 0.0385
3 0.030625 0.699 0.06125 0.0396667
3 0.942125 0.95725 0.05625 0.0351667
3 0.588 0.833583 0.0625 0.0371667
