3 0.988667 0.942 0.0226667 0.051
3 0.0075 0.643875 0.0146667 0.07125
3 0.31975 0.979125 0.0375 0.04125
3 0.117917 0.947625 0.0381667 0.04375
3 0.94925 0.88925 0.0321667 0.05
3 0.435083 0.40625 0.0365 0.0395
3 0.78175 0.664125 0.0408333 0.04825
3 0.106917 0.9645 0.0348333 0.0525
3 0.952083 0.047625 0.0245 0.04975
3 0.890917 0.6155 0.0361667 0.038
3 0.212667 0.9775 0.0253333 0.0425
3 0.0375 0.232625 0.036 0.02725
3 0.00658333 0.0195 0.0128333 0.039
3 0.66725 0.3555 0.0315 0.0375
3 0.99275 0.51175 0.0145 0.049
3 0.818083 0.930125 0.0345 0.05325
3 0.592583 0.3055 0.0371667 0.056
3 0.925167 0.787875 0.0293333 0.04425
3 0.1695 0.796125 0.0433333 0.04175
3 0.397667 0.365875 0.0253333 0.04675
3 0.970083 0.3405 0.0358333 0.0545
3 0.976917 0.1695 0.0328333 0.0665
3 0.990917 0.456 0.0178333 0.057
3 0.0133333 0.71575 0.0266667 0.0655
3 0.944917 0.16875 0.0388333 0.05
3 0.382 0.442625 0.0353333 0.04575
3 0.2785 0.247875 0.0323333 0.04375
3 0.884083 0.56775 0.0398333 0.051
3 0.369417 0.408375 0.0275 0.06075
3 0.953 0.902 0.0343333 0.0515
3 0.896083 0.201125 0.0305 0.07475
3 0.20425 0.7535 0.0568333 0.052
3 0.1795 0.712 0.043 0.0575
3 0.443833 0.0135 0.026 0.027
3 0.416667 0.12175 0.0286667 0.05
3 0.29375 0.199625 0.0371667 0.05825
3 0.882917 0.784375 0.0455 0.05125
3 0.423667 0.829375 0.041 0.06275
3 0.344833 0.30675 0.0373333 0.055
3 0.959083 0.94675 0.0488333 0.0425
3 0.49525 0.84875 0.0445 0.0485
3 0.535 0.019125 0.037 0.03825
3 0.434083 0.36525 0.0431667 0.0605
3 0.634833 0.102625 0.0273333 0.06275
3 0.726833 0.646375 0.0396667 0.07875
3 0.475083 0.894375 0.0325 0.05125
3 0.0309167 0.945375 0.0611667 0.04675
3 0.12875 0.20125 0.0655 0.0365
3 0.155833 0.357625 0.0573333 0.04975
3 0.546917 0.947125 0.0418333 0.03625
3 0.147917 0.09975 0.0411667 0.066
3 0.525833 0.758125 0.055 0.06575
3 0.01425 0.296 0.0281667 0.051
3 0.54625 0.103375 0.0385 0.05575
3 0.347667 0.75425 0.0433333 0.0505
3 0.737333 0.936375 0.047 0.11325
3 0.45275 0.095375 0.0305 0.06475
3 0.3335 0.572 0.0343333 0.0685
3 0.721833 0.065 0.0363333 0.047
3 0.929917 0.6745 0.0575 0.044
3 0.9115 0.081125 0.048 0.07975
3 0.563083 0.167125 0.0368333 0.07475
3 0.2775 0.442125 0.0376667 0.05875
3 0.7845 0.31725 0.0443333 0.0605
3 0.603583 0.3585 0.0378333 0.0605
3 0.685 0.907625 0.0343333 0.06075
3 0.372083 0.218125 0.0388333 0.07375
3 0.13225 0.036375 0.0501667 0.06725
3 0.16475 0.160125 0.0458333 0.06125
3 0.117083 0.7765 0.0545 0.0625
3 0.0153333 0.188625 0.0303333 0.07225
3 0.0461667 0.642625 0.054 0.05875
3 0.637583 0.1825 0.0381667 0.07
3 0.693667 0.412125 0.041 0.10625
3 0.05525 0.477625 0.0761667 0.05875
3 0.504083 0.15575 0.0551667 0.0735
3 0.977833 0.634625 0.042 0.05225
3 0.418917 0.22075 0.0405 0.065
3 0.30025 0.34375 0.0448333 0.0715
3 0.789 0.763125 0.038 0.08175
3 0.305 0.8185 0.0443333 0.071
3 0.6675 0.700375 0.0413333 0.07225
3 0.590667 0.2415 0.0456667 0.062
3 0.11725 0.885875 0.0418333 0.06525
3 0.965667 0.78575 0.0363333 0.085
3 0.175917 0.437875 0.0388333 0.07675
3 0.8655 0.28325 0.0413333 0.0605
3 0.54725 0.85275 0.0428333 0.058
3 0.509667 0.968375 0.0366667 0.05525
3 0.31375 0.66625 0.0415 0.0895
3 0.704083 0.102125 0.0328333 0.06475
3 0.221333 0.325625 0.038 0.08375
3 0.58875 0.72175 0.0375 0.0705
3 0.3385 0.42375 0.0363333 0.0765
3 0.358667 0.042 0.0366667 0.065
3 0.0645 0.873125 0.0633333 0.07175
3 0.0565833 0.02875 0.0551667 0.0575
3 0.130083 0.56075 0.0601667 0.073
