3 0.81175 0.0105 0.0228333 0.021
3 0.8355 0.285625 0.0293333 0.06275
3 0.101333 0.04775 0.0473333 0.066
3 0.992333 0.73825 0.015 0.0595
3 0.114833 0.59625 0.037 0.0565
3 0.952917 0.453125 0.0488333 0.05275
3 0.639833 0.07975 0.0273333 0.044
3 0.866417 0.01175 0.0428333 0.0235
3 0.6805 0.290625 0.0313333 0.04975
3 0.1385 0.250375 0.045 0.04475
3 0.688417 0.9845 0.0331667 0.0285
3 0.191917 0.015 0.0295 0.03
3 0.177583 0.96775 0.0321667 0.0385
3 0.67275 0.861 0.0345 0.048
3 0.119 0.629875 0.0363333 0.04775
3 0.776167 0.16725 0.034 0.0355
3 0.0458333 0.9655 0.0326667 0.047
3 0.363083 0.5255 0.0335 0.0525
3 0.118167 0.1875 0.0543333 0.0845
3 0.727833 0.49575 0.042 0.042
3 0.77675 0.921625 0.0325 0.03775
3 0.439667 0.98175 0.05 0.0325
3 0.56475 0.161875 0.0445 0.04575
3 0.622 0.12975 0.0373333 0.0645
3 0.6235 0.2145 0.0366667 0.0545
3 0.770083 0.56125 0.0298333 0.0465
3 0.682333 0.913625 0.0403333 0.03725
3 0.79575 0.558875 0.0355 0.04525
3 0.049 0.44125 0.033 0.0585
3 0.420917 0.383625 0.0431667 0.05575
3 0.758167 0.748375 0.0333333 0.05075
3 0.524417 0.2715 0.0365 0.049
3 0.961167 0.539375 0.042 0.04125
3 0.5175 0.13 0.0346667 0.0415
3 0.721417 0.938625 0.0428333 0.03925
3 0.363583 0.3225 0.0475 0.0645
3 0.83425 0.442875 0.0321667 0.04325
3 0.848333 0.723 0.0393333 0.076
3 0.828833 0.346125 0.035 0.06075
3 0.0155833 0.6445 0.0268333 0.044
3 0.805667 0.9325 0.0396667 0.0495
3 0.266417 0.53225 0.0381667 0.038
3 0.910917 0.909125 0.0398333 0.06025
3 0.862167 0.587875 0.0423333 0.04425
3 0.167333 0.733625 0.0393333 0.05025
3 0.0156667 0.93475 0.0283333 0.0425
3 0.577333 0.303375 0.044 0.06125
3 0.477167 0.436375 0.036 0.05775
3 0.488167 0.499375 0.0296667 0.06025
3 0.796333 0.454 0.0376667 0.0455
3 0.550583 0.114875 0.0335 0.06525
3 0.688667 0.409125 0.0383333 0.05625
3 0.72075 0.79825 0.0571667 0.054
3 0.172083 0.336625 0.0475 0.05375
3 0.41825 0.487 0.0361667 0.0485
3 0.528333 0.5625 0.04 0.0435
3 0.745 0.044875 0.041 0.04875
3 0.156167 0.431375 0.0393333 0.04725
3 0.693583 0.69725 0.0408333 0.0505
3 0.542333 0.429125 0.0383333 0.05175
3 0.83425 0.656875 0.0388333 0.05675
3 0.0954167 0.10925 0.0518333 0.072
3 0.253167 0.80525 0.0393333 0.0775
3 0.446417 0.3315 0.0405 0.054
3 0.334417 0.157 0.0511667 0.0505
3 0.704 0.523625 0.0456667 0.05425
3 0.633583 0.30375 0.0348333 0.0525
3 0.973083 0.707625 0.0388333 0.07525
3 0.187833 0.78825 0.052 0.0635
3 0.75275 0.64225 0.0378333 0.05
3 0.64325 0.03325 0.0415 0.0665
3 0.20825 0.513125 0.0511667 0.05225
3 0.7095 0.0775 0.0316667 0.066
3 0.2425 0.8695 0.044 0.0485
3 0.330833 0.962 0.032 0.0575
3 0.142417 0.910375 0.0391667 0.06875
3 0.886833 0.5125 0.0386667 0.0555
3 0.501667 0.942125 0.0386667 0.05375
3 0.675167 0.5845 0.0386667 0.058
3 0.09825 0.730625 0.0395 0.06175
3 0.330167 0.070375 0.0333333 0.07225
3 0.10425 0.223375 0.0405 0.09325
3 0.74475 0.14975 0.0408333 0.058
3 0.50175 0.0465 0.0385 0.0675
3 0.954583 0.175625 0.0388333 0.08675
3 0.662083 0.234625 0.0371667 0.05225
3 0.0744167 0.51725 0.0375 0.06
3 0.315333 0.648625 0.062 0.07225
3 0.357167 0.80275 0.0333333 0.06
3 0.62625 0.70575 0.0468333 0.06
3 0.416 0.231375 0.041 0.05875
3 0.584917 0.632375 0.0465 0.05575
3 0.16425 0.60275 0.0431667 0.0685
3 0.356833 0.6195 0.0493333 0.0655
3 0.0401667 0.152875 0.0566667 0.05925
3 0.55325 0.775375 0.0441667 0.06975
3 0.0676667 0.67425 0.041 0.059
3 0.3525 0.70925 0.052 0.053
3 0.220583 0.222625 0.0498333 0.10075
3 0.517833 0.841375 0.0523333 0.06475
3 0.404417 0.12775 0.0351667 0.0605
3 0.737167 0.873625 0.042 0.05125
3 0.921333 0.62575 0.0433333 0.07
3 0.964333 0.351125 0.0573333 0.07675
3 0.02375 0.521625 0.0451667 0.07025
