3 0.006 0.11975 0.012 0.051
3 0.753583 0.658 0.0308333 0.048
3 0.859 0.24025 0.028 0.033
3 0.67 0.562125 0.0236667 0.02625
3 0.815917 0.88425 0.0301667 0.044
3 0.40525 0.73 0.0285 0.0415
3 0.254583 0.88375 0.0358333 0.0395
3 0.00966667 0.396125 0.0193333 0.03925
3 0.13225 0.722 0.0321667 0.036
3 0.86 0.164875 0.026 0.03425
3 0.415 0.97875 0.0273333 0.036
3 0.104333 0.68375 0.034 0.038
3 0.862167 0.977625 0.0316667 0.03825
3 0.728167 0.761 0.028 0.0385
3 0.658167 0.643125 0.0303333 0.04225
3 0.311667 0.53875 0.0333333 0.033
3 0.737917 0.104625 0.0298333 0.04675
3 0.491333 0.48375 0.028 0.029
3 0.75725 0.879625 0.0505 0.06375
3 0.765917 0.596375 0.0275 0.03825
3 0.0624167 0.1395 0.0291667 0.0385
3 0.419167 0.748625 0.0383333 0.04025
3 0.0401667 0.370375 0.0343333 0.03575
3 0.795833 0.976375 0.031 0.03875
3 0.822833 0.404375 0.0223333 0.03225
3 0.894417 0.046375 0.0231667 0.03125
3 0.71475 0.8135 0.0325 0.0405
3 0.590083 0.27175 0.0285 0.039
3 0.329167 0.226125 0.0353333 0.03925
3 0.512083 0.511 0.0305 0.0335
3 0.270917 0.930375 0.0411667 0.03875
3 0.175083 0.299875 0.0398333 0.03525
3 0.335083 0.28075 0.0311667 0.048
3 0.28725 0.863375 0.0321667 0.03825
3 0.389 0.901125 0.0446667 0.03925
3 0.215167 0.076125 0.0316667 0.03975
3 0.764667 0.95225 0.0286667 0.035
3 0.786417 0.899 0.0271667 0.039
3 0.194 0.25225 0.0333333 0.0415
3 0.7075 0.126375 0.0306667 0.03925
3 0.571083 0.197875 0.0285 0.04325
3 0.92375 0.404875 0.0328333 0.04125
3 0.224167 0.44675 0.0276667 0.035
3 0.848917 0.895125 0.0268333 0.03575
3 0.209917 0.0115 0.0288333 0.023
3 0.634417 0.259375 0.0241667 0.03675
3 0.676083 0.6905 0.0295 0.0375
3 0.240583 0.299875 0.0331667 0.03825
3 0.1775 0.981375 0.027 0.03475
3 0.552583 0.561875 0.0271667 0.03925
3 0.655333 0.7475 0.0356667 0.037
3 0.514417 0.430875 0.0271667 0.03625
3 0.945417 0.8195 0.0301667 0.043
3 0.585917 0.405 0.0248333 0.038
3 0.552083 0.011125 0.0288333 0.02225
3 0.0875833 0.16475 0.0545 0.0345
3 0.617833 0.70575 0.0293333 0.0425
3 0.865833 0.587625 0.0336667 0.03475
3 0.07475 0.95375 0.0401667 0.038
3 0.660667 0.304 0.0246667 0.0365
3 0.766917 0.421625 0.0215 0.03275
3 0.549667 0.075625 0.0306667 0.04525
3 0.404083 0.096 0.0375 0.0365
3 0.662667 0.187875 0.0313333 0.03775
3 0.685 0.74875 0.0253333 0.047
3 0.909667 0.017625 0.0326667 0.03525
3 0.586583 0.49275 0.0328333 0.0455
3 0.0620833 0.54825 0.0315 0.0395
3 0.0119167 0.44125 0.0228333 0.039
3 0.306333 0.48425 0.028 0.0405
3 0.11075 0.50675 0.0371667 0.0475
3 0.47875 0.426375 0.0245 0.03475
3 0.197083 0.127125 0.0378333 0.05425
3 0.9815 0.066625 0.0316667 0.04825
3 0.836667 0.485 0.0316667 0.037
3 0.91725 0.686375 0.0311667 0.04175
3 0.811333 0.166125 0.0273333 0.04125
3 0.280917 0.57575 0.0348333 0.0415
3 0.303417 0.412 0.0275 0.0435
3 0.946167 0.01725 0.0253333 0.0345
3 0.821583 0.694 0.0281667 0.0355
3 0.34575 0.806125 0.0325 0.04325
3 0.236417 0.6715 0.0381667 0.039
3 0.485833 0.761625 0.031 0.04225
3 0.72675 0.30175 0.0301667 0.033
3 0.520667 0.18225 0.0313333 0.0435
3 0.1625 0.893375 0.0393333 0.04525
3 0.578583 0.677625 0.0275 0.05025
3 0.445333 0.483125 0.032 0.04225
3 0.413667 0.06175 0.0323333 0.045
3 0.733 0.430375 0.0313333 0.03825
3 0.658583 0.34925 0.0361667 0.0405
3 0.919 0.766625 0.0413333 0.04125
3 0.932667 0.3385 0.0273333 0.0335
3 0.53 0.36875 0.036 0.039
3 0.961167 0.3835 0.033 0.0405
3 0.55175 0.3125 0.0345 0.0445
3 0.574 0.123875 0.0303333 0.03075
3 0.4945 0.8545 0.0263333 0.0515
3 0.775167 0.160875 0.03 0.04575
3 0.77275 0.093875 0.0308333 0.03775
3 0.277917 0.12325 0.0311667 0.0475
3 0.600333 0.940125 0.0276667 0.04925
3 0.954917 0.904625 0.0301667 0.03975
3 0.1035 0.2035 0.041 0.034
3 0.238333 0.564125 0.028 0.04275
3 0.326667 0.089 0.0306667 0.034
3 0.802333 0.791125 0.031 0.04125
3 0.387667 0.016625 0.0243333 0.03325
3 0.906833 0.20475 0.032 0.0415
3 0.134167 0.834125 0.0316667 0.04175
3 0.170917 0.65825 0.0505 0.0325
3 0.528417 0.12225 0.0265 0.059
3 0.15175 0.76675 0.0515 0.037
3 0.12375 0.084125 0.0315 0.03525
3 0.800167 0.443125 0.0273333 0.05025
3 0.334917 0.564375 0.0415 0.03975
3 0.15625 0.015 0.0341667 0.03
3 0.2615 0.788125 0.037 0.05375
3 0.739833 0.368875 0.0273333 0.04325
3 0.671917 0.389125 0.0421667 0.04675
3 0.623917 0.891125 0.0308333 0.04275
3 0.958583 0.5785 0.0398333 0.042
3 0.57475 0.839375 0.0298333 0.04175
3 0.969833 0.303625 0.0306667 0.04725
3 0.281833 0.283375 0.0353333 0.05225
3 0.168083 0.05725 0.0345 0.0545
3 0.312083 0.7825 0.0435 0.054
3 0.985917 0.43225 0.0271667 0.03
3 0.867833 0.08225 0.03 0.0675
3 0.492333 0.118 0.025 0.058
3 0.136 0.268875 0.034 0.03375
3 0.9525 0.521875 0.0316667 0.03475
3 0.761 0.825375 0.0373333 0.06475
3 0.67025 0.944625 0.0301667 0.05675
3 0.481917 0.582375 0.0278333 0.05675
3 0.336417 0.3575 0.0515 0.0455
3 0.488333 0.225875 0.0376667 0.05025
3 0.691333 0.593625 0.0313333 0.06825
3 0.39575 0.37925 0.0365 0.0565
3 0.01125 0.54675 0.0225 0.036
3 0.503333 0.318 0.0276667 0.0505
3 0.0290833 0.25575 0.0558333 0.0415
3 0.188583 0.6055 0.0388333 0.057
3 0.89625 0.14775 0.0391667 0.057
3 0.84 0.025375 0.0306667 0.05075
3 0.894 0.8735 0.0393333 0.0555
3 0.94825 0.154625 0.0335 0.03425
3 0.433833 0.399625 0.0316667 0.05025
3 0.532333 0.839875 0.031 0.04925
3 0.140583 0.396 0.0371667 0.065
3 0.034 0.655375 0.0543333 0.05375
