3 0.0905 0.56275 0.034 0.0221667
3 0.016875 0.440167 0.03375 0.0263333
3 0.13475 0.00708333 0.0385 0.0141667
3 0.017875 0.403417 0.03575 0.0348333
3 0.50175 0.9925 0.0315 0.015
3 0.881375 0.332667 0.03225 0.025
3 0.573125 0.0864167 0.03025 0.0265
3 0.876375 0.745833 0.02975 0.0183333
3 0.046 0.699833 0.0315 0.023
3 0.8645 0.606333 0.039 0.0246667
3 0.382875 0.828083 0.05925 0.0185
3 0.924875 0.752833 0.04625 0.0293333
3 0.155125 0.988167 0.04525 0.0196667
3 0.503375 0.958083 0.04675 0.0288333
3 0.0565 0.1945 0.041 0.028
3 0.02275 0.30825 0.0345 0.0298333
3 0.925875 0.284667 0.04775 0.028
3 0.011375 0.981167 0.02275 0.0246667
3 0.38225 0.434083 0.0365 0.0365
3 0.190125 0.0798333 0.03425 0.025
3 0.388 0.751 0.037 0.0296667
3 0.44625 0.865417 0.0375 0.0255
3 0.969 0.837083 0.051 0.0288333
3 0.381875 0.44725 0.03725 0.0291667
3 0.622125 0.404917 0.03975 0.0261667
3 0.547125 0.468417 0.03475 0.0241667
3 0.404375 0.401417 0.03325 0.0265
3 0.97525 0.0550833 0.0455 0.0488333
3 0.502375 0.0290833 0.03525 0.0268333
3 0.40275 0.783333 0.035 0.0293333
3 0.039 0.460167 0.0305 0.0226667
3 0.127375 0.981917 0.03375 0.0228333
3 0.534875 0.273333 0.04125 0.03
3 0.01675 0.523917 0.0335 0.0248333
3 0.012 0.8635 0.024 0.028
3 0.710375 0.313667 0.04125 0.0283333
3 0.896875 0.244917 0.04225 0.0395
3 0.767375 0.852167 0.03775 0.0296667
3 0.47025 0.81975 0.0305 0.0255
3 0.503625 0.846167 0.02575 0.0293333
3 0.4775 0.588083 0.031 0.0261667
3 0.015625 0.4925 0.03125 0.0216667
3 0.504625 0.463417 0.03375 0.0245
3 0.461625 0.227083 0.03475 0.0238333
3 0.474375 0.927583 0.04075 0.0308333
3 0.899875 0.647333 0.03675 0.0266667
3 0.107375 0.839167 0.04275 0.0286667
3 0.08725 0.15525 0.0375 0.0288333
3 0.9165 0.89825 0.036 0.0495
3 0.040875 0.941083 0.03975 0.0248333
3 0.81325 0.191417 0.034 0.0478333
3 0.9365 0.208667 0.0425 0.0273333
3 0.588125 0.78275 0.03575 0.0275
3 0.903125 0.26975 0.04075 0.0405
3 0.883 0.155083 0.0315 0.0328333
3 0.5265 0.635667 0.042 0.0273333
3 0.031875 0.564833 0.04275 0.0286667
3 0.619875 0.829333 0.03875 0.029
3 0.35575 0.636417 0.0395 0.0241667
3 0.684375 0.766333 0.03075 0.0233333
3 0.381 0.185667 0.0275 0.03
3 0.898 0.732083 0.0445 0.0328333
3 0.42125 0.558583 0.042 0.0288333
3 0.54925 0.304417 0.0385 0.0248333
3 0.3815 0.525833 0.049 0.025
3 0.644125 0.28825 0.04075 0.0261667
3 0.6505 0.0706667 0.036 0.055
3 0.20575 0.212917 0.0355 0.0228333
3 0.6435 0.265333 0.0455 0.0256667
3 0.36225 0.676917 0.054 0.0281667
3 0.27475 0.920667 0.0365 0.0273333
3 0.149875 0.0825833 0.03575 0.0275
3 0.186125 0.764833 0.03925 0.0283333
3 0.418375 0.986167 0.04075 0.0256667
3 0.979625 0.95925 0.03875 0.0305
3 0.305625 0.303333 0.04125 0.021
3 0.703 0.2755 0.0395 0.0293333
3 0.276 0.962 0.036 0.033
3 0.092625 0.953583 0.03575 0.0305
3 0.569125 0.619667 0.04275 0.03
3 0.78775 0.320583 0.03 0.0278333
3 0.8205 0.78675 0.052 0.0278333
3 0.926625 0.0191667 0.04625 0.0376667
3 0.66325 0.0255 0.0405 0.0453333
3 0.16775 0.555333 0.044 0.026
3 0.941125 0.95825 0.04625 0.0385
3 0.397125 0.255583 0.03775 0.0471667
3 0.495875 0.383167 0.04475 0.0236667
3 0.838625 0.876917 0.04225 0.0228333
3 0.608875 0.247333 0.03325 0.03
3 0.59475 0.0128333 0.0505 0.0236667
3 0.525875 0.054 0.04975 0.037
3 0.465625 0.18775 0.03575 0.0388333
3 0.091375 0.676 0.05225 0.0283333
3 0.09575 0.233417 0.041 0.0425
3 0.325125 0.8475 0.03175 0.029
3 0.729875 0.04475 0.03975 0.0368333
3 0.954 0.16925 0.0425 0.0465
3 0.409625 0.72 0.04375 0.029
3 0.188375 0.0401667 0.03525 0.0343333
3 0.148625 0.424417 0.03275 0.0248333
3 0.699625 0.728083 0.05625 0.0211667
3 0.821375 0.729 0.04875 0.0263333
3 0.924375 0.860833 0.05375 0.0253333
3 0.975 0.8725 0.0445 0.021
3 0.188625 0.254417 0.04675 0.0315
3 0.369625 0.345417 0.04075 0.0311667
3 0.246 0.07625 0.0395 0.0318333
3 0.8095 0.564 0.0435 0.0276667
3 0.6315 0.882833 0.037 0.0416667
3 0.111625 0.33525 0.04075 0.0291667
3 0.088875 0.756833 0.03825 0.0276667
3 0.16525 0.938417 0.0565 0.0328333
3 0.350125 0.47275 0.04075 0.0285
3 0.46175 0.0175 0.036 0.035
3 0.245125 0.311667 0.04175 0.027
3 0.362625 0.0434167 0.03025 0.0295
3 0.148375 0.203583 0.03975 0.0231667
3 0.473 0.695333 0.0345 0.0303333
3 0.930875 0.14625 0.05125 0.0251667
3 0.2485 0.0134167 0.0375 0.0251667
3 0.228375 0.5375 0.05075 0.0313333
3 0.880625 0.572417 0.04225 0.0285
3 0.624125 0.33925 0.03975 0.0255
3 0.015125 0.197667 0.03025 0.0396667
3 0.753 0.5915 0.042 0.033
3 0.443875 0.155833 0.03275 0.0546667
3 0.4155 0.59425 0.0395 0.0281667
3 0.051 0.334417 0.046 0.0365
3 0.64375 0.571333 0.038 0.0253333
3 0.5615 0.554417 0.062 0.0251667
3 0.851125 0.219 0.04425 0.0363333
3 0.1435 0.634167 0.0425 0.0446667
3 0.20425 0.162417 0.0375 0.0381667
3 0.59025 0.168417 0.0395 0.0691667
3 0.625875 0.0958333 0.03525 0.0503333
3 0.59075 0.524 0.045 0.026
3 0.359 0.602667 0.0465 0.0386667
3 0.731125 0.75525 0.03875 0.0335
3 0.48225 0.116833 0.0355 0.041
3 0.54025 0.587833 0.041 0.023
3 0.7475 0.979333 0.033 0.0393333
3 0.586125 0.736917 0.06175 0.0301667
3 0.87 0.414417 0.0415 0.0285
3 0.396125 0.859167 0.05625 0.037
3 0.119625 0.462083 0.06425 0.0301667
3 0.960875 0.895417 0.04875 0.0308333
3 0.358875 0.215583 0.03425 0.0411667
3 0.112875 0.295833 0.05175 0.0313333
3 0.813375 0.6345 0.06275 0.0276667
3 0.551375 0.1315 0.03025 0.0456667
3 0.688375 0.177833 0.04375 0.034
3 0.936875 0.04775 0.05875 0.0435
3 0.83125 0.2805 0.044 0.0363333
3 0.54275 0.20325 0.0375 0.0705
3 0.96725 0.707083 0.0535 0.0305
3 0.6965 0.947917 0.043 0.0548333
3 0.843375 0.361167 0.06575 0.027
3 0.728125 0.475583 0.04575 0.0345
3 0.96 0.311 0.065 0.0356667
3 0.835625 0.519333 0.05275 0.048
3 0.406375 0.0558333 0.03575 0.04
3 0.5655 0.666667 0.0775 0.0346667
3 0.735 0.8685 0.06 0.05
3 0.13725 0.25075 0.066 0.0438333
3 0.805 0.449917 0.055 0.0388333
