3 0.226 0.67675 0.0515 0.0288333
3 0.821125 0.0645 0.04075 0.0463333
3 0.21425 0.128583 0.041 0.0351667
3 0.93825 0.72925 0.0525 0.0255
3 0.266 0.801833 0.047 0.0293333
3 0.860375 0.156667 0.05275 0.0283333
3 0.1365 0.370667 0.056 0.0256667
3 0.490875 0.615917 0.04675 0.0375
3 0.231875 0.083 0.04675 0.0213333
3 0.975375 0.799583 0.04275 0.0285
3 0.8545 0.472417 0.045 0.0281667
3 0.948375 0.52375 0.03725 0.0348333
3 0.984625 0.109667 0.03075 0.0326667
3 0.26725 0.300667 0.048 0.0276667
3 0.230625 0.925167 0.07825 0.0296667
3 0.469 0.370667 0.088 0.0286667
3 0.277625 0.914 0.05975 0.0413333
3 0.021375 0.752417 0.03375 0.0291667
3 0.435125 0.5355 0.07125 0.0256667
3 0.149625 0.79075 0.04075 0.0405
3 0.68125 0.491833 0.076 0.0276667
3 0.638375 0.0355833 0.04975 0.0291667
3 0.154 0.504 0.0485 0.027
3 0.292375 0.872833 0.06975 0.0376667
3 0.432125 0.34575 0.09175 0.0265
3 0.97275 0.0085 0.0535 0.017
3 0.74075 0.978417 0.052 0.0408333
3 0.898 0.348167 0.04 0.028
3 0.3475 0.298667 0.039 0.03
3 0.432125 0.586333 0.04775 0.039
3 0.86475 0.413083 0.0325 0.0275
3 0.553 0.762833 0.104 0.0296667
3 0.119375 0.372583 0.06375 0.0285
3 0.301 0.74 0.0475 0.0293333
3 0.814625 0.09575 0.04325 0.0418333
3 0.610625 0.159667 0.04225 0.0223333
3 0.16925 0.6945 0.0485 0.0256667
3 0.468875 0.512333 0.05925 0.0366667
3 0.390875 0.495333 0.03575 0.0356667
3 0.595125 0.784583 0.04725 0.0268333
3 0.952375 0.457417 0.05275 0.0268333
3 0.98225 0.245917 0.0345 0.0265
3 0.508625 0.959 0.04225 0.0323333
3 0.345875 0.8545 0.05625 0.0363333
3 0.776375 0.28 0.07375 0.0326667
3 0.603875 0.89175 0.06025 0.0418333
3 0.058625 0.277 0.11725 0.0353333
3 0.063375 0.0955833 0.08575 0.0355
3 0.09775 0.307167 0.0535 0.0246667
3 0.68575 0.88575 0.0575 0.0208333
3 0.683 0.269833 0.05 0.025
3 0.53525 0.60625 0.045 0.0595
3 0.722125 0.628667 0.05625 0.034
3 0.543 0.98875 0.085 0.0221667
3 0.27225 0.0728333 0.043 0.0603333
3 0.379875 0.550083 0.05275 0.0271667
3 0.13775 0.23025 0.0395 0.0358333
3 0.618875 0.534167 0.05225 0.0353333
3 0.48875 0.4655 0.075 0.0326667
3 0.844125 0.8705 0.06525 0.0276667
3 0.906125 0.165667 0.06075 0.028
3 0.29575 0.292583 0.068 0.0345
3 0.381375 0.7585 0.06675 0.0326667
3 0.96 0.30675 0.0315 0.0301667
3 0.2545 0.579667 0.0365 0.0396667
3 0.672125 0.639667 0.03775 0.031
3 0.512125 0.310167 0.05125 0.028
3 0.8945 0.21825 0.061 0.0261667
3 0.56925 0.683917 0.03 0.0428333
3 0.0315 0.822167 0.0485 0.0306667
3 0.93575 0.0955 0.055 0.0286667
3 0.388625 0.18425 0.06475 0.0318333
3 0.532875 0.373917 0.07925 0.0385
3 0.383 0.983667 0.036 0.0316667
3 0.868 0.633917 0.0725 0.0321667
3 0.81225 0.224667 0.06 0.0296667
3 0.242125 0.963917 0.11075 0.0351667
3 0.858125 0.11975 0.07625 0.0305
3 0.97275 0.710417 0.05 0.0348333
3 0.63425 0.213083 0.049 0.0438333
3 0.6825 0.318333 0.0695 0.0283333
3 0.708375 0.460417 0.05925 0.0268333
3 0.2015 0.279083 0.075 0.0308333
3 0.04625 0.391333 0.0925 0.0246667
3 0.15975 0.530167 0.0705 0.0336667
3 0.58425 0.268833 0.046 0.038
3 0.637875 0.826667 0.08625 0.026
3 0.075375 0.124333 0.11925 0.0383333
3 0.833125 0.324417 0.08775 0.0341667
3 0.04075 0.597833 0.0455 0.037
3 0.73775 0.4095 0.0635 0.0446667
3 0.625625 0.590667 0.06525 0.029
3 0.277875 0.369083 0.10275 0.0398333
3 0.218375 0.720917 0.07675 0.0421667
3 0.9 0.287 0.0745 0.0333333
3 0.081375 0.924667 0.15475 0.055
3 0.1025 0.8415 0.0595 0.0403333
3 0.444875 0.79275 0.12175 0.0451667
3 0.33425 0.228833 0.0695 0.0293333
3 0.0525 0.96875 0.099 0.0398333
3 0.694125 0.0463333 0.06825 0.036
3 0.16975 0.104083 0.0765 0.0561667
3 0.184 0.181 0.0635 0.045
3 0.4955 0.693833 0.061 0.0516667
3 0.04875 0.16825 0.051 0.0381667
3 0.063625 0.245333 0.12625 0.048
3 0.81925 0.25975 0.0875 0.0265
3 0.021875 0.694583 0.04075 0.0365
3 0.420875 0.385833 0.10625 0.0336667
3 0.428875 0.691833 0.09175 0.0553333
3 0.89725 0.525417 0.053 0.0541667
3 0.765 0.108917 0.0695 0.0408333
3 0.974875 0.647917 0.04375 0.0491667
3 0.782 0.759 0.07 0.0253333
3 0.19625 0.794333 0.0655 0.0643333
3 0.456875 0.443 0.05975 0.043
3 0.13675 0.569667 0.064 0.034
3 0.817625 0.02675 0.07425 0.0375
3 0.322125 0.603667 0.06875 0.0536667
3 0.96975 0.387583 0.0525 0.0471667
3 0.436625 0.853167 0.08225 0.032
3 0.877125 0.954667 0.09975 0.0656667
3 0.172375 0.434167 0.10725 0.0343333
3 0.7745 0.557167 0.066 0.0563333
3 0.0835 0.02 0.1045 0.0376667
3 0.887125 0.905083 0.09275 0.0425
3 0.061 0.752333 0.064 0.0413333
3 0.474125 0.137333 0.09125 0.057
