3 0.259083 0.577125 0.0908333 0.03275
3 0.296 0.134875 0.0466667 0.04525
3 0.417833 0.233375 0.0216667 0.05025
3 0.979417 0.0695 0.0391667 0.0455
3 0.941083 0.467 0.0561667 0.037
3 0.662667 0.12475 0.0386667 0.063
3 0.552333 0.66575 0.026 0.043
3 0.506333 0.142875 0.0323333 0.05725
3 0.82925 0.903375 0.0275 0.05575
3 0.800917 0.08025 0.0361667 0.0525
3 0.524417 0.028625 0.0335 0.03875
3 0.718667 0.182125 0.0313333 0.04475
3 0.929333 0.429375 0.0393333 0.04525
3 0.0575 0.744125 0.0286667 0.04225
3 0.86575 0.202 0.0195 0.0395
3 0.8925 0.555875 0.0273333 0.05225
3 0.4795 0.8585 0.037 0.0235
3 0.911 0.100375 0.0333333 0.03625
3 0.0193333 0.520875 0.0316667 0.03275
3 0.398167 0.80225 0.0583333 0.0485
3 0.08925 0.673875 0.0308333 0.04375
3 0.257667 0.04 0.034 0.0335
3 0.167333 0.51525 0.0283333 0.041
3 0.0740833 0.016 0.0398333 0.032
3 0.224833 0.982625 0.0256667 0.03025
3 0.50325 0.979 0.0278333 0.0365
3 0.885417 0.972375 0.0411667 0.04725
3 0.623833 0.0925 0.0483333 0.0665
3 0.117083 0.0175 0.0341667 0.035
3 0.54825 0.475 0.0268333 0.05
3 0.293417 0.577875 0.0681667 0.03775
3 0.557417 0.19925 0.0308333 0.0445
3 0.775583 0.437 0.0248333 0.0445
3 0.698 0.222125 0.03 0.05825
3 0.05725 0.1845 0.0395 0.0645
3 0.103833 0.724 0.0333333 0.0555
3 0.480667 0.893125 0.0363333 0.03375
3 0.658417 0.78875 0.0285 0.046
3 0.667667 0.8185 0.0356667 0.035
3 0.462 0.515625 0.033 0.04625
3 0.170583 0.139625 0.0361667 0.04175
3 0.953583 0.95775 0.0415 0.055
3 0.296583 0.009375 0.0348333 0.01875
3 0.71025 0.641125 0.0695 0.06325
3 0.0364167 0.13275 0.0335 0.0405
3 0.910833 0.031 0.0426667 0.062
3 0.986667 0.30275 0.0266667 0.0515
3 0.973417 0.51275 0.0375 0.0335
3 0.903917 0.8835 0.0425 0.102
3 0.307167 0.983 0.029 0.0275
3 0.881833 0.7215 0.0463333 0.049
3 0.60775 0.01225 0.0355 0.0245
3 0.580333 0.98175 0.018 0.032
3 0.255333 0.912 0.035 0.0325
3 0.0523333 0.936625 0.0496667 0.06125
3 0.77425 0.71525 0.0288333 0.0325
3 0.26575 0.25875 0.0295 0.0465
3 0.822917 0.254625 0.0391667 0.02875
3 0.805917 0.765625 0.0295 0.05525
3 0.351583 0.872125 0.0618333 0.03625
3 0.412667 0.7435 0.032 0.0625
3 0.0445833 0.476625 0.0371667 0.04425
3 0.556417 0.969375 0.0205 0.05675
3 0.258333 0.6415 0.052 0.0625
3 0.522833 0.38375 0.0303333 0.044
3 0.366667 0.75275 0.0376667 0.0475
3 0.622083 0.738125 0.0395 0.04525
3 0.192833 0.61775 0.031 0.068
3 0.133833 0.157375 0.0373333 0.04575
3 0.632417 0.927125 0.0291667 0.04925
3 0.311083 0.909375 0.0425 0.03825
3 0.520667 0.65625 0.029 0.039
3 0.714417 0.818 0.0348333 0.0465
3 0.898167 0.1755 0.0603333 0.046
3 0.267167 0.5355 0.059 0.067
3 0.268083 0.206625 0.0745 0.03725
3 0.789083 0.073875 0.0278333 0.07075
3 0.0810833 0.736125 0.0315 0.08425
3 0.959667 0.137875 0.0356667 0.05325
3 0.207917 0.19425 0.0315 0.042
3 0.479583 0.832625 0.0395 0.03875
3 0.0168333 0.234625 0.0336667 0.04075
3 0.941417 0.781875 0.0348333 0.04525
3 0.979833 0.745375 0.0403333 0.04225
3 0.776083 0.94025 0.0291667 0.116
3 0.709333 0.736375 0.0373333 0.04575
3 0.503833 0.4685 0.0446667 0.039
3 0.0881667 0.9615 0.027 0.0725
3 0.241083 0.410125 0.0291667 0.09275
3 0.405667 0.45925 0.0296667 0.1095
3 0.19975 0.112125 0.0518333 0.04175
3 0.476667 0.318375 0.0316667 0.09025
3 0.962083 0.8515 0.0485 0.04
3 0.283083 0.98125 0.0255 0.0345
3 0.788833 0.294875 0.031 0.06825
3 0.877 0.385375 0.0543333 0.11225
3 0.016 0.380375 0.0296667 0.04375
3 0.30075 0.44675 0.0488333 0.0545
3 0.714917 0.362875 0.0351667 0.06525
3 0.630167 0.518 0.0423333 0.065
3 0.06725 0.40525 0.0421667 0.058
3 0.149 0.281 0.0636667 0.0875
3 0.325917 0.314625 0.0381667 0.07175
3 0.303167 0.528375 0.0563333 0.05575
3 0.0314167 0.578 0.0575 0.1095
3 0.62275 0.212125 0.0288333 0.09075
3 0.617583 0.83575 0.0408333 0.0735
3 0.121083 0.53525 0.0358333 0.115
3 0.53525 0.74825 0.0308333 0.0665
3 0.48675 0.39225 0.0325 0.0605
3 0.52475 0.936375 0.0318333 0.06275
3 0.216167 0.287625 0.0283333 0.06225
3 0.0940833 0.327625 0.0518333 0.09175
3 0.749833 0.284875 0.042 0.13075
3 0.2225 0.722 0.0406667 0.054
3 0.393583 0.350375 0.0348333 0.06475
3 0.345333 0.053625 0.039 0.04925
3 0.7055 0.42925 0.0333333 0.062
3 0.148917 0.368625 0.0468333 0.06425
3 0.683583 0.59825 0.0501667 0.072
3 0.407167 0.204125 0.0443333 0.10075
3 0.75875 0.53775 0.0385 0.0995
3 0.526167 0.254625 0.032 0.14475
3 0.5955 0.662875 0.0433333 0.08325
3 0.86225 0.538 0.0685 0.1205
3 0.465083 0.67725 0.0328333 0.0965
3 0.130167 0.663375 0.035 0.10225
3 0.629333 0.3365 0.0363333 0.1245
3 0.8305 0.9735 0.0353333 0.053
