3 0.907 0.458 0.067 0.068
3 0.319 0.60625 0.0393333 0.0275
3 0.0578333 0.935125 0.03 0.03425
3 0.373833 0.189625 0.0273333 0.03575
3 0.304583 0.594 0.0318333 0.0525
3 0.984833 0.068125 0.028 0.03775
3 0.0265833 0.719375 0.0215 0.03625
3 0.1575 0.332625 0.0523333 0.12175
3 0.8515 0.3035 0.0246667 0.036
3 0.878583 0.385875 0.0238333 0.02925
3 0.96725 0.4975 0.0601667 0.0745
3 0.08575 0.16725 0.0631667 0.0635
3 0.446 0.18425 0.037 0.036
3 0.141 0.2785 0.031 0.0385
3 0.0161667 0.245125 0.0283333 0.03825
3 0.400083 0.829625 0.0318333 0.03425
3 0.553833 0.833 0.032 0.0545
3 0.535583 0.553875 0.0281667 0.03725
3 0.485917 0.014875 0.0271667 0.02975
3 0.481 0.269875 0.0276667 0.04525
3 0.0100833 0.9745 0.0195 0.043
3 0.6425 0.32125 0.0263333 0.0425
3 0.856333 0.983 0.0346667 0.031
3 0.00825 0.7195 0.0165 0.046
3 0.128417 0.968125 0.0295 0.03625
3 0.5155 0.180375 0.037 0.02725
3 0.056 0.377125 0.047 0.06175
3 0.268083 0.1715 0.0265 0.043
3 0.723333 0.419 0.0336667 0.0495
3 0.513833 0.15 0.039 0.0395
3 0.262583 0.93225 0.0368333 0.0515
3 0.180667 0.24625 0.0343333 0.0515
3 0.829417 0.415875 0.0558333 0.03175
3 0.2245 0.931375 0.0476667 0.04575
3 0.0150833 0.4575 0.0301667 0.0285
3 0.190583 0.87925 0.0348333 0.033
3 0.260667 0.402 0.0226667 0.032
3 0.0186667 0.565125 0.0366667 0.03525
3 0.06975 0.24775 0.0585 0.0475
3 0.3725 0.984125 0.029 0.02975
3 0.314083 0.423375 0.0255 0.04425
3 0.667917 0.195125 0.0358333 0.04375
3 0.60425 0.32425 0.0435 0.0365
3 0.0964167 0.308 0.0481667 0.0405
3 0.818 0.960625 0.0326667 0.04175
3 0.209333 0.137125 0.029 0.04125
3 0.473417 0.154 0.0405 0.043
3 0.336167 0.6325 0.0263333 0.057
3 0.415417 0.904625 0.0351667 0.04675
3 0.687167 0.033 0.0296667 0.034
3 0.878167 0.7035 0.061 0.046
3 0.5855 0.833375 0.0273333 0.07775
3 0.670833 0.50775 0.0283333 0.0355
3 0.315 0.111875 0.0313333 0.02825
3 0.111083 0.15175 0.0718333 0.038
3 0.380667 0.500375 0.0323333 0.02925
3 0.800667 0.195125 0.0266667 0.04325
3 0.08125 0.959375 0.0508333 0.04275
3 0.819333 0.01775 0.0236667 0.0355
3 0.9565 0.694625 0.0276667 0.04975
3 0.596 0.577375 0.0366667 0.03325
3 0.83575 0.189 0.0305 0.044
3 0.43825 0.322625 0.0295 0.04525
3 0.73025 0.191375 0.0445 0.03475
3 0.7635 0.10225 0.0306667 0.037
3 0.34575 0.087 0.0401667 0.0365
3 0.543167 0.141125 0.0313333 0.05375
3 0.555583 0.021125 0.0335 0.04225
3 0.964917 0.389875 0.0338333 0.03125
3 0.584833 0.4535 0.027 0.033
3 0.739917 0.949375 0.0295 0.03825
3 0.0803333 0.75275 0.0283333 0.0525
3 0.813667 0.883125 0.0316667 0.05625
3 0.41875 0.95025 0.0285 0.0535
3 0.976917 0.637875 0.0251667 0.07075
3 0.721083 0.352 0.0235 0.067
3 0.566583 0.078625 0.0308333 0.04625
3 0.857833 0.63375 0.0233333 0.0595
3 0.24425 0.19625 0.0331667 0.055
3 0.226083 0.789625 0.0348333 0.04675
3 0.3945 0.86475 0.035 0.0335
3 0.753833 0.686 0.0426667 0.043
3 0.709083 0.536625 0.0241667 0.06425
3 0.03825 0.3205 0.0505 0.071
3 0.715 0.27925 0.029 0.0335
3 0.757917 0.392 0.0331667 0.046
3 0.64875 0.467625 0.0455 0.06875
3 0.970917 0.80525 0.0415 0.075
3 0.159833 0.93125 0.0636667 0.047
3 0.386167 0.095875 0.0236667 0.07425
3 0.638083 0.3665 0.0371667 0.057
3 0.718917 0.02275 0.0275 0.0325
3 0.652083 0.240375 0.0271667 0.05075
3 0.500917 0.565125 0.0551667 0.06975
3 0.423333 0.778625 0.0253333 0.05425
3 0.323667 0.8605 0.058 0.0405
3 0.324083 0.939125 0.0301667 0.05325
3 0.626083 0.037125 0.0281667 0.07425
3 0.401917 0.594375 0.0265 0.04775
3 0.0888333 0.692375 0.0396667 0.07725
3 0.629583 0.759 0.0255 0.067
3 0.03225 0.527875 0.0558333 0.03825
3 0.21225 0.69975 0.0315 0.0745
3 0.056 0.0455 0.0873333 0.0425
3 0.464833 0.487 0.0306667 0.045
3 0.791583 0.29725 0.0401667 0.038
3 0.1875 0.3895 0.0703333 0.037
3 0.620833 0.421375 0.027 0.06025
3 0.202 0.495625 0.058 0.04125
3 0.91625 0.84825 0.0391667 0.074
3 0.406 0.25075 0.0323333 0.0425
3 0.812167 0.668 0.0406667 0.054
3 0.60725 0.1545 0.0298333 0.067
3 0.650833 0.87525 0.045 0.075
3 0.43025 0.132 0.0451667 0.078
3 0.309917 0.366 0.0591667 0.056
3 0.16225 0.596625 0.0458333 0.09875
3 0.386833 0.3005 0.036 0.091
3 0.34375 0.693625 0.0401667 0.06675
3 0.905083 0.316375 0.0851667 0.06025
3 0.66225 0.798625 0.0351667 0.05375
3 0.644583 0.963 0.0581667 0.0525
3 0.52825 0.916 0.0415 0.0655
3 0.239833 0.31175 0.0476667 0.067
3 0.161333 0.174625 0.046 0.07225
3 0.157833 0.044625 0.0523333 0.08925
3 0.561333 0.510125 0.0563333 0.10225
