3 0.443375 0.319167 0.04725 0.028
3 0.58475 0.20375 0.035 0.0355
3 0.96675 0.0260833 0.043 0.0221667
3 0.983 0.19375 0.034 0.0281667
3 0.272 0.745417 0.0275 0.0255
3 0.045125 0.5855 0.03575 0.0293333
3 0.478125 0.755417 0.03875 0.0188333
3 0.98975 0.493 0.0205 0.034
3 0.0355 0.630917 0.065 0.0318333
3 0.075125 0.589583 0.04825 0.0338333
3 0.737625 0.20025 0.04275 0.0305
3 0.31025 0.632417 0.0555 0.0258333
3 0.189875 0.609667 0.04275 0.027
3 0.33475 0.716583 0.037 0.0311667
3 0.413125 0.0705833 0.03775 0.0258333
3 0.200125 0.958 0.04575 0.0266667
3 0.015125 0.958 0.03025 0.0216667
3 0.32625 0.0464167 0.033 0.0288333
3 0.351125 0.214917 0.04775 0.0245
3 0.340125 0.13725 0.04175 0.0325
3 0.17125 0.75625 0.039 0.0375
3 0.23 0.935833 0.0385 0.0376667
3 0.70425 0.877333 0.031 0.0303333
3 0.653875 0.0105833 0.05425 0.0211667
3 0.82725 0.09725 0.048 0.0318333
3 0.322875 0.2875 0.03475 0.026
3 0.71925 0.796417 0.0465 0.0238333
3 0.482875 0.81175 0.04325 0.0381667
3 0.123 0.205833 0.041 0.0396667
3 0.6245 0.208833 0.043 0.025
3 0.750875 0.56025 0.03375 0.0201667
3 0.24675 0.222417 0.0465 0.0238333
3 0.06675 0.402167 0.053 0.0256667
3 0.485125 0.313917 0.05225 0.0305
3 0.873375 0.0815 0.05325 0.03
3 0.012625 0.87975 0.02525 0.0351667
3 0.475125 0.509083 0.04525 0.0351667
3 0.62675 0.1065 0.035 0.0263333
3 0.0775 0.104167 0.0315 0.027
3 0.49325 0.2615 0.0385 0.0256667
3 0.221625 0.2785 0.03975 0.0256667
3 0.656125 0.317917 0.04175 0.0298333
3 0.94675 0.840583 0.032 0.0201667
3 0.599375 0.824083 0.05375 0.0301667
3 0.210375 0.760167 0.04075 0.037
3 0.96975 0.989083 0.0535 0.0211667
3 0.3655 0.0358333 0.0465 0.034
3 0.679625 0.474 0.05275 0.03
3 0.9285 0.12875 0.0475 0.0275
3 0.556375 0.787917 0.05675 0.0288333
3 0.485875 0.429167 0.04425 0.0423333
3 0.070625 0.541917 0.04325 0.0298333
3 0.12375 0.820833 0.0455 0.0263333
3 0.953375 0.7555 0.04275 0.0263333
3 0.900375 0.880667 0.04175 0.036
3 0.725375 0.391083 0.04575 0.0255
3 0.843125 0.409833 0.04275 0.029
3 0.957125 0.162083 0.06425 0.0238333
3 0.7745 0.64775 0.051 0.0241667
3 0.3785 0.374583 0.0395 0.0221667
3 0.029 0.69175 0.058 0.0265
3 0.506875 0.0489167 0.03775 0.0351667
3 0.216 0.535333 0.045 0.0336667
3 0.098375 0.148667 0.04475 0.0423333
3 0.722125 0.0425833 0.06375 0.0428333
3 0.14825 0.589083 0.045 0.0371667
3 0.901625 0.92725 0.03725 0.0405
3 0.67925 0.259333 0.054 0.0293333
3 0.364875 0.828833 0.05425 0.0266667
3 0.306625 0.0994167 0.04575 0.0395
3 0.791 0.0139167 0.048 0.0278333
3 0.635125 0.555917 0.05725 0.0318333
3 0.411 0.50975 0.042 0.0281667
3 0.459875 0.9685 0.05075 0.022
3 0.400875 0.7415 0.04575 0.0276667
3 0.5465 0.298583 0.041 0.0368333
3 0.3915 0.434167 0.042 0.0426667
3 0.15475 0.0544167 0.04 0.0328333
3 0.2395 0.794917 0.042 0.0275
3 0.374875 0.564833 0.04375 0.0363333
3 0.743 0.457417 0.065 0.0315
3 0.12875 0.358417 0.0535 0.0315
3 0.181 0.318583 0.055 0.0301667
3 0.05725 0.773417 0.049 0.0365
3 0.759375 0.203 0.04175 0.035
3 0.786625 0.28125 0.06125 0.0261667
3 0.752375 0.91725 0.04725 0.0358333
3 0.20275 0.82025 0.063 0.0301667
3 0.37 0.299667 0.0515 0.0313333
3 0.477625 0.6225 0.03025 0.0436667
3 0.1075 0.25275 0.0545 0.0405
3 0.8765 0.667167 0.07 0.0293333
3 0.558125 0.9385 0.05175 0.0436667
3 0.612375 0.268 0.07875 0.031
3 0.23825 0.716667 0.048 0.0313333
3 0.02775 0.275333 0.049 0.0423333
3 0.612625 0.0441667 0.05775 0.0373333
3 0.84875 0.792833 0.059 0.0306667
3 0.823375 0.720083 0.08925 0.0298333
3 0.9685 0.53625 0.059 0.0321667
3 0.919375 0.0138333 0.07275 0.0266667
3 0.273625 0.86725 0.05175 0.0381667
3 0.804625 0.429667 0.05875 0.037
3 0.329625 0.675333 0.04875 0.03
3 0.909125 0.256 0.06825 0.0326667
3 0.4615 0.104083 0.051 0.0438333
3 0.6435 0.965833 0.0715 0.0566667
3 0.79875 0.811583 0.0485 0.0388333
3 0.09625 0.01975 0.056 0.0271667
3 0.56525 0.493417 0.0555 0.0345
3 0.541625 0.0206667 0.05275 0.0383333
3 0.95225 0.21825 0.073 0.0438333
