3 0.560333 0.4225 0.037 0.0375
3 0.850667 0.891375 0.0273333 0.03375
3 0.539083 0.945 0.0258333 0.03
3 0.00658333 0.07925 0.0128333 0.0755
3 0.60675 0.015375 0.0258333 0.03075
3 0.985667 0.625875 0.0243333 0.03975
3 0.405917 0.0825 0.0305 0.0435
3 0.87225 0.225875 0.0271667 0.02775
3 0.77125 0.791875 0.0281667 0.03925
3 0.490583 0.60175 0.0255 0.041
3 0.0135833 0.577625 0.0245 0.03625
3 0.47525 0.0245 0.0191667 0.0325
3 0.2285 0.687375 0.0416667 0.03375
3 0.212417 0.371625 0.0291667 0.03775
3 0.714417 0.96925 0.0291667 0.0235
3 0.153167 0.724625 0.026 0.05025
3 0.2655 0.84725 0.02 0.039
3 0.79375 0.833625 0.0171667 0.03525
3 0.986083 0.272625 0.0275 0.04775
3 0.52575 0.00775 0.0328333 0.0155
3 0.655333 0.37325 0.03 0.0295
3 0.787 0.8985 0.0276667 0.047
3 0.388083 0.728625 0.0261667 0.02925
3 0.038 0.206875 0.034 0.03875
3 0.18975 0.368375 0.0308333 0.04125
3 0.98725 0.967625 0.0238333 0.05225
3 0.631667 0.01125 0.025 0.0225
3 0.984333 0.115625 0.0276667 0.02675
3 0.1205 0.0115 0.0393333 0.023
3 0.207333 0.60325 0.0423333 0.0335
3 0.8585 0.326875 0.0243333 0.03475
3 0.223833 0.780875 0.022 0.04175
3 0.321083 0.654875 0.0385 0.04075
3 0.016 0.6805 0.0283333 0.043
3 0.859333 0.567 0.0266667 0.03
3 0.914083 0.733375 0.0308333 0.03975
3 0.673917 0.83625 0.0321667 0.045
3 0.178 0.21775 0.0333333 0.0445
3 0.920917 0.608875 0.0408333 0.06275
3 0.489167 0.832875 0.045 0.03675
3 0.3525 0.798875 0.0393333 0.04525
3 0.766667 0.962625 0.0283333 0.03325
3 0.81875 0.252375 0.0331667 0.04275
3 0.06475 0.810125 0.0335 0.04425
3 0.204333 0.703 0.0283333 0.045
3 0.404333 0.159875 0.024 0.03525
3 0.059 0.905375 0.0326667 0.03575
3 0.975083 0.179625 0.0358333 0.04225
3 0.4425 0.720375 0.0286667 0.03475
3 0.239583 0.640125 0.0338333 0.04375
3 0.542583 0.3085 0.0248333 0.039
3 0.0854167 0.912625 0.0478333 0.04725
3 0.851833 0.74775 0.0336667 0.037
3 0.445917 0.1165 0.0288333 0.0445
3 0.0829167 0.015 0.0325 0.03
3 0.844167 0.946125 0.033 0.04225
3 0.457917 0.38625 0.0261667 0.0355
3 0.379417 0.49475 0.0338333 0.042
3 0.37575 0.540125 0.0308333 0.03875
3 0.580667 0.916125 0.0323333 0.03575
3 0.160667 0.34775 0.0286667 0.0415
3 0.29425 0.109375 0.0218333 0.04975
3 0.92275 0.530875 0.0495 0.04625
3 0.925333 0.87675 0.0353333 0.034
3 0.81775 0.767375 0.0295 0.03575
3 0.356417 0.31225 0.0488333 0.0565
3 0.614917 0.7565 0.0325 0.0685
3 0.0245 0.979 0.0333333 0.0345
3 0.790917 0.70075 0.0365 0.0475
3 0.657833 0.715625 0.034 0.04125
3 0.912583 0.232375 0.0291667 0.04575
3 0.0980833 0.058 0.0298333 0.0495
3 0.279667 0.918 0.032 0.0355
3 0.5295 0.47325 0.034 0.0405
3 0.819333 0.178125 0.042 0.04375
3 0.0544167 0.338375 0.0405 0.05275
3 0.673 0.9695 0.0253333 0.0305
3 0.344917 0.889625 0.0301667 0.03625
3 0.6415 0.13625 0.0416667 0.0415
3 0.500917 0.539375 0.0361667 0.03925
3 0.97025 0.7 0.0351667 0.0385
3 0.304917 0.159625 0.0331667 0.03925
3 0.729417 0.704875 0.0295 0.05125
3 0.03275 0.515125 0.0398333 0.03775
3 0.581583 0.1985 0.0348333 0.0375
3 0.321333 0.976875 0.0356667 0.04225
3 0.742 0.583375 0.0376667 0.04325
3 0.629083 0.8315 0.0271667 0.036
3 0.489667 0.976625 0.0313333 0.04025
3 0.4915 0.143875 0.0316667 0.05825
3 0.494167 0.483375 0.0326667 0.06075
3 0.606083 0.170875 0.0361667 0.05275
3 0.852333 0.394125 0.034 0.05025
3 0.48875 0.356625 0.0261667 0.03625
3 0.269 0.771 0.033 0.0395
3 0.523167 0.24575 0.03 0.046
3 0.181583 0.477125 0.0481667 0.04275
3 0.679833 0.890875 0.0283333 0.04425
3 0.3055 0.38075 0.0426667 0.0465
3 0.370667 0.0595 0.0256667 0.0545
3 0.0425833 0.436 0.0275 0.0545
3 0.840833 0.112125 0.0423333 0.04825
3 0.943333 0.811 0.0283333 0.057
3 0.546833 0.73175 0.034 0.06
3 0.295417 0.020375 0.0241667 0.04075
3 0.910083 0.17425 0.0428333 0.042
3 0.0698333 0.71675 0.0376667 0.0385
3 0.397083 0.016875 0.0318333 0.03375
3 0.757167 0.361625 0.0413333 0.04325
3 0.150167 0.85975 0.0333333 0.044
3 0.47975 0.758125 0.0431667 0.04825
3 0.704167 0.235 0.0453333 0.046
3 0.774583 0.512125 0.0405 0.05175
3 0.902667 0.944875 0.0273333 0.04025
3 0.96525 0.054375 0.0425 0.03075
3 0.928333 0.4325 0.0266667 0.044
3 0.157 0.621625 0.0426667 0.04425
3 0.217917 0.4585 0.0375 0.054
3 0.650833 0.5085 0.0443333 0.049
3 0.0775 0.140875 0.0416667 0.05175
3 0.40525 0.821875 0.0335 0.04875
3 0.32425 0.46075 0.0585 0.0435
3 0.547583 0.38975 0.0345 0.0635
3 0.9545 0.29525 0.0563333 0.0725
3 0.126 0.187125 0.0346667 0.05725
3 0.5915 0.358 0.0386667 0.057
3 0.240417 0.195875 0.0395 0.05075
3 0.838083 0.30775 0.0475 0.0755
3 0.7305 0.061625 0.0433333 0.05075
3 0.453917 0.206 0.0408333 0.05
3 0.683917 0.645 0.0358333 0.064
3 0.902583 0.057375 0.0485 0.05625
3 0.767917 0.16025 0.0471667 0.06
