3 0.643417 0.222875 0.0251667 0.04775
3 0.842333 0.689 0.0323333 0.04
3 0.0431667 0.743125 0.0326667 0.03675
3 0.977583 0.7425 0.0278333 0.0435
3 0.4745 0.06925 0.035 0.11
3 0.18225 0.505125 0.0421667 0.03975
3 0.603833 0.407375 0.033 0.04275
3 0.18625 0.61025 0.0328333 0.028
3 0.421167 0.51925 0.0203333 0.035
3 0.419583 0.44125 0.0248333 0.0345
3 0.09925 0.534375 0.0258333 0.02975
3 0.430583 0.1895 0.0255 0.0365
3 0.311167 0.73975 0.0483333 0.0565
3 0.0193333 0.8785 0.0376667 0.045
3 0.1285 0.687125 0.04 0.04575
3 0.882667 0.61 0.0296667 0.0505
3 0.180667 0.039 0.029 0.0345
3 0.537 0.65325 0.0326667 0.0365
3 0.966833 0.565375 0.0356667 0.03075
3 0.750167 0.67725 0.0286667 0.027
3 0.227667 0.1785 0.03 0.0375
3 0.13425 0.704125 0.0415 0.03825
3 0.950083 0.7805 0.0218333 0.053
3 0.443417 0.700375 0.0235 0.03675
3 0.9395 0.33125 0.0286667 0.044
3 0.209417 0.014875 0.0285 0.02875
3 0.131833 0.280375 0.0476667 0.02875
3 0.670833 0.754375 0.0283333 0.04025
3 0.971583 0.228375 0.0251667 0.04425
3 0.263167 0.19475 0.0566667 0.029
3 0.914667 0.92875 0.0276667 0.0375
3 0.598667 0.142125 0.0253333 0.04025
3 0.00975 0.94225 0.0195 0.041
3 0.280583 0.24075 0.0461667 0.034
3 0.153083 0.466875 0.0355 0.03475
3 0.5285 0.433625 0.028 0.03875
3 0.745667 0.286375 0.0193333 0.04825
3 0.459917 0.18575 0.0308333 0.041
3 0.904333 0.637375 0.0403333 0.03525
3 0.319167 0.233875 0.0436667 0.03925
3 0.0184167 0.682125 0.0218333 0.05275
3 0.99125 0.6075 0.0175 0.0495
3 0.642417 0.015625 0.0318333 0.03125
3 0.82325 0.612375 0.0235 0.04075
3 0.516417 0.514125 0.0238333 0.03725
3 0.120417 0.497625 0.0325 0.03375
3 0.0830833 0.754 0.0318333 0.04
3 0.183583 0.16525 0.0251667 0.0415
3 0.85625 0.6855 0.0421667 0.034
3 0.466833 0.144375 0.0263333 0.04525
3 0.647167 0.441375 0.0273333 0.04325
3 0.546583 0.598125 0.0471667 0.03925
3 0.06825 0.86825 0.0548333 0.04
3 0.950833 0.1175 0.0383333 0.052
3 0.396583 0.639375 0.0398333 0.05575
3 0.04875 0.084875 0.0545 0.06075
3 0.604167 0.533125 0.0263333 0.03175
3 0.0800833 0.981375 0.0625 0.03075
3 0.926083 0.62225 0.0258333 0.049
3 0.395917 0.2445 0.0255 0.032
3 0.4355 0.35575 0.0273333 0.033
3 0.220583 0.77825 0.0335 0.0385
3 0.7295 0.596375 0.0336667 0.03375
3 0.0139167 0.735125 0.0278333 0.06775
3 0.4775 0.0405 0.0333333 0.081
3 0.0256667 0.551875 0.0513333 0.03425
3 0.6145 0.165375 0.03 0.03575
3 0.440167 0.862125 0.0253333 0.04225
3 0.4825 0.984875 0.0256667 0.02625
3 0.191417 0.259 0.0295 0.0375
3 0.804333 0.576875 0.0286667 0.03975
3 0.259417 0.227375 0.0388333 0.03325
3 0.968083 0.038625 0.0275 0.03225
3 0.637167 0.679 0.0256667 0.0425
3 0.96125 0.945375 0.0278333 0.03425
3 0.414 0.145125 0.0326667 0.03775
3 0.87425 0.936375 0.0365 0.04925
3 0.495917 0.695125 0.0305 0.03725
3 0.609667 0.886625 0.0366667 0.04125
3 0.86525 0.272625 0.0328333 0.03775
3 0.326833 0.17825 0.0306667 0.0335
3 0.631333 0.867875 0.035 0.04925
3 0.97325 0.861 0.0281667 0.043
3 0.0353333 0.501875 0.0476667 0.02775
3 0.484083 0.406125 0.0318333 0.03475
3 0.188417 0.080625 0.0298333 0.04525
3 0.727417 0.87625 0.0271667 0.0545
3 0.196 0.547875 0.0316667 0.04025
3 0.97825 0.46775 0.0348333 0.0375
3 0.259083 0.744125 0.0321667 0.06675
3 0.978167 0.161375 0.0296667 0.03925
3 0.72425 0.25975 0.0288333 0.0465
3 0.33775 0.966875 0.0235 0.04525
3 0.37575 0.954 0.0231667 0.0645
3 0.0644167 0.600125 0.0391667 0.03925
3 0.224917 0.46875 0.0321667 0.0495
3 0.663667 0.298 0.0293333 0.0695
3 0.316833 0.575125 0.032 0.04225
3 0.665583 0.343875 0.0301667 0.04825
3 0.556167 0.2835 0.0763333 0.036
3 0.581417 0.5845 0.0251667 0.0605
3 0.56725 0.7705 0.0498333 0.054
3 0.732583 0.625375 0.0408333 0.04025
3 0.473667 0.502625 0.036 0.05725
3 0.344417 0.680375 0.0708333 0.05625
3 0.112417 0.576625 0.0321667 0.05075
3 0.813833 0.655625 0.032 0.03425
3 0.671833 0.47925 0.0296667 0.045
3 0.382583 0.81125 0.0271667 0.039
3 0.35525 0.8575 0.0208333 0.0445
3 0.324167 0.1305 0.0636667 0.0365
3 0.964583 0.5315 0.0595 0.0385
3 0.375583 0.388125 0.0375 0.03975
3 0.154417 0.599625 0.0408333 0.04125
3 0.331833 0.046125 0.0573333 0.04875
3 0.726667 0.707625 0.0446667 0.04425
3 0.23725 0.102875 0.0358333 0.05825
3 0.670083 0.872 0.0251667 0.049
3 0.379083 0.079375 0.0285 0.04975
3 0.759667 0.06575 0.0356667 0.05
3 0.621417 0.500375 0.0308333 0.05575
3 0.316083 0.9125 0.0425 0.039
3 0.472583 0.742375 0.0278333 0.05225
3 0.0689167 0.20975 0.0741667 0.035
3 0.0190833 0.04825 0.0281667 0.0705
3 0.360583 0.22525 0.0418333 0.0415
3 0.330583 0.474875 0.0285 0.03775
3 0.0954167 0.629875 0.0488333 0.04325
3 0.365667 0.77875 0.0386667 0.058
3 0.427667 0.489375 0.0293333 0.04275
3 0.70225 0.361875 0.0358333 0.03975
3 0.229833 0.86825 0.038 0.0725
3 0.578583 0.97775 0.0291667 0.0345
3 0.16 0.849 0.0333333 0.038
3 0.754083 0.875625 0.0225 0.05325
3 0.653 0.562375 0.045 0.04625
3 0.120333 0.024875 0.0293333 0.04975
3 0.395417 0.3035 0.0408333 0.035
3 0.785 0.280125 0.0366667 0.04775
3 0.446 0.431625 0.0236667 0.06425
3 0.853917 0.8305 0.0318333 0.0495
3 0.793417 0.338 0.0515 0.035
3 0.511667 0.857875 0.037 0.03375
3 0.043 0.577375 0.0436667 0.06025
3 0.0275 0.320625 0.0493333 0.08275
3 0.693417 0.627875 0.0305 0.06875
3 0.171583 0.205125 0.0261667 0.05925
3 0.608833 0.468125 0.0383333 0.08525
3 0.382 0.4585 0.039 0.0455
3 0.766667 0.448125 0.031 0.04725
3 0.0285833 0.824125 0.0565 0.04375
3 0.558417 0.068375 0.0341667 0.09375
3 0.21175 0.32725 0.0435 0.0365
3 0.255083 0.395 0.0285 0.059
3 0.70475 0.066125 0.0671667 0.05175
3 0.467833 0.850375 0.034 0.04775
3 0.0625 0.175125 0.0856667 0.07025
3 0.257583 0.916625 0.0451667 0.03875
3 0.905333 0.738 0.0446667 0.042
3 0.163667 0.973375 0.0403333 0.04975
3 0.634083 0.308875 0.0351667 0.07075
3 0.170917 0.7355 0.0591667 0.052
3 0.28525 0.532875 0.0405 0.04225
3 0.7965 0.75825 0.0386667 0.0395
3 0.518583 0.042 0.0331667 0.084
3 0.108167 0.3425 0.0396667 0.0565
3 0.6265 0.728 0.0346667 0.054
3 0.714167 0.44425 0.037 0.0605
3 0.9155 0.163125 0.0686667 0.06025
3 0.500167 0.91575 0.0263333 0.0635
3 0.72825 0.5445 0.0358333 0.057
3 0.456333 0.23925 0.0483333 0.0565
3 0.240167 0.981 0.0536667 0.038
3 0.423083 0.7935 0.0345 0.06
3 0.173417 0.92575 0.0381667 0.056
3 0.556583 0.507875 0.0481667 0.06825
3 0.290333 0.653625 0.0573333 0.05375
3 0.07725 0.683875 0.0621667 0.05525
3 0.768417 0.172 0.0488333 0.06
3 0.295417 0.84775 0.0575 0.0755
3 0.453 0.94175 0.047 0.0775
