3 0.9595 0.993417 0.071 0.0131667
3 0.151 0.22075 0.0385 0.0295
3 0.5145 0.914667 0.0415 0.0326667
3 0.454625 0.443583 0.04625 0.0278333
3 0.987875 0.29525 0.01975 0.0281667
3 0.859875 0.977667 0.06375 0.03
3 0.9285 0.624917 0.0455 0.0225
3 0.864625 0.7055 0.04725 0.0493333
3 0.012 0.682417 0.024 0.0298333
3 0.265125 0.0566667 0.04525 0.057
3 0.38575 0.549333 0.034 0.025
3 0.554875 0.63575 0.03725 0.0265
3 0.253625 0.673333 0.03375 0.0306667
3 0.77975 0.548 0.0315 0.0243333
3 0.165 0.682833 0.049 0.0423333
3 0.982 0.612083 0.036 0.0231667
3 0.622375 0.600583 0.03275 0.0451667
3 0.967375 0.257417 0.02925 0.0225
3 0.600625 0.432167 0.04175 0.03
3 0.618625 0.660917 0.04225 0.0278333
3 0.796 0.989333 0.054 0.021
3 0.593 0.9185 0.0315 0.025
3 0.340875 0.847083 0.03075 0.0281667
3 0.85125 0.180083 0.044 0.0288333
3 0.911375 0.276167 0.03725 0.0216667
3 0.242625 0.62475 0.03975 0.0348333
3 0.0135 0.47075 0.027 0.0271667
3 0.324875 0.870833 0.02775 0.0346667
3 0.936875 0.554167 0.04025 0.0283333
3 0.773 0.520917 0.039 0.0225
3 0.18575 0.679167 0.078 0.0386667
3 0.191375 0.587333 0.03925 0.0236667
3 0.506625 0.6915 0.03925 0.0253333
3 0.9885 0.351333 0.02 0.0366667
3 0.672125 0.196917 0.03725 0.0255
3 0.862125 0.484833 0.04025 0.0296667
3 0.84925 0.3275 0.0385 0.0206667
3 0.797875 0.367917 0.03825 0.0338333
3 0.83225 0.877167 0.0335 0.021
3 0.4285 0.572417 0.0375 0.0255
3 0.2915 0.778917 0.045 0.0215
3 0.62325 0.58475 0.033 0.0388333
3 0.03875 0.718917 0.0475 0.0285
3 0.206 0.759 0.049 0.0296667
3 0.68275 0.009 0.053 0.018
3 0.579875 0.98675 0.03725 0.0251667
3 0.8975 0.59875 0.038 0.0268333
3 0.379625 0.385 0.04325 0.0316667
3 0.758375 0.2285 0.03575 0.0253333
3 0.070375 0.172833 0.04875 0.0293333
3 0.265375 0.4825 0.06275 0.0303333
3 0.1225 0.22675 0.0345 0.0305
3 0.447375 0.542667 0.03575 0.019
3 0.252 0.495667 0.041 0.0386667
3 0.569625 0.309 0.03525 0.03
3 0.504875 0.811917 0.03575 0.0255
3 0.2445 0.612167 0.0405 0.034
3 0.348875 0.359917 0.04175 0.0308333
3 0.721625 0.524167 0.04225 0.026
3 0.27875 0.8475 0.0435 0.0276667
3 0.8255 0.495 0.038 0.0256667
3 0.956375 0.182 0.03875 0.0233333
3 0.102625 0.0756667 0.04125 0.082
3 0.01975 0.985667 0.0275 0.026
3 0.79625 0.257833 0.033 0.026
3 0.374625 0.245583 0.04725 0.0345
3 0.4675 0.446917 0.0385 0.0285
3 0.37675 0.844167 0.036 0.0256667
3 0.319375 0.259417 0.04125 0.0305
3 0.59825 0.9485 0.038 0.0413333
3 0.77675 0.37375 0.036 0.0445
3 0.642 0.675333 0.0525 0.0283333
3 0.2155 0.88275 0.041 0.0258333
3 0.548 0.459 0.041 0.0283333
3 0.83775 0.454167 0.0315 0.0336667
3 0.716375 0.83125 0.04625 0.0248333
3 0.76225 0.20375 0.0325 0.0375
3 0.100625 0.3735 0.03975 0.033
3 0.292625 0.034 0.11575 0.06
3 0.960375 0.590167 0.07925 0.049
3 0.5995 0.361417 0.053 0.0288333
3 0.042625 0.370667 0.06825 0.0303333
3 0.523125 0.430333 0.04025 0.029
3 0.5665 0.56775 0.053 0.0298333
3 0.571875 0.348167 0.03825 0.026
3 0.303375 0.860167 0.03475 0.037
3 0.919875 0.33325 0.04075 0.0188333
3 0.372 0.873583 0.031 0.0251667
3 0.5195 0.645 0.0385 0.0263333
3 0.913875 0.24875 0.05125 0.0358333
3 0.62675 0.0303333 0.0535 0.0546667
3 0.502875 0.986333 0.05125 0.025
3 0.565 0.780167 0.043 0.0336667
3 0.87425 0.58375 0.0395 0.0295
3 0.293125 0.373833 0.04125 0.0343333
3 0.347 0.617833 0.039 0.0253333
3 0.276875 0.755417 0.04225 0.0235
3 0.26425 0.97275 0.039 0.0261667
3 0.27825 0.805583 0.04 0.0235
3 0.908 0.500833 0.0465 0.0256667
3 0.627125 0.175167 0.04125 0.0303333
3 0.45825 0.964583 0.0495 0.0255
3 0.731125 0.507 0.04975 0.0293333
3 0.20175 0.48125 0.0505 0.0241667
3 0.1725 0.126417 0.035 0.0268333
3 0.063375 0.0404167 0.04775 0.0288333
3 0.562375 0.437667 0.03625 0.034
3 0.245125 0.282333 0.04325 0.0286667
3 0.454625 0.810167 0.04225 0.0286667
3 0.920125 0.433833 0.04525 0.0376667
3 0.88825 0.450667 0.037 0.0323333
3 0.0735 0.101083 0.05 0.0458333
3 0.506 0.401417 0.035 0.0321667
3 0.387375 0.07625 0.03575 0.0531667
3 0.5375 0.607083 0.0425 0.0261667
3 0.121375 0.175333 0.04075 0.0303333
3 0.24125 0.406167 0.0445 0.032
3 0.96375 0.5 0.039 0.02
3 0.35875 0.5195 0.035 0.028
3 0.803 0.21775 0.0305 0.0388333
3 0.015 0.913083 0.03 0.0281667
3 0.33725 0.133833 0.054 0.0563333
3 0.707625 0.859667 0.04125 0.0246667
3 0.944625 0.800917 0.03825 0.0345
3 0.12275 0.829333 0.0755 0.0396667
3 0.875375 0.538917 0.04375 0.0218333
3 0.476625 0.6975 0.05275 0.0236667
3 0.943625 0.307417 0.04525 0.0251667
3 0.862375 0.306417 0.06425 0.0248333
3 0.822875 0.566167 0.03925 0.024
3 0.29025 0.439083 0.045 0.0411667
3 0.049625 0.97075 0.03425 0.0328333
3 0.41075 0.688417 0.039 0.0291667
3 0.2105 0.657667 0.0445 0.0376667
3 0.965625 0.535583 0.05125 0.0248333
3 0.93625 0.73325 0.0525 0.0315
3 0.350125 0.29275 0.04725 0.0345
3 0.5115 0.297833 0.0545 0.0296667
3 0.270375 0.130333 0.03425 0.0433333
3 0.73625 0.669417 0.0395 0.0325
3 0.809875 0.787833 0.04875 0.0336667
3 0.4615 0.914833 0.0495 0.0286667
3 0.194125 0.316333 0.04425 0.0296667
3 0.43175 0.942333 0.0445 0.0236667
3 0.7625 0.866917 0.074 0.0265
3 0.48225 0.347083 0.061 0.0578333
3 0.343125 0.20425 0.04175 0.0408333
3 0.040125 0.586333 0.06775 0.0316667
3 0.209125 0.15275 0.04425 0.0281667
3 0.068625 0.911417 0.03875 0.0488333
3 0.92675 0.459333 0.0535 0.0226667
3 0.0325 0.199833 0.065 0.0343333
3 0.47525 0.66725 0.044 0.0318333
3 0.185 0.557833 0.0475 0.039
3 0.866125 0.255083 0.04525 0.0235
3 0.24325 0.560083 0.063 0.0308333
3 0.495 0.60225 0.048 0.0228333
3 0.469125 0.0605833 0.04925 0.0531667
3 0.399 0.735167 0.0305 0.0346667
3 0.870875 0.798333 0.08175 0.0253333
3 0.5405 0.50725 0.0425 0.0248333
3 0.221625 0.976417 0.04125 0.0318333
3 0.882375 0.670833 0.08025 0.027
3 0.125625 0.784833 0.05075 0.028
3 0.46075 0.505083 0.048 0.0471667
3 0.735 0.727667 0.0715 0.0286667
3 0.5895 0.5325 0.0545 0.0206667
3 0.526375 0.96225 0.06425 0.0318333
3 0.641375 0.844333 0.04475 0.029
3 0.813125 0.523167 0.04625 0.0366667
3 0.192 0.25125 0.061 0.0411667
3 0.14675 0.951583 0.056 0.0348333
3 0.460625 0.771417 0.04975 0.0218333
3 0.8335 0.849833 0.068 0.041
3 0.661125 0.977917 0.05675 0.0308333
3 0.871 0.631 0.069 0.0256667
3 0.037375 0.401583 0.07475 0.0325
3 0.15375 0.615583 0.0525 0.0391667
3 0.708375 0.162167 0.05675 0.034
3 0.397875 0.140167 0.06075 0.037
3 0.788 0.480083 0.05 0.0288333
3 0.935 0.046 0.0655 0.0463333
3 0.690625 0.746583 0.05825 0.0261667
3 0.115875 0.305917 0.05975 0.0761667
3 0.506375 0.199917 0.04675 0.0495
3 0.205125 0.513167 0.05425 0.0406667
3 0.7385 0.340417 0.049 0.0425
3 0.180125 0.0514167 0.07925 0.0588333
3 0.193625 0.3655 0.05175 0.0453333
3 0.794375 0.74675 0.09975 0.0378333
3 0.082625 0.70625 0.05575 0.0471667
3 0.445875 0.131 0.06225 0.0393333
3 0.257375 0.194083 0.03375 0.0408333
3 0.77625 0.139583 0.067 0.0425
3 0.53325 0.08725 0.067 0.0555
3 0.893125 0.0295833 0.03925 0.0391667
3 0.875375 0.113833 0.04925 0.048
3 0.733375 0.454833 0.07925 0.0386667
3 0.7675 0.286583 0.062 0.0355
3 0.37325 0.320083 0.0675 0.0415
3 0.60875 0.7195 0.057 0.03
3 0.4445 0.249 0.064 0.0653333
3 0.61175 0.212 0.048 0.044
3 0.28725 0.909333 0.0755 0.0336667
3 0.13425 0.981667 0.077 0.0266667
3 0.706875 0.612167 0.06875 0.0416667
3 0.56775 0.823583 0.0545 0.0338333
3 0.84925 0.9535 0.103 0.042
