3 0.764917 0.523625 0.0338333 0.04275
3 0.792583 0.16475 0.0375 0.045
3 0.5265 0.803875 0.0376667 0.04725
3 0.198583 0.32525 0.0625 0.0575
3 0.833833 0.926125 0.028 0.04575
3 0.544417 0.384 0.0301667 0.045
3 0.251833 0.470375 0.0553333 0.03825
3 0.570583 0.80275 0.0275 0.038
3 0.640667 0.663 0.0346667 0.0445
3 0.12575 0.90775 0.0275 0.053
3 0.591583 0.706875 0.0285 0.04625
3 0.160917 0.907375 0.0278333 0.03875
3 0.383667 0.786 0.044 0.0475
3 0.0634167 0.4005 0.0371667 0.04
3 0.411917 0.76575 0.0351667 0.039
3 0.836917 0.84275 0.0341667 0.0445
3 0.568917 0.128 0.0281667 0.0435
3 0.271583 0.688625 0.0345 0.04425
3 0.138083 0.363875 0.0431667 0.05475
3 0.018 0.333375 0.036 0.04875
3 0.342417 0.513 0.0391667 0.0475
3 0.701667 0.837375 0.0373333 0.04425
3 0.403083 0.6035 0.0265 0.048
3 0.801583 0.644 0.0295 0.045
3 0.300333 0.29575 0.036 0.0475
3 0.672417 0.263 0.0315 0.04
3 0.278917 0.119875 0.0455 0.03775
3 0.782583 0.657625 0.0298333 0.04775
3 0.288 0.639375 0.0223333 0.03075
3 0.09425 0.38475 0.0331667 0.0375
3 0.0724167 0.89225 0.0351667 0.0495
3 0.276 0.495625 0.039 0.04625
3 0.8105 0.353875 0.0306667 0.04025
3 0.701833 0.924875 0.0353333 0.06725
3 0.226417 0.2945 0.0325 0.0385
3 0.174417 0.893125 0.0451667 0.05725
3 0.25525 0.982625 0.0478333 0.03025
3 0.615917 0.810625 0.0315 0.04375
3 0.613917 0.74575 0.0298333 0.0425
3 0.911417 0.162625 0.0345 0.03725
3 0.129667 0.47875 0.044 0.0435
3 0.0673333 0.84975 0.0326667 0.042
3 0.787417 0.390625 0.0355 0.04125
3 0.7405 0.611875 0.0286667 0.03575
3 0.570833 0.98375 0.0443333 0.0315
3 0.57525 0.78 0.0311667 0.0465
3 0.373833 0.56525 0.0283333 0.051
3 0.179083 0.022375 0.0365 0.04025
3 0.820417 0.945125 0.0325 0.04075
3 0.984 0.971375 0.03 0.04175
3 0.625917 0.22975 0.0351667 0.0615
3 0.829333 0.11025 0.0326667 0.044
3 0.01975 0.397125 0.0395 0.04825
3 0.968583 0.176375 0.0355 0.05025
3 0.655917 0.365875 0.0351667 0.04475
3 0.0679167 0.73325 0.0351667 0.0465
3 0.605417 0.413375 0.0291667 0.05075
3 0.46575 0.378875 0.0385 0.04425
3 0.682083 0.418625 0.0418333 0.03875
3 0.0715 0.803125 0.0386667 0.04025
3 0.493583 0.76225 0.0328333 0.045
3 0.137667 0.688375 0.0333333 0.04025
3 0.669417 0.679 0.0288333 0.0375
3 0.01275 0.793375 0.0255 0.04325
3 0.72075 0.128625 0.0331667 0.04325
3 0.910917 0.2095 0.0375 0.038
3 0.895417 0.113125 0.0398333 0.04775
3 0.51875 0.7235 0.0295 0.0375
3 0.757 0.575125 0.0303333 0.04625
3 0.296333 0.337 0.0373333 0.05
3 0.469167 0.34375 0.043 0.045
3 0.264583 0.35675 0.0385 0.05
3 0.963833 0.049 0.0246667 0.037
3 0.536667 0.2915 0.0346667 0.048
3 0.375667 0.69075 0.0303333 0.046
3 0.645583 0.95475 0.0298333 0.047
3 0.805917 0.460625 0.0378333 0.05225
3 0.363583 0.30925 0.0321667 0.0505
3 0.18125 0.784875 0.0311667 0.04175
3 0.966917 0.112125 0.0345 0.04575
3 0.502583 0.181875 0.0445 0.07275
3 0.210667 0.056625 0.0533333 0.05575
3 0.413833 0.3655 0.0386667 0.0425
3 0.683417 0.902375 0.0348333 0.05325
3 0.214167 0.499625 0.0353333 0.05975
3 0.88425 0.063 0.0555 0.0415
3 0.104917 0.553 0.0398333 0.062
3 0.2525 0.19575 0.0456667 0.056
3 0.715833 0.749375 0.0316667 0.04325
3 0.714917 0.474375 0.0378333 0.04325
3 0.313667 0.83325 0.0356667 0.043
3 0.114917 0.7225 0.0335 0.043
3 0.0124167 0.214125 0.0245 0.06875
3 0.684833 0.35675 0.0293333 0.051
3 0.356917 0.4295 0.0331667 0.052
3 0.584417 0.326125 0.0358333 0.05575
3 0.021 0.8635 0.0393333 0.045
3 0.184833 0.24475 0.0386667 0.052
3 0.468583 0.14425 0.0335 0.0765
3 0.919583 0.965625 0.0321667 0.05275
3 0.551833 0.67475 0.0386667 0.043
3 0.82525 0.18675 0.0485 0.0535
3 0.427333 0.17575 0.0363333 0.0575
3 0.7645 0.02225 0.0303333 0.0445
3 0.0764167 0.269875 0.0435 0.07025
3 0.423917 0.832375 0.0485 0.05025
3 0.751417 0.344125 0.0378333 0.05575
3 0.310083 0.428 0.0358333 0.051
3 0.310167 0.77425 0.035 0.0415
3 0.40625 0.057125 0.0331667 0.05825
3 0.845167 0.678875 0.0393333 0.08175
3 0.257 0.42125 0.043 0.05
3 0.308583 0.230875 0.0541667 0.05275
3 0.05 0.588 0.0333333 0.0525
3 0.0814167 0.06775 0.0411667 0.064
3 0.879083 0.752625 0.0548333 0.05575
3 0.7085 0.034625 0.083 0.05625
3 0.282667 0.057625 0.048 0.05675
