3 0.679875 0.97975 0.02825 0.0295
3 0.825125 0.323 0.04225 0.0186667
3 0.558125 0.711917 0.03425 0.0265
3 0.50775 0.403083 0.038 0.0265
3 0.193125 0.7205 0.04575 0.027
3 0.012 0.174333 0.024 0.0256667
3 0.26175 0.864833 0.038 0.0233333
3 0.138375 0.7635 0.04875 0.0286667
3 0.630125 0.442167 0.04575 0.0256667
3 0.1365 0.238083 0.041 0.0225
3 0.077875 0.379417 0.03925 0.0248333
3 0.1105 0.78925 0.0515 0.0325
3 0.545375 0.954083 0.05375 0.0408333
3 0.27775 0.721833 0.0445 0.0383333
3 0.378875 0.531417 0.03675 0.0275
3 0.389375 0.109667 0.03275 0.0263333
3 0.584625 0.5955 0.03825 0.0246667
3 0.450875 0.44175 0.04475 0.0285
3 0.125 0.39075 0.0445 0.0365
3 0.604625 0.46 0.04775 0.035
3 0.671875 0.8765 0.04675 0.0293333
3 0.21675 0.588583 0.0435 0.0315
3 0.265875 0.603833 0.05325 0.0233333
3 0.225 0.992083 0.0445 0.0158333
3 0.04925 0.72 0.0435 0.0276667
3 0.442625 0.47175 0.04425 0.0325
3 0.782625 0.331 0.04775 0.029
3 0.26325 0.54825 0.037 0.0348333
3 0.645875 0.938417 0.05225 0.0318333
3 0.510875 0.487333 0.04175 0.0266667
3 0.395 0.940167 0.042 0.0273333
3 0.642125 0.6555 0.03175 0.0263333
3 0.190125 0.77525 0.05525 0.0278333
3 0.98925 0.0408333 0.0215 0.0283333
3 0.901375 0.570667 0.06025 0.0346667
3 0.70775 0.977167 0.053 0.0356667
3 0.81425 0.394917 0.0395 0.0391667
3 0.10625 0.974583 0.046 0.0305
3 0.60375 0.743833 0.042 0.03
3 0.445875 0.099 0.04475 0.0256667
3 0.931125 0.820167 0.04975 0.034
3 0.712625 0.714833 0.04375 0.026
3 0.6695 0.772083 0.0405 0.0281667
3 0.981875 0.8405 0.03625 0.0356667
3 0.696375 0.836583 0.04625 0.0275
3 0.158375 0.963417 0.04925 0.0321667
3 0.670375 0.916 0.04275 0.029
3 0.51825 0.381083 0.0405 0.0298333
3 0.23525 0.554083 0.041 0.0358333
3 0.7925 0.734333 0.05 0.0256667
3 0.350375 0.879 0.04025 0.026
3 0.974875 0.143333 0.04275 0.032
3 0.608625 0.623 0.03975 0.0316667
3 0.316 0.844333 0.0445 0.0286667
3 0.93375 0.314917 0.0415 0.0271667
3 0.416125 0.92 0.05275 0.03
3 0.416625 0.887333 0.05125 0.03
3 0.294875 0.4545 0.05375 0.032
3 0.67825 0.319417 0.039 0.0305
3 0.53375 0.535417 0.0585 0.0358333
3 0.5745 0.401417 0.05 0.0285
3 0.776125 0.0724167 0.04175 0.0268333
3 0.2585 0.0254167 0.045 0.0345
3 0.322375 0.906417 0.04125 0.0275
3 0.074875 0.3095 0.04325 0.0313333
3 0.280875 0.156 0.06175 0.0346667
3 0.386125 0.269333 0.04975 0.0323333
3 0.223125 0.160417 0.05225 0.0278333
3 0.182375 0.804667 0.05275 0.026
3 0.621625 0.789417 0.04375 0.0288333
3 0.043125 0.904 0.05475 0.031
3 0.10675 0.5805 0.043 0.042
3 0.54225 0.657417 0.0435 0.0301667
3 0.447625 0.653417 0.04575 0.0278333
3 0.165625 0.595417 0.04575 0.0295
3 0.6885 0.687167 0.0585 0.0263333
3 0.499125 0.653 0.04175 0.0313333
3 0.6695 0.153583 0.035 0.0348333
3 0.636875 0.283583 0.03525 0.0415
3 0.6575 0.824333 0.0525 0.032
3 0.334875 0.18925 0.05475 0.0508333
3 0.87775 0.769917 0.0445 0.0325
3 0.348625 0.740833 0.04875 0.0303333
3 0.827 0.596333 0.04 0.0343333
3 0.46175 0.502833 0.0505 0.0326667
3 0.058 0.22975 0.04 0.0358333
3 0.683875 0.409667 0.03975 0.0486667
3 0.97825 0.959583 0.0435 0.0428333
3 0.285375 0.9665 0.04625 0.0283333
3 0.78725 0.356917 0.063 0.0238333
3 0.380375 0.448917 0.04375 0.0478333
3 0.093375 0.721583 0.04575 0.0321667
3 0.105875 0.848 0.05575 0.0356667
3 0.43075 0.267083 0.0445 0.0465
3 0.602 0.16725 0.0395 0.0431667
3 0.350375 0.95475 0.04175 0.0345
3 0.389 0.152083 0.056 0.0308333
3 0.351125 0.0321667 0.04425 0.0376667
3 0.8685 0.40925 0.056 0.0251667
3 0.956875 0.68075 0.04825 0.0271667
3 0.425625 0.55175 0.06825 0.0271667
3 0.73775 0.865917 0.065 0.0301667
3 0.752375 0.521083 0.05825 0.0288333
3 0.870125 0.0738333 0.03625 0.0313333
3 0.237125 0.661167 0.04625 0.036
3 0.983625 0.0945 0.03275 0.0256667
3 0.8625 0.892833 0.0545 0.035
3 0.477 0.136833 0.053 0.0403333
3 0.024 0.123 0.0415 0.0323333
3 0.54625 0.03975 0.054 0.0448333
3 0.5395 0.427833 0.0455 0.0303333
3 0.849625 0.6505 0.05575 0.0276667
3 0.652625 0.6195 0.04525 0.0366667
3 0.761125 0.67575 0.04675 0.0268333
3 0.09025 0.62125 0.049 0.0495
3 0.827375 0.475667 0.05225 0.033
3 0.752 0.017 0.0545 0.034
3 0.540125 0.184417 0.04425 0.0468333
3 0.485375 0.6885 0.05425 0.037
3 0.81475 0.4325 0.0575 0.036
3 0.48275 0.732083 0.07 0.0335
3 0.880375 0.594583 0.06375 0.0318333
3 0.71775 0.214417 0.074 0.0348333
3 0.477125 0.279417 0.05225 0.0405
3 0.126875 0.458333 0.04825 0.0403333
3 0.741375 0.116167 0.04875 0.0456667
3 0.719875 0.271833 0.05625 0.037
3 0.618625 0.694417 0.05225 0.0325
3 0.9035 0.709917 0.0485 0.0305
3 0.981125 0.643417 0.03625 0.0248333
3 0.948375 0.722333 0.04925 0.0363333
3 0.559625 0.91475 0.06325 0.0338333
3 0.167375 0.506667 0.04925 0.0433333
3 0.525125 0.78625 0.06275 0.0365
3 0.257 0.906667 0.0615 0.0486667
