3 0.24625 0.143333 0.044 0.0293333
3 0.3285 0.591333 0.038 0.0266667
3 0.6 0.151583 0.0805 0.0438333
3 0.689375 0.90975 0.04275 0.0345
3 0.383 0.768083 0.0365 0.0261667
3 0.011875 0.955917 0.02275 0.0461667
3 0.539375 0.481833 0.03025 0.021
3 0.694625 0.350083 0.04375 0.0228333
3 0.090375 0.728667 0.02875 0.038
3 0.34875 0.789167 0.0405 0.0446667
3 0.936625 0.754 0.02825 0.025
3 0.412875 0.84175 0.03875 0.0388333
3 0.05325 0.939167 0.048 0.0596667
3 0.072375 0.656417 0.05125 0.0288333
3 0.73275 0.194 0.0335 0.0186667
3 0.73525 0.62725 0.052 0.0288333
3 0.6585 0.589833 0.0325 0.0283333
3 0.2585 0.11375 0.04 0.0265
3 0.47425 0.600667 0.0685 0.023
3 0.375 0.666417 0.04 0.0325
3 0.302 0.57025 0.0425 0.0328333
3 0.0215 0.839417 0.043 0.0348333
3 0.249875 0.0878333 0.04325 0.026
3 0.016375 0.594167 0.03275 0.0236667
3 0.969875 0.183 0.05875 0.0306667
3 0.636875 0.167167 0.03725 0.0266667
3 0.377625 0.452833 0.04775 0.0236667
3 0.13925 0.924583 0.037 0.0371667
3 0.098625 0.933333 0.04025 0.0443333
3 0.701875 0.31575 0.05175 0.0315
3 0.020125 0.133333 0.03775 0.0293333
3 0.656875 0.720083 0.04375 0.0385
3 0.677625 0.853917 0.04275 0.0348333
3 0.2635 0.665667 0.0405 0.0296667
3 0.3605 0.8175 0.0455 0.05
3 0.293125 0.01725 0.05125 0.0345
3 0.077875 0.4895 0.04275 0.0246667
3 0.717875 0.650417 0.04575 0.0328333
3 0.1955 0.0195833 0.0505 0.0351667
3 0.6465 0.775 0.0315 0.0266667
3 0.228875 0.418417 0.06875 0.0368333
3 0.019125 0.766333 0.03825 0.045
3 0.71625 0.692 0.049 0.0283333
3 0.13775 0.9775 0.036 0.0373333
3 0.28275 0.450917 0.0515 0.0441667
3 0.60675 0.733333 0.041 0.0306667
3 0.718375 0.3825 0.03725 0.0326667
3 0.32325 0.721667 0.0595 0.0706667
3 0.418125 0.903833 0.04225 0.0633333
3 0.733625 0.9095 0.04375 0.0356667
3 0.760125 0.98525 0.03725 0.0265
3 0.59825 0.303333 0.043 0.026
3 0.948125 0.1415 0.05825 0.042
3 0.75425 0.868833 0.046 0.059
3 0.42625 0.440333 0.056 0.026
3 0.2855 0.413 0.047 0.0276667
3 0.2335 0.586167 0.088 0.0293333
3 0.34375 0.334833 0.04 0.0286667
3 0.489125 0.79575 0.07425 0.0731667
3 0.906 0.250667 0.0385 0.027
3 0.2675 0.767333 0.071 0.032
3 0.94225 0.209917 0.086 0.0295
3 0.74975 0.79775 0.0525 0.0331667
3 0.769375 0.770083 0.06625 0.0235
3 0.1615 0.113583 0.0495 0.0208333
3 0.902375 0.0400833 0.03275 0.0485
3 0.05175 0.809083 0.052 0.0368333
3 0.661625 0.01925 0.04575 0.0385
3 0.76725 0.396167 0.081 0.0263333
3 0.768125 0.698 0.06075 0.0273333
3 0.326625 0.26425 0.04375 0.0675
3 0.2995 0.523667 0.0425 0.0463333
3 0.482625 0.9855 0.07025 0.0283333
3 0.714 0.16325 0.054 0.0235
3 0.220125 0.0616667 0.05825 0.0323333
3 0.171375 0.6385 0.07675 0.0323333
3 0.735125 0.538083 0.07325 0.0305
3 0.98725 0.9145 0.0225 0.0353333
3 0.77425 0.95175 0.0485 0.0485
3 0.615625 0.559833 0.05175 0.04
3 0.052125 0.8665 0.08975 0.064
3 0.03875 0.37775 0.0375 0.0468333
3 0.671125 0.0719167 0.04975 0.0675
3 0.209125 0.524833 0.05875 0.0363333
3 0.207875 0.705917 0.05775 0.0525
3 0.208625 0.772417 0.06525 0.0491667
3 0.68725 0.55575 0.0485 0.0405
3 0.698125 0.784333 0.05325 0.079
3 0.177875 0.0236667 0.06175 0.0426667
3 0.36475 0.872917 0.0655 0.0638333
3 0.41075 0.411083 0.059 0.0378333
3 0.220375 0.347167 0.05725 0.0536667
3 0.802625 0.8195 0.04875 0.0403333
3 0.824125 0.919083 0.06775 0.0341667
3 0.139 0.234667 0.1395 0.06
3 0.076125 0.0433333 0.11675 0.0443333
