3 0.172333 0.350000 0.053333 0.039000
3 0.187000 0.288500 0.056000 0.052000
3 0.218000 0.241500 0.034000 0.076000
3 0.241667 0.314500 0.033333 0.064000
3 0.090333 0.273000 0.024000 0.057000
3 0.072333 0.348000 0.026667 0.057000
3 0.046000 0.327000 0.022000 0.037000
3 0.032333 0.336500 0.021333 0.054000
3 0.016917 0.321250 0.033500 0.042500
3 0.202000 0.383000 0.034000 0.041000
3 0.248667 0.372500 0.030000 0.038000
3 0.267333 0.363000 0.031333 0.037000
3 0.327333 0.363000 0.042000 0.033000
3 0.319667 0.325500 0.038667 0.066000
3 0.131333 0.114000 0.038000 0.039000
3 0.140667 0.076500 0.044667 0.050000
3 0.247333 0.619500 0.031333 0.062000
3 0.293667 0.630000 0.038667 0.047000
3 0.285333 0.684500 0.038000 0.046000
3 0.339667 0.684000 0.046667 0.051000
3 0.354333 0.630000 0.033333 0.069000
3 0.402333 0.656500 0.033333 0.050000
3 0.410250 0.627875 0.037167 0.056750
3 0.376333 0.451500 0.041333 0.044000
3 0.436667 0.466875 0.028667 0.037250
3 0.413000 0.346000 0.032000 0.065000
3 0.395667 0.392500 0.032000 0.038000
3 0.486000 0.416000 0.034000 0.057000
3 0.457667 0.237250 0.034333 0.069500
3 0.392667 0.098500 0.036667 0.060000
3 0.340667 0.119500 0.030000 0.040000
3 0.403000 0.121000 0.033333 0.067000
3 0.452333 0.076500 0.025333 0.056000
3 0.478667 0.054500 0.034000 0.038000
3 0.461000 0.036000 0.030667 0.053000
3 0.557333 0.115000 0.040667 0.055000
3 0.662667 0.033500 0.044667 0.064000
3 0.619500 0.048750 0.062333 0.060500
3 0.625583 0.017375 0.026833 0.034250
3 0.694333 0.112000 0.029333 0.037000
3 0.669000 0.141625 0.039000 0.040250
3 0.812667 0.118500 0.054000 0.062000
3 0.772000 0.091500 0.036667 0.052000
3 0.768667 0.048500 0.048667 0.058000
3 0.721667 0.057000 0.034667 0.039000
3 0.734333 0.105500 0.036000 0.040000
3 0.757667 0.015875 0.024000 0.031250
3 0.890667 0.047500 0.030000 0.060000
3 0.942000 0.031000 0.034000 0.037000
3 0.927000 0.062500 0.034667 0.048000
3 0.911333 0.012375 0.059333 0.024250
3 0.984167 0.051625 0.031667 0.048250
3 0.982000 0.096500 0.034000 0.044000
3 0.941667 0.142125 0.029333 0.038250
3 0.926000 0.196000 0.064667 0.075000
3 0.552000 0.404500 0.030000 0.044000
3 0.506667 0.433500 0.024667 0.032000
3 0.558667 0.445000 0.034000 0.043000
3 0.694667 0.414500 0.030000 0.072000
3 0.721667 0.390000 0.033333 0.059000
3 0.807000 0.320000 0.054667 0.095000
3 0.782667 0.403500 0.036667 0.050000
3 0.768667 0.452000 0.032667 0.045000
3 0.725000 0.471000 0.041333 0.037000
3 0.675667 0.476500 0.038667 0.052000
3 0.630333 0.518500 0.042667 0.058000
3 0.735667 0.523500 0.050667 0.058000
3 0.879000 0.385500 0.058667 0.042000
3 0.841667 0.413000 0.036000 0.053000
3 0.815000 0.433500 0.037333 0.042000
3 0.863333 0.514000 0.059333 0.061000
3 0.922000 0.546500 0.054000 0.058000
3 0.956667 0.491500 0.034000 0.050000
3 0.975667 0.467500 0.020000 0.046000
3 0.937333 0.346000 0.035333 0.075000
3 0.948333 0.401500 0.040000 0.080000
3 0.981167 0.435625 0.037667 0.082250
3 0.093333 0.608000 0.036667 0.055000
3 0.141000 0.609000 0.048000 0.041000
3 0.041000 0.618000 0.032000 0.041000
3 0.077000 0.652500 0.049333 0.038000
3 0.037000 0.661000 0.034667 0.037000
3 0.065833 0.701000 0.037333 0.031000
3 0.100333 0.761500 0.056000 0.108000
3 0.186000 0.772500 0.043333 0.074000
3 0.212667 0.720000 0.031333 0.069000
3 0.235333 0.746500 0.046000 0.054000
3 0.169667 0.699500 0.041333 0.046000
3 0.204333 0.665000 0.032000 0.043000
3 0.168000 0.650500 0.036667 0.044000
3 0.009917 0.608375 0.019500 0.042250
3 0.014250 0.691625 0.028167 0.041750
3 0.292250 0.765125 0.037500 0.071250
3 0.321833 0.751500 0.026667 0.073500
3 0.450000 0.686500 0.034000 0.058000
3 0.486333 0.719500 0.050667 0.052000
3 0.439667 0.790500 0.028000 0.050000
3 0.434333 0.842500 0.037333 0.054000
3 0.110667 0.897500 0.034000 0.052000
3 0.084000 0.924500 0.024667 0.034000
3 0.126667 0.969500 0.060667 0.034000
3 0.238333 0.984750 0.066667 0.030500
3 0.503000 0.812500 0.048000 0.042000
3 0.497333 0.868500 0.038000 0.086000
3 0.519000 0.754500 0.038667 0.036000
3 0.545667 0.687000 0.030667 0.047000
3 0.624333 0.650000 0.048000 0.053000
3 0.728583 0.663875 0.034167 0.040750
3 0.672333 0.691000 0.026667 0.043000
3 0.661250 0.632000 0.027167 0.059000
3 0.643000 0.701500 0.030667 0.030000
3 0.622000 0.719500 0.023333 0.040000
3 0.572000 0.740000 0.043333 0.051000
3 0.570000 0.780000 0.042000 0.045000
3 0.557667 0.835500 0.033333 0.066000
3 0.597000 0.799000 0.030667 0.053000
3 0.652333 0.906500 0.033333 0.108000
3 0.703000 0.800000 0.033333 0.051000
3 0.689000 0.753500 0.053333 0.046000
3 0.778333 0.760000 0.042667 0.047000
3 0.774333 0.847500 0.041333 0.052000
3 0.729833 0.825750 0.033667 0.055500
3 0.876083 0.944875 0.031500 0.093250
3 0.818667 0.794000 0.044667 0.045000
3 0.838667 0.744000 0.035333 0.047000
3 0.851667 0.693000 0.040000 0.055000
3 0.797667 0.634000 0.032000 0.045000
3 0.959000 0.732500 0.029333 0.046000
3 0.913000 0.736500 0.038667 0.064000
3 0.957333 0.834000 0.038000 0.051000
3 0.909333 0.798500 0.030000 0.044000
3 0.879000 0.791000 0.030667 0.053000
3 0.985000 0.781500 0.026667 0.058000
3 0.983833 0.845375 0.032333 0.055750
3 0.567000 0.174000 0.021333 0.041000
3 0.376083 0.423750 0.027833 0.042500
3 0.430417 0.433875 0.041167 0.038750
3 0.316333 0.411500 0.033333 0.050000
3 0.507250 0.051875 0.028500 0.064750
3 0.432000 0.114000 0.028667 0.045000
3 0.768333 0.138000 0.036000 0.045000
3 0.834667 0.079000 0.030000 0.051000
3 0.879000 0.140000 0.030667 0.047000
3 0.948667 0.780000 0.042000 0.047000
3 0.922000 0.849000 0.028667 0.045000
3 0.685667 0.846500 0.026667 0.042000
3 0.207000 0.420375 0.031333 0.036250
3 0.352500 0.359750 0.026667 0.054000
3 0.359917 0.412750 0.025500 0.033000
3 0.779917 0.477750 0.033500 0.045000
3 0.978667 0.536000 0.031667 0.040500
3 0.989833 0.731375 0.020333 0.038250
3 0.982750 0.902000 0.034500 0.051000
3 0.961500 0.858625 0.027000 0.031750
3 0.891250 0.821750 0.017167 0.027500
3 0.708167 0.735750 0.025000 0.030000
3 0.557167 0.800375 0.024000 0.028750
3 0.328333 0.735750 0.031667 0.034500
3 0.282583 0.789375 0.039500 0.079750
3 0.412167 0.440375 0.022333 0.035250
