3 0.47425 0.723083 0.032 0.0255
3 0.170625 0.843 0.04725 0.0253333
3 0.91875 0.991917 0.0445 0.0161667
3 0.0215 0.561083 0.043 0.0321667
3 0.56725 0.741167 0.0465 0.033
3 0.116875 0.621583 0.07375 0.0345
3 0.844 0.9365 0.056 0.0383333
3 0.202 0.79675 0.0375 0.0215
3 0.246375 0.407583 0.05075 0.0298333
3 0.537 0.748667 0.0425 0.038
3 0.05 0.57075 0.0545 0.0265
3 0.928 0.78525 0.0455 0.0265
3 0.6655 0.949167 0.048 0.043
3 0.170875 0.609333 0.04575 0.0326667
3 0.187 0.8185 0.059 0.038
3 0.978375 0.460583 0.03825 0.0215
3 0.17675 0.4395 0.046 0.0426667
3 0.963375 0.973083 0.04575 0.0351667
3 0.201625 0.771583 0.05125 0.0278333
3 0.984875 0.482333 0.03025 0.028
3 0.962375 0.990167 0.05975 0.018
3 0.518 0.152083 0.032 0.0371667
3 0.18975 0.524333 0.0425 0.033
3 0.088875 0.1325 0.06225 0.0236667
3 0.689 0.1685 0.036 0.027
3 0.860375 0.683 0.05325 0.0296667
3 0.888 0.0603333 0.0405 0.0293333
3 0.077 0.605333 0.033 0.034
3 0.24175 0.383417 0.057 0.0678333
3 0.54725 0.821833 0.061 0.0303333
3 0.12025 0.5445 0.0475 0.0236667
3 0.66525 0.900083 0.0325 0.0348333
3 0.950875 0.44125 0.03325 0.0248333
3 0.57475 0.0483333 0.0405 0.036
3 0.90625 0.661833 0.043 0.031
3 0.95675 0.624583 0.0505 0.0255
3 0.60725 0.96625 0.055 0.0411667
3 0.82025 0.761 0.0435 0.0493333
3 0.212875 0.84275 0.04775 0.0261667
3 0.866 0.543333 0.049 0.039
3 0.595 0.80275 0.064 0.0575
3 0.14025 0.00675 0.056 0.0131667
3 0.022625 0.757167 0.04525 0.0413333
3 0.888 0.500083 0.0715 0.0401667
3 0.21075 0.112167 0.0395 0.0316667
3 0.844375 0.476167 0.05775 0.0286667
3 0.24275 0.506667 0.058 0.0233333
3 0.815625 0.936583 0.04025 0.0361667
3 0.820625 0.354417 0.04375 0.0315
3 0.081 0.718 0.047 0.0276667
3 0.562375 0.889 0.04425 0.0336667
3 0.8505 0.749667 0.0525 0.0376667
3 0.214375 0.195167 0.04125 0.039
3 0.46275 0.462333 0.033 0.0263333
3 0.134625 0.469167 0.04325 0.0263333
3 0.159875 0.08875 0.04075 0.0321667
3 0.79675 0.484667 0.038 0.0336667
3 0.5595 0.982 0.047 0.0356667
3 0.148375 0.801583 0.06025 0.0325
3 0.595 0.462417 0.0575 0.0275
3 0.514625 0.226417 0.04675 0.0321667
3 0.930875 0.940833 0.03775 0.0366667
3 0.961125 0.0255 0.03575 0.045
3 0.780625 0.618417 0.05625 0.0298333
3 0.659625 0.267833 0.03425 0.0303333
3 0.978875 0.29925 0.03925 0.0255
3 0.21025 0.551417 0.035 0.0278333
3 0.10175 0.177083 0.057 0.0255
3 0.89225 0.238917 0.0425 0.0465
3 0.247875 0.598833 0.04525 0.0326667
3 0.89675 0.291417 0.047 0.0255
3 0.865875 0.5865 0.04975 0.0363333
3 0.748375 0.73625 0.04625 0.0361667
3 0.540875 0.0209167 0.04675 0.0355
3 0.17375 0.562083 0.0415 0.0438333
3 0.21325 0.163417 0.0585 0.0401667
3 0.55475 0.143 0.0455 0.0376667
3 0.092625 0.794667 0.04075 0.03
3 0.5215 0.55875 0.0395 0.0291667
3 0.8795 0.786167 0.053 0.0413333
3 0.8555 0.2025 0.057 0.0426667
3 0.057 0.75275 0.0535 0.0445
3 0.13425 0.572333 0.0385 0.0256667
3 0.619875 0.889083 0.03525 0.0368333
3 0.536625 0.4885 0.04825 0.039
3 0.141375 0.989 0.05475 0.0213333
3 0.49025 0.0379167 0.0465 0.0311667
3 0.59425 0.346583 0.0365 0.0435
3 0.259875 0.332417 0.06425 0.0375
3 0.81525 0.542417 0.0635 0.0415
3 0.113875 0.736667 0.04125 0.0386667
3 0.93275 0.0530833 0.079 0.0348333
3 0.97975 0.107167 0.0395 0.035
3 0.040375 0.341583 0.06325 0.0238333
3 0.58775 0.237667 0.0455 0.0466667
3 0.864125 0.63525 0.04875 0.0545
3 0.26925 0.283333 0.044 0.0266667
3 0.147625 0.69475 0.04975 0.0305
3 0.640375 0.218917 0.04875 0.0285
3 0.278 0.758167 0.049 0.0253333
3 0.600125 0.691167 0.04475 0.0286667
3 0.892125 0.0928333 0.05025 0.0336667
3 0.869375 0.412167 0.05525 0.0343333
3 0.786875 0.658333 0.04675 0.0273333
3 0.9725 0.161083 0.0455 0.0455
3 0.544125 0.694167 0.03375 0.0416667
3 0.7115 0.207083 0.052 0.0291667
3 0.4795 0.9835 0.049 0.033
3 0.529625 0.282833 0.05325 0.0316667
3 0.599875 0.158417 0.05825 0.0378333
3 0.865625 0.8585 0.04725 0.036
3 0.504625 0.854417 0.05975 0.0748333
3 0.61275 0.0931667 0.0535 0.036
3 0.81925 0.0243333 0.0495 0.0486667
3 0.974625 0.790333 0.04675 0.0343333
3 0.94675 0.3425 0.0535 0.0596667
3 0.036875 0.905417 0.07375 0.0291667
3 0.463625 0.544333 0.04725 0.0313333
3 0.104375 0.223833 0.04675 0.0383333
3 0.757375 0.0504167 0.06525 0.0525
3 0.170375 0.907 0.04925 0.0376667
3 0.287625 0.65375 0.05625 0.0548333
3 0.707 0.275667 0.066 0.038
3 0.025625 0.98025 0.05125 0.0371667
3 0.59875 0.636333 0.072 0.0476667
3 0.965375 0.870417 0.06225 0.0465
