3 0.270375 0.678 0.04225 0.0283333
3 0.26 0.23725 0.045 0.0265
3 0.262375 0.219667 0.04525 0.0256667
3 0.30125 0.285833 0.033 0.0243333
3 0.683125 0.0935 0.03225 0.0233333
3 0.379375 0.6595 0.04325 0.0226667
3 0.016125 0.00775 0.03225 0.0155
3 0.745 0.434333 0.055 0.0273333
3 0.01675 0.478417 0.0335 0.0298333
3 0.354625 0.739583 0.03375 0.0315
3 0.970625 0.904583 0.02875 0.0355
3 0.4445 0.63625 0.0465 0.0278333
3 0.308375 0.680667 0.03525 0.0253333
3 0.5635 0.0965833 0.034 0.0248333
3 0.712875 0.401833 0.05975 0.0273333
3 0.73275 0.370083 0.045 0.0248333
3 0.263125 0.870333 0.03825 0.0296667
3 0.713875 0.425083 0.05075 0.0318333
3 0.980625 0.147583 0.03425 0.0341667
3 0.75 0.111667 0.031 0.0286667
3 0.71875 0.387917 0.057 0.0318333
3 0.563125 0.457917 0.05125 0.0218333
3 0.4265 0.6555 0.055 0.0256667
3 0.010125 0.441167 0.02025 0.041
3 0.293375 0.566583 0.04425 0.0338333
3 0.51125 0.362083 0.041 0.0235
3 0.31875 0.78125 0.045 0.0281667
3 0.66125 0.429167 0.0425 0.032
3 0.328875 0.066 0.04275 0.024
3 0.71725 0.0865 0.0565 0.028
3 0.36525 0.13675 0.044 0.0668333
3 0.37025 0.693667 0.04 0.0243333
3 0.21125 0.772167 0.046 0.0406667
3 0.770625 0.513667 0.05425 0.0366667
3 0.314875 0.871333 0.03925 0.0373333
3 0.3675 0.85675 0.025 0.0251667
3 0.633375 0.854583 0.03325 0.0285
3 0.263125 0.992167 0.04525 0.0156667
3 0.256125 0.661583 0.04975 0.0235
3 0.012375 0.28725 0.02475 0.0621667
3 0.96875 0.0865833 0.055 0.0365
3 0.350125 0.980333 0.03475 0.038
3 0.916375 0.368417 0.05125 0.0261667
3 0.417 0.8635 0.04 0.029
3 0.01975 0.707417 0.0395 0.0241667
3 0.186875 0.728833 0.04925 0.033
3 0.33625 0.656583 0.038 0.0295
3 0.015 0.79725 0.03 0.0261667
3 0.78325 0.985417 0.0515 0.0251667
3 0.2195 0.146833 0.038 0.0363333
3 0.295875 0.0385833 0.04025 0.0578333
3 0.96 0.601417 0.0765 0.0338333
3 0.26 0.15925 0.0465 0.0305
3 0.577875 0.478583 0.04125 0.0301667
3 0.7625 0.495833 0.0505 0.04
3 0.03775 0.941583 0.0325 0.0231667
3 0.269375 0.30775 0.04175 0.0268333
3 0.229375 0.951083 0.04075 0.0288333
3 0.97925 0.709583 0.035 0.0321667
3 0.365625 0.585583 0.04025 0.0281667
3 0.713 0.828833 0.055 0.032
3 0.970875 0.554167 0.04925 0.0256667
3 0.213125 0.7115 0.03375 0.0386667
3 0.23375 0.501333 0.0455 0.0253333
3 0.230625 0.785083 0.03875 0.0405
3 0.2835 0.5105 0.0395 0.026
3 0.25975 0.1965 0.089 0.0313333
3 0.6395 0.685417 0.0385 0.0288333
3 0.7395 0.817417 0.056 0.0298333
3 0.913 0.757667 0.0475 0.042
3 0.96375 0.1735 0.045 0.0256667
3 0.37625 0.00991667 0.054 0.0198333
3 0.166375 0.61175 0.03875 0.0298333
3 0.371375 0.195167 0.04275 0.025
3 0.32475 0.0145 0.049 0.0273333
3 0.419125 0.346833 0.05825 0.0356667
3 0.68 0.90575 0.033 0.0271667
3 0.647625 0.559333 0.05125 0.043
3 0.411625 0.4245 0.03825 0.0266667
3 0.957875 0.777333 0.05375 0.0263333
3 0.195625 0.89 0.04125 0.025
3 0.8075 0.1495 0.0775 0.0253333
3 0.72975 0.976083 0.0385 0.0275
3 0.616875 0.929833 0.04675 0.0246667
3 0.039875 0.0188333 0.03975 0.0296667
3 0.356375 0.938 0.05275 0.0333333
3 0.905 0.608083 0.0455 0.0318333
3 0.97675 0.827 0.035 0.0276667
3 0.401125 0.8855 0.03325 0.035
3 0.353625 0.409333 0.03625 0.0266667
3 0.635625 0.0916667 0.03475 0.026
3 0.255875 0.379667 0.05775 0.035
3 0.829875 0.559917 0.08925 0.0268333
3 0.200625 0.07125 0.06925 0.0308333
3 0.415125 0.487333 0.05275 0.0273333
3 0.9815 0.3225 0.033 0.022
3 0.621125 0.383583 0.05125 0.0241667
3 0.239875 0.729 0.06475 0.0353333
3 0.126875 0.745667 0.03875 0.0313333
3 0.010625 0.75225 0.02125 0.0378333
3 0.045375 0.371333 0.07225 0.026
3 0.980625 0.984417 0.03175 0.0311667
3 0.82975 0.935167 0.08 0.0336667
3 0.801125 0.8475 0.06475 0.0306667
3 0.389 0.731667 0.056 0.0513333
3 0.729625 0.779083 0.07825 0.0265
3 0.18425 0.9655 0.039 0.047
3 0.94325 0.269167 0.041 0.024
3 0.202375 0.43 0.06425 0.0423333
3 0.207625 0.639583 0.11825 0.0335
3 0.37975 0.382 0.065 0.041
3 0.553125 0.35425 0.05875 0.0385
3 0.07225 0.703667 0.0605 0.0376667
3 0.053875 0.891083 0.04175 0.0305
3 0.818875 0.726333 0.06375 0.0466667
3 0.76175 0.9225 0.0435 0.029
3 0.718 0.88125 0.055 0.0405
3 0.908875 0.908833 0.04825 0.0406667
3 0.577875 0.60675 0.09475 0.0355
3 0.319875 0.833083 0.05425 0.0368333
