3 0.464333 0.0125 0.0353333 0.025
3 0.604417 0.574875 0.0235 0.03775
3 0.0848333 0.43125 0.0333333 0.0345
3 0.382583 0.09375 0.0321667 0.0465
3 0.120583 0.3825 0.0308333 0.03
3 0.522833 0.736625 0.0166667 0.02475
3 0.19725 0.756875 0.0305 0.04725
3 0.650083 0.022875 0.0371667 0.04075
3 0.804667 0.719 0.0366667 0.043
3 0.351583 0.432625 0.0298333 0.03575
3 0.101583 0.76525 0.0308333 0.0615
3 0.457917 0.404875 0.0288333 0.05025
3 0.8385 0.216375 0.0423333 0.04075
3 0.579917 0.761125 0.0265 0.04425
3 0.15625 0.61475 0.0358333 0.0445
3 0.535083 0.6455 0.0251667 0.0335
3 0.29625 0.57575 0.0275 0.0405
3 0.11175 0.2535 0.0511667 0.053
3 0.219667 0.335125 0.0286667 0.04825
3 0.155833 0.55475 0.0366667 0.053
3 0.301833 0.505875 0.0356667 0.04675
3 0.107 0.31525 0.035 0.0435
3 0.326083 0.5685 0.0268333 0.035
3 0.953833 0.137 0.0303333 0.056
3 0.690917 0.6325 0.0415 0.046
3 0.105167 0.6435 0.0336667 0.0465
3 0.795833 0.328875 0.0366667 0.04925
3 0.804833 0.536375 0.035 0.04775
3 0.712417 0.01625 0.0325 0.0325
3 0.482833 0.45225 0.0386667 0.0405
3 0.275917 0.7275 0.0371667 0.0455
3 0.781 0.6655 0.0446667 0.053
3 0.931583 0.222375 0.0331667 0.06025
3 0.175333 0.66425 0.0463333 0.0545
3 0.594583 0.805625 0.0335 0.05475
3 0.85275 0.131125 0.0338333 0.03925
3 0.852667 0.448875 0.0323333 0.05375
3 0.827417 0.956375 0.0378333 0.04675
3 0.718833 0.32675 0.036 0.041
3 0.420333 0.4495 0.0286667 0.0515
3 0.191667 0.34225 0.04 0.0535
3 0.00975 0.28375 0.0195 0.0475
3 0.530333 0.4435 0.0386667 0.0575
3 0.741 0.051 0.0336667 0.0495
3 0.757 0.547875 0.0336667 0.04625
3 0.0450833 0.36325 0.0431667 0.0515
3 0.487417 0.63825 0.0301667 0.0345
3 0.286917 0.770375 0.0368333 0.04475
3 0.193667 0.948875 0.0446667 0.04175
3 0.318 0.384 0.0406667 0.047
3 0.658917 0.116375 0.0361667 0.05325
3 0.6945 0.5605 0.0476667 0.0435
3 0.364 0.97725 0.0353333 0.0385
3 0.374833 0.507625 0.0423333 0.04225
3 0.408583 0.023375 0.0261667 0.04675
3 0.372167 0.64825 0.031 0.048
3 0.92525 0.48075 0.0365 0.047
3 0.2215 0.207875 0.0333333 0.05575
3 0.982833 0.327875 0.0343333 0.05025
3 0.2985 0.073625 0.0436667 0.06125
3 0.2755 0.614125 0.038 0.05975
3 0.916083 0.383375 0.0561667 0.05675
3 0.165417 0.073625 0.0335 0.05175
3 0.239583 0.692875 0.0521667 0.04625
3 0.320083 0.30875 0.0361667 0.055
3 0.678583 0.24825 0.0391667 0.053
3 0.865333 0.664375 0.0393333 0.05825
3 0.0241667 0.78025 0.0483333 0.0595
3 0.3645 0.23025 0.06 0.0915
3 0.196167 0.468125 0.047 0.06775
3 0.97925 0.871875 0.0401667 0.07325
3 0.62375 0.06325 0.0481667 0.057
3 0.773833 0.749875 0.038 0.06175
3 0.641 0.7685 0.0336667 0.076
3 0.88225 0.951625 0.0361667 0.06125
3 0.884 0.082625 0.0366667 0.05725
3 0.569833 0.30275 0.045 0.064
3 0.211333 0.85375 0.0446667 0.0695
3 0.427333 0.20625 0.0566667 0.1165
3 0.6405 0.244 0.041 0.0915
