3 0.663417 0.053625 0.0281667 0.04075
3 0.0129167 0.4 0.0258333 0.056
3 0.03225 0.552 0.0551667 0.049
3 0.963417 0.37575 0.0251667 0.0505
3 0.791833 0.15725 0.0356667 0.0485
3 0.316 0.186375 0.0333333 0.05625
3 0.141833 0.338625 0.0326667 0.04725
3 0.595833 0.378375 0.038 0.04825
3 0.5045 0.242375 0.0366667 0.08825
3 0.919 0.842375 0.0656667 0.05575
3 0.0395833 0.579375 0.0588333 0.06125
3 0.12025 0.7165 0.0318333 0.035
3 0.939917 0.28075 0.0431667 0.0495
3 0.865083 0.44875 0.0401667 0.0435
3 0.485583 0.829125 0.0341667 0.03775
3 0.920833 0.879875 0.0456667 0.04825
3 0.0113333 0.129875 0.0226667 0.04125
3 0.64225 0.52525 0.0368333 0.057
3 0.747333 0.83725 0.0333333 0.044
3 0.826667 0.278625 0.0296667 0.05125
3 0.0770833 0.071125 0.0398333 0.04375
3 0.885833 0.443875 0.0506667 0.04425
3 0.402667 0.087625 0.0213333 0.06825
3 0.551333 0.8275 0.036 0.042
3 0.1575 0.825 0.0376667 0.054
3 0.51575 0.274 0.0418333 0.0505
3 0.0340833 0.48475 0.0538333 0.0435
3 0.440833 0.90525 0.041 0.0455
3 0.382 0.193 0.0326667 0.054
3 0.930833 0.440125 0.0293333 0.04325
3 0.062 0.733375 0.0466667 0.04775
3 0.257083 0.413875 0.0361667 0.05525
3 0.83175 0.1325 0.0398333 0.053
3 0.238667 0.026 0.0373333 0.052
3 0.645667 0.092 0.0333333 0.0525
3 0.768 0.877625 0.041 0.04925
3 0.282083 0.14375 0.0325 0.045
3 0.403083 0.86375 0.0311667 0.0615
3 0.579 0.5725 0.0303333 0.0475
3 0.228667 0.493375 0.0493333 0.05875
3 0.0273333 0.433 0.047 0.054
3 0.669583 0.16125 0.0381667 0.048
3 0.89825 0.71825 0.0431667 0.0445
3 0.927667 0.5015 0.0356667 0.0445
3 0.620417 0.260875 0.0385 0.04325
3 0.320333 0.40775 0.043 0.0445
3 0.143083 0.659125 0.0428333 0.05325
3 0.61075 0.126125 0.0321667 0.05925
3 0.598333 0.532 0.0386667 0.044
3 0.519917 0.853375 0.0351667 0.05175
3 0.79125 0.52375 0.0341667 0.053
3 0.196917 0.380625 0.0418333 0.04425
3 0.53725 0.333125 0.0365 0.05825
3 0.015 0.722375 0.03 0.04675
3 0.490917 0.897625 0.0398333 0.04975
3 0.452667 0.955125 0.032 0.04625
3 0.0259167 0.63525 0.0338333 0.0415
3 0.920333 0.10325 0.0413333 0.0545
3 0.989083 0.72375 0.0218333 0.056
3 0.83175 0.489875 0.0321667 0.04375
3 0.966083 0.580125 0.0265 0.05675
3 0.746917 0.5875 0.0365 0.0475
3 0.944 0.392625 0.0253333 0.05725
3 0.92825 0.187625 0.0438333 0.06475
3 0.966583 0.11175 0.0471667 0.0585
3 0.368417 0.10525 0.0685 0.0565
3 0.580833 0.890375 0.04 0.04175
3 0.47025 0.7845 0.0488333 0.046
3 0.219417 0.935375 0.0275 0.06125
3 0.5705 0.093875 0.033 0.05875
3 0.645917 0.792 0.0341667 0.0505
3 0.643417 0.5785 0.0388333 0.0565
3 0.694417 0.527375 0.0391667 0.04675
3 0.338083 0.356 0.0615 0.0465
3 0.691333 0.77125 0.042 0.0385
3 0.803583 0.360125 0.0381667 0.04775
3 0.742333 0.971 0.0376667 0.0535
3 0.0860833 0.50525 0.0525 0.0615
3 0.1355 0.596625 0.034 0.06025
3 0.8705 0.257 0.0376667 0.0915
3 0.6665 0.36225 0.048 0.048
3 0.803083 0.9185 0.0391667 0.0625
3 0.50825 0.47175 0.0388333 0.043
3 0.276583 0.964125 0.0558333 0.05475
3 0.154083 0.5275 0.0441667 0.056
3 0.575 0.17875 0.036 0.054
3 0.520333 0.107375 0.0396667 0.05525
3 0.147167 0.21525 0.0406667 0.061
3 0.15675 0.871375 0.0728333 0.04725
3 0.037 0.778 0.0646667 0.0535
3 0.85975 0.336375 0.0425 0.06325
3 0.292167 0.246125 0.039 0.05625
3 0.808917 0.047625 0.0345 0.08775
3 0.343667 0.46075 0.041 0.049
3 0.195917 0.80525 0.0478333 0.052
3 0.903667 0.62 0.044 0.071
3 0.915167 0.03375 0.0543333 0.0565
3 0.76725 0.091375 0.0398333 0.06225
3 0.225583 0.21225 0.0351667 0.0775
3 0.599833 0.7395 0.0426667 0.073
3 0.473917 0.7075 0.0391667 0.071
3 0.50225 0.345875 0.0458333 0.06675
3 0.76475 0.703 0.0405 0.0545
3 0.08175 0.276875 0.0535 0.05725
3 0.0854167 0.36775 0.0448333 0.06
3 0.217833 0.290125 0.0543333 0.06325
3 0.521917 0.772125 0.0365 0.05875
3 0.55825 0.434875 0.0385 0.07575
3 0.21225 0.110875 0.0505 0.05825
3 0.368167 0.929 0.0586667 0.0755
