3 0.0984167 0.371875 0.0425 0.06175
3 0.779333 0.23225 0.0246667 0.043
3 0.174083 0.22375 0.0428333 0.047
3 0.28625 0.437375 0.0681667 0.04025
3 0.212667 0.391125 0.032 0.04275
3 0.762 0.98475 0.0216667 0.0295
3 0.286417 0.194625 0.0395 0.05425
3 0.19775 0.414375 0.0241667 0.03325
3 0.937583 0.67925 0.0361667 0.047
3 0.626333 0.1315 0.0336667 0.044
3 0.879083 0.857 0.0231667 0.043
3 0.0164167 0.90325 0.0328333 0.0555
3 0.244083 0.041875 0.0328333 0.07525
3 0.51175 0.0715 0.0281667 0.078
3 0.942583 0.56675 0.0225 0.0675
3 0.887083 0.22025 0.0365 0.0515
3 0.111583 0.441375 0.0545 0.07225
3 0.797833 0.424 0.041 0.0495
3 0.5595 0.6405 0.0306667 0.054
3 0.99 0.5645 0.02 0.036
3 0.688833 0.976375 0.025 0.04275
3 0.317417 0.977125 0.0298333 0.03725
3 0.25825 0.0175 0.0231667 0.035
3 0.7915 0.951 0.0273333 0.0345
3 0.483083 0.458875 0.0298333 0.04425
3 0.35725 0.577125 0.0341667 0.06925
3 0.725333 0.689875 0.0226667 0.04575
3 0.6345 0.980875 0.0256667 0.03675
3 0.678167 0.633 0.055 0.047
3 0.341833 0.950875 0.034 0.03675
3 0.491667 0.07975 0.0233333 0.08
3 0.754583 0.5355 0.0385 0.053
3 0.906333 0.980375 0.0576667 0.03575
3 0.82175 0.087875 0.0325 0.04275
3 0.625583 0.256875 0.0321667 0.03975
3 0.870917 0.688625 0.0365 0.03775
3 0.588833 0.183 0.0466667 0.058
3 0.5655 0.345125 0.0396667 0.06575
3 0.593917 0.218125 0.0308333 0.06675
3 0.411167 0.04575 0.0243333 0.0915
3 0.880167 0.623 0.034 0.0525
3 0.319333 0.15225 0.0283333 0.042
3 0.280083 0.977875 0.0345 0.03325
3 0.2575 0.2025 0.0363333 0.0525
3 0.07975 0.324125 0.0401667 0.07525
3 0.593833 0.764375 0.039 0.04925
3 0.192417 0.030125 0.0268333 0.04375
3 0.756417 0.24125 0.0281667 0.059
3 0.20175 0.533875 0.0441667 0.05075
3 0.911917 0.902875 0.0371667 0.04225
3 0.454667 0.07025 0.0286667 0.0895
3 0.980917 0.462625 0.0308333 0.07975
3 0.41875 0.91775 0.0341667 0.0485
3 0.452667 0.971875 0.0293333 0.04275
3 0.22925 0.70125 0.0278333 0.0505
3 0.856583 0.789125 0.0441667 0.05775
3 0.913417 0.301625 0.0275 0.07475
3 0.723417 0.97775 0.0298333 0.037
3 0.2215 0.977625 0.0456667 0.04475
3 0.161917 0.405125 0.0305 0.07525
3 0.477083 0.817 0.0515 0.038
3 0.0689167 0.938 0.0508333 0.037
3 0.503667 0.386375 0.0313333 0.07125
3 0.947333 0.419875 0.0263333 0.07875
3 0.643333 0.038 0.0396667 0.0535
3 0.47725 0.524875 0.0551667 0.05825
3 0.427917 0.177625 0.0358333 0.05475
3 0.454417 0.3135 0.0305 0.0825
3 0.33075 0.727625 0.0355 0.06775
3 0.02175 0.91925 0.0411667 0.071
3 0.812833 0.5185 0.0493333 0.0445
3 0.0880833 0.526 0.0405 0.051
3 0.745583 0.437 0.0295 0.075
3 0.17025 0.102 0.0295 0.0675
3 0.1805 0.72475 0.032 0.046
3 0.703333 0.189125 0.0316667 0.09825
3 0.87575 0.15525 0.0405 0.0935
3 0.75325 0.321 0.0308333 0.073
3 0.76075 0.167 0.0331667 0.048
3 0.97425 0.76825 0.0345 0.072
3 0.36225 0.836125 0.0351667 0.07975
3 0.895333 0.031 0.034 0.062
3 0.841833 0.427375 0.0466667 0.06975
3 0.252 0.286875 0.0323333 0.07575
3 0.761417 0.714625 0.0248333 0.06475
3 0.415 0.404375 0.0496667 0.07325
3 0.674083 0.7375 0.0325 0.055
3 0.23925 0.824125 0.0591667 0.08575
3 0.100417 0.170875 0.0341667 0.05825
3 0.38 0.214875 0.0566667 0.05225
3 0.799333 0.270125 0.0516667 0.05575
3 0.151 0.161875 0.038 0.08925
3 0.49725 0.277625 0.0538333 0.07925
3 0.977667 0.905375 0.036 0.05275
3 0.391583 0.07225 0.0341667 0.1265
3 0.87525 0.90425 0.0345 0.0635
3 0.354667 0.9025 0.035 0.0615
3 0.142667 0.891125 0.0586667 0.05025
3 0.686417 0.0995 0.0485 0.0555
3 0.645833 0.38375 0.0676667 0.0815
3 0.829083 0.161875 0.0325 0.07975
3 0.495583 0.185 0.0641667 0.071
3 0.204167 0.297375 0.0423333 0.07725
3 0.0360833 0.089875 0.0625 0.06375
3 0.714083 0.465 0.0468333 0.077
3 0.759167 0.0565 0.0493333 0.09
3 0.88375 0.427 0.0635 0.089
3 0.407583 0.27525 0.0375 0.12
3 0.21975 0.094125 0.0341667 0.10025
3 0.0853333 0.64575 0.0466667 0.0815
3 0.565833 0.04025 0.0566667 0.061
