3 0.220833 0.015625 0.031333 0.030750
3 0.776083 0.508875 0.030833 0.046250
3 0.153833 0.041250 0.032333 0.072500
3 0.334083 0.955500 0.037167 0.052500
3 0.646500 0.972500 0.024667 0.036000
3 0.985750 0.349500 0.027833 0.047500
3 0.483667 0.468750 0.029667 0.046500
3 0.591000 0.550375 0.036000 0.051750
3 0.914750 0.505375 0.034167 0.051750
3 0.660167 0.709250 0.033000 0.040500
3 0.702750 0.844750 0.037833 0.037500
3 0.622000 0.979625 0.027000 0.032750
3 0.263583 0.981000 0.033167 0.034500
3 0.428667 0.631000 0.033667 0.066000
3 0.212500 0.706375 0.030000 0.044250
3 0.974250 0.286375 0.036833 0.049250
3 0.271583 0.476375 0.032167 0.046250
3 0.234833 0.572375 0.032667 0.041250
3 0.054333 0.429250 0.028000 0.073000
3 0.863500 0.210125 0.036000 0.087750
3 0.584500 0.015875 0.045000 0.031250
3 0.221833 0.065250 0.037667 0.050000
3 0.289083 0.799750 0.029500 0.038000
3 0.735750 0.531500 0.030500 0.068000
3 0.897167 0.428125 0.048333 0.046250
3 0.942250 0.417625 0.040833 0.044250
3 0.488750 0.365750 0.037500 0.072500
3 0.252417 0.697000 0.035833 0.042000
3 0.636000 0.372375 0.046333 0.047750
3 0.245167 0.763500 0.039667 0.046000
3 0.590667 0.716125 0.043333 0.037750
3 0.012583 0.976250 0.024833 0.044000
3 0.429250 0.973000 0.047500 0.040000
3 0.766333 0.290250 0.036000 0.051500
3 0.236167 0.621625 0.043333 0.045250
3 0.498417 0.596250 0.040500 0.056500
3 0.983333 0.778125 0.032667 0.059750
3 0.734750 0.257250 0.036500 0.072000
3 0.643500 0.793875 0.051000 0.042250
3 0.286417 0.910000 0.037500 0.058500
3 0.434583 0.026875 0.041833 0.053250
3 0.063250 0.030250 0.035167 0.060000
3 0.380917 0.362125 0.036167 0.052750
3 0.471250 0.547250 0.046167 0.075500
3 0.521917 0.494750 0.029833 0.062500
3 0.016417 0.254250 0.032500 0.053000
3 0.896417 0.909500 0.044167 0.050000
3 0.149500 0.106875 0.035667 0.050750
3 0.970583 0.244125 0.036167 0.054750
3 0.461500 0.325000 0.045000 0.054500
3 0.860167 0.296375 0.037667 0.081750
3 0.551250 0.170750 0.029500 0.075500
3 0.473583 0.709000 0.066500 0.076000
3 0.964833 0.568125 0.036333 0.056250
3 0.793250 0.544750 0.057167 0.039000
3 0.715500 0.973875 0.031667 0.044250
3 0.761333 0.352375 0.048333 0.049250
3 0.538083 0.709000 0.029833 0.048500
3 0.808667 0.411750 0.048333 0.052000
3 0.558000 0.773875 0.035333 0.061750
3 0.373417 0.723625 0.046833 0.057750
3 0.683833 0.627500 0.036000 0.057500
3 0.167667 0.814875 0.035667 0.056250
3 0.580833 0.383750 0.050667 0.048500
3 0.683417 0.074875 0.037500 0.065750
3 0.752000 0.795750 0.045333 0.074500
3 0.355000 0.858000 0.031667 0.053500
3 0.258417 0.223250 0.034833 0.101000
3 0.621417 0.625500 0.038833 0.064500
3 0.832250 0.052000 0.053833 0.045000
3 0.694500 0.549625 0.039333 0.058750
3 0.295000 0.254125 0.038667 0.104750
3 0.535333 0.627625 0.029333 0.059750
3 0.839500 0.878750 0.035000 0.075500
3 0.140167 0.905000 0.055333 0.054000
3 0.367333 0.174750 0.036000 0.119000
3 0.799000 0.199000 0.042000 0.087500
3 0.343917 0.410500 0.038500 0.081000
3 0.722250 0.115000 0.038167 0.066000
3 0.753333 0.872875 0.051667 0.048250
3 0.781333 0.091625 0.035333 0.056250
3 0.691917 0.204000 0.041500 0.072000
3 0.035083 0.458375 0.043500 0.069750
3 0.278917 0.380250 0.036167 0.078000
3 0.913083 0.206500 0.040833 0.071000
3 0.450750 0.779125 0.035833 0.041750
3 0.859250 0.584250 0.054167 0.063000
3 0.479167 0.101625 0.050000 0.057250
3 0.171250 0.736500 0.034500 0.060000
3 0.078417 0.843000 0.051167 0.055000
3 0.907750 0.811500 0.039167 0.076000
3 0.615500 0.111125 0.045667 0.091750
3 0.414917 0.297875 0.037500 0.092250
3 0.090917 0.632750 0.050833 0.081500
3 0.198833 0.282000 0.043333 0.085000
3 0.210167 0.428125 0.047333 0.062750
3 0.531167 0.220500 0.057667 0.070500
3 0.018000 0.752875 0.033667 0.062750
3 0.884250 0.504625 0.035500 0.081250
3 0.098583 0.251125 0.068167 0.095750
3 0.934583 0.566625 0.027833 0.030250
