3 0.29 0.608375 0.0326667 0.04125
3 0.467667 0.584 0.0346667 0.042
3 0.188833 0.663625 0.0673333 0.05075
3 0.0226667 0.621875 0.045 0.04075
3 0.717333 0.57125 0.031 0.0485
3 0.683083 0.216125 0.0281667 0.04725
3 0.03725 0.606375 0.0551667 0.05475
3 0.222333 0.24175 0.0306667 0.0415
3 0.369917 0.53075 0.0298333 0.0435
3 0.694 0.14825 0.0366667 0.0375
3 0.701583 0.697 0.0398333 0.053
3 0.845333 0.911375 0.0263333 0.06325
3 0.239 0.614875 0.0536667 0.04325
3 0.690167 0.596375 0.033 0.04075
3 0.236083 0.299875 0.0748333 0.04775
3 0.992833 0.30425 0.0143333 0.058
3 0.486417 0.583375 0.0375 0.04325
3 0.622333 0.532375 0.034 0.04425
3 0.0964167 0.137875 0.0348333 0.05325
3 0.01775 0.105125 0.0355 0.07375
3 0.0335833 0.9495 0.0628333 0.0385
3 0.673917 0.425375 0.0288333 0.04225
3 0.75225 0.263125 0.0465 0.04775
3 0.46375 0.291125 0.0435 0.05375
3 0.795583 0.6625 0.0441667 0.058
3 0.357667 0.696375 0.0316667 0.03925
3 0.345 0.4555 0.0446667 0.044
3 0.61125 0.22425 0.0298333 0.0365
3 0.513 0.681625 0.0356667 0.04075
3 0.0133333 0.542375 0.0266667 0.04425
3 0.287667 0.89925 0.0266667 0.0395
3 0.157333 0.113625 0.0383333 0.04125
3 0.1365 0.18275 0.041 0.0455
3 0.663 0.646 0.0386667 0.0505
3 0.78375 0.532875 0.0508333 0.03575
3 0.644917 0.7035 0.0325 0.0435
3 0.282083 0.226125 0.0325 0.04375
3 0.0138333 0.66825 0.0276667 0.0585
3 0.390917 0.593125 0.0341667 0.05275
3 0.0438333 0.519875 0.034 0.04175
3 0.499083 0.622375 0.0295 0.04425
3 0.0971667 0.504125 0.044 0.04775
3 0.16575 0.950125 0.0295 0.04225
3 0.733667 0.743875 0.0333333 0.06325
3 0.662917 0.747 0.0381667 0.0595
3 0.073 0.6845 0.0506667 0.042
3 0.533833 0.155375 0.0343333 0.04725
3 0.643333 0.2005 0.0343333 0.048
3 0.311583 0.188625 0.0305 0.04825
3 0.349083 0.611625 0.0408333 0.04875
3 0.22275 0.101625 0.0278333 0.05175
3 0.558417 0.277125 0.0328333 0.06775
3 0.679917 0.322125 0.0408333 0.04425
3 0.202417 0.88575 0.0331667 0.0545
3 0.332417 0.31375 0.0495 0.038
3 0.754583 0.675 0.0435 0.0605
3 0.517083 0.40775 0.0425 0.0585
3 0.370583 0.4835 0.0325 0.0655
3 0.987167 0.446125 0.0246667 0.09175
3 0.06025 0.9825 0.0378333 0.033
3 0.258667 0.968625 0.0376667 0.05625
3 0.755583 0.3385 0.0508333 0.049
3 0.428167 0.24425 0.037 0.0455
3 0.482417 0.69925 0.0355 0.045
3 0.44075 0.18025 0.0515 0.0465
3 0.56475 0.207375 0.0331667 0.06125
3 0.214167 0.572375 0.0486667 0.04975
3 0.267333 0.266625 0.0446667 0.05175
3 0.32175 0.237125 0.0508333 0.04375
3 0.642167 0.25325 0.058 0.042
3 0.95575 0.017875 0.0538333 0.03575
3 0.493583 0.1435 0.0345 0.093
3 0.0765833 0.629125 0.0721667 0.05975
3 0.983083 0.067625 0.0281667 0.03875
3 0.267 0.53675 0.0606667 0.048
3 0.0615 0.2645 0.0476667 0.05
3 0.525583 0.5085 0.0471667 0.049
3 0.803667 0.286125 0.06 0.04975
3 0.07025 0.323125 0.0731667 0.05025
3 0.569083 0.688 0.0381667 0.07
3 0.3305 0.100375 0.0436667 0.06175
3 0.0379167 0.155625 0.0618333 0.05725
3 0.202833 0.18925 0.0403333 0.081
3 0.7245 0.186375 0.0426667 0.04825
3 0.231 0.757625 0.0343333 0.07525
3 0.478083 0.221625 0.0431667 0.05075
3 0.1725 0.693 0.104333 0.0575
3 0.517667 0.3265 0.033 0.0915
3 0.441833 0.494875 0.0426667 0.10075
3 0.938667 0.3405 0.038 0.0535
3 0.371417 0.74675 0.0565 0.068
3 0.09025 0.232625 0.0425 0.06525
3 0.0315833 0.05175 0.0445 0.075
3 0.732 0.508625 0.0543333 0.07375
3 0.644917 0.35375 0.0438333 0.073
3 0.604833 0.137125 0.0473333 0.07775
3 0.163333 0.300875 0.0573333 0.06125
3 0.14225 0.47925 0.0471667 0.079
3 0.405167 0.4455 0.0563333 0.091
3 0.383667 0.20175 0.0396667 0.084
3 0.83 0.118 0.0496667 0.116
3 0.182167 0.06 0.039 0.1155
3 0.973 0.793375 0.0496667 0.08275
