3 0.470875 0.853833 0.034250 0.025333
3 0.373125 0.667500 0.044250 0.030000
3 0.727125 0.686167 0.055250 0.033333
3 0.598000 0.540500 0.053500 0.033667
3 0.196750 0.806250 0.039000 0.033833
3 0.059000 0.539833 0.046000 0.029667
3 0.969000 0.476333 0.051500 0.028000
3 0.793375 0.852750 0.057750 0.040833
3 0.202625 0.432083 0.045250 0.036167
3 0.493375 0.986333 0.044250 0.027333
3 0.483500 0.827833 0.050500 0.027000
3 0.885125 0.127667 0.049750 0.033333
3 0.195000 0.013750 0.047500 0.025167
3 0.920250 0.247667 0.050000 0.027667
3 0.913375 0.155250 0.042250 0.041833
3 0.545125 0.497667 0.059250 0.029000
3 0.201375 0.076500 0.068250 0.034000
3 0.956875 0.081083 0.044250 0.041833
3 0.492625 0.011583 0.073750 0.022833
3 0.376500 0.058417 0.094500 0.033167
3 0.234125 0.040000 0.061750 0.041000
3 0.217875 0.325750 0.049250 0.039500
3 0.843000 0.839083 0.065000 0.041167
3 0.016250 0.558667 0.032000 0.032000
3 0.966000 0.858667 0.046500 0.030000
3 0.977625 0.059667 0.041750 0.038000
3 0.074875 0.723083 0.068750 0.029833
3 0.896125 0.805083 0.052750 0.035167
3 0.170000 0.835417 0.044000 0.046500
3 0.596125 0.961083 0.047750 0.035500
3 0.922250 0.620500 0.072000 0.026667
3 0.397750 0.623333 0.049000 0.033000
3 0.962000 0.117417 0.049500 0.040833
3 0.162125 0.298500 0.070250 0.037667
3 0.047125 0.449333 0.093750 0.035667
3 0.188875 0.489417 0.077250 0.040500
3 0.155250 0.143917 0.050500 0.033833
3 0.083875 0.810333 0.101750 0.030667
3 0.645250 0.784917 0.051000 0.034167
3 0.517750 0.112833 0.095500 0.040000
3 0.550000 0.862917 0.045000 0.052167
3 0.204875 0.400667 0.063750 0.037000
3 0.770375 0.797167 0.063250 0.038333
3 0.154750 0.515667 0.101500 0.033000
3 0.708625 0.511583 0.041750 0.051167
3 0.181750 0.200917 0.069000 0.043167
3 0.693875 0.633000 0.067250 0.033667
3 0.346500 0.156417 0.067000 0.044167
3 0.692125 0.932583 0.046750 0.046167
3 0.428625 0.844083 0.050750 0.051500
3 0.120000 0.552833 0.073000 0.033000
3 0.977000 0.626667 0.046000 0.057000
3 0.800250 0.703083 0.064000 0.035500
3 0.676625 0.713000 0.050250 0.036333
3 0.465625 0.927250 0.048250 0.034833
3 0.470500 0.753333 0.071500 0.037667
3 0.056625 0.040667 0.076250 0.032000
3 0.839000 0.370167 0.068500 0.036667
3 0.228250 0.153833 0.046500 0.039000
3 0.099125 0.427167 0.062250 0.035333
3 0.081000 0.243833 0.079500 0.037667
3 0.375625 0.226750 0.072750 0.033500
3 0.587375 0.700333 0.075250 0.049667
3 0.290750 0.484583 0.056500 0.040833
3 0.042875 0.106333 0.085250 0.038000
3 0.878500 0.966917 0.058500 0.066167
3 0.824250 0.927083 0.061500 0.045167
3 0.771750 0.076583 0.074000 0.048500
3 0.603500 0.598833 0.071000 0.050667
3 0.146875 0.737417 0.080250 0.035833
3 0.908000 0.553167 0.080500 0.038000
3 0.335375 0.612333 0.061250 0.043000
3 0.242375 0.583500 0.060750 0.047000
3 0.253500 0.797333 0.052500 0.051000
3 0.177375 0.644333 0.108250 0.038667
3 0.126125 0.962250 0.051250 0.053833
3 0.820500 0.737500 0.056500 0.049000
3 0.245750 0.214583 0.054500 0.029167
3 0.595750 0.491833 0.063500 0.049000
3 0.475500 0.478917 0.066000 0.038833
3 0.556375 0.059583 0.072750 0.042500
3 0.441500 0.082500 0.129000 0.040333
3 0.658625 0.474750 0.050750 0.060500
3 0.941750 0.294083 0.059500 0.042500
3 0.555500 0.223583 0.079000 0.046500
3 0.774375 0.485417 0.072750 0.036167
3 0.104000 0.174750 0.064000 0.046167
3 0.450125 0.686167 0.063750 0.058000
3 0.267750 0.289333 0.070000 0.040667
3 0.041500 0.648833 0.082500 0.035000
3 0.513750 0.568250 0.076000 0.039500
3 0.851000 0.477667 0.060000 0.060333
3 0.297500 0.954583 0.070500 0.068167
3 0.668625 0.829333 0.099750 0.055333
