3 0.778667 0.329500 0.062000 0.050000
3 0.834667 0.293500 0.052667 0.056000
3 0.799333 0.216000 0.028667 0.041000
3 0.824667 0.131500 0.047333 0.078000
3 0.887333 0.185500 0.030000 0.058000
3 0.924667 0.143500 0.039333 0.048000
3 0.895083 0.078000 0.050500 0.055000
3 0.961333 0.218500 0.043333 0.058000
3 0.962833 0.323875 0.056333 0.052750
3 0.924000 0.425000 0.038000 0.045000
3 0.816333 0.449500 0.061333 0.080000
3 0.804333 0.540000 0.042667 0.069000
3 0.755333 0.542000 0.047333 0.075000
3 0.841333 0.676500 0.059333 0.066000
3 0.935333 0.720000 0.068667 0.055000
3 0.986167 0.629750 0.027667 0.048500
3 0.912667 0.626000 0.026000 0.045000
3 0.720000 0.629000 0.028667 0.055000
3 0.785667 0.694000 0.052000 0.057000
3 0.665000 0.482500 0.049333 0.060000
3 0.630333 0.409000 0.058667 0.071000
3 0.708333 0.390000 0.060000 0.057000
3 0.713000 0.313000 0.044000 0.049000
3 0.576667 0.496000 0.039333 0.057000
3 0.557333 0.559500 0.043333 0.072000
3 0.622333 0.613500 0.044000 0.066000
3 0.678000 0.687500 0.044667 0.052000
3 0.780667 0.803000 0.031333 0.061000
3 0.791667 0.905000 0.033333 0.057000
3 0.927333 0.854500 0.075333 0.062000
3 0.923000 0.817000 0.061333 0.051000
3 0.545667 0.773500 0.028000 0.056000
3 0.637000 0.782000 0.060000 0.057000
3 0.707667 0.804000 0.034667 0.053000
3 0.736000 0.780500 0.030000 0.056000
3 0.600667 0.705000 0.032667 0.035000
3 0.505333 0.948500 0.031333 0.084000
3 0.617333 0.911500 0.031333 0.052000
3 0.719917 0.977750 0.033833 0.044500
3 0.797667 0.976750 0.050667 0.046500
3 0.390000 0.714000 0.032667 0.093000
3 0.367000 0.788500 0.030667 0.038000
3 0.421333 0.803500 0.036667 0.040000
3 0.334333 0.957500 0.048000 0.084000
3 0.291333 0.651500 0.043333 0.048000
3 0.295333 0.707500 0.034000 0.052000
3 0.329667 0.783500 0.030667 0.048000
3 0.257333 0.718500 0.030000 0.054000
3 0.182667 0.801500 0.038000 0.048000
3 0.180333 0.879500 0.038667 0.048000
3 0.189667 0.943500 0.041333 0.060000
3 0.123333 0.847000 0.040667 0.065000
3 0.206333 0.884500 0.029333 0.034000
3 0.140000 0.931500 0.035333 0.048000
3 0.039667 0.884500 0.028000 0.066000
3 0.046000 0.905000 0.040667 0.089000
3 0.082000 0.809500 0.030000 0.048000
3 0.143667 0.699000 0.048000 0.069000
3 0.139000 0.623000 0.057333 0.059000
3 0.243333 0.550500 0.038000 0.066000
3 0.306333 0.536000 0.044000 0.083000
3 0.417000 0.576000 0.040000 0.075000
3 0.413000 0.459500 0.026667 0.042000
3 0.463333 0.470500 0.027333 0.078000
3 0.484333 0.500000 0.026667 0.067000
3 0.499333 0.446500 0.032667 0.066000
3 0.528333 0.492500 0.046667 0.054000
3 0.405000 0.308500 0.034667 0.062000
3 0.525333 0.262000 0.042000 0.041000
3 0.497667 0.343500 0.032000 0.046000
3 0.487000 0.237500 0.038667 0.050000
3 0.416333 0.195000 0.029333 0.045000
3 0.433667 0.222500 0.021333 0.046000
3 0.469000 0.187500 0.038667 0.048000
3 0.468333 0.129500 0.041333 0.052000
3 0.475000 0.047500 0.033333 0.056000
3 0.592333 0.133000 0.038667 0.055000
3 0.542000 0.163000 0.031333 0.061000
3 0.555333 0.107000 0.034000 0.045000
3 0.637333 0.117000 0.039333 0.051000
3 0.720667 0.176500 0.050000 0.046000
3 0.725667 0.061500 0.029333 0.046000
3 0.691000 0.028000 0.037333 0.047000
3 0.274000 0.318000 0.031333 0.051000
3 0.236333 0.343500 0.032000 0.054000
3 0.222333 0.455500 0.038667 0.060000
3 0.304667 0.443000 0.035333 0.043000
3 0.117000 0.481500 0.036000 0.060000
3 0.067000 0.559000 0.036000 0.055000
3 0.040000 0.498500 0.047333 0.064000
3 0.037333 0.307000 0.036667 0.043000
3 0.085333 0.287500 0.036667 0.050000
3 0.117667 0.292000 0.022667 0.043000
3 0.137333 0.332500 0.039333 0.070000
3 0.129333 0.399000 0.034000 0.065000
3 0.057000 0.376500 0.032000 0.042000
3 0.158000 0.242000 0.046000 0.067000
3 0.186333 0.140500 0.065333 0.078000
3 0.301000 0.174000 0.034667 0.071000
3 0.364000 0.234500 0.027333 0.060000
3 0.195667 0.055500 0.028000 0.048000
3 0.222667 0.057500 0.022000 0.040000
3 0.283000 0.024500 0.042667 0.036000
3 0.171917 0.016375 0.024833 0.032250
3 0.109000 0.073000 0.034667 0.053000
3 0.014583 0.087875 0.028833 0.053250
3 0.458333 0.667000 0.033333 0.043000
3 0.756667 0.080500 0.035333 0.044000
3 0.810333 0.056500 0.037333 0.036000
3 0.972500 0.027875 0.031667 0.055250
3 0.719667 0.138500 0.042667 0.038000
3 0.797667 0.365000 0.040000 0.037000
3 0.752667 0.410500 0.032667 0.056000
3 0.857000 0.770500 0.034667 0.050000
3 0.690000 0.752500 0.027333 0.040000
3 0.982000 0.873500 0.028667 0.056000
3 0.368667 0.867000 0.032667 0.053000
3 0.055000 0.787500 0.032000 0.036000
3 0.072000 0.617000 0.058000 0.047000
3 0.091667 0.652500 0.045333 0.046000
3 0.940833 0.062125 0.022333 0.050750
3 0.920333 0.067000 0.027000 0.050500
3 0.858250 0.257250 0.030833 0.061000
3 0.843917 0.449750 0.031167 0.071500
3 0.108583 0.977000 0.031167 0.046000
