3 0.362750 0.442917 0.044500 0.023500
3 0.404875 0.137167 0.052250 0.039000
3 0.833625 0.593250 0.040750 0.028167
3 0.965000 0.933083 0.039500 0.034167
3 0.319750 0.571000 0.054000 0.022667
3 0.870625 0.971167 0.049250 0.030333
3 0.797125 0.118083 0.063250 0.033500
3 0.910000 0.487917 0.043000 0.027167
3 0.431500 0.205583 0.041500 0.036167
3 0.960875 0.993083 0.050750 0.013833
3 0.020625 0.571000 0.040750 0.023333
3 0.707625 0.296167 0.041750 0.023667
3 0.658875 0.247917 0.035750 0.030167
3 0.981375 0.772833 0.035250 0.042667
3 0.390500 0.211167 0.047000 0.032000
3 0.143500 0.849500 0.032500 0.020000
3 0.829375 0.110417 0.063750 0.035500
3 0.016375 0.383417 0.032250 0.022833
3 0.241625 0.596000 0.050750 0.029000
3 0.843875 0.657750 0.037750 0.027500
3 0.956125 0.481000 0.068250 0.032667
3 0.625500 0.037333 0.060500 0.033000
3 0.085875 0.204833 0.044750 0.054000
3 0.640625 0.344583 0.042750 0.030833
3 0.224625 0.724500 0.045750 0.029333
3 0.757000 0.938583 0.036500 0.027167
3 0.928125 0.966250 0.051250 0.051500
3 0.658875 0.959333 0.042250 0.033333
3 0.796375 0.190833 0.054750 0.030333
3 0.296125 0.747417 0.046750 0.033167
3 0.013125 0.119917 0.025750 0.038167
3 0.820875 0.836417 0.043250 0.035500
3 0.263250 0.710583 0.035500 0.029833
3 0.064875 0.097917 0.039750 0.024500
3 0.022125 0.059083 0.043750 0.043833
3 0.563125 0.106583 0.053250 0.030833
3 0.625000 0.157750 0.054000 0.036500
3 0.108375 0.940000 0.041250 0.037000
3 0.889750 0.403917 0.049000 0.031167
3 0.048750 0.363250 0.048500 0.029167
3 0.361375 0.098667 0.060750 0.037333
3 0.506875 0.527167 0.043750 0.032333
3 0.117000 0.352917 0.048500 0.035500
3 0.581375 0.169333 0.047250 0.067000
3 0.538250 0.577167 0.054000 0.042000
3 0.222500 0.841750 0.041000 0.040500
3 0.719375 0.517000 0.048750 0.029000
3 0.976750 0.950167 0.046500 0.048000
3 0.333625 0.850167 0.040250 0.060667
3 0.512500 0.402750 0.055000 0.031500
3 0.718875 0.897333 0.045750 0.031667
3 0.958375 0.312917 0.053250 0.030167
3 0.929375 0.898083 0.042750 0.033500
3 0.751875 0.552083 0.067750 0.029500
3 0.043500 0.222500 0.059000 0.031667
3 0.925000 0.541417 0.053500 0.034500
3 0.792125 0.793833 0.072250 0.037000
3 0.630000 0.409083 0.048500 0.039167
3 0.155250 0.257583 0.043500 0.029500
3 0.200125 0.407917 0.055750 0.042500
3 0.780875 0.678667 0.052250 0.035000
3 0.326750 0.682917 0.037000 0.034833
3 0.464125 0.183500 0.045250 0.048000
3 0.748375 0.596917 0.044750 0.029500
3 0.220250 0.932250 0.048000 0.037833
3 0.371250 0.376083 0.077000 0.038500
3 0.601375 0.541167 0.061750 0.034667
3 0.496500 0.114583 0.054500 0.043167
3 0.265875 0.908667 0.048750 0.048333
3 0.017625 0.931750 0.034750 0.046833
3 0.686250 0.493333 0.056500 0.036333
3 0.516125 0.359083 0.048750 0.032167
3 0.755500 0.717583 0.049000 0.042167
3 0.055375 0.015167 0.045750 0.026333
3 0.779375 0.395667 0.040250 0.026667
3 0.751375 0.097250 0.057750 0.027500
3 0.734250 0.043167 0.050500 0.050667
3 0.132875 0.786333 0.051250 0.031333
3 0.154625 0.918417 0.049750 0.037167
3 0.766000 0.446500 0.052000 0.034333
3 0.910250 0.135500 0.072500 0.037333
3 0.887875 0.638750 0.052750 0.045167
3 0.086625 0.261833 0.048750 0.035667
3 0.139500 0.015083 0.071000 0.029833
3 0.838000 0.433250 0.051500 0.034167
3 0.420375 0.277167 0.078750 0.039000
3 0.377625 0.849917 0.054750 0.051500
3 0.320750 0.249750 0.055000 0.045167
3 0.132625 0.059167 0.040250 0.027333
3 0.621125 0.481250 0.049750 0.034500
3 0.948250 0.620500 0.063500 0.054000
3 0.556000 0.249417 0.056500 0.037833
3 0.301500 0.876500 0.060500 0.051667
3 0.206625 0.111167 0.077250 0.033333
3 0.113750 0.888083 0.055500 0.037500
3 0.346625 0.467250 0.053250 0.037167
3 0.738125 0.803000 0.053750 0.044667
3 0.048750 0.396167 0.061500 0.036667
3 0.043125 0.547250 0.058250 0.036500
3 0.813875 0.230333 0.042750 0.035667
3 0.723500 0.845833 0.078000 0.038667
3 0.428125 0.946917 0.055250 0.051167
3 0.698375 0.171500 0.054750 0.045000
3 0.415000 0.048750 0.062000 0.042833
3 0.882375 0.925250 0.050750 0.054167
3 0.906875 0.736750 0.054750 0.045833
3 0.943125 0.795333 0.056750 0.044667
3 0.439625 0.613917 0.059750 0.041833
3 0.444375 0.447500 0.055750 0.036333
3 0.696000 0.599917 0.049500 0.038833
3 0.917250 0.271583 0.057000 0.044833
3 0.128000 0.471000 0.070500 0.041000
3 0.899250 0.446583 0.050000 0.033167
3 0.590000 0.734083 0.050000 0.068833
3 0.314125 0.033500 0.063750 0.038333
3 0.484250 0.788333 0.058000 0.045000
3 0.466125 0.497250 0.068750 0.047167
3 0.131750 0.400333 0.055000 0.052000
3 0.023000 0.451917 0.045500 0.036167
3 0.681125 0.359500 0.052250 0.052000
3 0.374875 0.677333 0.069750 0.041000
