3 0.945583 0.38025 0.0468333 0.0505
3 0.0275 0.32225 0.031 0.043
3 0.1885 0.3805 0.0286667 0.0425
3 0.462333 0.522625 0.0263333 0.04725
3 0.607167 0.911 0.029 0.0435
3 0.327417 0.735875 0.0211667 0.04825
3 0.883417 0.3845 0.0418333 0.0485
3 0.0599167 0.54675 0.0358333 0.038
3 0.361 0.536625 0.0303333 0.04125
3 0.990083 0.672625 0.0195 0.03825
3 0.309333 0.2025 0.0303333 0.037
3 0.243917 0.581875 0.0428333 0.03725
3 0.747 0.953875 0.0333333 0.03975
3 0.4555 0.022 0.0313333 0.04
3 0.914583 0.2515 0.0471667 0.0365
3 0.246583 0.264625 0.0348333 0.04075
3 0.948667 0.331625 0.0336667 0.03525
3 0.167417 0.617875 0.0281667 0.03925
3 0.159417 0.954875 0.0268333 0.04975
3 0.498 0.897375 0.0246667 0.08375
3 0.373083 0.1545 0.0228333 0.0395
3 0.13725 0.602375 0.0291667 0.04225
3 0.345417 0.49925 0.0315 0.04
3 0.957 0.678125 0.0343333 0.03575
3 0.613333 0.47275 0.0246667 0.038
3 0.790833 0.487125 0.0296667 0.04825
3 0.0954167 0.179 0.0325 0.0425
3 0.720667 0.27925 0.0273333 0.041
3 0.543667 0.743125 0.033 0.04475
3 0.227667 0.285 0.03 0.0445
3 0.733333 0.93475 0.0283333 0.044
3 0.578417 0.91175 0.0261667 0.037
3 0.274 0.125875 0.0266667 0.04525
3 0.47025 0.9065 0.0285 0.0575
3 0.891417 0.7875 0.0371667 0.0395
3 0.0666667 0.032 0.041 0.045
3 0.614833 0.435875 0.0293333 0.03525
3 0.927583 0.010375 0.0555 0.02075
3 0.915667 0.584625 0.035 0.03975
3 0.835917 0.136125 0.0338333 0.04675
3 0.14225 0.6655 0.0511667 0.049
3 0.540417 0.134625 0.0298333 0.03975
3 0.25075 0.61525 0.0358333 0.052
3 0.568833 0.766125 0.0323333 0.04325
3 0.67975 0.1595 0.0441667 0.065
3 0.1785 0.798 0.0456667 0.0405
3 0.1825 0.908875 0.026 0.03825
3 0.485083 0.608 0.0308333 0.04
3 0.638333 0.463625 0.0326667 0.04425
3 0.490083 0.822875 0.0265 0.05525
3 0.0848333 0.55 0.029 0.0555
3 0.8085 0.09225 0.034 0.044
3 0.587417 0.377625 0.0291667 0.04625
3 0.943833 0.478625 0.0296667 0.04925
3 0.775583 0.657375 0.0368333 0.03575
3 0.263667 0.8465 0.0373333 0.0425
3 0.0303333 0.799875 0.0386667 0.03525
3 0.399333 0.4315 0.032 0.0455
3 0.96025 0.8575 0.0438333 0.0395
3 0.481917 0.728 0.0335 0.042
3 0.0209167 0.63 0.0418333 0.045
3 0.5915 0.332125 0.0356667 0.04575
3 0.880583 0.620875 0.0381667 0.05575
3 0.696833 0.096375 0.035 0.04625
3 0.61475 0.535875 0.0335 0.04675
3 0.493333 0.47875 0.047 0.044
3 0.172833 0.302625 0.029 0.05325
3 0.801083 0.78625 0.0371667 0.04
3 0.276417 0.211125 0.0435 0.03825
3 0.246083 0.545125 0.0345 0.05975
3 0.0631667 0.48925 0.0516667 0.039
3 0.232333 0.654875 0.0503333 0.03125
3 0.235667 0.773625 0.0223333 0.07075
3 0.524667 0.39575 0.0486667 0.0405
3 0.849167 0.773625 0.0333333 0.03525
3 0.0139167 0.731375 0.0278333 0.06375
3 0.202167 0.439125 0.0253333 0.03175
3 0.639333 0.623 0.037 0.0425
3 0.923583 0.229875 0.0471667 0.05775
3 0.423417 0.62675 0.0618333 0.0405
3 0.60475 0.963125 0.0268333 0.05775
3 0.753917 0.410875 0.0385 0.04225
3 0.740583 0.8165 0.0365 0.073
3 0.221833 0.3965 0.0373333 0.0325
3 0.880667 0.454 0.0523333 0.046
3 0.261083 0.703375 0.0591667 0.03125
3 0.519583 0.656875 0.0358333 0.03675
3 0.10625 0.375125 0.0665 0.03825
3 0.676167 0.295875 0.0296667 0.09075
3 0.757833 0.287375 0.0333333 0.04325
3 0.282333 0.3465 0.0853333 0.058
3 0.521333 0.191875 0.026 0.04375
3 0.798417 0.90725 0.0328333 0.0385
3 0.427583 0.401375 0.0381667 0.04775
3 0.0636667 0.297375 0.0686667 0.04875
3 0.903 0.082875 0.0403333 0.03725
3 0.693667 0.777125 0.0476667 0.03925
3 0.483583 0.166875 0.0285 0.04725
3 0.871667 0.415 0.0413333 0.0575
3 0.542333 0.561375 0.036 0.03925
3 0.03825 0.1385 0.0351667 0.0505
3 0.460417 0.316125 0.0281667 0.04425
3 0.469 0.36575 0.0326667 0.037
3 0.0440833 0.045625 0.0515 0.05625
3 0.409583 0.776375 0.0355 0.03675
3 0.489833 0.528125 0.037 0.05225
3 0.0453333 0.942625 0.0516667 0.05825
3 0.318167 0.66475 0.04 0.044
3 0.3955 0.519 0.0343333 0.0585
3 0.734167 0.578375 0.0356667 0.05275
3 0.470333 0.86125 0.039 0.0535
3 0.242167 0.05725 0.0513333 0.044
3 0.504083 0.118625 0.0305 0.04275
3 0.39375 0.062375 0.0255 0.07675
3 0.3365 0.232125 0.0376667 0.04975
3 0.0194167 0.95775 0.0388333 0.073
3 0.211 0.852875 0.0533333 0.04925
3 0.729 0.68075 0.0333333 0.127
3 0.699333 0.34675 0.0386667 0.0535
3 0.32125 0.78525 0.0551667 0.048
3 0.2895 0.89425 0.069 0.0455
3 0.98025 0.087125 0.0305 0.04725
3 0.43275 0.02575 0.0431667 0.0485
3 0.248 0.94025 0.0363333 0.072
3 0.206167 0.13625 0.0456667 0.039
3 0.0543333 0.416125 0.0466667 0.05075
3 0.8845 0.328125 0.036 0.05775
3 0.50675 0.956875 0.0308333 0.08125
3 0.1635 0.841 0.0656667 0.05
3 0.531083 0.284625 0.0355 0.05775
3 0.403583 0.91575 0.0325 0.0905
3 0.81275 0.373375 0.0431667 0.09625
3 0.0680833 0.637875 0.0635 0.11325
3 0.312417 0.070375 0.0321667 0.09575
3 0.176417 0.028375 0.0368333 0.05675
3 0.310667 0.291375 0.0576667 0.05525
3 0.814167 0.822375 0.0616667 0.06525
3 0.877417 0.122 0.0525 0.081
3 0.1775 0.733 0.048 0.075
3 0.658917 0.8665 0.0465 0.079
3 0.959417 0.920125 0.0505 0.08575
3 0.355917 0.045125 0.0385 0.06325
