3 0.726125 0.990833 0.04375 0.017
3 0.330125 0.987417 0.04725 0.0245
3 0.425375 0.442417 0.05125 0.0298333
3 0.691125 0.721667 0.05075 0.03
3 0.480375 0.616 0.04525 0.0313333
3 0.630875 0.259333 0.04625 0.0316667
3 0.626125 0.683583 0.04875 0.0328333
3 0.295125 0.9775 0.03525 0.029
3 0.3255 0.837083 0.0415 0.0458333
3 0.412125 0.242417 0.03625 0.0261667
3 0.010625 0.41125 0.02125 0.0288333
3 0.013625 0.01925 0.02725 0.0385
3 0.011125 0.502917 0.02225 0.0325
3 0.054875 0.275917 0.03725 0.0315
3 0.769875 0.523917 0.06225 0.0395
3 0.729125 0.0695 0.06425 0.051
3 0.7055 0.644167 0.0515 0.0306667
3 0.31425 0.95925 0.038 0.0325
3 0.065375 0.57325 0.04225 0.0275
3 0.717125 0.571583 0.07475 0.0565
3 0.048625 0.235333 0.06175 0.0323333
3 0.078375 0.4055 0.04425 0.0263333
3 0.784875 0.188417 0.04325 0.0258333
3 0.32825 0.612917 0.033 0.0258333
3 0.767375 0.0999167 0.05175 0.0381667
3 0.856875 0.768417 0.04325 0.0405
3 0.56325 0.26775 0.0465 0.0365
3 0.422 0.345333 0.0455 0.045
3 0.56875 0.29925 0.064 0.0408333
3 0.381 0.01325 0.044 0.0261667
3 0.44575 0.7145 0.052 0.027
3 0.610125 0.429667 0.03375 0.0216667
3 0.354875 0.122667 0.04925 0.0336667
3 0.394 0.0593333 0.0345 0.0396667
3 0.414125 0.435667 0.04925 0.0313333
3 0.4265 0.849833 0.0585 0.0416667
3 0.298125 0.598583 0.04175 0.0271667
3 0.51175 0.0243333 0.035 0.028
3 0.841625 0.685833 0.04725 0.023
3 0.76025 0.984083 0.056 0.0271667
3 0.01525 0.0705833 0.0305 0.0428333
3 0.4845 0.677583 0.0595 0.0355
3 0.444375 0.30225 0.04275 0.0351667
3 0.776 0.0549167 0.044 0.0295
3 0.75 0.680667 0.042 0.038
3 0.389375 0.1235 0.04675 0.0296667
3 0.97325 0.697333 0.0305 0.026
3 0.60375 0.618833 0.0765 0.0286667
3 0.757375 0.257583 0.04775 0.0358333
3 0.056125 0.917667 0.04075 0.0303333
3 0.29925 0.641917 0.041 0.0311667
3 0.074875 0.579 0.04875 0.0306667
3 0.881625 0.570583 0.07225 0.0305
3 0.65425 0.763167 0.0375 0.031
3 0.723 0.768833 0.0575 0.0316667
3 0.825375 0.30575 0.06125 0.0251667
3 0.598625 0.372 0.06125 0.0296667
3 0.0185 0.584417 0.0365 0.0351667
3 0.39675 0.60425 0.04 0.0291667
3 0.51325 0.524667 0.0675 0.038
3 0.016 0.46825 0.032 0.0221667
3 0.4515 0.0411667 0.0465 0.0373333
3 0.0375 0.431 0.0375 0.0286667
3 0.391375 0.65625 0.04975 0.0338333
3 0.7965 0.9075 0.0625 0.027
3 0.300375 0.905667 0.04425 0.035
3 0.658875 0.141583 0.04275 0.0418333
3 0.735125 0.4245 0.05325 0.035
3 0.46075 0.94475 0.0475 0.0371667
3 0.80625 0.3305 0.067 0.0256667
3 0.224 0.527833 0.0595 0.0276667
3 0.43375 0.61425 0.0405 0.0461667
3 0.43975 0.51025 0.0445 0.0325
3 0.105625 0.732083 0.05375 0.0371667
3 0.611625 0.952917 0.04175 0.0435
3 0.516 0.724083 0.0415 0.0325
3 0.68725 0.830917 0.0475 0.0341667
3 0.6815 0.53125 0.043 0.0375
3 0.356875 0.265583 0.05175 0.0371667
3 0.80275 0.776167 0.057 0.035
3 0.78425 0.742417 0.063 0.0348333
3 0.03175 0.743083 0.0395 0.0328333
3 0.8515 0.164333 0.0775 0.031
3 0.339875 0.399667 0.06725 0.033
3 0.7045 0.18275 0.04 0.0421667
3 0.846 0.263333 0.0905 0.0433333
3 0.973125 0.0441667 0.04775 0.0563333
3 0.17075 0.70475 0.076 0.0318333
3 0.3925 0.970833 0.049 0.042
3 0.857875 0.0398333 0.06475 0.0406667
3 0.8095 0.0996667 0.051 0.047
3 0.391625 0.551167 0.04225 0.03
3 0.343375 0.0181667 0.04975 0.0353333
3 0.3035 0.71275 0.0895 0.0315
3 0.271875 0.8435 0.06225 0.0373333
3 0.4675 0.808833 0.0485 0.0356667
3 0.527125 0.49525 0.05025 0.0311667
3 0.11075 0.295 0.045 0.034
3 0.707375 0.894833 0.05125 0.0383333
3 0.06175 0.853917 0.039 0.0331667
3 0.664875 0.2845 0.06125 0.061
3 0.446375 0.55475 0.04625 0.0428333
3 0.463 0.142667 0.0505 0.0513333
3 0.7915 0.35875 0.0685 0.0291667
3 0.878 0.635333 0.0765 0.0356667
3 0.59975 0.742917 0.061 0.0315
3 0.73375 0.307333 0.0475 0.0483333
3 0.834125 0.87475 0.12025 0.0535
3 0.53225 0.363917 0.0985 0.0518333
3 0.85125 0.554583 0.102 0.0408333
3 0.82725 0.135917 0.0815 0.0411667
3 0.0955 0.668333 0.0595 0.03
