3 0.687667 0.134125 0.03 0.03525
3 0.61175 0.9225 0.0138333 0.0475
3 0.714917 0.827375 0.0265 0.04175
3 0.646167 0.318625 0.0323333 0.03625
3 0.937583 0.01525 0.0365 0.0305
3 0.0635 0.055375 0.0306667 0.03625
3 0.661167 0.393125 0.0323333 0.06375
3 0.287583 0.77 0.0441667 0.0485
3 0.793083 0.300625 0.0325 0.05225
3 0.511667 0.937875 0.021 0.02625
3 0.721167 0.075875 0.0336667 0.04125
3 0.42925 0.930625 0.0348333 0.08575
3 0.0156667 0.117875 0.0306667 0.04675
3 0.17925 0.2695 0.0285 0.0405
3 0.458083 0.663 0.0281667 0.0505
3 0.750333 0.908375 0.0486667 0.05925
3 0.84575 0.246625 0.0371667 0.04775
3 0.246417 0.40525 0.0381667 0.0515
3 0.798917 0.4195 0.0488333 0.072
3 0.302417 0.132375 0.0335 0.03975
3 0.1745 0.063125 0.0216667 0.04025
3 0.851583 0.264625 0.0398333 0.04625
3 0.0886667 0.053125 0.0286667 0.03425
3 0.687417 0.36375 0.0378333 0.0495
3 0.27825 0.359 0.0408333 0.0465
3 0.471083 0.4105 0.0441667 0.046
3 0.991083 0.222125 0.0175 0.04425
3 0.93625 0.099875 0.0278333 0.05825
3 0.476083 0.863375 0.0435 0.07925
3 0.879417 0.036 0.0488333 0.04
3 0.730417 0.926125 0.0408333 0.07525
3 0.87075 0.01925 0.0485 0.0385
3 0.134667 0.074875 0.0333333 0.04225
3 0.360667 0.741375 0.0303333 0.04225
3 0.65 0.44175 0.0346667 0.045
3 0.841333 0.07425 0.031 0.043
3 0.11425 0.914875 0.0298333 0.03475
3 0.48375 0.380125 0.0295 0.03875
3 0.0625 0.026 0.025 0.0395
3 0.17 0.288625 0.0313333 0.04225
3 0.684333 0.45775 0.051 0.067
3 0.358417 0.1375 0.0258333 0.031
3 0.5605 0.823 0.0286667 0.091
3 0.30675 0.504875 0.0441667 0.03975
3 0.0369167 0.38525 0.0445 0.0345
3 0.104083 0.085375 0.0258333 0.04475
3 0.91575 0.399375 0.0645 0.06375
3 0.701667 0.044 0.0373333 0.0485
3 0.2535 0.127875 0.0493333 0.04625
3 0.0354167 0.284125 0.0225 0.03475
3 0.436 0.794125 0.029 0.04825
3 0.267333 0.3165 0.0463333 0.038
3 0.167083 0.0985 0.0351667 0.049
3 0.619917 0.27425 0.0361667 0.048
3 0.945417 0.96325 0.0408333 0.041
3 0.449583 0.368875 0.0315 0.03875
3 0.484333 0.96125 0.0333333 0.047
3 0.231 0.29675 0.037 0.045
3 0.136583 0.41625 0.0321667 0.0375
3 0.180833 0.389375 0.048 0.04475
3 0.311 0.41225 0.0386667 0.0395
3 0.705333 0.784125 0.0416667 0.07875
3 0.281917 0.801875 0.0461667 0.04075
3 0.488 0.682875 0.0293333 0.04275
3 0.410917 0.39525 0.0351667 0.06
3 0.290917 0.467 0.0428333 0.066
3 0.5545 0.032 0.0536667 0.043
3 0.985417 0.723625 0.0291667 0.03875
3 0.755417 0.849875 0.0488333 0.05325
3 0.255417 0.501375 0.0328333 0.10875
3 0.209167 0.055625 0.0296667 0.08325
3 0.0826667 0.818 0.0343333 0.035
3 0.0185833 0.441125 0.0371667 0.06325
3 0.43475 0.749875 0.0381667 0.04825
3 0.599 0.73 0.0353333 0.0615
3 0.643583 0.136875 0.0318333 0.06575
3 0.75625 0.39725 0.0288333 0.053
3 0.899917 0.149 0.0381667 0.0625
3 0.0761667 0.426 0.0453333 0.036
3 0.57625 0.119 0.0458333 0.0415
3 0.349917 0.344375 0.0338333 0.05025
3 0.868833 0.865875 0.0453333 0.04325
3 0.79 0.10675 0.051 0.054
3 0.08 0.374875 0.0436667 0.03775
3 0.1905 0.133625 0.027 0.06525
3 0.147583 0.019 0.0361667 0.038
3 0.39125 0.862875 0.0418333 0.05075
3 0.346 0.876 0.0553333 0.052
3 0.91725 0.3145 0.0335 0.0625
3 0.5615 0.23475 0.03 0.095
3 0.552833 0.39625 0.025 0.063
3 0.529083 0.43375 0.0381667 0.074
3 0.677917 0.2805 0.0411667 0.0725
3 0.476167 0.230875 0.046 0.05175
3 0.289083 0.060875 0.0445 0.05125
3 0.280917 0.55725 0.0431667 0.091
3 0.388333 0.632375 0.0323333 0.10425
3 0.360667 0.036875 0.029 0.07375
3 0.730083 0.689 0.0478333 0.057
3 0.358 0.94525 0.0436667 0.0645
3 0.979583 0.0875 0.0408333 0.0555
3 0.023 0.188125 0.04 0.05725
3 0.811417 0.70725 0.0475 0.079
3 0.237833 0.90825 0.0533333 0.0635
3 0.416583 0.036125 0.0638333 0.07225
