3 0.426667 0.374500 0.055333 0.092000
3 0.395667 0.362500 0.033333 0.042000
3 0.290333 0.366500 0.034667 0.034000
3 0.290667 0.416000 0.032667 0.069000
3 0.321333 0.433000 0.051333 0.049000
3 0.233000 0.297000 0.046667 0.053000
3 0.209000 0.252500 0.029333 0.056000
3 0.261667 0.261000 0.037333 0.053000
3 0.286000 0.254500 0.031333 0.046000
3 0.293000 0.183000 0.025333 0.045000
3 0.253000 0.158500 0.034667 0.046000
3 0.219333 0.151000 0.050000 0.065000
3 0.145000 0.126000 0.048000 0.047000
3 0.033583 0.185125 0.066833 0.078750
3 0.149000 0.326500 0.037333 0.108000
3 0.012667 0.430000 0.024667 0.079000
3 0.219000 0.637000 0.038667 0.055000
3 0.179000 0.549500 0.041333 0.044000
3 0.146333 0.630500 0.046667 0.044000
3 0.088333 0.714000 0.072000 0.059000
3 0.197667 0.687000 0.029333 0.055000
3 0.214667 0.751000 0.043333 0.055000
3 0.263000 0.757500 0.034667 0.062000
3 0.188000 0.786500 0.034000 0.046000
3 0.077000 0.799000 0.054667 0.061000
3 0.304333 0.839000 0.036000 0.057000
3 0.253667 0.880500 0.033333 0.066000
3 0.213667 0.939500 0.041333 0.056000
3 0.387333 0.948500 0.048667 0.056000
3 0.439333 0.824000 0.070000 0.081000
3 0.519000 0.775500 0.052000 0.056000
3 0.548000 0.685000 0.038000 0.051000
3 0.441333 0.629000 0.046000 0.077000
3 0.409000 0.690500 0.042667 0.050000
3 0.494000 0.583500 0.031333 0.048000
3 0.475667 0.538000 0.040000 0.055000
3 0.517000 0.546500 0.056000 0.062000
3 0.604333 0.573500 0.054667 0.062000
3 0.608000 0.657000 0.040667 0.055000
3 0.584333 0.762000 0.034667 0.051000
3 0.650000 0.845000 0.040667 0.149000
3 0.619667 0.863000 0.032000 0.057000
3 0.621667 0.805000 0.020000 0.039000
3 0.678667 0.909500 0.048667 0.056000
3 0.706167 0.951250 0.033000 0.097500
3 0.735333 0.937500 0.039333 0.066000
3 0.768333 0.939500 0.038667 0.086000
3 0.805000 0.981250 0.086667 0.037500
3 0.920000 0.840000 0.039333 0.079000
3 0.871667 0.722000 0.037333 0.059000
3 0.902667 0.703500 0.030000 0.052000
3 0.939333 0.738000 0.036667 0.063000
3 0.946667 0.697000 0.038000 0.063000
3 0.978667 0.745000 0.028667 0.063000
3 0.924000 0.614000 0.066000 0.075000
3 0.839000 0.530000 0.050667 0.069000
3 0.387667 0.445000 0.034667 0.049000
3 0.358333 0.468000 0.034667 0.067000
3 0.389667 0.494000 0.052000 0.057000
3 0.659000 0.330500 0.028000 0.036000
3 0.710333 0.442000 0.040000 0.071000
3 0.775000 0.514000 0.042667 0.071000
3 0.824667 0.410000 0.051333 0.055000
3 0.869667 0.414500 0.045333 0.044000
3 0.845667 0.447500 0.032000 0.044000
3 0.871333 0.517500 0.026000 0.036000
3 0.893667 0.527500 0.049333 0.046000
3 0.926333 0.505500 0.044000 0.070000
3 0.968667 0.527000 0.051333 0.067000
3 0.929000 0.572000 0.061333 0.041000
3 0.978000 0.620500 0.040667 0.046000
3 0.845333 0.661000 0.040667 0.051000
3 0.345000 0.129000 0.030667 0.057000
3 0.291000 0.129000 0.033333 0.053000
3 0.274667 0.062000 0.036667 0.067000
3 0.107083 0.024375 0.025167 0.048250
3 0.163083 0.012375 0.033167 0.024250
3 0.404667 0.055500 0.056667 0.056000
3 0.444667 0.084500 0.047333 0.042000
3 0.491333 0.132500 0.036667 0.056000
3 0.552000 0.144000 0.039333 0.049000
3 0.626333 0.128500 0.058667 0.052000
3 0.585667 0.207000 0.046667 0.057000
3 0.662667 0.237500 0.066000 0.072000
3 0.704667 0.196500 0.048667 0.086000
3 0.676667 0.126500 0.032667 0.052000
3 0.816667 0.104000 0.058000 0.063000
3 0.866000 0.143000 0.034000 0.057000
3 0.746667 0.021875 0.043333 0.043250
3 0.921667 0.063000 0.048000 0.091000
3 0.978500 0.196125 0.043000 0.065250
3 0.895917 0.340625 0.033833 0.053750
3 0.913333 0.380000 0.066000 0.037000
3 0.626667 0.295000 0.027333 0.041000
3 0.664000 0.281000 0.031333 0.063000
3 0.616667 0.313000 0.030000 0.045000
3 0.507667 0.029000 0.033333 0.051000
3 0.475333 0.031500 0.027333 0.050000
3 0.628333 0.073500 0.034667 0.098000
3 0.020667 0.939500 0.034000 0.038000
3 0.985333 0.268000 0.028667 0.043000
3 0.021667 0.117500 0.042667 0.048000
3 0.700833 0.268750 0.033333 0.052000
