3 0.0463333 0.483875 0.028 0.03825
3 0.869083 0.884625 0.0201667 0.04775
3 0.333417 0.01425 0.0305 0.0285
3 0.111083 0.643625 0.0485 0.03125
3 0.2145 0.315375 0.0343333 0.03925
3 0.51125 0.730125 0.0348333 0.04925
3 0.557917 0.296375 0.0288333 0.04375
3 0.335 0.39675 0.0356667 0.0375
3 0.501833 0.693 0.0296667 0.0425
3 0.66725 0.9625 0.0235 0.03
3 0.181333 0.082 0.0346667 0.046
3 0.396583 0.075875 0.0268333 0.05075
3 0.883083 0.694125 0.0398333 0.03625
3 0.23975 0.683875 0.0331667 0.02975
3 0.468583 0.329125 0.0391667 0.04125
3 0.38275 0.391125 0.0368333 0.04925
3 0.6705 0.4975 0.0343333 0.091
3 0.828833 0.575625 0.036 0.04075
3 0.82025 0.583625 0.0361667 0.04625
3 0.333833 0.35875 0.029 0.042
3 0.701417 0.58575 0.0265 0.0345
3 0.577083 0.34325 0.0378333 0.0415
3 0.614083 0.729625 0.0291667 0.05625
3 0.782 0.3385 0.0416667 0.046
3 0.047 0.444 0.043 0.034
3 0.1995 0.445375 0.044 0.05975
3 0.0593333 0.49425 0.0353333 0.042
3 0.517333 0.65925 0.0353333 0.036
3 0.850417 0.343125 0.0481667 0.02975
3 0.536833 0.0455 0.0306667 0.035
3 0.710167 0.687125 0.0273333 0.05075
3 0.0734167 0.43 0.0345 0.0425
3 0.123333 0.42725 0.053 0.046
3 0.634333 0.0155 0.045 0.031
3 0.594583 0.359125 0.0318333 0.04475
3 0.735417 0.9825 0.0225 0.0295
3 0.183583 0.289375 0.0408333 0.04425
3 0.591083 0.421875 0.0365 0.03575
3 0.440917 0.6945 0.0285 0.0355
3 0.2325 0.37025 0.034 0.0425
3 0.748 0.487125 0.0383333 0.05175
3 0.873 0.604375 0.0336667 0.04525
3 0.965083 0.6805 0.0388333 0.0315
3 0.0255833 0.772125 0.0321667 0.05175
3 0.273083 0.697125 0.0348333 0.04375
3 0.593417 0.64275 0.0265 0.0425
3 0.143667 0.117625 0.058 0.03475
3 0.0755 0.359 0.056 0.0375
3 0.639833 0.348875 0.0396667 0.04075
3 0.74225 0.2475 0.0311667 0.0455
3 0.468833 0.738625 0.0426667 0.03975
3 0.76775 0.76725 0.0261667 0.0385
3 0.924833 0.915875 0.0236667 0.03825
3 0.744083 0.473125 0.0385 0.05225
3 0.035 0.067625 0.0483333 0.04925
3 0.80525 0.65625 0.0298333 0.0335
3 0.103917 0.661875 0.0645 0.04875
3 0.801083 0.44275 0.0295 0.039
3 0.440417 0.401875 0.0278333 0.03475
3 0.116917 0.729875 0.0608333 0.04025
3 0.9855 0.22125 0.029 0.051
3 0.408667 0.870625 0.032 0.05925
3 0.72225 0.93275 0.0345 0.0415
3 0.905833 0.5755 0.0326667 0.037
3 0.89325 0.39 0.0295 0.045
3 0.497583 0.386125 0.0301667 0.04175
3 0.0143333 0.584375 0.0283333 0.03025
3 0.865333 0.970625 0.0306667 0.05525
3 0.146417 0.696125 0.0521667 0.03175
3 0.67425 0.615125 0.0351667 0.03925
3 0.615667 0.44975 0.0303333 0.0675
3 0.12725 0.47975 0.0651667 0.0425
3 0.93325 0.310375 0.0368333 0.04725
3 0.77775 0.293125 0.0361667 0.09325
3 0.74425 0.306 0.0445 0.05
3 0.68375 0.775375 0.0221667 0.08175
3 0.77775 0.01925 0.0431667 0.0295
3 0.975917 0.339625 0.0291667 0.04875
3 0.816833 0.37475 0.0816667 0.0435
3 0.842833 0.661875 0.03 0.06275
3 0.312417 0.845375 0.0465 0.05425
3 0.0558333 0.88825 0.0456667 0.091
3 0.532833 0.766 0.0296667 0.0565
3 0.968167 0.6425 0.0403333 0.05
3 0.355333 0.77825 0.0446667 0.0975
3 0.225083 0.4835 0.0431667 0.0575
3 0.597583 0.2985 0.0511667 0.0435
3 0.3355 0.31 0.0423333 0.0435
3 0.292667 0.80225 0.037 0.0675
3 0.692917 0.268875 0.0425 0.05275
3 0.550583 0.696625 0.0491667 0.06325
3 0.42725 0.802375 0.0375 0.05525
3 0.718333 0.76825 0.0416667 0.0635
3 0.195583 0.552 0.0311667 0.0705
3 0.832333 0.166125 0.034 0.06125
3 0.0253333 0.375375 0.0503333 0.05525
3 0.61275 0.2345 0.0621667 0.055
3 0.399167 0.31625 0.074 0.056
3 0.263333 0.06475 0.0556667 0.054
3 0.03475 0.634 0.0641667 0.051
3 0.08525 0.274875 0.0551667 0.06775
3 0.59575 0.860125 0.0371667 0.10325
3 0.657333 0.161625 0.055 0.10075
