3 0.07925 0.647375 0.0328333 0.04425
3 0.887917 0.60425 0.0368333 0.0585
3 0.157167 0.716375 0.0523333 0.03275
3 0.818333 0.91625 0.025 0.0375
3 0.786917 0.362875 0.0348333 0.06925
3 0.0724167 0.66775 0.0318333 0.041
3 0.00916667 0.214875 0.018 0.04025
3 0.071 0.738625 0.056 0.04225
3 0.529583 0.011875 0.0485 0.02375
3 0.846333 0.20425 0.0543333 0.0345
3 0.121 0.323 0.0546667 0.0335
3 0.467667 0.935875 0.0333333 0.03725
3 0.84775 0.904375 0.0371667 0.03625
3 0.579417 0.26525 0.0461667 0.043
3 0.2275 0.226 0.0653333 0.045
3 0.34525 0.80375 0.0451667 0.059
3 0.0853333 0.92075 0.0373333 0.047
3 0.9085 0.251625 0.0423333 0.03175
3 0.012 0.625125 0.0233333 0.06625
3 0.44575 0.961625 0.0298333 0.04175
3 0.370167 0.022875 0.024 0.04575
3 0.946417 0.2165 0.0571667 0.042
3 0.450583 0.61325 0.0345 0.041
3 0.0175833 0.115125 0.0351667 0.03075
3 0.0311667 0.33425 0.0353333 0.0385
3 0.108083 0.75125 0.0731667 0.039
3 0.8355 0.935875 0.0236667 0.04875
3 0.831167 0.235625 0.0603333 0.03875
3 0.74825 0.61775 0.0255 0.0535
3 0.178583 0.738875 0.0878333 0.03725
3 0.1215 0.4145 0.0356667 0.037
3 0.408667 0.761875 0.022 0.05675
3 0.835083 0.16725 0.0411667 0.0475
3 0.84075 0.843625 0.0325 0.04975
3 0.63025 0.03375 0.0291667 0.038
3 0.277833 0.476875 0.033 0.04725
3 0.922167 0.017125 0.03 0.03425
3 0.637333 0.850375 0.0266667 0.06275
3 0.57025 0.8705 0.0438333 0.067
3 0.250917 0.87825 0.0308333 0.039
3 0.987167 0.207 0.0253333 0.041
3 0.733 0.582375 0.0433333 0.03625
3 0.4425 0.917375 0.033 0.03975
3 0.0165 0.846375 0.0323333 0.03875
3 0.717333 0.122 0.032 0.054
3 0.63575 0.92375 0.0435 0.0325
3 0.937667 0.6665 0.0603333 0.0515
3 0.02675 0.269875 0.0291667 0.08425
3 0.371667 0.808125 0.0376667 0.06125
3 0.617583 0.595375 0.0488333 0.03675
3 0.320083 0.294125 0.0328333 0.05975
3 0.38475 0.32125 0.0325 0.053
3 0.311583 0.186375 0.0678333 0.04725
3 0.98475 0.026 0.0291667 0.052
3 0.955917 0.853625 0.0361667 0.04825
3 0.5975 0.968125 0.0226667 0.04225
3 0.651583 0.46875 0.0418333 0.0855
3 0.581917 0.378 0.0355 0.042
3 0.671833 0.010625 0.0396667 0.02125
3 0.249417 0.755125 0.0331667 0.04575
3 0.901417 0.818625 0.0628333 0.04275
3 0.224083 0.819375 0.0345 0.05125
3 0.230833 0.249 0.075 0.078
3 0.737667 0.953875 0.0276667 0.05525
3 0.511 0.5645 0.0313333 0.0405
3 0.68675 0.84375 0.0745 0.041
3 0.905417 0.727625 0.0548333 0.04725
3 0.529417 0.909375 0.0458333 0.05725
3 0.723667 0.7765 0.0473333 0.037
3 0.065 0.518875 0.0336667 0.05725
3 0.987 0.656625 0.025 0.06875
3 0.0785 0.276125 0.06 0.04175
3 0.512917 0.271 0.0278333 0.0725
3 0.53125 0.637 0.0421667 0.041
3 0.430833 0.273375 0.046 0.03925
3 0.828583 0.351 0.0428333 0.0685
3 0.0449167 0.022125 0.0398333 0.04425
3 0.35975 0.379 0.0391667 0.065
3 0.757 0.148 0.028 0.0735
3 0.0381667 0.444375 0.0466667 0.05325
3 0.89975 0.932375 0.0388333 0.04325
3 0.0809167 0.47275 0.0495 0.043
3 0.965083 0.341875 0.0325 0.09175
3 0.66525 0.134 0.0625 0.0405
3 0.619667 0.461125 0.0236667 0.09925
3 0.6705 0.08425 0.0433333 0.0655
3 0.550833 0.55125 0.0296667 0.088
3 0.83675 0.494625 0.0355 0.05975
3 0.779583 0.301375 0.0411667 0.06625
3 0.858667 0.062625 0.0433333 0.05175
3 0.318667 0.968375 0.041 0.06125
3 0.893333 0.052125 0.0283333 0.10375
3 0.681417 0.958 0.0565 0.0495
3 0.635917 0.52525 0.0375 0.061
3 0.0506667 0.935375 0.0766667 0.09675
3 0.565417 0.222125 0.0525 0.04775
3 0.29475 0.26825 0.0321667 0.068
3 0.694333 0.483625 0.03 0.08225
3 0.49375 0.647625 0.0295 0.05875
3 0.150667 0.603625 0.026 0.05775
3 0.2265 0.053125 0.0353333 0.05375
3 0.51675 0.38325 0.0445 0.0635
3 0.768417 0.460875 0.0618333 0.05375
3 0.154417 0.261375 0.0288333 0.08775
3 0.0158333 0.958 0.031 0.084
3 0.786333 0.034875 0.046 0.06475
3 0.148 0.463 0.0356667 0.071
3 0.233917 0.609375 0.0341667 0.06625
3 0.1315 0.853625 0.0783333 0.05075
3 0.526167 0.150375 0.033 0.12175
3 0.654667 0.70125 0.039 0.1295
3 0.579833 0.14925 0.0393333 0.0675
3 0.748083 0.712625 0.0685 0.08725
3 0.266083 0.567375 0.0655 0.08175
3 0.472417 0.169125 0.0418333 0.09625
3 0.23375 0.132 0.0348333 0.074
3 0.721667 0.230875 0.064 0.08675
3 0.40275 0.088125 0.0601667 0.06875
3 0.0909167 0.1795 0.0671667 0.1175
3 0.11525 0.095625 0.0665 0.07275
3 0.66175 0.206625 0.0631667 0.06875
