3 0.0348333 0.24775 0.0313333 0.033
3 0.0926667 0.979125 0.0296667 0.03775
3 0.526583 0.76425 0.0178333 0.061
3 0.399333 0.735375 0.0416667 0.03875
3 0.883333 0.305375 0.0576667 0.05275
3 0.7465 0.776125 0.0293333 0.04575
3 0.206 0.542625 0.035 0.04525
3 0.983417 0.782625 0.0275 0.04525
3 0.803333 0.7195 0.0403333 0.048
3 0.668 0.657625 0.028 0.03725
3 0.1865 0.97925 0.0406667 0.035
3 0.916083 0.19775 0.0331667 0.043
3 0.39325 0.5375 0.0315 0.0415
3 0.589083 0.67625 0.0325 0.047
3 0.899333 0.724875 0.056 0.04225
3 0.408667 0.8785 0.0293333 0.069
3 0.951833 0.01125 0.0336667 0.0225
3 0.173833 0.265 0.0323333 0.081
3 0.35925 0.388875 0.0311667 0.03575
3 0.8355 0.64725 0.0376667 0.0465
3 0.313417 0.804375 0.0328333 0.03525
3 0.223 0.30575 0.0423333 0.0345
3 0.631083 0.017625 0.0371667 0.03525
3 0.93075 0.561375 0.0365 0.03575
3 0.196417 0.146375 0.0398333 0.04325
3 0.938917 0.776375 0.0548333 0.05175
3 0.3525 0.52625 0.0526667 0.0495
3 0.831417 0.321125 0.0305 0.04025
3 0.0676667 0.921 0.0366667 0.0475
3 0.77575 0.206375 0.0508333 0.04825
3 0.133833 0.8335 0.0413333 0.0645
3 0.689 0.733625 0.064 0.03575
3 0.348667 0.97875 0.0276667 0.0405
3 0.43075 0.727625 0.0475 0.04425
3 0.768333 0.095375 0.0193333 0.06325
3 0.330333 0.664 0.033 0.0515
3 0.0625833 0.776375 0.0295 0.04125
3 0.55475 0.376375 0.0298333 0.04925
3 0.545083 0.263125 0.0271667 0.03875
3 0.412 0.18075 0.0433333 0.041
3 0.586083 0.395 0.0511667 0.0475
3 0.855333 0.192625 0.038 0.04525
3 0.86075 0.24 0.0475 0.048
3 0.569167 0.542375 0.0333333 0.07525
3 0.463833 0.74625 0.028 0.0725
3 0.39675 0.930375 0.0438333 0.08075
3 0.889667 0.680875 0.0266667 0.04425
3 0.0446667 0.6825 0.0396667 0.0465
3 0.175417 0.587875 0.0255 0.03875
3 0.656333 0.024625 0.0356667 0.04925
3 0.113167 0.899125 0.0453333 0.03775
3 0.909667 0.973625 0.043 0.04575
3 0.965833 0.61025 0.05 0.04
3 0.914917 0.656375 0.0281667 0.05475
3 0.390167 0.505375 0.051 0.04225
3 0.592333 0.267875 0.0266667 0.04625
3 0.025 0.93925 0.0486667 0.0575
3 0.41375 0.3315 0.0558333 0.045
3 0.68825 0.593875 0.0405 0.04375
3 0.252167 0.75 0.0263333 0.099
3 0.862917 0.072125 0.0315 0.09125
3 0.458833 0.06 0.0666667 0.0445
3 0.382833 0.879125 0.0396667 0.07225
3 0.179083 0.6515 0.0478333 0.038
3 0.574667 0.94625 0.0713333 0.0485
3 0.454583 0.31625 0.0525 0.0385
3 0.341583 0.154 0.0348333 0.05
3 0.5765 0.308 0.035 0.049
3 0.154917 0.427625 0.0281667 0.05725
3 0.721917 0.341375 0.0538333 0.04725
3 0.40625 0.383625 0.0441667 0.04375
3 0.369917 0.44275 0.0611667 0.0405
3 0.27175 0.141875 0.0591667 0.07075
3 0.672417 0.4585 0.0455 0.052
3 0.865833 0.410125 0.0373333 0.03425
3 0.908833 0.58925 0.0523333 0.0345
3 0.781167 0.313375 0.038 0.06375
3 0.655583 0.072875 0.0425 0.05875
3 0.691583 0.154 0.0381667 0.042
3 0.365833 0.287 0.046 0.053
3 0.80075 0.407125 0.0298333 0.07375
3 0.8995 0.874125 0.054 0.06825
3 0.23425 0.69775 0.0275 0.127
3 0.314833 0.93475 0.03 0.0705
3 0.03725 0.566875 0.0511667 0.04875
3 0.796833 0.769125 0.0516667 0.03725
3 0.4155 0.083 0.0476667 0.047
3 0.53775 0.022375 0.0251667 0.04475
3 0.282667 0.48475 0.0333333 0.0825
3 0.220833 0.413 0.074 0.079
3 0.378083 0.02875 0.0348333 0.0575
3 0.0139167 0.153 0.0278333 0.075
3 0.484417 0.955125 0.0685 0.05075
3 0.263667 0.392 0.058 0.0465
3 0.3965 0.659375 0.0463333 0.07225
3 0.607 0.15 0.0386667 0.0705
3 0.278917 0.703875 0.0335 0.09525
3 0.770583 0.837875 0.0315 0.05925
3 0.233417 0.092375 0.0531667 0.05125
3 0.280083 0.25025 0.0641667 0.0545
3 0.95175 0.060625 0.0348333 0.08775
3 0.7005 0.669625 0.04 0.05275
3 0.140833 0.313875 0.037 0.07575
3 0.576333 0.7875 0.057 0.0765
3 0.131583 0.144625 0.0305 0.12875
3 0.0479167 0.101875 0.0391667 0.08925
3 0.5395 0.663875 0.0846667 0.09025
