3 0.246333 0.36375 0.0306667 0.0455
3 0.786333 0.136375 0.0336667 0.05275
3 0.453833 0.861875 0.0373333 0.05275
3 0.380833 0.110125 0.0306667 0.04075
3 0.41925 0.024 0.0381667 0.043
3 0.8435 0.083375 0.0203333 0.05075
3 0.273917 0.79475 0.0385 0.065
3 0.69725 0.86675 0.0275 0.054
3 0.965167 0.012375 0.0253333 0.02475
3 0.833833 0.24525 0.025 0.0405
3 0.883583 0.845625 0.0245 0.07275
3 0.00641667 0.2225 0.0128333 0.0525
3 0.07025 0.60675 0.0315 0.048
3 0.335833 0.73475 0.0333333 0.05
3 0.239917 0.4485 0.0345 0.0395
3 0.423583 0.2545 0.0248333 0.0545
3 0.339333 0.976 0.0293333 0.043
3 0.704583 0.373875 0.0298333 0.04825
3 0.068 0.473875 0.0353333 0.03775
3 0.605667 0.73825 0.0223333 0.036
3 0.0885833 0.983125 0.0348333 0.02975
3 0.557667 0.278375 0.0403333 0.05025
3 0.787167 0.45025 0.029 0.043
3 0.016 0.696875 0.031 0.05125
3 0.0549167 0.979125 0.0301667 0.03725
3 0.0625833 0.5 0.0355 0.036
3 0.497083 0.936875 0.0268333 0.04325
3 0.6365 0.2015 0.0353333 0.043
3 0.333833 0.877 0.0283333 0.042
3 0.581833 0.63975 0.0376667 0.037
3 0.439 0.469625 0.0276667 0.04275
3 0.034 0.616125 0.0576667 0.04425
3 0.09375 0.5485 0.0355 0.0445
3 0.645417 0.675 0.0331667 0.04
3 0.44825 0.272375 0.0295 0.07075
3 0.657667 0.87575 0.032 0.0385
3 0.92975 0.577875 0.0298333 0.04875
3 0.535833 0.9185 0.0276667 0.0395
3 0.1955 0.484125 0.0363333 0.04175
3 0.681833 0.721125 0.0283333 0.03275
3 0.871 0.2215 0.0336667 0.0705
3 0.43475 0.65825 0.0348333 0.052
3 0.366833 0.188625 0.0333333 0.04875
3 0.840083 0.7695 0.0305 0.044
3 0.411333 0.47075 0.0336667 0.041
3 0.671917 0.297125 0.0375 0.07175
3 0.37825 0.846 0.0285 0.0665
3 0.892583 0.972875 0.0448333 0.04425
3 0.599167 0.461125 0.0373333 0.05625
3 0.0568333 0.4175 0.029 0.0485
3 0.427583 0.796625 0.0311667 0.05525
3 0.853083 0.28225 0.0525 0.068
3 0.577667 0.41725 0.0336667 0.0375
3 0.0709167 0.170375 0.0295 0.04375
3 0.910833 0.7935 0.0403333 0.052
3 0.0671667 0.82475 0.0536667 0.047
3 0.832417 0.19 0.0281667 0.0595
3 0.014 0.02275 0.028 0.0455
3 0.415167 0.94275 0.0413333 0.0405
3 0.180417 0.625875 0.0358333 0.04725
3 0.977583 0.89975 0.0371667 0.0615
3 0.983917 0.11125 0.0308333 0.0465
3 0.669167 0.024125 0.0296667 0.04025
3 0.942417 0.6725 0.0348333 0.039
3 0.237833 0.566875 0.0373333 0.04125
3 0.310917 0.707875 0.0341667 0.05975
3 0.183833 0.11675 0.0356667 0.0435
3 0.470667 0.2935 0.0293333 0.068
3 0.57875 0.12225 0.0315 0.0485
3 0.531417 0.317625 0.0335 0.04125
3 0.22775 0.344375 0.0511667 0.05725
3 0.183417 0.72175 0.0398333 0.0415
3 0.635 0.055875 0.03 0.07275
3 0.547917 0.012 0.0365 0.024
3 0.453583 0.726875 0.0431667 0.04575
3 0.029 0.09175 0.0463333 0.041
3 0.816167 0.358125 0.0466667 0.04675
3 0.132583 0.30925 0.0391667 0.046
3 0.280667 0.59275 0.0346667 0.0655
3 0.404083 0.11675 0.0358333 0.058
3 0.847167 0.477 0.0323333 0.048
3 0.632833 0.348125 0.0426667 0.05525
3 0.199333 0.246 0.0413333 0.061
3 0.942333 0.27525 0.041 0.043
3 0.101583 0.451 0.0398333 0.037
3 0.7415 0.440125 0.032 0.05225
3 0.153667 0.06025 0.027 0.0615
3 0.0128333 0.469125 0.0256667 0.04275
3 0.66375 0.975875 0.0468333 0.04825
3 0.40375 0.66275 0.0351667 0.054
3 0.850333 0.652625 0.037 0.04675
3 0.708333 0.57175 0.0356667 0.0495
3 0.307667 0.36825 0.0443333 0.054
3 0.243667 0.182375 0.033 0.05625
3 0.10625 0.212875 0.0375 0.05575
3 0.111167 0.38525 0.036 0.0535
3 0.390417 0.413625 0.0381667 0.04225
3 0.2515 0.278875 0.0473333 0.05375
3 0.923083 0.7485 0.0428333 0.054
3 0.288 0.49225 0.0466667 0.046
3 0.79575 0.510125 0.0368333 0.05125
3 0.0323333 0.156625 0.0473333 0.04175
3 0.906667 0.391875 0.0383333 0.04925
3 0.468167 0.906125 0.0413333 0.06475
3 0.982167 0.274125 0.0343333 0.06475
3 0.647417 0.42 0.0375 0.071
3 0.231583 0.050625 0.0368333 0.06325
3 0.646 0.261 0.0333333 0.0805
3 0.50925 0.543125 0.0345 0.06675
3 0.787667 0.964125 0.047 0.05175
3 0.97975 0.618625 0.0315 0.08525
3 0.752333 0.328125 0.037 0.07325
