3 0.498333 0.271500 0.061333 0.048000
3 0.507333 0.181500 0.032667 0.060000
3 0.503333 0.152000 0.023333 0.043000
3 0.524000 0.076000 0.034000 0.045000
3 0.551667 0.194750 0.029333 0.053000
3 0.612667 0.280000 0.022000 0.035000
3 0.594000 0.358000 0.051333 0.059000
3 0.591333 0.407000 0.032667 0.051000
3 0.610333 0.449000 0.040000 0.053000
3 0.692000 0.409500 0.046000 0.042000
3 0.691333 0.369000 0.035333 0.045000
3 0.754000 0.292500 0.040667 0.048000
3 0.710000 0.264000 0.032667 0.049000
3 0.799333 0.272000 0.044667 0.063000
3 0.854333 0.319500 0.058667 0.050000
3 0.946000 0.301500 0.054000 0.050000
3 0.935000 0.221000 0.060000 0.047000
3 0.941667 0.114000 0.046667 0.039000
3 0.920000 0.090000 0.032667 0.041000
3 0.956000 0.027000 0.076667 0.049000
3 0.881167 0.020875 0.047667 0.041250
3 0.841667 0.130500 0.040000 0.050000
3 0.762667 0.079500 0.046000 0.048000
3 0.690667 0.078000 0.030000 0.037000
3 0.668333 0.037500 0.040000 0.040000
3 0.613000 0.097500 0.050667 0.056000
3 0.623667 0.029000 0.046667 0.049000
3 0.468333 0.058000 0.033333 0.049000
3 0.769667 0.505000 0.036000 0.043000
3 0.864667 0.369000 0.043333 0.057000
3 0.916667 0.352000 0.042000 0.039000
3 0.940000 0.414000 0.035333 0.049000
3 0.962000 0.491000 0.060667 0.079000
3 0.968000 0.577000 0.030000 0.041000
3 0.906333 0.612500 0.050667 0.046000
3 0.903000 0.667000 0.036000 0.057000
3 0.951333 0.692000 0.040667 0.039000
3 0.954667 0.772500 0.056667 0.048000
3 0.907667 0.754000 0.036000 0.047000
3 0.822333 0.717000 0.041333 0.075000
3 0.699667 0.658500 0.036000 0.042000
3 0.670667 0.612000 0.038000 0.055000
3 0.702333 0.586500 0.034667 0.040000
3 0.746667 0.586500 0.051333 0.052000
3 0.654000 0.546500 0.051333 0.050000
3 0.557000 0.559500 0.029333 0.046000
3 0.473667 0.561500 0.033333 0.040000
3 0.424333 0.540500 0.041333 0.056000
3 0.370333 0.435000 0.034667 0.061000
3 0.360667 0.308500 0.027333 0.036000
3 0.282000 0.268500 0.031333 0.048000
3 0.218000 0.224000 0.027333 0.045000
3 0.254333 0.179500 0.037333 0.068000
3 0.203000 0.115000 0.029333 0.059000
3 0.122333 0.081000 0.028000 0.037000
3 0.089667 0.045000 0.026667 0.045000
3 0.061000 0.076000 0.025333 0.059000
3 0.116667 0.364500 0.044667 0.052000
3 0.242333 0.399500 0.045333 0.046000
3 0.116000 0.464000 0.032667 0.061000
3 0.063667 0.451500 0.042667 0.058000
3 0.023000 0.495000 0.033333 0.055000
3 0.068667 0.543500 0.040667 0.066000
3 0.093667 0.613500 0.033333 0.076000
3 0.132333 0.639500 0.030667 0.044000
3 0.219333 0.620500 0.034000 0.046000
3 0.349333 0.606000 0.059333 0.063000
3 0.437000 0.630000 0.040000 0.055000
3 0.396333 0.651000 0.026667 0.043000
3 0.460667 0.606000 0.028667 0.037000
3 0.500000 0.609000 0.039333 0.051000
3 0.544333 0.729000 0.040000 0.047000
3 0.522667 0.762500 0.031333 0.056000
3 0.518667 0.820000 0.051333 0.069000
3 0.601000 0.783500 0.038667 0.050000
3 0.577000 0.731000 0.038667 0.051000
3 0.660667 0.767000 0.043333 0.077000
3 0.738667 0.783500 0.046000 0.058000
3 0.699000 0.845000 0.029333 0.055000
3 0.807000 0.935500 0.036000 0.056000
3 0.830000 0.916500 0.038000 0.054000
3 0.963333 0.909000 0.040667 0.051000
3 0.983000 0.979750 0.032000 0.040500
3 0.563000 0.865500 0.033333 0.056000
3 0.574000 0.960500 0.036667 0.052000
3 0.318333 0.911500 0.069333 0.066000
3 0.299667 0.792000 0.036000 0.053000
3 0.351000 0.708500 0.041333 0.058000
3 0.090333 0.757000 0.032000 0.043000
3 0.083000 0.881500 0.034667 0.106000
3 0.063000 0.959500 0.022667 0.040000
3 0.054667 0.863000 0.030000 0.051000
3 0.047333 0.779500 0.043333 0.034000
3 0.025250 0.703625 0.050167 0.053750
3 0.017250 0.633750 0.034167 0.061500
3 0.098000 0.158000 0.028667 0.045000
3 0.368333 0.067500 0.032000 0.048000
3 0.523667 0.349500 0.037333 0.078000
3 0.371333 0.384000 0.032667 0.043000
3 0.930667 0.535500 0.042000 0.046000
3 0.754000 0.704500 0.040667 0.046000
3 0.322417 0.984750 0.058833 0.030500
3 0.572667 0.291000 0.030000 0.051000
3 0.731333 0.169625 0.033333 0.043750
3 0.208000 0.675000 0.031333 0.043000
3 0.167333 0.660500 0.028667 0.048000
3 0.249667 0.497500 0.032000 0.040000
3 0.208000 0.546500 0.035333 0.046000
3 0.857000 0.102000 0.026667 0.041000
3 0.124250 0.020875 0.029500 0.041250
3 0.918333 0.941000 0.036000 0.057000
3 0.944667 0.731000 0.036667 0.039000
3 0.988500 0.599000 0.023000 0.057000
3 0.293333 0.117250 0.036667 0.029000
3 0.493417 0.924750 0.020833 0.030000
3 0.308750 0.338875 0.016500 0.076250
3 0.309250 0.692625 0.032167 0.034250
3 0.842667 0.360625 0.029667 0.050750
3 0.237917 0.555375 0.015833 0.043750
3 0.147667 0.817250 0.019333 0.050000
3 0.618667 0.619875 0.027333 0.017750
3 0.952167 0.599750 0.029000 0.027000
