3 0.714583 0.989 0.0371667 0.02
3 0.226083 0.929125 0.0501667 0.04175
3 0.9225 0.012125 0.0296667 0.02425
3 0.121417 0.840625 0.0391667 0.04575
3 0.0095 0.066125 0.019 0.07375
3 0.155917 0.56375 0.0325 0.0415
3 0.56375 0.514875 0.0481667 0.05075
3 0.892167 0.473875 0.0293333 0.07225
3 0.786 0.367375 0.0326667 0.04625
3 0.873167 0.01425 0.0416667 0.0285
3 0.980917 0.980875 0.0315 0.03825
3 0.792 0.8455 0.0343333 0.0495
3 0.96325 0.686625 0.0428333 0.03625
3 0.00875 0.47075 0.0175 0.043
3 0.87075 0.484375 0.0338333 0.05125
3 0.379333 0.608625 0.0316667 0.04675
3 0.68 0.800875 0.0306667 0.06125
3 0.95825 0.4815 0.0495 0.0565
3 0.83525 0.450125 0.0448333 0.05475
3 0.186917 0.50025 0.0318333 0.0475
3 0.299167 0.9305 0.033 0.0495
3 0.942583 0.9065 0.0351667 0.061
3 0.922333 0.668125 0.0316667 0.04425
3 0.428417 0.93625 0.0395 0.053
3 0.32225 0.583 0.0391667 0.035
3 0.2365 0.412375 0.0256667 0.03525
3 0.0175833 0.017625 0.0351667 0.03525
3 0.410917 0.01425 0.0418333 0.0285
3 0.809167 0.58775 0.0446667 0.047
3 0.887083 0.235875 0.0415 0.04875
3 0.773917 0.4175 0.0438333 0.0545
3 0.41625 0.278 0.0458333 0.062
3 0.662167 0.248 0.0466667 0.0585
3 0.0733333 0.93125 0.047 0.0385
3 0.0765 0.763375 0.0386667 0.05325
3 0.20775 0.117875 0.0418333 0.04225
3 0.379917 0.85975 0.0368333 0.0515
3 0.07025 0.573875 0.0521667 0.05875
3 0.799167 0.9255 0.035 0.051
3 0.702083 0.685875 0.0345 0.04925
3 0.9355 0.39475 0.06 0.0685
3 0.0336667 0.110125 0.0636667 0.04325
3 0.14075 0.729 0.0498333 0.054
3 0.926333 0.981375 0.0326667 0.03725
3 0.0181667 0.929625 0.0363333 0.05475
3 0.21525 0.961375 0.0438333 0.06175
3 0.644083 0.65325 0.0408333 0.04
3 0.59375 0.781875 0.0355 0.05325
3 0.32325 0.539375 0.0305 0.04725
3 0.350167 0.366625 0.0466667 0.05275
3 0.39575 0.974375 0.0411667 0.03875
3 0.25225 0.6015 0.0381667 0.0445
3 0.37925 0.697625 0.0308333 0.04825
3 0.802167 0.685 0.048 0.0535
3 0.401083 0.653875 0.0381667 0.05625
3 0.592333 0.62075 0.035 0.0525
3 0.965083 0.102625 0.0321667 0.06525
3 0.640917 0.42975 0.0351667 0.061
3 0.53525 0.03325 0.0398333 0.0525
3 0.6935 0.893125 0.0523333 0.05025
3 0.655167 0.926125 0.036 0.04975
3 0.222167 0.64175 0.0366667 0.0615
3 0.509583 0.269625 0.0551667 0.06225
3 0.437667 0.748625 0.036 0.05625
3 0.13875 0.520375 0.0401667 0.05525
3 0.733917 0.505875 0.0428333 0.06775
3 0.849167 0.391625 0.0593333 0.07325
3 0.511083 0.899625 0.0498333 0.04475
3 0.8405 0.080125 0.041 0.08175
3 0.603167 0.364 0.05 0.0515
3 0.694333 0.494375 0.0396667 0.05575
3 0.887917 0.554875 0.0635 0.04925
3 0.768667 0.034625 0.0463333 0.05925
3 0.125917 0.25025 0.0375 0.055
3 0.23025 0.783125 0.0395 0.05375
3 0.500167 0.47025 0.0463333 0.0865
3 0.209 0.05525 0.035 0.0815
3 0.166083 0.75575 0.0511667 0.063
3 0.184167 0.853625 0.0426667 0.05425
3 0.06725 0.492625 0.0511667 0.04425
3 0.6145 0.142625 0.037 0.05575
3 0.745417 0.317 0.0675 0.0465
3 0.694 0.32025 0.036 0.055
3 0.978917 0.2995 0.0365 0.057
3 0.100583 0.18425 0.0455 0.056
3 0.101083 0.10125 0.0411667 0.062
3 0.506583 0.137125 0.0418333 0.05325
3 0.888667 0.8345 0.0513333 0.0765
3 0.18025 0.29 0.0365 0.139
