3 0.65 0.299 0.035 0.0375
3 0.71 0.722125 0.026 0.04525
3 0.06425 0.891875 0.0361667 0.05325
3 0.96 0.4515 0.0353333 0.0345
3 0.7765 0.318 0.033 0.0465
3 0.663583 0.492 0.0275 0.033
3 0.77025 0.4725 0.0275 0.0435
3 0.372333 0.179 0.0363333 0.051
3 0.746167 0.544375 0.04 0.06475
3 0.7275 0.949 0.0336667 0.0375
3 0.697083 0.694875 0.0291667 0.04175
3 0.44525 0.076 0.0331667 0.0505
3 0.0136667 0.77925 0.0273333 0.043
3 0.136417 0.7585 0.0285 0.035
3 0.768333 0.51275 0.036 0.048
3 0.825667 0.934625 0.0243333 0.05275
3 0.43925 0.037625 0.0348333 0.03825
3 0.454 0.97875 0.028 0.039
3 0.732333 0.3135 0.0306667 0.0475
3 0.597917 0.816875 0.0251667 0.02925
3 0.817917 0.013625 0.0368333 0.02725
3 0.0760833 0.81775 0.0335 0.0385
3 0.203833 0.503 0.029 0.0365
3 0.258333 0.133 0.0403333 0.0515
3 0.182667 0.523125 0.0303333 0.03875
3 0.6175 0.46375 0.0316667 0.0535
3 0.0590833 0.56525 0.0288333 0.05
3 0.802583 0.33025 0.0298333 0.0535
3 0.478917 0.596 0.0321667 0.0525
3 0.95075 0.260875 0.0328333 0.04425
3 0.0405833 0.976375 0.0335 0.04725
3 0.63775 0.145875 0.0328333 0.04525
3 0.93475 0.8055 0.0238333 0.037
3 0.10875 0.142625 0.0321667 0.04875
3 0.510667 0.929125 0.0446667 0.04725
3 0.95 0.15725 0.0333333 0.0385
3 0.962417 0.055125 0.0311667 0.04175
3 0.6575 0.532875 0.0353333 0.04775
3 0.947083 0.42025 0.0285 0.052
3 0.739833 0.765625 0.031 0.05925
3 0.781083 0.710125 0.0298333 0.03925
3 0.428083 0.571125 0.0275 0.04775
3 0.65825 0.412125 0.0315 0.04975
3 0.585583 0.5525 0.0365 0.045
3 0.430167 0.208625 0.0406667 0.05225
3 0.599667 0.870375 0.038 0.04075
3 0.67225 0.694125 0.0315 0.04375
3 0.501833 0.660625 0.0423333 0.06075
3 0.47875 0.193875 0.0365 0.04825
3 0.679583 0.858375 0.0288333 0.05825
3 0.782583 0.078625 0.0318333 0.05225
3 0.86125 0.766625 0.0361667 0.04225
3 0.682333 0.0265 0.031 0.053
3 0.97125 0.0165 0.0321667 0.033
3 0.329333 0.832 0.0436667 0.045
3 0.715083 0.542875 0.0335 0.05325
3 0.133167 0.216125 0.0513333 0.06375
3 0.785667 0.8535 0.0336667 0.0555
3 0.386833 0.842625 0.0283333 0.04975
3 0.16575 0.88975 0.0351667 0.0585
3 0.374167 0.440125 0.0343333 0.05175
3 0.0188333 0.106125 0.0316667 0.05325
3 0.675417 0.977625 0.0401667 0.04475
3 0.49525 0.778875 0.0505 0.04275
3 0.181583 0.155125 0.0398333 0.04475
3 0.5545 0.728875 0.0386667 0.05375
3 0.0319167 0.544 0.0448333 0.0415
3 0.584083 0.34925 0.0398333 0.046
3 0.374333 0.729125 0.0523333 0.06275
3 0.0966667 0.493375 0.0296667 0.03475
3 0.980083 0.411625 0.0398333 0.04125
3 0.63625 0.232625 0.0358333 0.05825
3 0.559917 0.277625 0.0421667 0.05375
3 0.206083 0.37875 0.0375 0.04
3 0.499917 0.484 0.0338333 0.0625
3 0.10775 0.428 0.0541667 0.045
3 0.34175 0.117125 0.0391667 0.05425
3 0.696083 0.276375 0.0548333 0.09175
3 0.879 0.343875 0.0383333 0.05475
3 0.919083 0.6415 0.0381667 0.056
3 0.568083 0.46725 0.0458333 0.061
3 0.0239167 0.033 0.0381667 0.066
3 0.344417 0.191875 0.0561667 0.06425
3 0.338833 0.495125 0.0536667 0.06425
3 0.169667 0.05525 0.0603333 0.0555
3 0.422833 0.8215 0.0343333 0.057
3 0.3985 0.639875 0.041 0.05425
3 0.584417 0.216875 0.0401667 0.06275
3 0.716 0.478625 0.0433333 0.05875
3 0.208167 0.950125 0.0433333 0.08575
3 0.0744167 0.63275 0.0488333 0.0675
3 0.41575 0.263375 0.0575 0.08225
3 0.883917 0.194 0.0478333 0.078
