3 0.854667 0.859875 0.0243333 0.03375
3 0.52775 0.260875 0.0241667 0.03375
3 0.505 0.586625 0.0173333 0.03025
3 0.552333 0.865875 0.0306667 0.03925
3 0.184583 0.95075 0.0285 0.043
3 0.5915 0.3335 0.0276667 0.043
3 0.372333 0.9535 0.0226667 0.032
3 0.0141667 0.00975 0.0236667 0.0195
3 0.4775 0.60325 0.022 0.034
3 0.899167 0.01225 0.031 0.0245
3 0.306167 0.933375 0.0236667 0.03625
3 0.316083 0.89175 0.0248333 0.033
3 0.911833 0.94225 0.03 0.0555
3 0.639083 0.632875 0.0298333 0.07725
3 0.61575 0.13025 0.0258333 0.036
3 0.888917 0.3575 0.0321667 0.0515
3 0.125833 0.50575 0.0256667 0.032
3 0.274083 0.016875 0.0201667 0.03375
3 0.60125 0.522625 0.0178333 0.03075
3 0.99025 0.97425 0.0195 0.044
3 0.335167 0.87225 0.022 0.0635
3 0.0215833 0.079 0.0281667 0.035
3 0.440667 0.0575 0.0213333 0.029
3 0.895333 0.564375 0.0606667 0.02425
3 0.115583 0.559125 0.0521667 0.04225
3 0.824167 0.545625 0.0283333 0.04525
3 0.2455 0.015125 0.0243333 0.02725
3 0.845083 0.975 0.0278333 0.05
3 0.127917 0.663125 0.0531667 0.05325
3 0.279417 0.960375 0.0435 0.06725
3 0.045 0.229375 0.0366667 0.03575
3 0.951667 0.242125 0.0493333 0.02925
3 0.35725 0.291125 0.0328333 0.03625
3 0.527667 0.923 0.0273333 0.047
3 0.898083 0.399125 0.0291667 0.04225
3 0.583583 0.366625 0.0301667 0.03775
3 0.608167 0.561875 0.0256667 0.03925
3 0.03675 0.167 0.0285 0.039
3 0.61225 0.246125 0.0318333 0.03825
3 0.732917 0.008 0.0628333 0.016
3 0.98625 0.214375 0.0268333 0.03675
3 0.569417 0.88725 0.0315 0.053
3 0.249167 0.1785 0.041 0.044
3 0.514917 0.3085 0.0318333 0.0305
3 0.939167 0.91325 0.0533333 0.0435
3 0.622 0.166375 0.0356667 0.04875
3 0.980667 0.7115 0.032 0.0905
3 0.205667 0.562125 0.0316667 0.03775
3 0.769 0.908125 0.033 0.03025
3 0.334 0.596125 0.0343333 0.03325
3 0.497667 0.25975 0.0423333 0.035
3 0.939917 0.950125 0.0375 0.04125
3 0.064 0.203375 0.0416667 0.03325
3 0.967917 0.191875 0.0398333 0.04225
3 0.977417 0.298625 0.0275 0.04075
3 0.85425 0.3285 0.0271667 0.0405
3 0.876833 0.512125 0.0403333 0.02825
3 0.432583 0.612875 0.0291667 0.05625
3 0.180083 0.911875 0.0298333 0.04725
3 0.903917 0.803375 0.0301667 0.03275
3 0.645167 0.37 0.0273333 0.043
3 0.771667 0.51975 0.0403333 0.034
3 0.9595 0.797375 0.0326667 0.02875
3 0.8835 0.636375 0.0303333 0.03175
3 0.121417 0.171875 0.0408333 0.03875
3 0.0858333 0.31325 0.0473333 0.032
3 0.0353333 0.891375 0.0666667 0.04425
3 0.583 0.294375 0.0386667 0.05925
3 0.233667 0.256875 0.0286667 0.03475
3 0.502083 0.233125 0.0315 0.03625
3 0.6795 0.684875 0.0243333 0.04825
3 0.353833 0.90125 0.0286667 0.0365
3 0.141833 0.308875 0.0353333 0.03125
3 0.0890833 0.599 0.0408333 0.0455
3 0.613 0.6105 0.0323333 0.0535
3 0.325917 0.68925 0.0431667 0.0495
3 0.409833 0.872625 0.028 0.03575
3 0.455 0.875625 0.0373333 0.03825
3 0.2235 0.983625 0.0253333 0.03275
3 0.887833 0.766 0.0466667 0.045
3 0.85475 0.905875 0.0395 0.04825
3 0.980333 0.923125 0.0366667 0.03275
3 0.167333 0.69225 0.0453333 0.037
3 0.239667 0.857375 0.0363333 0.04175
3 0.9745 0.842875 0.033 0.03525
3 0.680167 0.12975 0.035 0.0555
3 0.371333 0.556875 0.0306667 0.02875
3 0.53875 0.524625 0.0208333 0.03975
3 0.2805 0.67675 0.029 0.0405
3 0.592583 0.168125 0.0261667 0.03775
3 0.712167 0.0995 0.0223333 0.037
3 0.321 0.56625 0.0346667 0.0375
3 0.952 0.60375 0.0626667 0.0365
3 0.304 0.204625 0.0236667 0.04125
3 0.2205 0.528375 0.0456667 0.02675
3 0.629333 0.679125 0.029 0.04175
3 0.555833 0.01125 0.0326667 0.0225
3 0.767 0.234875 0.025 0.04475
3 0.065 0.167625 0.0596667 0.03825
3 0.345083 0.51925 0.0255 0.0465
3 0.5555 0.36775 0.029 0.0325
3 0.503917 0.887625 0.0335 0.04925
3 0.0800833 0.236375 0.0315 0.04525
3 0.267667 0.305 0.0326667 0.049
3 0.548333 0.691375 0.032 0.04275
3 0.505333 0.725375 0.0253333 0.05275
3 0.27275 0.878125 0.0278333 0.04925
3 0.480833 0.81525 0.0476667 0.038
3 0.831333 0.02 0.0236667 0.038
3 0.200917 0.982 0.0351667 0.0335
3 0.731417 0.158875 0.0328333 0.06825
3 0.0145833 0.851 0.0291667 0.028
3 0.444417 0.67875 0.0255 0.0465
3 0.709833 0.694125 0.0253333 0.05625
3 0.508417 0.64475 0.0305 0.037
3 0.69975 0.323875 0.0291667 0.05675
3 0.914083 0.75175 0.0381667 0.049
3 0.218583 0.192875 0.0508333 0.04425
3 0.17625 0.36475 0.0435 0.0425
3 0.493667 0.072375 0.0353333 0.04875
3 0.787 0.16625 0.0416667 0.04
3 0.352417 0.7955 0.0301667 0.0515
3 0.0924167 0.986875 0.0335 0.02525
3 0.396167 0.843625 0.0303333 0.03575
3 0.0289167 0.339625 0.0568333 0.04075
3 0.313167 0.8485 0.0353333 0.058
3 0.0786667 0.35475 0.0486667 0.039
3 0.01325 0.683125 0.0255 0.04925
3 0.10075 0.878375 0.0381667 0.03475
3 0.685167 0.165 0.0443333 0.0565
3 0.64875 0.9145 0.0285 0.068
3 0.65875 0.225 0.0395 0.043
3 0.554833 0.472375 0.032 0.04125
3 0.191917 0.64375 0.0481667 0.0495
3 0.298 0.747625 0.0263333 0.05525
3 0.14825 0.089875 0.0388333 0.04525
3 0.529333 0.026375 0.0246667 0.05275
3 0.023 0.812625 0.0446667 0.02675
3 0.282917 0.369875 0.0471667 0.05075
3 0.52625 0.578875 0.0301667 0.05725
3 0.980917 0.0615 0.0245 0.066
3 0.956333 0.09975 0.0323333 0.0645
3 0.389333 0.926875 0.04 0.03525
3 0.948583 0.45875 0.0378333 0.036
3 0.390583 0.125375 0.0438333 0.05075
3 0.396667 0.679125 0.044 0.05825
3 0.368833 0.043375 0.0283333 0.06625
3 0.311083 0.095375 0.0548333 0.06625
3 0.91675 0.1015 0.0461667 0.0655
3 0.327167 0.15325 0.0573333 0.071
