3 0.792 0.90175 0.0383333 0.101
3 0.509 0.6385 0.0316667 0.031
3 0.823083 0.702375 0.0368333 0.04725
3 0.665333 0.509375 0.046 0.04725
3 0.868667 0.166625 0.045 0.04325
3 0.3375 0.19375 0.027 0.058
3 0.643833 0.54275 0.042 0.038
3 0.97325 0.6485 0.0401667 0.0475
3 0.312833 0.6565 0.045 0.037
3 0.918917 0.53325 0.0325 0.041
3 0.29625 0.185125 0.0228333 0.04075
3 0.207417 0.132625 0.0225 0.08475
3 0.798333 0.888375 0.0243333 0.06675
3 0.811167 0.66775 0.0316667 0.043
3 0.776667 0.886625 0.0263333 0.05975
3 0.639 0.4825 0.0266667 0.0505
3 0.0123333 0.726375 0.0243333 0.04025
3 0.66525 0.149375 0.0268333 0.04825
3 0.536917 0.012375 0.0225 0.02475
3 0.0888333 0.426375 0.0356667 0.04175
3 0.271167 0.979125 0.027 0.03625
3 0.0125833 0.69925 0.0211667 0.068
3 0.974333 0.95275 0.047 0.0335
3 0.20975 0.419 0.0345 0.0385
3 0.98425 0.84125 0.0315 0.0435
3 0.151417 0.895 0.0261667 0.0395
3 0.795 0.985875 0.0416667 0.02825
3 0.1885 0.118875 0.031 0.03825
3 0.56 0.287375 0.027 0.04125
3 0.440167 0.975125 0.025 0.02825
3 0.880167 0.77225 0.0376667 0.0345
3 0.57025 0.53775 0.0458333 0.041
3 0.834583 0.54025 0.0445 0.044
3 0.181917 0.922125 0.0261667 0.03675
3 0.0394167 0.103 0.0381667 0.035
3 0.391583 0.017625 0.0285 0.03525
3 0.41875 0.309625 0.0218333 0.03075
3 0.361833 0.190125 0.024 0.07875
3 0.70325 0.980875 0.0275 0.03825
3 0.859667 0.570375 0.0266667 0.06375
3 0.984667 0.2355 0.028 0.0415
3 0.914417 0.372375 0.0278333 0.04325
3 0.376167 0.874125 0.027 0.08075
3 0.133417 0.111 0.0285 0.0355
3 0.0139167 0.971625 0.0278333 0.03175
3 0.140583 0.299 0.0258333 0.0475
3 0.201167 0.33425 0.0296667 0.036
3 0.768917 0.692125 0.0251667 0.04825
3 0.596667 0.437375 0.0266667 0.03525
3 0.602333 0.506625 0.0343333 0.03275
3 0.55425 0.978625 0.0321667 0.04275
3 0.557083 0.499875 0.0258333 0.06025
3 0.097 0.14375 0.028 0.043
3 0.765417 0.093875 0.0311667 0.04525
3 0.108583 0.949 0.0441667 0.0315
3 0.121667 0.888625 0.0323333 0.05225
3 0.4215 0.645125 0.0326667 0.03625
3 0.55675 0.720875 0.0275 0.04125
3 0.670667 0.862125 0.0376667 0.04125
3 0.318167 0.16925 0.031 0.0655
3 0.726083 0.055875 0.0335 0.04225
3 0.579333 0.687375 0.033 0.03625
3 0.480333 0.701875 0.038 0.05875
3 0.375083 0.6055 0.0371667 0.0325
3 0.32325 0.5695 0.0325 0.08
3 0.144917 0.1605 0.0395 0.0435
3 0.837583 0.127625 0.0311667 0.06775
3 0.477917 0.212 0.0285 0.115
3 0.203583 0.77125 0.0655 0.0365
3 0.73375 0.807625 0.0285 0.04475
3 0.7855 0.76025 0.0366667 0.048
3 0.0306667 0.012875 0.0323333 0.02575
3 0.507167 0.595875 0.029 0.04325
3 0.2065 0.091375 0.0193333 0.09325
3 0.431333 0.028625 0.068 0.04325
3 0.736333 0.142125 0.034 0.05625
3 0.371833 0.24225 0.032 0.0445
3 0.439167 0.363125 0.042 0.02925
3 0.830833 0.2075 0.058 0.035
3 0.744583 0.734125 0.0248333 0.04475
3 0.0205833 0.119375 0.0391667 0.03275
3 0.341583 0.926875 0.0341667 0.04075
3 0.377917 0.3715 0.0431667 0.059
3 0.193583 0.202625 0.0388333 0.05425
3 0.33025 0.254125 0.0271667 0.05325
3 0.0608333 0.22925 0.034 0.0555
3 0.413333 0.47075 0.0563333 0.031
3 0.0836667 0.697125 0.0493333 0.06875
3 0.492417 0.38275 0.0301667 0.0415
3 0.355417 0.5045 0.0251667 0.067
3 0.698333 0.62275 0.029 0.0475
3 0.480083 0.7655 0.0265 0.0445
3 0.660667 0.978625 0.0403333 0.04175
3 0.8965 0.598375 0.028 0.10825
3 0.393167 0.225 0.0216667 0.073
3 0.117833 0.2495 0.058 0.0485
3 0.539167 0.258375 0.0363333 0.06925
3 0.960917 0.736125 0.0511667 0.03825
3 0.454417 0.910375 0.0395 0.11725
3 0.717333 0.461875 0.0393333 0.04875
3 0.559083 0.6465 0.0401667 0.0485
3 0.372083 0.724375 0.0631667 0.04425
3 0.6185 0.680875 0.027 0.08275
3 0.548333 0.438875 0.045 0.05775
3 0.23125 0.840875 0.0238333 0.11475
3 0.489417 0.49625 0.0375 0.042
3 0.0295 0.38975 0.0316667 0.073
3 0.812417 0.40875 0.0785 0.0895
3 0.431083 0.2425 0.0298333 0.071
3 0.864 0.825375 0.0413333 0.06925
3 0.234583 0.111875 0.0241667 0.10875
3 0.24075 0.611375 0.0398333 0.05425
3 0.955417 0.4775 0.0641667 0.0795
3 0.73625 0.53675 0.0365 0.0575
3 0.7835 0.042625 0.0483333 0.06925
3 0.942333 0.11275 0.0283333 0.1325
3 0.0988333 0.493625 0.0566667 0.04925
3 0.97075 0.37475 0.0338333 0.1295
3 0.935333 0.958625 0.05 0.05475
3 0.555 0.8135 0.0346667 0.0605
3 0.169333 0.057 0.0316667 0.114
3 0.589917 0.32175 0.0578333 0.0715
3 0.0156667 0.216375 0.0313333 0.04825
3 0.0245 0.4785 0.04 0.08
3 0.0805833 0.574875 0.0685 0.07225
3 0.194333 0.53825 0.0336667 0.1005
3 0.606583 0.0565 0.0765 0.063
3 0.962667 0.57675 0.0396667 0.122
