3 0.640333 0.341500 0.044000 0.058000
3 0.711667 0.336500 0.057333 0.074000
3 0.697000 0.371500 0.048000 0.064000
3 0.704333 0.241000 0.052000 0.055000
3 0.654000 0.186000 0.038000 0.089000
3 0.612000 0.229000 0.044667 0.065000
3 0.523083 0.125500 0.049500 0.072000
3 0.514667 0.074750 0.054000 0.056500
3 0.358667 0.256500 0.046000 0.066000
3 0.315667 0.285500 0.042667 0.048000
3 0.385000 0.344500 0.060000 0.060000
3 0.388667 0.292500 0.035333 0.046000
3 0.454667 0.316500 0.044667 0.054000
3 0.501000 0.298000 0.033333 0.071000
3 0.483667 0.401500 0.040000 0.060000
3 0.386667 0.418500 0.048667 0.052000
3 0.435333 0.481000 0.039333 0.057000
3 0.466000 0.525000 0.040667 0.067000
3 0.538333 0.492000 0.053333 0.061000
3 0.548333 0.543000 0.033333 0.063000
3 0.371667 0.483500 0.048000 0.064000
3 0.324667 0.442000 0.048667 0.077000
3 0.224333 0.500500 0.048000 0.048000
3 0.155083 0.415500 0.021167 0.048000
3 0.057333 0.232500 0.050000 0.100000
3 0.031333 0.131000 0.043333 0.053000
3 0.010917 0.256750 0.021500 0.057500
3 0.092667 0.542000 0.039333 0.057000
3 0.169333 0.544000 0.052667 0.069000
3 0.082667 0.687000 0.044667 0.053000
3 0.028333 0.634500 0.036000 0.048000
3 0.022583 0.700375 0.044833 0.054250
3 0.277000 0.584000 0.050667 0.051000
3 0.283667 0.661000 0.048000 0.047000
3 0.330333 0.663000 0.044000 0.053000
3 0.362000 0.597000 0.032667 0.041000
3 0.367667 0.626500 0.028000 0.032000
3 0.402667 0.606000 0.038000 0.047000
3 0.502667 0.659500 0.040667 0.048000
3 0.528333 0.636000 0.048000 0.069000
3 0.355333 0.777500 0.051333 0.048000
3 0.357500 0.862000 0.052667 0.059500
3 0.413667 0.733500 0.044000 0.038000
3 0.421000 0.703000 0.042667 0.049000
3 0.491167 0.790000 0.055333 0.055000
3 0.436667 0.928000 0.046000 0.089000
3 0.236333 0.715000 0.038667 0.043000
3 0.236667 0.762000 0.035333 0.055000
3 0.191000 0.799500 0.037333 0.048000
3 0.171000 0.774500 0.041333 0.052000
3 0.296333 0.793000 0.042667 0.041000
3 0.245333 0.856500 0.031333 0.058000
3 0.297500 0.847750 0.038333 0.052500
3 0.142000 0.936000 0.056667 0.085000
3 0.098667 0.795500 0.035333 0.044000
3 0.106333 0.853500 0.030667 0.050000
3 0.037333 0.867000 0.034000 0.051000
3 0.240000 0.953000 0.034000 0.041000
3 0.235333 0.668000 0.034000 0.041000
3 0.179000 0.632500 0.034667 0.044000
3 0.573250 0.690000 0.035167 0.044500
3 0.614333 0.609750 0.047333 0.056000
3 0.688333 0.594000 0.034667 0.053000
3 0.743000 0.558500 0.037333 0.064000
3 0.605667 0.735500 0.038667 0.054000
3 0.642417 0.662000 0.050167 0.049000
3 0.763333 0.749500 0.067333 0.046000
3 0.670000 0.751000 0.034000 0.079000
3 0.887333 0.725000 0.027333 0.031000
3 0.904667 0.699500 0.074000 0.054000
3 0.875000 0.649500 0.040000 0.036000
3 0.950667 0.749000 0.035333 0.051000
3 0.807000 0.843000 0.050667 0.055000
3 0.679000 0.937500 0.045333 0.092000
3 0.618667 0.945000 0.068667 0.045000
3 0.613000 0.977000 0.057333 0.041000
3 0.559667 0.854500 0.058667 0.066000
3 0.525667 0.964500 0.040000 0.068000
3 0.827333 0.571500 0.044667 0.066000
3 0.824333 0.622500 0.034667 0.060000
3 0.870667 0.580000 0.040667 0.045000
3 0.923000 0.512500 0.078667 0.084000
3 0.953000 0.584000 0.050667 0.043000
3 0.871000 0.392000 0.037333 0.059000
3 0.847000 0.376500 0.026667 0.050000
3 0.924667 0.278500 0.027333 0.046000
3 0.976667 0.269000 0.030000 0.045000
3 0.874333 0.229000 0.044000 0.057000
3 0.910333 0.248000 0.045333 0.049000
3 0.941333 0.384000 0.056667 0.043000
3 0.943000 0.412500 0.046667 0.040000
3 0.922667 0.422000 0.036667 0.043000
3 0.930000 0.084500 0.050000 0.052000
3 0.949917 0.021875 0.038167 0.043250
3 0.355000 0.047500 0.058667 0.068000
3 0.241000 0.114000 0.053333 0.065000
3 0.173750 0.020375 0.047833 0.040250
3 0.082667 0.023375 0.039333 0.046250
3 0.989167 0.620750 0.021667 0.028500
3 0.986833 0.594250 0.026333 0.033500
3 0.937000 0.447500 0.037333 0.046000
3 0.269000 0.811000 0.040000 0.031000
3 0.791667 0.039500 0.034667 0.044000
3 0.195917 0.983750 0.031167 0.032500
3 0.128667 0.414625 0.044333 0.055250
3 0.268083 0.986000 0.037833 0.028000
3 0.348167 0.526750 0.031333 0.063000
3 0.484250 0.899750 0.022833 0.046500
3 0.850667 0.083250 0.036000 0.035000
3 0.377250 0.397875 0.037833 0.051750
3 0.041667 0.690375 0.030667 0.033250
3 0.776583 0.023500 0.034833 0.046500
