3 0.939375 0.198083 0.04375 0.0295
3 0.475375 0.0609167 0.04825 0.0338333
3 0.696375 0.312167 0.04325 0.0323333
3 0.301 0.916 0.0895 0.0726667
3 0.88175 0.247417 0.0665 0.0281667
3 0.3065 0.333917 0.062 0.0455
3 0.531 0.48925 0.0415 0.0271667
3 0.26475 0.741083 0.0455 0.0331667
3 0.95725 0.940833 0.032 0.03
3 0.38075 0.321333 0.042 0.0233333
3 0.36425 0.372417 0.047 0.0201667
3 0.57125 0.599333 0.0375 0.027
3 0.228625 0.494583 0.04975 0.0275
3 0.470375 0.631917 0.04425 0.0315
3 0.804 0.950917 0.0365 0.0331667
3 0.276875 0.451417 0.03825 0.0271667
3 0.227375 0.63075 0.05225 0.0305
3 0.68475 0.359 0.043 0.027
3 0.52175 0.293417 0.045 0.0238333
3 0.978375 0.451917 0.04325 0.0328333
3 0.165625 0.282583 0.03825 0.0401667
3 0.57625 0.549167 0.0375 0.0223333
3 0.71775 0.559333 0.057 0.0213333
3 0.30075 0.142 0.0545 0.0283333
3 0.24625 0.596417 0.0535 0.0381667
3 0.884375 0.232333 0.06425 0.032
3 0.363625 0.0369167 0.04175 0.0331667
3 0.771 0.366917 0.055 0.0265
3 0.51375 0.503667 0.045 0.0306667
3 0.644625 0.417333 0.03975 0.0256667
3 0.87975 0.353083 0.049 0.0295
3 0.440375 0.0584167 0.06225 0.0331667
3 0.516625 0.313833 0.04575 0.031
3 0.544375 0.619667 0.05925 0.0326667
3 0.026875 0.91775 0.04975 0.0295
3 0.732875 0.9225 0.04175 0.027
3 0.373125 0.303667 0.05175 0.0313333
3 0.877875 0.192583 0.04525 0.0248333
3 0.333625 0.260833 0.04725 0.0326667
3 0.475 0.226083 0.0375 0.0351667
3 0.3515 0.691917 0.047 0.0341667
3 0.129625 0.148917 0.04325 0.0338333
3 0.795875 0.350083 0.04575 0.0271667
3 0.960875 0.623333 0.05275 0.023
3 0.12825 0.803167 0.061 0.04
3 0.663625 0.497417 0.05475 0.0298333
3 0.191375 0.51825 0.05775 0.0278333
3 0.301375 0.7545 0.04675 0.028
3 0.4115 0.651 0.0415 0.0303333
3 0.809875 0.292167 0.03425 0.038
3 0.481 0.4635 0.054 0.0363333
3 0.154125 0.321083 0.04675 0.0295
3 0.963375 0.553 0.04925 0.0376667
3 0.970625 0.0611667 0.04075 0.044
3 0.720375 0.885667 0.04175 0.0383333
3 0.871125 0.81925 0.05625 0.0431667
3 0.01825 0.344417 0.0365 0.0268333
3 0.87 0.734 0.044 0.0326667
3 0.72975 0.016 0.055 0.0306667
3 0.2005 0.767833 0.063 0.029
3 0.15625 0.614083 0.059 0.0285
3 0.852125 0.017 0.04325 0.034
3 0.8475 0.501 0.058 0.0253333
3 0.25875 0.0346667 0.0525 0.0376667
3 0.965125 0.714833 0.04525 0.027
3 0.44575 0.841083 0.048 0.0285
3 0.5105 0.04975 0.0465 0.0275
3 0.445375 0.185917 0.05175 0.0305
3 0.238625 0.701 0.05075 0.034
3 0.68775 0.569583 0.046 0.0401667
3 0.48925 0.550417 0.0595 0.0258333
3 0.36725 0.49625 0.0515 0.0325
3 0.379 0.0890833 0.059 0.0365
3 0.293375 0.400417 0.05475 0.0305
3 0.978625 0.8295 0.04025 0.0473333
3 0.019 0.255833 0.038 0.032
3 0.7065 0.24025 0.067 0.0311667
3 0.4015 0.447417 0.0515 0.0288333
3 0.04775 0.745417 0.05 0.0401667
3 0.21925 0.316 0.047 0.0436667
3 0.23775 0.66775 0.0865 0.0318333
3 0.7865 0.46825 0.051 0.0298333
3 0.976375 0.493417 0.04125 0.0391667
3 0.03425 0.473417 0.0645 0.0298333
3 0.028125 0.669583 0.04575 0.0391667
3 0.540625 0.373 0.04225 0.0263333
3 0.235875 0.147 0.03625 0.0273333
3 0.30325 0.510583 0.047 0.0561667
3 0.73 0.41925 0.052 0.0378333
3 0.695 0.639417 0.06 0.0328333
3 0.368125 0.98325 0.06425 0.0331667
3 0.2435 0.97175 0.0645 0.0528333
3 0.774 0.802583 0.056 0.0575
3 0.064375 0.547583 0.04925 0.0391667
3 0.196625 0.241583 0.05725 0.0311667
3 0.97075 0.895917 0.053 0.0401667
3 0.537 0.10475 0.069 0.0431667
3 0.854625 0.967333 0.07725 0.034
3 0.832625 0.161083 0.06475 0.0351667
3 0.83025 0.826167 0.0495 0.0476667
3 0.5485 0.878 0.044 0.0506667
3 0.7195 0.97275 0.0495 0.0545
3 0.121875 0.03975 0.05425 0.0405
3 0.264375 0.83725 0.07175 0.0378333
3 0.953625 0.97825 0.06625 0.0425
3 0.096875 0.356167 0.06775 0.0326667
3 0.826375 0.0571667 0.05725 0.0576667
3 0.768875 0.680417 0.07075 0.0371667
3 0.66375 0.823 0.051 0.0526667
3 0.594125 0.719 0.06725 0.0416667
