3 0.59975 0.6925 0.0285 0.061
3 0.236083 0.552375 0.0335 0.04475
3 0.31125 0.2855 0.0351667 0.042
3 0.7135 0.0095 0.0363333 0.019
3 0.89625 0.769875 0.0285 0.03725
3 0.0731667 0.554625 0.035 0.04875
3 0.754333 0.179375 0.0256667 0.03625
3 0.900083 0.685625 0.0315 0.03875
3 0.859167 0.98025 0.025 0.0365
3 0.740333 0.70525 0.043 0.0495
3 0.820833 0.11325 0.0286667 0.039
3 0.265917 0.593 0.0385 0.0545
3 0.714083 0.9275 0.0361667 0.0425
3 0.0804167 0.629375 0.0455 0.04375
3 0.8775 0.177 0.0443333 0.0285
3 0.906917 0.6445 0.0315 0.0425
3 0.01875 0.363375 0.0368333 0.05775
3 0.259667 0.761375 0.0363333 0.04975
3 0.274833 0.676 0.0423333 0.0515
3 0.455583 0.800375 0.0361667 0.05125
3 0.95125 0.614 0.0478333 0.0495
3 0.327 0.24775 0.0306667 0.0475
3 0.315083 0.72925 0.0301667 0.053
3 0.685 0.09775 0.0386667 0.041
3 0.5625 0.08075 0.029 0.043
3 0.201 0.97175 0.0336667 0.0395
3 0.504083 0.847 0.0365 0.043
3 0.517417 0.971625 0.0358333 0.04775
3 0.76475 0.97375 0.0331667 0.0385
3 0.05 0.373375 0.0433333 0.05175
3 0.42025 0.0725 0.0281667 0.073
3 0.60425 0.160875 0.0248333 0.03525
3 0.97775 0.975375 0.0391667 0.04375
3 0.134917 0.135 0.0338333 0.047
3 0.700417 0.192375 0.0315 0.06275
3 0.193667 0.702625 0.0346667 0.05225
3 0.722167 0.2165 0.0296667 0.0525
3 0.120333 0.227375 0.0326667 0.04425
3 0.828583 0.89625 0.0338333 0.0795
3 0.429083 0.522625 0.0411667 0.04625
3 0.0705833 0.822625 0.0395 0.04075
3 0.160333 0.585 0.033 0.057
3 0.531833 0.2995 0.0383333 0.0455
3 0.157583 0.9485 0.0351667 0.0495
3 0.58225 0.616125 0.0318333 0.04975
3 0.64225 0.669125 0.0411667 0.05825
3 0.233417 0.90725 0.0358333 0.042
3 0.43725 0.326 0.0358333 0.046
3 0.915333 0.911375 0.032 0.05575
3 0.811583 0.822875 0.0335 0.05075
3 0.765583 0.931 0.0361667 0.0485
3 0.154667 0.893 0.034 0.0445
3 0.835417 0.973875 0.0378333 0.04875
3 0.790417 0.125625 0.0285 0.03325
3 0.835167 0.02725 0.03 0.0405
3 0.202667 0.16125 0.0416667 0.0655
3 0.399667 0.760625 0.0336667 0.06425
3 0.753917 0.054625 0.0388333 0.04775
3 0.363583 0.41025 0.0355 0.056
3 0.915917 0.480375 0.0361667 0.05525
3 0.214667 0.038 0.0306667 0.0625
3 0.632667 0.77475 0.0376667 0.0475
3 0.819 0.3175 0.044 0.057
3 0.788833 0.185125 0.0346667 0.03275
3 0.346167 0.9355 0.032 0.037
3 0.449833 0.85225 0.0453333 0.045
3 0.170417 0.361375 0.0445 0.04575
3 0.04175 0.960375 0.0328333 0.04575
3 0.497167 0.6045 0.045 0.055
3 0.660417 0.136875 0.0361667 0.05375
3 0.69425 0.53175 0.0375 0.0445
3 0.482417 0.662125 0.0308333 0.05975
3 0.878 0.893875 0.0426667 0.04275
3 0.30225 0.600875 0.0471667 0.07225
3 0.594417 0.831 0.0341667 0.0855
3 0.2815 0.184625 0.0366667 0.06425
3 0.893833 0.289375 0.0313333 0.07975
3 0.9855 0.2485 0.029 0.0505
3 0.0424167 0.28925 0.0358333 0.0725
3 0.09025 0.6655 0.0728333 0.0525
3 0.344167 0.712375 0.041 0.04975
3 0.756083 0.623875 0.0405 0.04625
3 0.481667 0.972 0.0423333 0.0445
3 0.344833 0.64825 0.0326667 0.0725
3 0.0963333 0.96225 0.0376667 0.0385
3 0.320583 0.19875 0.0405 0.0595
3 0.630583 0.33975 0.0421667 0.0545
3 0.0844167 0.121875 0.0381667 0.05325
3 0.187667 0.54725 0.056 0.072
3 0.0894167 0.5155 0.0418333 0.0615
3 0.6485 0.884875 0.033 0.06325
3 0.342417 0.330625 0.0691667 0.07025
3 0.17225 0.25575 0.0338333 0.061
3 0.255583 0.224125 0.0485 0.06925
3 0.975833 0.77925 0.0453333 0.058
3 0.534167 0.6925 0.038 0.09
3 0.478833 0.17175 0.0473333 0.0555
3 0.930417 0.059125 0.0398333 0.09225
3 0.804167 0.480875 0.0476667 0.08325
3 0.981833 0.376875 0.0363333 0.07825
