3 0.656167 0.926875 0.0383333 0.04275
3 0.458417 0.2775 0.0328333 0.0415
3 0.218583 0.336625 0.0191667 0.03525
3 0.767833 0.010375 0.025 0.02075
3 0.707167 0.044125 0.0223333 0.04375
3 0.00658333 0.9615 0.0131667 0.052
3 0.45125 0.263875 0.0371667 0.05325
3 0.120667 0.30225 0.0246667 0.0395
3 0.24075 0.353125 0.0301667 0.03775
3 0.278083 0.3485 0.0261667 0.03
3 0.00941667 0.565125 0.0188333 0.04725
3 0.42875 0.537 0.0205 0.0295
3 0.0543333 0.379875 0.0356667 0.04125
3 0.724667 0.358 0.0276667 0.053
3 0.89075 0.102 0.0265 0.0395
3 0.839 0.48925 0.0283333 0.036
3 0.77875 0.775875 0.0288333 0.04575
3 0.336667 0.527875 0.0263333 0.03375
3 0.682417 0.895625 0.0285 0.03625
3 0.61875 0.760125 0.0291667 0.03725
3 0.233167 0.9845 0.0233333 0.025
3 0.2985 0.522125 0.028 0.04075
3 0.49125 0.635375 0.0251667 0.04675
3 0.183917 0.40775 0.0251667 0.0465
3 0.402917 0.829625 0.0281667 0.03825
3 0.738 0.142875 0.03 0.03675
3 0.486083 0.023375 0.0278333 0.02925
3 0.356167 0.358875 0.024 0.03375
3 0.403667 0.34375 0.025 0.034
3 0.386 0.354625 0.029 0.04575
3 0.785667 0.472 0.035 0.027
3 0.0185 0.989 0.034 0.0205
3 0.21775 0.399 0.0325 0.0395
3 0.374 0.55075 0.029 0.041
3 0.973417 0.553625 0.0361667 0.03225
3 0.35175 0.48425 0.0235 0.039
3 0.964333 0.491125 0.0373333 0.03225
3 0.446917 0.328125 0.0315 0.03875
3 0.761167 0.33075 0.029 0.041
3 0.1705 0.465125 0.0326667 0.03625
3 0.44275 0.460125 0.0328333 0.04575
3 0.80475 0.579 0.0281667 0.035
3 0.01275 0.346125 0.0248333 0.04775
3 0.266583 0.495 0.0298333 0.048
3 0.639667 0.064125 0.0313333 0.04875
3 0.071 0.967 0.0223333 0.0415
3 0.207667 0.456125 0.0303333 0.04225
3 0.559583 0.7755 0.0345 0.037
3 0.713167 0.341875 0.0303333 0.04675
3 0.936583 0.50575 0.0488333 0.042
3 0.857333 0.10125 0.028 0.041
3 0.671333 0.071625 0.0286667 0.03575
3 0.976083 0.628 0.0341667 0.0355
3 0.840417 0.891625 0.0265 0.03675
3 0.359083 0.28725 0.0411667 0.1145
3 0.398333 0.857375 0.037 0.03925
3 0.711833 0.810375 0.033 0.03775
3 0.98525 0.7425 0.0278333 0.0615
3 0.135 0.41825 0.0273333 0.0305
3 0.467583 0.124 0.0415 0.0415
3 0.5685 0.378 0.0276667 0.044
3 0.660167 0.65625 0.026 0.041
3 0.631 0.90425 0.0363333 0.05
3 0.613083 0.465125 0.0325 0.04075
3 0.894083 0.071 0.0308333 0.0465
3 0.68925 0.721875 0.0325 0.04625
3 0.823667 0.459125 0.0393333 0.03925
3 0.3725 0.1475 0.0273333 0.062
3 0.434333 0.59925 0.0326667 0.0635
3 0.151583 0.38475 0.0315 0.042
3 0.57875 0.70575 0.0331667 0.0375
3 0.80625 0.85475 0.0328333 0.0425
3 0.626833 0.6045 0.0236667 0.037
3 0.627333 0.651 0.027 0.0365
3 0.692083 0.521625 0.0331667 0.03975
3 0.109167 0.217625 0.026 0.03175
3 0.595 0.56925 0.0213333 0.033
3 0.26825 0.72725 0.0281667 0.039
3 0.76125 0.83175 0.0338333 0.047
3 0.763083 0.145 0.0408333 0.0495
3 0.565667 0.889875 0.0276667 0.04775
3 0.515417 0.706375 0.0278333 0.04025
3 0.560083 0.507 0.0328333 0.033
3 0.273667 0.95975 0.0226667 0.03
3 0.128917 0.891125 0.0265 0.03525
3 0.606833 0.827375 0.0266667 0.03675
3 0.291083 0.411625 0.0355 0.03525
3 0.304833 0.31875 0.0266667 0.037
3 0.0473333 0.93475 0.0273333 0.0395
3 0.90875 0.855625 0.0455 0.03375
3 0.0926667 0.279 0.0283333 0.0425
3 0.864167 0.455 0.0326667 0.0345
3 0.625 0.177 0.029 0.032
3 0.433417 0.399875 0.0325 0.03775
3 0.229833 0.104 0.0276667 0.037
3 0.733083 0.031375 0.0255 0.04425
3 0.95725 0.105125 0.0321667 0.07675
3 0.49425 0.921125 0.0281667 0.03425
3 0.344333 0.891 0.026 0.044
3 0.1265 0.054 0.034 0.047
3 0.324833 0.483375 0.03 0.03825
3 0.835917 0.567 0.0321667 0.038
3 0.828917 0.6045 0.0368333 0.036
3 0.193917 0.724875 0.0258333 0.04725
3 0.68125 0.427375 0.0268333 0.04675
3 0.0520833 0.340125 0.0385 0.03825
3 0.132917 0.49125 0.0268333 0.056
3 0.6565 0.01725 0.0253333 0.0345
3 0.532083 0.786625 0.0301667 0.04625
3 0.644167 0.120875 0.027 0.05825
3 0.170917 0.27025 0.0291667 0.036
3 0.485667 0.0895 0.037 0.036
3 0.139083 0.664 0.0355 0.0355
3 0.731917 0.585125 0.0351667 0.04425
3 0.592167 0.90225 0.0326667 0.0595
3 0.795 0.18625 0.035 0.0525
3 0.320083 0.2695 0.0248333 0.053
3 0.581417 0.155625 0.0315 0.04575
3 0.73025 0.926625 0.0351667 0.03775
3 0.427417 0.271875 0.0231667 0.05975
3 0.574833 0.09625 0.027 0.0485
3 0.906333 0.9175 0.0496667 0.04
3 0.0408333 0.615 0.0426667 0.039
3 0.4015 0.739 0.026 0.041
3 0.088 0.38975 0.027 0.0445
3 0.66125 0.584375 0.0308333 0.04425
3 0.752667 0.052625 0.0453333 0.04575
3 0.0926667 0.530875 0.0193333 0.05675
3 0.507 0.584375 0.027 0.04325
3 0.73275 0.263375 0.0388333 0.04725
3 0.787667 0.080625 0.0356667 0.04225
3 0.1725 0.341375 0.0383333 0.03775
3 0.455083 0.63575 0.0295 0.0495
3 0.450167 0.0185 0.0236667 0.037
3 0.877833 0.5895 0.0363333 0.047
3 0.239917 0.684875 0.0301667 0.04525
3 0.0163333 0.166625 0.0326667 0.04975
3 0.0783333 0.45825 0.031 0.0385
3 0.0144167 0.731375 0.0288333 0.03825
3 0.674833 0.81725 0.049 0.0515
3 0.7775 0.395625 0.026 0.05125
3 0.824333 0.946375 0.034 0.03775
3 0.320417 0.830125 0.0301667 0.03675
3 0.311417 0.655 0.0441667 0.0485
3 0.305833 0.04625 0.0213333 0.0515
3 0.611333 0.396 0.037 0.0515
3 0.856167 0.699375 0.0333333 0.03775
3 0.0146667 0.672625 0.029 0.04125
3 0.453833 0.7215 0.0303333 0.0495
3 0.308 0.698875 0.03 0.03575
3 0.90625 0.15375 0.0405 0.0445
3 0.81175 0.77075 0.0398333 0.0555
3 0.92175 0.210125 0.0438333 0.05125
3 0.93125 0.0325 0.0491667 0.062
3 0.335833 0.056 0.0203333 0.0465
3 0.516333 0.400875 0.038 0.06325
3 0.05975 0.8485 0.0378333 0.037
3 0.210833 0.251375 0.0256667 0.05675
3 0.647667 0.4225 0.0263333 0.039
3 0.772167 0.711375 0.0323333 0.04925
3 0.259333 0.084375 0.0213333 0.04625
3 0.960333 0.411625 0.0533333 0.05075
