3 0.600167 0.007375 0.0273333 0.01475
3 0.76525 0.314875 0.0231667 0.03125
3 0.767917 0.395 0.0245 0.032
3 0.264417 0.904125 0.0231667 0.04125
3 0.632167 0.425625 0.0286667 0.02525
3 0.553333 0.596625 0.025 0.02425
3 0.443333 0.538375 0.0243333 0.02925
3 0.74375 0.74425 0.0211667 0.037
3 0.01275 0.98 0.0228333 0.04
3 0.165333 0.524625 0.0196667 0.02875
3 0.22 0.716125 0.0303333 0.04275
3 0.323167 0.3375 0.022 0.0285
3 0.3345 0.95425 0.023 0.051
3 0.61275 0.920875 0.0248333 0.02875
3 0.816333 0.738125 0.0343333 0.05375
3 0.612667 0.330125 0.0293333 0.04625
3 0.464417 0.83 0.0178333 0.0655
3 0.94875 0.028875 0.0268333 0.04575
3 0.736667 0.07925 0.0146667 0.029
3 0.217167 0.334875 0.0236667 0.03825
3 0.833583 0.08325 0.0271667 0.0285
3 0.456417 0.621375 0.0328333 0.04025
3 0.54825 0.011 0.0285 0.022
3 0.216083 0.28725 0.0245 0.0355
3 0.663917 0.078 0.0225 0.0285
3 0.0785833 0.26925 0.0331667 0.0195
3 0.325833 0.690625 0.0216667 0.04125
3 0.734 0.97475 0.0266667 0.0265
3 0.828167 0.05475 0.0206667 0.0255
3 0.596083 0.291125 0.0318333 0.03675
3 0.0284167 0.336625 0.0388333 0.02225
3 0.04275 0.15125 0.0338333 0.06
3 0.555417 0.54975 0.0231667 0.0275
3 0.220417 0.6945 0.0368333 0.0475
3 0.479167 0.95975 0.0256667 0.048
3 0.28025 0.425375 0.0201667 0.05025
3 0.189583 0.1775 0.0318333 0.0385
3 0.235 0.3155 0.0216667 0.0405
3 0.428833 0.37525 0.035 0.024
3 0.795333 0.766375 0.0246667 0.04775
3 0.246917 0.918 0.0205 0.0415
3 0.488 0.4195 0.0226667 0.0565
3 0.757667 0.113875 0.032 0.02725
3 0.224083 0.387875 0.0285 0.03175
3 0.986333 0.5135 0.0273333 0.034
3 0.963917 0.693625 0.0241667 0.02775
3 0.621 0.964625 0.0233333 0.02375
3 0.948083 0.13075 0.0378333 0.025
3 0.157667 0.241625 0.028 0.04225
3 0.846833 0.657625 0.029 0.04175
3 0.944 0.047 0.0363333 0.036
3 0.643333 0.985 0.0293333 0.027
3 0.884 0.725875 0.0236667 0.03075
3 0.409083 0.634 0.0335 0.027
3 0.883167 0.0615 0.0176667 0.0415
3 0.748083 0.33175 0.0281667 0.0385
3 0.172833 0.650125 0.0516667 0.04025
3 0.9125 0.313375 0.026 0.02975
3 0.216083 0.012 0.0225 0.024
3 0.737583 0.934125 0.0268333 0.02575
3 0.16825 0.97875 0.0241667 0.037
3 0.820917 0.37075 0.0221667 0.0385
3 0.697917 0.28325 0.0395 0.0445
3 0.748833 0.56425 0.026 0.046
3 0.20225 0.566375 0.0478333 0.02775
3 0.175917 0.50925 0.0301667 0.035
3 0.34525 0.484 0.0175 0.0405
3 0.588167 0.32625 0.0293333 0.039
3 0.297667 0.609875 0.0233333 0.03375
3 0.706583 0.045375 0.0191667 0.05075
3 0.943917 0.100625 0.0311667 0.02975
3 0.118083 0.242125 0.0458333 0.03875
3 0.298417 0.3155 0.0248333 0.03
3 0.266083 0.6325 0.0221667 0.0565
3 0.141833 0.622 0.061 0.031
3 0.436083 0.412125 0.0285 0.03225
3 0.883917 0.597875 0.0248333 0.02675
3 0.296 0.358 0.0266667 0.031
3 0.494 0.623375 0.02 0.03275
3 0.902917 0.267625 0.0185 0.03425
3 0.976083 0.44425 0.0348333 0.0275
3 0.591083 0.123875 0.0301667 0.06575
3 0.71475 0.534 0.0185 0.039
3 0.456 0.442125 0.0523333 0.03125
3 0.125333 0.291 0.0223333 0.0395
3 0.749417 0.708125 0.0241667 0.04175
3 0.590167 0.531 0.025 0.0405
3 0.05475 0.357125 0.0355 0.03875
3 0.856833 0.0535 0.0443333 0.036
3 0.0653333 0.131875 0.02 0.03725
3 0.1835 0.745875 0.0386667 0.04675
3 0.91075 0.701625 0.0248333 0.04775
3 0.294417 0.673625 0.0291667 0.04075
3 0.902417 0.39125 0.0261667 0.031
3 0.830667 0.7985 0.0453333 0.0455
3 0.691667 0.215625 0.0236667 0.03775
3 0.67575 0.661375 0.0228333 0.03725
3 0.737 0.627875 0.0396667 0.03025
3 0.26875 0.53825 0.0458333 0.031
3 0.18975 0.32925 0.0451667 0.0315
3 0.709583 0.98175 0.0188333 0.032
3 0.0873333 0.01675 0.0443333 0.0335
3 0.961667 0.41775 0.0413333 0.031
3 0.671417 0.491 0.0218333 0.0445
3 0.85575 0.340125 0.0228333 0.04325
3 0.8015 0.383375 0.025 0.06575
3 0.37775 0.862375 0.0311667 0.02675
3 0.599083 0.779 0.0215 0.0585
3 0.59475 0.184 0.0251667 0.0565
3 0.449417 0.322625 0.0245 0.03625
3 0.195667 0.222125 0.036 0.03925
3 0.138083 0.45625 0.0555 0.049
3 0.855333 0.6245 0.0233333 0.0385
3 0.353167 0.365 0.0213333 0.043
3 0.852833 0.768875 0.0226667 0.04275
3 0.715083 0.36325 0.0331667 0.0375
3 0.34425 0.070375 0.0558333 0.03425
3 0.381833 0.112875 0.0366667 0.03925
3 0.873 0.292375 0.0323333 0.04775
3 0.540417 0.0295 0.0358333 0.038
3 0.0213333 0.017875 0.037 0.03325
3 0.515333 0.701625 0.0216667 0.05925
3 0.0159167 0.67225 0.0318333 0.0285
3 0.804083 0.581375 0.0318333 0.03125
3 0.923167 0.35225 0.0276667 0.0395
3 0.837833 0.93225 0.0276667 0.0485
3 0.82475 0.622625 0.0271667 0.02875
3 0.610167 0.682 0.0226667 0.0425
3 0.189333 0.59875 0.0476667 0.033
3 0.0389167 0.6935 0.0275 0.0445
3 0.863 0.232125 0.0213333 0.03675
3 0.0221667 0.197125 0.0253333 0.04125
3 0.298583 0.766875 0.0261667 0.06825
3 0.690333 0.334625 0.0276667 0.05925
3 0.65425 0.333 0.0355 0.0335
3 0.481083 0.283875 0.0328333 0.04175
3 0.121667 0.510875 0.0393333 0.02375
3 0.573167 0.28025 0.0223333 0.048
3 0.397667 0.75075 0.03 0.0585
3 0.0298333 0.26325 0.058 0.0405
3 0.585417 0.566125 0.0291667 0.04925
3 0.943 0.457125 0.03 0.03825
3 0.248 0.809125 0.0366667 0.05825
3 0.117 0.9225 0.0396667 0.053
3 0.0885 0.1655 0.0393333 0.0455
3 0.59675 0.4015 0.0485 0.0435
3 0.832167 0.02 0.0336667 0.04
3 0.562417 0.183625 0.0331667 0.07125
3 0.397167 0.243375 0.0386667 0.03875
3 0.353417 0.445125 0.0215 0.05875
3 0.445 0.196625 0.0316667 0.05775
3 0.517833 0.56575 0.0266667 0.0315
3 0.728333 0.303625 0.035 0.04575
3 0.9075 0.027625 0.0386667 0.05125
3 0.8885 0.316875 0.0283333 0.06725
3 0.2065 0.533625 0.046 0.02575
3 0.784833 0.475625 0.0273333 0.04675
3 0.92275 0.79325 0.0291667 0.039
3 0.95325 0.330875 0.0225 0.03975
3 0.716417 0.71025 0.0291667 0.046
3 0.489083 0.91375 0.0338333 0.0665
3 0.152333 0.3925 0.072 0.061
3 0.97075 0.617625 0.0385 0.05325
3 0.32675 0.26375 0.0448333 0.0525
3 0.710667 0.17225 0.0326667 0.0645
3 0.536 0.16775 0.0343333 0.0755
3 0.141917 0.055625 0.0471667 0.06825
3 0.221 0.106625 0.0346667 0.08175
