3 0.689417 0.66675 0.0305 0.037
3 0.128667 0.83925 0.0366667 0.0475
3 0.0138333 0.130625 0.0213333 0.03875
3 0.937833 0.094 0.025 0.0395
3 0.22525 0.2955 0.0331667 0.045
3 0.0994167 0.5245 0.0281667 0.0375
3 0.445667 0.983 0.0153333 0.029
3 0.841083 0.024 0.0261667 0.0325
3 0.0223333 0.589375 0.0226667 0.07725
3 0.709417 0.3595 0.0291667 0.0445
3 0.884167 0.432625 0.025 0.03375
3 0.416333 0.343375 0.0283333 0.04225
3 0.0313333 0.902 0.0266667 0.046
3 0.457 0.549875 0.023 0.07225
3 0.0215 0.28175 0.0323333 0.0365
3 0.05475 0.6525 0.0408333 0.0575
3 0.520833 0.902 0.0223333 0.0395
3 0.718083 0.205125 0.0301667 0.05025
3 0.489417 0.884625 0.0265 0.03975
3 0.871833 0.986625 0.0173333 0.02425
3 0.61625 0.917 0.0241667 0.0425
3 0.6855 0.274 0.0293333 0.0355
3 0.684 0.381625 0.0263333 0.04325
3 0.48925 0.62075 0.0258333 0.03
3 0.51125 0.136125 0.0311667 0.05225
3 0.471167 0.85025 0.0223333 0.0535
3 0.522583 0.573625 0.0268333 0.03425
3 0.638833 0.691375 0.0213333 0.04125
3 0.76525 0.986875 0.0331667 0.02325
3 0.666417 0.6955 0.0271667 0.047
3 0.706417 0.40375 0.0298333 0.043
3 0.979167 0.9225 0.041 0.0365
3 0.186583 0.3635 0.0248333 0.0365
3 0.0135 0.045125 0.027 0.03575
3 0.220833 0.283 0.0293333 0.041
3 0.567083 0.687625 0.0265 0.04575
3 0.989917 0.663125 0.0201667 0.03675
3 0.945583 0.65125 0.0261667 0.038
3 0.808667 0.972 0.034 0.042
3 0.263583 0.013625 0.0278333 0.02725
3 0.83975 0.3285 0.0335 0.0385
3 0.660667 0.41925 0.033 0.056
3 0.00833333 0.792 0.0166667 0.085
3 0.189167 0.0555 0.0243333 0.041
3 0.593417 0.6525 0.0295 0.051
3 0.594917 0.378625 0.0255 0.03725
3 0.914917 0.785 0.0265 0.053
3 0.06725 0.254125 0.0335 0.04075
3 0.0316667 0.3115 0.029 0.047
3 0.629333 0.56475 0.0353333 0.031
3 0.701917 0.262375 0.0255 0.04075
3 0.0916667 0.569125 0.0216667 0.03775
3 0.534583 0.50275 0.0275 0.0475
3 0.113083 0.706125 0.0258333 0.05525
3 0.22475 0.175875 0.0325 0.03625
3 0.610417 0.723875 0.0331667 0.04675
3 0.0966667 0.604625 0.019 0.04325
3 0.689917 0.805125 0.0325 0.03575
3 0.350417 0.36275 0.0248333 0.063
3 0.9735 0.3145 0.0316667 0.041
3 0.988417 0.03875 0.0231667 0.0495
3 0.0156667 0.493875 0.0306667 0.04975
3 0.94125 0.0415 0.0425 0.0425
3 0.630333 0.438875 0.031 0.04225
3 0.589917 0.4395 0.0241667 0.038
3 0.612667 0.14625 0.0286667 0.082
3 0.921417 0.02675 0.0251667 0.036
3 0.272917 0.20675 0.0301667 0.0375
3 0.347417 0.920625 0.0228333 0.04625
3 0.74725 0.403375 0.0275 0.04675
3 0.985667 0.729875 0.0256667 0.03525
3 0.671417 0.317 0.0275 0.0355
3 0.412667 0.186875 0.0293333 0.05075
3 0.250417 0.123375 0.0281667 0.04275
3 0.151 0.799125 0.0353333 0.04425
3 0.92675 0.626875 0.0225 0.05225
3 0.926417 0.35775 0.0331667 0.0435
3 0.0713333 0.71525 0.0396667 0.0655
3 0.1175 0.632 0.0223333 0.0515
3 0.798583 0.263 0.0395 0.038
3 0.0954167 0.93375 0.0245 0.0525
3 0.14475 0.624875 0.0371667 0.05475
3 0.19675 0.84875 0.0278333 0.1145
3 0.967667 0.09025 0.035 0.044
3 0.192333 0.779375 0.0266667 0.05175
3 0.5395 0.345875 0.029 0.04025
3 0.197 0.413625 0.0396667 0.03875
3 0.450083 0.2345 0.0271667 0.043
3 0.586833 0.552875 0.024 0.06825
3 0.327083 0.34425 0.0245 0.057
3 0.0863333 0.751625 0.0313333 0.08275
3 0.117083 0.356 0.0258333 0.033
3 0.0765 0.86825 0.045 0.0855
3 0.92175 0.3995 0.0315 0.042
3 0.869333 0.01275 0.0423333 0.0255
3 0.803083 0.59 0.0271667 0.045
3 0.67475 0.733 0.0298333 0.052
3 0.381583 0.688375 0.0265 0.05125
3 0.294333 0.16775 0.039 0.0335
3 0.212917 0.761375 0.0358333 0.04125
3 0.641167 0.308125 0.034 0.04325
3 0.295 0.917875 0.0343333 0.03575
3 0.228917 0.415 0.0285 0.041
3 0.771167 0.657125 0.031 0.03025
3 0.890333 0.312 0.0256667 0.0425
3 0.0390833 0.7505 0.0265 0.059
3 0.49675 0.484875 0.0265 0.05425
3 0.31775 0.668 0.0255 0.053
3 0.570083 0.547875 0.0211667 0.06025
3 0.462 0.024375 0.0256667 0.04875
3 0.912 0.464625 0.0313333 0.03475
3 0.0829167 0.65225 0.0245 0.0625
3 0.648667 0.6085 0.0603333 0.041
3 0.346167 0.583875 0.0303333 0.04575
3 0.70975 0.709125 0.0381667 0.04375
3 0.804167 0.50175 0.0246667 0.047
3 0.956917 0.700875 0.0411667 0.04225
3 0.5125 0.0145 0.0353333 0.029
3 0.154917 0.31575 0.0261667 0.0625
3 0.745417 0.305 0.0581667 0.041
3 0.837917 0.24325 0.0471667 0.0475
3 0.61375 0.32975 0.0335 0.063
3 0.637833 0.070375 0.0403333 0.04275
3 0.134083 0.145625 0.0375 0.05325
3 0.299833 0.718375 0.027 0.04425
3 0.164583 0.88525 0.0288333 0.081
3 0.442167 0.067875 0.0416667 0.03525
3 0.256167 0.475375 0.0346667 0.03975
3 0.954833 0.922 0.0553333 0.0415
3 0.836583 0.4005 0.0335 0.0415
3 0.309667 0.564625 0.031 0.05325
3 0.17925 0.55475 0.0535 0.076
3 0.511083 0.328875 0.0261667 0.06425
3 0.676083 0.48825 0.0348333 0.0395
3 0.576333 0.215125 0.0416667 0.06075
3 0.0766667 0.521625 0.034 0.04125
3 0.86775 0.951625 0.0488333 0.02575
3 0.15425 0.727875 0.0331667 0.03825
3 0.138583 0.8875 0.0261667 0.0825
3 0.549083 0.588875 0.0265 0.06325
3 0.78875 0.34425 0.0281667 0.0665
3 0.335833 0.79725 0.0196667 0.0765
3 0.636083 0.785625 0.0435 0.04525
3 0.2855 0.838625 0.026 0.05975
3 0.766 0.217 0.041 0.046
3 0.0155 0.867 0.0296667 0.0715
3 0.982 0.9665 0.036 0.045
3 0.869 0.389375 0.041 0.04725
3 0.535083 0.679375 0.0271667 0.09275
3 0.4845 0.5765 0.0293333 0.06
3 0.365083 0.803 0.0308333 0.0715
3 0.0575 0.586125 0.0336667 0.06025
3 0.541083 0.4565 0.0445 0.049
3 0.428 0.968625 0.0276667 0.05725
3 0.311667 0.486125 0.029 0.07325
3 0.0221667 0.4365 0.0416667 0.0695
3 0.481833 0.347875 0.037 0.08825
3 0.305833 0.412375 0.0323333 0.06575
3 0.837 0.512 0.05 0.0335
3 0.14675 0.54675 0.0378333 0.086
3 0.956333 0.561 0.0453333 0.04
3 0.638583 0.844125 0.0375 0.07425
3 0.102333 0.413125 0.0466667 0.05025
3 0.452417 0.45475 0.0431667 0.0705
3 0.461167 0.780125 0.0353333 0.09675
3 0.777 0.895875 0.0293333 0.03925
3 0.493583 0.73125 0.0355 0.081
3 0.39275 0.431125 0.0448333 0.09975
3 0.228917 0.546125 0.0515 0.09275
3 0.9675 0.497875 0.057 0.07225
3 0.413667 0.81925 0.0423333 0.1125
