3 0.628000 0.286000 0.043333 0.097000
3 0.598000 0.318500 0.028667 0.076000
3 0.561583 0.250500 0.028167 0.082000
3 0.634667 0.062500 0.048667 0.112000
3 0.692833 0.030375 0.040333 0.060250
3 0.720667 0.142000 0.028667 0.079000
3 0.737000 0.064500 0.030667 0.092000
3 0.720000 0.101000 0.031333 0.055000
3 0.782833 0.032875 0.036333 0.065250
3 0.821000 0.075500 0.036000 0.094000
3 0.924333 0.071500 0.053333 0.066000
3 0.980833 0.055875 0.038333 0.068750
3 0.977833 0.160375 0.044333 0.059750
3 0.949000 0.216500 0.036000 0.042000
3 0.921000 0.265000 0.041333 0.053000
3 0.969667 0.323500 0.054667 0.100000
3 0.882000 0.377000 0.040667 0.047000
3 0.854667 0.341500 0.035333 0.054000
3 0.816333 0.383000 0.030667 0.055000
3 0.763667 0.436500 0.044000 0.066000
3 0.829333 0.454500 0.035333 0.058000
3 0.831667 0.495000 0.041333 0.049000
3 0.864333 0.458000 0.029333 0.041000
3 0.925333 0.463000 0.040667 0.045000
3 0.969667 0.444000 0.036000 0.049000
3 0.927333 0.507000 0.035333 0.053000
3 0.483500 0.381125 0.029667 0.099250
3 0.459000 0.225500 0.032000 0.108000
3 0.489000 0.232000 0.025333 0.065000
3 0.502667 0.186500 0.027333 0.064000
3 0.484333 0.111000 0.037333 0.085000
3 0.363333 0.179500 0.051333 0.070000
3 0.419333 0.243500 0.043333 0.076000
3 0.372667 0.321000 0.044667 0.053000
3 0.337333 0.233250 0.031667 0.057500
3 0.293333 0.128000 0.040667 0.097000
3 0.215667 0.150000 0.038667 0.091000
3 0.183333 0.158000 0.036667 0.067000
3 0.191667 0.218500 0.040000 0.068000
3 0.069000 0.102500 0.060000 0.102000
3 0.061417 0.233125 0.021500 0.049250
3 0.071667 0.318500 0.041333 0.076000
3 0.101917 0.436625 0.032500 0.039750
3 0.131000 0.472500 0.042667 0.062000
3 0.185333 0.508000 0.032667 0.049000
3 0.221333 0.523500 0.039333 0.062000
3 0.227667 0.585000 0.037333 0.055000
3 0.264333 0.577000 0.036000 0.057000
3 0.283333 0.503500 0.048667 0.086000
3 0.337667 0.553000 0.041333 0.061000
3 0.377750 0.565750 0.037500 0.056500
3 0.421333 0.680500 0.032667 0.068000
3 0.453333 0.695000 0.035333 0.055000
3 0.444333 0.836000 0.038667 0.069000
3 0.473333 0.832500 0.036667 0.066000
3 0.560000 0.737500 0.028667 0.058000
3 0.634667 0.946000 0.038000 0.049000
3 0.616083 0.979250 0.035500 0.041500
3 0.504667 0.950500 0.038000 0.064000
3 0.746000 0.825500 0.043333 0.098000
3 0.727333 0.680500 0.043333 0.058000
3 0.765333 0.669000 0.026000 0.061000
3 0.789000 0.668500 0.033333 0.064000
3 0.827417 0.639250 0.036833 0.081500
3 0.872833 0.775250 0.049000 0.086500
3 0.785667 0.899500 0.033333 0.046000
3 0.689417 0.965750 0.030167 0.068500
3 0.882000 0.840000 0.036667 0.041000
3 0.924000 0.829000 0.039333 0.055000
3 0.980833 0.707375 0.038333 0.079750
3 0.990833 0.849250 0.018333 0.061500
3 0.312000 0.823000 0.035333 0.067000
3 0.366000 0.891000 0.032667 0.037000
3 0.310000 0.916000 0.056667 0.073000
3 0.264667 0.914000 0.038000 0.037000
3 0.230667 0.963500 0.047333 0.070000
3 0.167333 0.855000 0.056667 0.053000
3 0.205667 0.820500 0.026667 0.044000
3 0.245667 0.851000 0.040000 0.051000
3 0.230333 0.880000 0.037333 0.043000
3 0.122667 0.907500 0.024667 0.046000
3 0.148000 0.940500 0.044667 0.052000
3 0.075333 0.937500 0.032667 0.046000
3 0.025583 0.934500 0.050833 0.050000
3 0.065667 0.777500 0.052000 0.072000
3 0.100250 0.666500 0.057167 0.052000
3 0.105667 0.618500 0.065333 0.060000
3 0.149000 0.632500 0.040000 0.050000
3 0.110333 0.572000 0.037333 0.047000
3 0.012250 0.589875 0.024167 0.081250
3 0.011583 0.760125 0.022833 0.078750
3 0.538000 0.017375 0.022000 0.034250
3 0.385750 0.019875 0.034500 0.039250
3 0.277083 0.016875 0.029167 0.033250
3 0.848667 0.269500 0.023333 0.040000
3 0.974167 0.916875 0.051667 0.066750
3 0.307000 0.651500 0.044000 0.044000
3 0.309000 0.689000 0.044000 0.047000
3 0.385667 0.661500 0.025333 0.046000
3 0.202750 0.012750 0.018833 0.025000
3 0.172250 0.398125 0.019500 0.028250
3 0.169333 0.353500 0.011333 0.021500
3 0.141500 0.838125 0.026000 0.083250
3 0.328917 0.377625 0.021500 0.033750
3 0.408417 0.147625 0.035167 0.034750
3 0.448083 0.339875 0.023500 0.038750
3 0.343417 0.970250 0.020167 0.020500
3 0.481750 0.947500 0.031167 0.026500
3 0.510167 0.839375 0.058333 0.054750
3 0.616000 0.117125 0.038333 0.071750
3 0.812167 0.867250 0.019333 0.036000
3 0.918917 0.882750 0.030833 0.031000
3 0.864750 0.196750 0.036500 0.038000
3 0.811750 0.155500 0.027833 0.037500
3 0.854167 0.028000 0.025667 0.055500
3 0.945167 0.739625 0.031333 0.052250
3 0.415167 0.476375 0.014333 0.026250
3 0.730333 0.729375 0.025667 0.026750
3 0.764333 0.766750 0.030333 0.043500
3 0.777000 0.813500 0.019333 0.055500
3 0.537833 0.968250 0.038667 0.063500
