3 0.625333 0.271500 0.063333 0.076000
3 0.599000 0.180500 0.030667 0.104000
3 0.564333 0.167000 0.036000 0.089000
3 0.528667 0.253000 0.031333 0.065000
3 0.495000 0.222500 0.036000 0.044000
3 0.514500 0.083500 0.021667 0.046000
3 0.425000 0.032500 0.056000 0.064000
3 0.377000 0.128000 0.032000 0.051000
3 0.320333 0.299500 0.069333 0.080000
3 0.281333 0.296500 0.080667 0.100000
3 0.440667 0.379500 0.035333 0.090000
3 0.380333 0.372500 0.032000 0.056000
3 0.392000 0.425000 0.055333 0.061000
3 0.407667 0.371500 0.022667 0.044000
3 0.333333 0.392875 0.044667 0.082750
3 0.238000 0.371500 0.066000 0.052000
3 0.229667 0.315000 0.037333 0.051000
3 0.170667 0.270000 0.039333 0.067000
3 0.058250 0.303125 0.031833 0.090750
3 0.023083 0.374125 0.045833 0.040750
3 0.079667 0.414500 0.060000 0.050000
3 0.119333 0.460750 0.027333 0.057500
3 0.169000 0.383000 0.040000 0.057000
3 0.189000 0.377500 0.053333 0.044000
3 0.218667 0.413500 0.058000 0.054000
3 0.123750 0.359500 0.029833 0.042500
3 0.231667 0.520500 0.040000 0.060000
3 0.205333 0.560000 0.038000 0.089000
3 0.293333 0.593500 0.030000 0.064000
3 0.321333 0.553000 0.070000 0.077000
3 0.337000 0.530000 0.078667 0.075000
3 0.417833 0.559250 0.033333 0.049000
3 0.475667 0.532375 0.067000 0.118750
3 0.496000 0.614000 0.032667 0.087000
3 0.520000 0.560000 0.034000 0.057000
3 0.540667 0.609500 0.036667 0.038000
3 0.537000 0.670000 0.036000 0.057000
3 0.552000 0.702000 0.039333 0.047000
3 0.598333 0.720000 0.050667 0.041000
3 0.630667 0.626500 0.056667 0.054000
3 0.674333 0.652000 0.040000 0.073000
3 0.681667 0.682000 0.041333 0.035000
3 0.662333 0.720000 0.033333 0.061000
3 0.605667 0.567500 0.042667 0.050000
3 0.688333 0.570000 0.032000 0.067000
3 0.534000 0.332000 0.044667 0.053000
3 0.694667 0.341500 0.028667 0.076000
3 0.717000 0.346000 0.034667 0.069000
3 0.726333 0.405500 0.064000 0.052000
3 0.743000 0.292000 0.037333 0.059000
3 0.716667 0.213000 0.030000 0.069000
3 0.682667 0.249500 0.023333 0.042000
3 0.654667 0.138500 0.038000 0.114000
3 0.613000 0.066000 0.034667 0.101000
3 0.685000 0.047000 0.060000 0.077000
3 0.750917 0.026375 0.049500 0.052250
3 0.805667 0.171000 0.029333 0.073000
3 0.852000 0.200000 0.038000 0.085000
3 0.807000 0.239000 0.038667 0.047000
3 0.796667 0.298000 0.048667 0.071000
3 0.852000 0.307000 0.056667 0.059000
3 0.919667 0.290750 0.046667 0.045500
3 0.958667 0.267000 0.039333 0.085000
3 0.989167 0.170375 0.021667 0.065750
3 0.862667 0.333500 0.050000 0.156000
3 0.841667 0.425500 0.028000 0.104000
3 0.814750 0.422125 0.041833 0.108750
3 0.762500 0.510875 0.035000 0.078250
3 0.861667 0.506000 0.036000 0.061000
3 0.924917 0.543750 0.023500 0.046500
3 0.848000 0.574500 0.036667 0.084000
3 0.808333 0.604000 0.048000 0.083000
3 0.852667 0.660500 0.039333 0.044000
3 0.925333 0.783500 0.028667 0.080000
3 0.949000 0.776000 0.026667 0.055000
3 0.895333 0.728000 0.031333 0.049000
3 0.738917 0.778250 0.022500 0.069500
3 0.972000 0.655000 0.046000 0.065000
3 0.586667 0.836500 0.035333 0.044000
3 0.599917 0.921875 0.055167 0.095250
3 0.714500 0.899500 0.028667 0.046000
3 0.750417 0.872375 0.036167 0.045750
3 0.820667 0.948000 0.039333 0.049000
3 0.735667 0.959500 0.037333 0.034000
3 0.990500 0.971875 0.019000 0.036750
3 0.148000 0.626000 0.058000 0.049000
3 0.033583 0.618500 0.066833 0.046000
3 0.056000 0.674000 0.087333 0.047000
3 0.161000 0.683000 0.042667 0.043000
3 0.152667 0.717500 0.044667 0.046000
3 0.366333 0.907000 0.060000 0.087000
3 0.390333 0.890000 0.032000 0.037000
3 0.345917 0.969750 0.037833 0.060500
3 0.243667 0.914500 0.041333 0.058000
3 0.313667 0.873000 0.053333 0.097000
3 0.151000 0.964000 0.042667 0.051000
3 0.060750 0.983750 0.036833 0.032500
3 0.017917 0.407250 0.035500 0.032500
3 0.019500 0.098500 0.038667 0.049000
3 0.069833 0.086625 0.032333 0.039750
3 0.211667 0.093000 0.033333 0.039000
3 0.121917 0.041500 0.044500 0.030500
3 0.096000 0.022750 0.030000 0.045000
3 0.037083 0.025125 0.073833 0.049750
3 0.057250 0.332000 0.042167 0.032000
3 0.148583 0.401750 0.023500 0.028500
3 0.170583 0.423875 0.030500 0.032750
3 0.362333 0.669750 0.027333 0.040500
3 0.473000 0.722500 0.053667 0.044000
3 0.565917 0.767750 0.022500 0.026000
3 0.533417 0.800250 0.019167 0.035000
3 0.508083 0.971375 0.022500 0.040250
3 0.546250 0.958125 0.031167 0.036250
3 0.522667 0.982625 0.032000 0.034750
3 0.728417 0.086625 0.033500 0.056750
3 0.572500 0.953375 0.015333 0.017250
3 0.586250 0.919250 0.081500 0.046500
3 0.987583 0.933625 0.024833 0.033750
3 0.926333 0.021625 0.045333 0.042750
3 0.410583 0.992875 0.029833 0.014250
3 0.623333 0.686000 0.033333 0.037500
3 0.585167 0.455750 0.027333 0.045000
3 0.612000 0.394250 0.017667 0.040000
3 0.574250 0.404125 0.014167 0.023750
3 0.775917 0.407000 0.028833 0.044500
3 0.160417 0.747000 0.022833 0.040500
3 0.795833 0.649500 0.028667 0.029000
3 0.796667 0.347875 0.041000 0.042250
3 0.841500 0.979375 0.024333 0.033250
3 0.763500 0.462750 0.033000 0.032500
3 0.456833 0.583125 0.029333 0.063250
