3 0.912333 0.389375 0.025 0.03425
3 0.642 0.674 0.0283333 0.0455
3 0.345167 0.06325 0.0273333 0.0305
3 0.4255 0.336 0.0243333 0.043
3 0.545833 0.21025 0.0226667 0.0425
3 0.693083 0.089875 0.0538333 0.03525
3 0.93925 0.7485 0.0281667 0.054
3 0.313333 0.9045 0.028 0.035
3 0.1025 0.69925 0.0473333 0.044
3 0.15025 0.473375 0.0261667 0.03675
3 0.937167 0.826 0.0223333 0.0465
3 0.544333 0.352625 0.019 0.05025
3 0.405 0.986875 0.0243333 0.02425
3 0.523833 0.35575 0.0326667 0.0815
3 0.92775 0.347 0.0268333 0.041
3 0.646833 0.215375 0.031 0.04375
3 0.252083 0.989875 0.0415 0.01875
3 0.18975 0.289125 0.0368333 0.04175
3 0.57925 0.792875 0.0261667 0.07625
3 0.214 0.267375 0.0483333 0.04225
3 0.388583 0.429 0.0281667 0.0455
3 0.410917 0.401125 0.0321667 0.04775
3 0.725833 0.660125 0.0233333 0.03625
3 0.0775 0.297375 0.035 0.03425
3 0.212833 0.887125 0.0323333 0.05175
3 0.726167 0.98325 0.0183333 0.0295
3 0.625833 0.792375 0.0153333 0.04075
3 0.219167 0.909375 0.0323333 0.04225
3 0.134417 0.672375 0.0438333 0.05575
3 0.58575 0.820125 0.0225 0.04425
3 0.136167 0.206375 0.033 0.04325
3 0.0170833 0.03625 0.0325 0.0415
3 0.226083 0.3685 0.0348333 0.0295
3 0.280583 0.6255 0.0288333 0.043
3 0.0665 0.3515 0.0253333 0.039
3 0.776583 0.397 0.0265 0.0345
3 0.1625 0.070375 0.0293333 0.04175
3 0.196583 0.22825 0.0381667 0.027
3 0.950333 0.768875 0.036 0.07175
3 0.789917 0.29875 0.0241667 0.047
3 0.1675 0.68125 0.0276667 0.0455
3 0.197 0.0235 0.02 0.046
3 0.502917 0.200625 0.0311667 0.05725
3 0.174083 0.71825 0.0458333 0.037
3 0.792333 0.310125 0.025 0.03775
3 0.644333 0.333125 0.029 0.03875
3 0.48725 0.751875 0.0305 0.04125
3 0.68025 0.935875 0.0431667 0.03475
3 0.526417 0.20625 0.0245 0.058
3 0.675417 0.37875 0.0461667 0.0405
3 0.970917 0.022 0.0271667 0.034
3 0.979 0.7125 0.0323333 0.0485
3 0.209667 0.070375 0.026 0.03575
3 0.255917 0.088125 0.0288333 0.03675
3 0.203583 0.8085 0.0528333 0.0485
3 0.8415 0.831125 0.0306667 0.04075
3 0.749083 0.754375 0.0441667 0.04575
3 0.594 0.68675 0.035 0.0425
3 0.0231667 0.9385 0.0373333 0.053
3 0.145917 0.802375 0.0375 0.03675
3 0.44025 0.71775 0.0385 0.048
3 0.165083 0.200375 0.0525 0.04275
3 0.669667 0.215375 0.0486667 0.06125
3 0.740417 0.25225 0.0255 0.0345
3 0.834917 0.35625 0.0285 0.035
3 0.918333 0.3055 0.028 0.046
3 0.256417 0.935 0.0275 0.038
3 0.57925 0.726125 0.0285 0.04175
3 0.559417 0.672875 0.0331667 0.04025
3 0.473167 0.72 0.0296667 0.039
3 0.31975 0.305125 0.0401667 0.05825
3 0.363667 0.97775 0.0253333 0.0405
3 0.952167 0.3605 0.0296667 0.0385
3 0.103583 0.310875 0.0245 0.05225
3 0.185 0.79375 0.0393333 0.0635
3 0.30925 0.09425 0.0281667 0.0305
3 0.520667 0.6015 0.0316667 0.0395
3 0.642417 0.75775 0.0258333 0.0485
3 0.683 0.339625 0.0236667 0.03375
3 0.539 0.797 0.0313333 0.0455
3 0.437333 0.804 0.0406667 0.042
3 0.631083 0.101625 0.0278333 0.04475
3 0.365583 0.05925 0.0275 0.054
3 0.51125 0.311875 0.0308333 0.03375
3 0.272583 0.961625 0.0298333 0.04025
3 0.903167 0.355375 0.0383333 0.04375
3 0.69525 0.90825 0.0351667 0.033
3 0.065 0.681125 0.0593333 0.04275
3 0.120083 0.36925 0.0318333 0.0585
3 0.83375 0.268125 0.0291667 0.04175
3 0.895833 0.978875 0.0363333 0.03475
3 0.0629167 0.638375 0.0345 0.04275
3 0.164167 0.02575 0.0403333 0.0325
3 0.440333 0.302125 0.0366667 0.04675
3 0.541 0.9125 0.0216667 0.034
3 0.791583 0.37875 0.0268333 0.066
3 0.828833 0.207625 0.0266667 0.03375
3 0.989083 0.85225 0.0218333 0.05
3 0.890833 0.651375 0.0253333 0.04075
3 0.708 0.201125 0.0256667 0.03475
3 0.114333 0.8105 0.027 0.058
3 0.233 0.823375 0.03 0.05925
3 0.691417 0.019125 0.0248333 0.03775
3 0.395833 0.702875 0.0483333 0.04325
3 0.850333 0.302375 0.048 0.04625
3 0.788083 0.79325 0.0358333 0.042
3 0.759167 0.288 0.034 0.055
3 0.221083 0.9465 0.0341667 0.0355
3 0.836333 0.042125 0.035 0.03875
3 0.720333 0.330875 0.0263333 0.05375
3 0.1555 0.886875 0.03 0.07125
3 0.771667 0.4805 0.0596667 0.039
3 0.222167 0.423375 0.0246667 0.04275
3 0.335833 0.973625 0.021 0.04725
3 0.142333 0.303125 0.0336667 0.03425
3 0.285583 0.4065 0.0275 0.053
3 0.0785 0.063 0.0466667 0.0395
3 0.599417 0.289125 0.0488333 0.04125
3 0.748583 0.67675 0.0281667 0.0375
3 0.40175 0.761125 0.0361667 0.06725
3 0.0370833 0.35375 0.0485 0.0465
3 0.93875 0.95925 0.0308333 0.0775
3 0.220083 0.6295 0.0541667 0.0505
3 0.4805 0.401375 0.0356667 0.04325
3 0.541917 0.06225 0.0298333 0.0595
3 0.981167 0.39075 0.0373333 0.0385
3 0.987417 0.231625 0.0245 0.03575
3 0.760333 0.342625 0.0286667 0.05525
3 0.706917 0.81175 0.0331667 0.076
3 0.646 0.92075 0.0463333 0.055
3 0.59625 0.225125 0.0271667 0.04575
3 0.0359167 0.28475 0.0241667 0.054
3 0.820083 0.847 0.0258333 0.068
3 0.513917 0.83225 0.0398333 0.0625
3 0.362333 0.281375 0.0366667 0.06975
3 0.846667 0.727625 0.0426667 0.05825
3 0.161917 0.385375 0.0385 0.05675
