3 0.353 0.0106667 0.0495 0.0163333
3 0.716625 0.923917 0.02925 0.0231667
3 0.120375 0.281167 0.04075 0.0253333
3 0.820125 0.969583 0.03175 0.0305
3 0.216875 0.26775 0.04575 0.0201667
3 0.67925 0.53075 0.0785 0.0228333
3 0.195125 0.152417 0.04725 0.0238333
3 0.981125 0.686 0.03775 0.0343333
3 0.201875 0.107667 0.04975 0.0273333
3 0.7825 0.0536667 0.063 0.028
3 0.618875 0.0575 0.03775 0.0253333
3 0.084125 0.156333 0.05775 0.0223333
3 0.236125 0.0386667 0.04725 0.0263333
3 0.826375 0.182667 0.04475 0.0236667
3 0.571125 0.396667 0.03525 0.0286667
3 0.399375 0.02425 0.06875 0.0248333
3 0.63175 0.36575 0.0415 0.0331667
3 0.501 0.16925 0.0485 0.0281667
3 0.27625 0.05575 0.0395 0.0288333
3 0.436375 0.584167 0.04275 0.035
3 0.704625 0.1295 0.03825 0.0243333
3 0.083875 0.0619167 0.03775 0.0255
3 0.3935 0.912333 0.0785 0.0276667
3 0.259375 0.808667 0.04175 0.037
3 0.3775 0.655917 0.046 0.0295
3 0.680625 0.0304167 0.04175 0.0265
3 0.19375 0.06 0.042 0.024
3 0.83025 0.07825 0.0495 0.0345
3 0.938125 0.75475 0.03825 0.0278333
3 0.246375 0.151417 0.06275 0.0228333
3 0.066625 0.61425 0.04425 0.0278333
3 0.6615 0.10125 0.0505 0.0351667
3 0.425375 0.668333 0.07825 0.028
3 0.60025 0.205917 0.042 0.0285
3 0.358125 0.8045 0.04325 0.025
3 0.42575 0.315083 0.042 0.0225
3 0.707 0.323667 0.0505 0.0306667
3 0.9135 0.208833 0.038 0.029
3 0.787125 0.501417 0.06575 0.0365
3 0.594 0.667083 0.038 0.0621667
3 0.658 0.3285 0.045 0.0316667
3 0.4815 0.539083 0.056 0.0258333
3 0.324375 0.107333 0.06925 0.0256667
3 0.3085 0.657 0.054 0.03
3 0.2475 0.12525 0.049 0.0235
3 0.407875 0.8875 0.06625 0.0256667
3 0.72275 0.168167 0.0465 0.022
3 0.1885 0.875167 0.0445 0.0353333
3 0.17675 0.52475 0.0355 0.0391667
3 0.453875 0.0615833 0.04075 0.0218333
3 0.786875 0.959 0.05325 0.032
3 0.596625 0.733083 0.04825 0.0495
3 0.548875 0.646833 0.04625 0.0256667
3 0.790875 0.02275 0.05325 0.0351667
3 0.053 0.975333 0.093 0.048
3 0.13325 0.869083 0.076 0.0425
3 0.189625 0.33825 0.05775 0.0281667
3 0.020875 0.0734167 0.04175 0.0261667
3 0.17625 0.451417 0.047 0.0221667
3 0.536625 0.216583 0.05875 0.0271667
3 0.3055 0.804167 0.0495 0.041
3 0.378625 0.2315 0.04075 0.0346667
3 0.095125 0.201583 0.03825 0.0378333
3 0.54075 0.45075 0.058 0.0291667
3 0.484625 0.66 0.07025 0.036
3 0.986875 0.75775 0.02525 0.0428333
3 0.060625 0.0413333 0.04775 0.0236667
3 0.500875 0.566583 0.04525 0.0295
3 0.226375 0.375083 0.06325 0.0295
3 0.44425 0.411083 0.048 0.0355
3 0.2855 0.952667 0.0435 0.0376667
3 0.7935 0.131417 0.0485 0.0408333
3 0.848375 0.220167 0.04725 0.03
3 0.5465 0.290917 0.044 0.0355
3 0.921375 0.0291667 0.04625 0.033
3 0.84475 0.283417 0.056 0.0315
3 0.675625 0.888417 0.03925 0.0381667
3 0.7705 0.392083 0.042 0.0268333
3 0.271625 0.916333 0.06475 0.0283333
3 0.97825 0.18175 0.0415 0.0418333
3 0.753625 0.537417 0.06175 0.0261667
3 0.52225 0.84175 0.045 0.0288333
3 0.873 0.653333 0.0655 0.0323333
3 0.02175 0.842417 0.0435 0.0365
3 0.840875 0.318583 0.07425 0.0248333
3 0.242625 0.323583 0.05475 0.0288333
3 0.859125 0.483583 0.06725 0.0301667
3 0.493625 0.47825 0.06875 0.0258333
3 0.7305 0.42725 0.0385 0.0305
3 0.213625 0.785917 0.04575 0.0451667
3 0.919625 0.381333 0.04825 0.032
3 0.484875 0.3455 0.05725 0.0346667
3 0.254 0.182333 0.053 0.027
3 0.871 0.03325 0.0515 0.0541667
3 0.916 0.123 0.047 0.027
3 0.3045 0.5895 0.0555 0.0253333
3 0.38925 0.0828333 0.087 0.0296667
3 0.49375 0.1935 0.0675 0.032
3 0.627625 0.27925 0.05025 0.0338333
3 0.8005 0.820167 0.057 0.0296667
3 0.491625 0.377833 0.05425 0.0346667
3 0.9725 0.468083 0.0425 0.0345
3 0.16575 0.28975 0.082 0.0405
3 0.208125 0.530333 0.04425 0.0376667
3 0.98 0.89625 0.04 0.0405
3 0.56325 0.981 0.0515 0.0373333
3 0.247 0.749 0.0535 0.035
3 0.075375 0.755 0.05175 0.0326667
3 0.976375 0.031 0.04575 0.0343333
3 0.031 0.632167 0.035 0.0423333
3 0.12575 0.787583 0.0595 0.0321667
3 0.64225 0.243833 0.0455 0.0263333
3 0.110875 0.367667 0.05575 0.039
3 0.68425 0.727917 0.046 0.0378333
3 0.431125 0.834917 0.07425 0.0398333
3 0.34025 0.757083 0.0485 0.0358333
3 0.892375 0.87275 0.07525 0.0395
3 0.184 0.96925 0.059 0.0481667
3 0.976625 0.293417 0.04675 0.0451667
3 0.858 0.15175 0.062 0.0391667
3 0.8135 0.715833 0.0425 0.046
3 0.5285 0.110167 0.065 0.0406667
3 0.404 0.348083 0.0605 0.0371667
