3 0.733000 0.226500 0.034667 0.076000
3 0.694000 0.254500 0.030000 0.064000
3 0.690333 0.309500 0.036000 0.060000
3 0.722333 0.348500 0.037333 0.082000
3 0.787667 0.367000 0.030667 0.073000
3 0.759667 0.422500 0.034667 0.074000
3 0.718667 0.445500 0.028667 0.090000
3 0.733667 0.457000 0.024000 0.061000
3 0.624333 0.404000 0.029333 0.051000
3 0.588667 0.330500 0.032667 0.078000
3 0.537667 0.353000 0.045333 0.089000
3 0.481000 0.333500 0.038667 0.050000
3 0.499667 0.231000 0.038667 0.061000
3 0.490667 0.161500 0.040667 0.044000
3 0.483000 0.103000 0.034667 0.053000
3 0.483667 0.068000 0.037333 0.045000
3 0.466000 0.029000 0.027333 0.049000
3 0.618667 0.120500 0.050000 0.104000
3 0.664500 0.043875 0.034333 0.087250
3 0.579250 0.016875 0.028833 0.033250
3 0.708917 0.020375 0.046833 0.040250
3 0.701667 0.114500 0.032000 0.064000
3 0.819000 0.068500 0.042667 0.092000
3 0.807000 0.126000 0.034667 0.055000
3 0.785333 0.176000 0.052667 0.049000
3 0.908333 0.130000 0.050667 0.073000
3 0.975000 0.223500 0.037333 0.070000
3 0.819333 0.246000 0.026000 0.069000
3 0.808333 0.306000 0.036000 0.099000
3 0.944667 0.380000 0.040667 0.081000
3 0.921000 0.412500 0.046667 0.072000
3 0.912333 0.463500 0.057333 0.092000
3 0.906667 0.527500 0.038000 0.056000
3 0.962667 0.543500 0.043333 0.052000
3 0.851333 0.542000 0.034000 0.071000
3 0.766667 0.560000 0.051333 0.047000
3 0.771000 0.652000 0.036000 0.049000
3 0.887000 0.700500 0.038667 0.072000
3 0.877333 0.583500 0.028667 0.042000
3 0.980667 0.848500 0.034000 0.088000
3 0.965000 0.952000 0.061333 0.067000
3 0.888000 0.946000 0.054000 0.049000
3 0.870667 0.917500 0.031333 0.038000
3 0.894667 0.870500 0.039333 0.056000
3 0.792000 0.820500 0.032667 0.044000
3 0.837333 0.777000 0.023333 0.049000
3 0.749333 0.749000 0.039333 0.089000
3 0.732000 0.790000 0.034000 0.051000
3 0.668667 0.760500 0.039333 0.084000
3 0.669667 0.843000 0.034667 0.053000
3 0.676000 0.911500 0.039333 0.044000
3 0.699667 0.848500 0.025333 0.042000
3 0.495500 0.769375 0.059000 0.067250
3 0.572167 0.733250 0.049000 0.055500
3 0.513667 0.614000 0.036000 0.053000
3 0.511667 0.541500 0.032000 0.072000
3 0.587667 0.558000 0.045333 0.061000
3 0.612667 0.487000 0.038000 0.057000
3 0.564333 0.474500 0.032000 0.066000
3 0.395667 0.261000 0.037333 0.067000
3 0.449667 0.225500 0.030667 0.066000
3 0.418000 0.321500 0.039333 0.082000
3 0.390333 0.321000 0.025333 0.045000
3 0.306333 0.300500 0.038667 0.068000
3 0.248333 0.352000 0.048000 0.055000
3 0.375333 0.451500 0.034000 0.078000
3 0.422333 0.457000 0.041333 0.075000
3 0.489000 0.478500 0.037333 0.062000
3 0.473000 0.413500 0.038667 0.050000
3 0.334667 0.514000 0.032667 0.079000
3 0.364667 0.638500 0.039333 0.088000
3 0.362000 0.715000 0.028667 0.051000
3 0.281667 0.733000 0.054667 0.049000
3 0.457333 0.627000 0.042000 0.039000
3 0.420333 0.615500 0.032000 0.056000
3 0.461000 0.812000 0.028000 0.043000
3 0.471333 0.860500 0.039333 0.044000
3 0.424000 0.865500 0.032667 0.046000
3 0.525667 0.872500 0.038667 0.062000
3 0.507667 0.818000 0.032000 0.041000
3 0.379667 0.958500 0.025333 0.064000
3 0.478250 0.981250 0.034500 0.037500
3 0.471667 0.921500 0.034667 0.040000
3 0.265000 0.859000 0.061333 0.095000
3 0.305000 0.956500 0.070667 0.052000
3 0.245583 0.981250 0.067833 0.037500
3 0.144000 0.906500 0.043333 0.056000
3 0.050333 0.893000 0.065333 0.053000
3 0.094000 0.797500 0.028667 0.068000
3 0.197667 0.802000 0.050667 0.085000
3 0.132000 0.703000 0.047333 0.039000
3 0.097333 0.677000 0.042000 0.039000
3 0.051000 0.643000 0.085333 0.059000
3 0.071667 0.536500 0.033333 0.044000
3 0.095000 0.523000 0.028000 0.037000
3 0.117000 0.492500 0.060000 0.058000
3 0.057333 0.465000 0.034000 0.091000
3 0.149667 0.447000 0.036000 0.083000
3 0.181250 0.454875 0.039167 0.082750
3 0.265333 0.509000 0.039333 0.073000
3 0.135333 0.353000 0.036667 0.051000
3 0.098000 0.260500 0.031333 0.058000
3 0.055333 0.285500 0.020667 0.062000
3 0.077667 0.213500 0.049333 0.068000
3 0.218000 0.248000 0.046000 0.091000
3 0.237667 0.198500 0.036000 0.070000
3 0.306000 0.130000 0.035333 0.039000
3 0.308000 0.094000 0.032667 0.049000
3 0.390000 0.077000 0.042000 0.105000
3 0.315417 0.038875 0.051167 0.077250
3 0.193667 0.037500 0.045333 0.048000
3 0.109333 0.124500 0.055333 0.064000
3 0.019583 0.116750 0.038833 0.049500
3 0.024917 0.077375 0.049500 0.042250
3 0.277333 0.634000 0.027333 0.043000
3 0.244333 0.598500 0.029333 0.038000
3 0.689000 0.600500 0.041333 0.052000
3 0.654333 0.645500 0.046667 0.046000
3 0.749667 0.978000 0.038667 0.037000
3 0.233917 0.084875 0.025167 0.063750
3 0.130083 0.602875 0.027167 0.035750
3 0.162500 0.803875 0.024667 0.041250
3 0.109833 0.912250 0.029667 0.053000
3 0.137083 0.986250 0.025833 0.027500
3 0.162667 0.976000 0.037000 0.038000
3 0.971333 0.424250 0.033667 0.028500
3 0.903750 0.162125 0.040167 0.080250
3 0.969250 0.017625 0.034833 0.034750
3 0.108500 0.759875 0.044667 0.039250
3 0.100917 0.826375 0.029167 0.043750
3 0.109167 0.465750 0.037667 0.088000
3 0.412833 0.497250 0.035000 0.048500
3 0.593250 0.739375 0.021833 0.047250
3 0.619583 0.760500 0.014833 0.030500
