3 0.652625 0.603 0.04125 0.0286667
3 0.770625 0.86 0.03275 0.0203333
3 0.231625 0.967083 0.05325 0.0235
3 0.69225 0.42775 0.037 0.0265
3 0.134 0.0353333 0.0475 0.0226667
3 0.628 0.90425 0.096 0.0348333
3 0.642375 0.456083 0.03475 0.0215
3 0.121 0.84275 0.0805 0.0398333
3 0.73275 0.63575 0.0525 0.0315
3 0.747 0.967083 0.0445 0.0308333
3 0.916625 0.781417 0.04875 0.0265
3 0.52575 0.735917 0.0385 0.0258333
3 0.9835 0.0409167 0.033 0.0291667
3 0.355375 0.6485 0.04975 0.0313333
3 0.235125 0.48875 0.05575 0.0281667
3 0.9715 0.377417 0.0415 0.0265
3 0.8245 0.0868333 0.0455 0.0343333
3 0.01075 0.653833 0.0215 0.0353333
3 0.38025 0.351167 0.05 0.025
3 0.01925 0.232667 0.0385 0.028
3 0.5785 0.74225 0.0475 0.0281667
3 0.25225 0.460583 0.049 0.0318333
3 0.013625 0.692583 0.02725 0.0278333
3 0.465875 0.526167 0.04475 0.027
3 0.424375 0.307833 0.04875 0.0276667
3 0.07075 0.261333 0.0525 0.0316667
3 0.784375 0.0134167 0.07375 0.0258333
3 0.83875 0.451667 0.04 0.0273333
3 0.340875 0.329333 0.04875 0.0286667
3 0.961875 0.756833 0.05525 0.037
3 0.979125 0.990083 0.04175 0.0198333
3 0.756625 0.703167 0.04625 0.043
3 0.052375 0.911583 0.07125 0.0281667
3 0.35175 0.852583 0.0415 0.0265
3 0.740375 0.549917 0.04775 0.0291667
3 0.428375 0.90825 0.04925 0.0278333
3 0.05875 0.3585 0.0545 0.028
3 0.433875 0.765583 0.05075 0.0328333
3 0.33175 0.979083 0.044 0.0418333
3 0.116875 0.9345 0.07275 0.0323333
3 0.3605 0.101583 0.052 0.0288333
3 0.93575 0.868833 0.048 0.0333333
3 0.197625 0.360583 0.06425 0.0341667
3 0.385875 0.2645 0.05875 0.0296667
3 0.753875 0.886583 0.06375 0.0425
3 0.758875 0.492667 0.04525 0.029
3 0.71075 0.49075 0.0445 0.0285
3 0.76925 0.583 0.0485 0.0366667
3 0.374875 0.0161667 0.04825 0.029
3 0.07675 0.5 0.0665 0.0283333
3 0.30575 0.279833 0.0625 0.0316667
3 0.63875 0.880083 0.075 0.0485
3 0.253125 0.18425 0.06625 0.0398333
3 0.19175 0.923 0.0725 0.0293333
3 0.425875 0.835917 0.05125 0.0378333
3 0.7355 0.806917 0.0565 0.0361667
3 0.68875 0.45975 0.06 0.0288333
3 0.22225 0.02775 0.069 0.0325
3 0.513 0.344917 0.0485 0.0338333
3 0.677875 0.5195 0.04825 0.032
3 0.496375 0.695833 0.07325 0.031
3 0.78 0.7645 0.065 0.034
3 0.59 0.450917 0.0535 0.0265
3 0.91575 0.674333 0.063 0.0306667
3 0.06325 0.4325 0.051 0.0393333
3 0.0315 0.176917 0.048 0.0388333
3 0.963375 0.45225 0.04625 0.0361667
3 0.9105 0.596417 0.068 0.0291667
3 0.42875 0.638833 0.051 0.032
3 0.68975 0.587333 0.048 0.0433333
3 0.880125 0.198583 0.06175 0.0258333
3 0.70375 0.320417 0.049 0.0478333
3 0.899625 0.452333 0.05325 0.035
3 0.102375 0.197417 0.06075 0.0338333
3 0.446375 0.265833 0.04925 0.06
3 0.579375 0.360417 0.06825 0.0308333
3 0.97425 0.602417 0.0495 0.0538333
3 0.658 0.774 0.052 0.05
3 0.964125 0.134833 0.05675 0.0483333
3 0.199 0.542583 0.0685 0.0461667
3 0.52225 0.46475 0.073 0.0361667
3 0.35875 0.94325 0.0645 0.0341667
3 0.56675 0.85025 0.0675 0.0441667
3 0.32175 0.890333 0.055 0.0523333
3 0.660875 0.717 0.05425 0.0396667
3 0.4935 0.97675 0.086 0.0445
3 0.34325 0.53225 0.054 0.0385
3 0.180125 0.322333 0.08275 0.0463333
3 0.27825 0.689917 0.0545 0.0425
3 0.21375 0.188167 0.0675 0.0446667
3 0.957375 0.8915 0.06175 0.0446667
3 0.6955 0.0910833 0.071 0.0395
3 0.047 0.07575 0.056 0.0481667
3 0.43475 0.168083 0.0625 0.0428333
3 0.610375 0.0196667 0.06125 0.0393333
3 0.2205 0.729 0.067 0.0573333
3 0.688875 0.232583 0.08775 0.0525
