3 0.95075 0.630667 0.0385 0.0276667
3 0.394875 0.561583 0.03575 0.0185
3 0.72025 0.594333 0.0355 0.0356667
3 0.89125 0.0836667 0.036 0.0246667
3 0.09125 0.568083 0.026 0.0181667
3 0.9075 0.880833 0.042 0.0286667
3 0.032625 0.230667 0.04525 0.0303333
3 0.344875 0.579167 0.04075 0.023
3 0.991625 0.332333 0.01675 0.0276667
3 0.316875 0.795917 0.03675 0.0288333
3 0.9735 0.124583 0.0345 0.0295
3 0.929 0.621083 0.0475 0.0265
3 0.032625 0.2845 0.04875 0.0186667
3 0.492625 0.87775 0.03825 0.0278333
3 0.655375 0.259333 0.05975 0.0206667
3 0.790625 0.277583 0.04125 0.0231667
3 0.619375 0.799 0.04725 0.0293333
3 0.2595 0.256167 0.0385 0.0353333
3 0.115125 0.783083 0.05025 0.0231667
3 0.508125 0.3525 0.04725 0.024
3 0.42125 0.14075 0.073 0.0351667
3 0.767125 0.429167 0.04175 0.0216667
3 0.214 0.783583 0.028 0.0245
3 0.310625 0.959333 0.06175 0.0406667
3 0.306125 0.0904167 0.04325 0.0361667
3 0.51725 0.0249167 0.036 0.0498333
3 0.080375 0.879083 0.03575 0.0261667
3 0.0235 0.086 0.0455 0.0246667
3 0.5765 0.606333 0.056 0.0356667
3 0.673125 0.00775 0.06025 0.0151667
3 0.089 0.838583 0.0385 0.0281667
3 0.394 0.3875 0.0565 0.0246667
3 0.502875 0.848 0.08675 0.0276667
3 0.285375 0.986333 0.05975 0.0273333
3 0.27275 0.853833 0.047 0.0513333
3 0.01025 0.810583 0.0205 0.0371667
3 0.190125 0.025 0.07575 0.0373333
3 0.7205 0.547917 0.064 0.0321667
3 0.826 0.179167 0.0455 0.0286667
3 0.969 0.05825 0.053 0.0198333
3 0.63625 0.811 0.053 0.0326667
3 0.407875 0.80875 0.02725 0.0301667
3 0.055 0.12325 0.069 0.0188333
3 0.5415 0.66775 0.0645 0.0291667
3 0.04575 0.0284167 0.029 0.0301667
3 0.567625 0.250333 0.03975 0.0373333
3 0.791125 0.10975 0.04875 0.0338333
3 0.6845 0.591167 0.0375 0.0503333
3 0.545625 0.0444167 0.03175 0.0325
3 0.4785 0.815083 0.096 0.0498333
3 0.7375 0.895583 0.046 0.0611667
3 0.805375 0.199083 0.03575 0.0261667
3 0.949875 0.49875 0.06175 0.0448333
3 0.8295 0.294833 0.045 0.0336667
3 0.564625 0.64325 0.05225 0.0288333
3 0.331 0.557 0.051 0.0466667
3 0.759125 0.51225 0.05525 0.0248333
3 0.927875 0.595417 0.06875 0.0278333
3 0.42175 0.363833 0.079 0.0236667
3 0.616625 0.0245833 0.05675 0.0318333
3 0.01975 0.19975 0.039 0.0241667
3 0.759125 0.197083 0.03775 0.0285
3 0.957375 0.08225 0.06875 0.0591667
3 0.112 0.679 0.041 0.025
3 0.7555 0.235833 0.049 0.0283333
3 0.80275 0.339417 0.037 0.0258333
3 0.352125 0.803583 0.03725 0.0308333
3 0.016875 0.65825 0.03375 0.0245
3 0.64175 0.0645833 0.0425 0.0441667
3 0.111 0.05775 0.053 0.0275
3 0.63675 0.651667 0.0425 0.0443333
3 0.16025 0.147167 0.0545 0.033
3 0.455625 0.438667 0.05475 0.0383333
3 0.5575 0.13225 0.044 0.0308333
3 0.56425 0.468333 0.0415 0.0326667
3 0.26225 0.941583 0.052 0.0405
3 0.186125 0.95025 0.08075 0.0255
3 0.288625 0.626833 0.02975 0.0396667
3 0.89375 0.647083 0.079 0.0198333
3 0.876125 0.419083 0.06425 0.0271667
3 0.42225 0.482333 0.058 0.0393333
3 0.830625 0.235 0.04225 0.0293333
3 0.96075 0.0205833 0.036 0.0411667
3 0.27675 0.5375 0.0745 0.0296667
3 0.21825 0.27 0.0805 0.025
3 0.341625 0.330583 0.03925 0.0425
3 0.424125 0.0311667 0.04875 0.028
3 0.878875 0.988083 0.09025 0.0225
3 0.469375 0.502083 0.11225 0.0251667
3 0.94875 0.872 0.0475 0.0333333
3 0.97225 0.768083 0.048 0.0278333
3 0.65625 0.230333 0.067 0.03
3 0.70725 0.0530833 0.0265 0.0288333
3 0.965375 0.461083 0.04475 0.0595
3 0.020375 0.553917 0.04075 0.0351667
3 0.212 0.29875 0.0665 0.0261667
3 0.41775 0.928083 0.0385 0.0405
3 0.65725 0.438667 0.063 0.0256667
3 0.74525 0.30275 0.0355 0.0351667
3 0.201125 0.158417 0.05175 0.0238333
3 0.727 0.8165 0.0405 0.0396667
3 0.1345 0.286917 0.0465 0.0271667
3 0.886625 0.563 0.06425 0.0273333
3 0.77375 0.8095 0.0445 0.0453333
3 0.195125 0.845167 0.08075 0.0256667
3 0.02175 0.5085 0.034 0.027
3 0.94025 0.341083 0.052 0.0245
3 0.50025 0.4185 0.0875 0.0333333
3 0.277 0.295417 0.071 0.0331667
3 0.882 0.389083 0.062 0.0291667
3 0.96925 0.9705 0.0325 0.0463333
3 0.22075 0.808833 0.082 0.0266667
3 0.694125 0.77925 0.04625 0.0255
3 0.2845 0.741667 0.05 0.0243333
3 0.083375 0.33525 0.05225 0.0361667
3 0.97975 0.67625 0.04 0.0381667
3 0.66075 0.372917 0.0725 0.0285
3 0.33325 0.901833 0.0445 0.0493333
3 0.554125 0.589083 0.06825 0.0325
3 0.378375 0.198917 0.05075 0.0325
3 0.60875 0.3255 0.0455 0.042
3 0.361125 0.678417 0.07475 0.0251667
3 0.0255 0.148917 0.051 0.0325
3 0.041625 0.928083 0.05925 0.0251667
3 0.87175 0.950083 0.0835 0.0321667
3 0.1735 0.8985 0.0825 0.0436667
3 0.27 0.396583 0.0555 0.0408333
3 0.664375 0.506917 0.07125 0.0398333
3 0.845125 0.7565 0.02625 0.0416667
3 0.478625 0.56275 0.10725 0.0485
3 0.88025 0.799833 0.073 0.0336667
3 0.19 0.219167 0.094 0.0263333
