3 0.745625 0.9185 0.05725 0.024
3 0.371875 0.00708333 0.05225 0.0141667
3 0.402 0.537417 0.0335 0.0278333
3 0.989625 0.3385 0.01925 0.0336667
3 0.037125 0.377167 0.04025 0.031
3 0.549125 0.752833 0.04525 0.0253333
3 0.57 0.06475 0.052 0.0301667
3 0.01575 0.0774167 0.0315 0.0338333
3 0.52 0.0725 0.0565 0.0256667
3 0.211375 0.813583 0.04225 0.0268333
3 0.22825 0.725917 0.0365 0.0231667
3 0.2625 0.7755 0.0445 0.0216667
3 0.237375 0.816917 0.04775 0.0305
3 0.34475 0.988 0.046 0.023
3 0.248125 0.24725 0.04125 0.0265
3 0.118875 0.456167 0.03875 0.0226667
3 0.880875 0.979667 0.03975 0.04
3 0.168625 0.223083 0.03625 0.0278333
3 0.22175 0.1975 0.0435 0.0273333
3 0.08825 0.434 0.05 0.0226667
3 0.79775 0.94975 0.113 0.0651667
3 0.971375 0.427 0.05125 0.0283333
3 0.41475 0.63975 0.041 0.0398333
3 0.43075 0.0521667 0.0335 0.0393333
3 0.1435 0.667917 0.0805 0.0575
3 0.08075 0.463167 0.05 0.018
3 0.229875 0.672333 0.03775 0.023
3 0.793875 0.539417 0.07725 0.0215
3 0.4115 0.674667 0.0435 0.0326667
3 0.164 0.89725 0.035 0.0351667
3 0.96075 0.2435 0.071 0.0273333
3 0.305125 0.79425 0.03975 0.0268333
3 0.454 0.596833 0.053 0.0263333
3 0.922375 0.709667 0.03475 0.037
3 0.73975 0.948333 0.059 0.0483333
3 0.78975 0.0361667 0.115 0.0266667
3 0.010625 0.772417 0.02125 0.0301667
3 0.169 0.59225 0.0535 0.0325
3 0.347 0.196667 0.04 0.0273333
3 0.461375 0.82075 0.04475 0.0301667
3 0.21775 0.909833 0.0385 0.0346667
3 0.31375 0.185 0.04 0.0323333
3 0.0605 0.765417 0.0405 0.0275
3 0.448 0.56775 0.0695 0.0355
3 0.894125 0.24325 0.08925 0.0221667
3 0.24825 0.487833 0.034 0.0293333
3 0.093625 0.796833 0.05425 0.0243333
3 0.648125 0.148417 0.03925 0.0318333
3 0.870625 0.518583 0.09725 0.0278333
3 0.7585 0.0634167 0.114 0.0258333
3 0.44925 0.898 0.0395 0.032
3 0.644 0.3765 0.042 0.0413333
3 0.774 0.4405 0.0895 0.0586667
3 0.7255 0.705333 0.0695 0.0216667
3 0.0155 0.937083 0.031 0.0251667
3 0.9585 0.879333 0.047 0.034
3 0.015875 0.814667 0.03175 0.024
3 0.448625 0.0798333 0.06625 0.023
3 0.24375 0.586583 0.044 0.0575
3 0.74625 0.831167 0.081 0.0226667
3 0.311875 0.82125 0.04275 0.0295
3 0.966375 0.276583 0.04225 0.0471667
3 0.06225 0.10875 0.0505 0.0688333
3 0.031625 0.0174167 0.03575 0.0348333
3 0.672375 0.0521667 0.08325 0.0283333
3 0.147625 0.73675 0.03925 0.0401667
3 0.33475 0.968417 0.068 0.0215
3 0.52025 0.561917 0.0555 0.0315
3 0.060625 0.409167 0.05475 0.0313333
3 0.6625 0.912333 0.0565 0.0313333
3 0.2655 0.950417 0.051 0.0235
3 0.540625 0.600417 0.03225 0.0405
3 0.6995 0.505583 0.0575 0.0228333
3 0.666375 0.79875 0.05975 0.0225
3 0.284 0.916083 0.049 0.0298333
3 0.040375 0.32225 0.06625 0.0308333
3 0.224875 0.859417 0.04275 0.0301667
3 0.647125 0.286083 0.05675 0.0351667
3 0.752 0.775417 0.06 0.0285
3 0.577875 0.978917 0.05175 0.0261667
3 0.665 0.959417 0.0755 0.0258333
3 0.436375 0.17475 0.05925 0.0468333
3 0.436 0.47925 0.068 0.0258333
3 0.13775 0.0306667 0.0735 0.052
3 0.72375 0.983333 0.082 0.0333333
3 0.7265 0.612667 0.0515 0.0463333
3 0.563375 0.1055 0.09225 0.0256667
3 0.196375 0.268583 0.09225 0.0261667
3 0.779875 0.393917 0.10675 0.0325
3 0.56925 0.807 0.1145 0.0376667
3 0.71525 0.308167 0.072 0.0383333
3 0.646625 0.595083 0.04475 0.0248333
3 0.101125 0.136 0.04575 0.0946667
3 0.7405 0.210583 0.054 0.0521667
3 0.374375 0.92025 0.04775 0.0271667
3 0.776875 0.872083 0.10075 0.0335
3 0.560125 0.420333 0.09075 0.0283333
3 0.71875 0.1105 0.0815 0.0396667
3 0.51825 0.03175 0.05 0.0605
3 0.7985 0.304083 0.0535 0.0448333
3 0.789 0.104917 0.074 0.0451667
3 0.555375 0.200833 0.07225 0.0346667
3 0.202375 0.461333 0.04275 0.0533333
3 0.75125 0.151583 0.066 0.0418333
3 0.43775 0.376667 0.106 0.053
3 0.288375 0.0515833 0.06175 0.0628333
3 0.164375 0.169833 0.06125 0.0593333
3 0.210375 0.366083 0.10375 0.0328333
3 0.529875 0.16075 0.08625 0.0551667
3 0.619125 0.228 0.07925 0.04
3 0.377625 0.72775 0.06425 0.0365
3 0.071 0.568583 0.0615 0.0511667
3 0.09975 0.624833 0.083 0.0406667
3 0.920625 0.378167 0.10525 0.0483333
3 0.52875 0.303333 0.0835 0.044
3 0.402625 0.15025 0.07625 0.0381667
3 0.781875 0.502833 0.07325 0.0516667
