3 0.5945 0.322917 0.043 0.0328333
3 0.503125 0.00758333 0.04625 0.0151667
3 0.379125 0.247667 0.04725 0.0233333
3 0.594125 0.261 0.03025 0.021
3 0.947625 0.00741667 0.04075 0.0148333
3 0.61575 0.890917 0.039 0.0321667
3 0.40325 0.3215 0.044 0.024
3 0.228125 0.54375 0.04325 0.0318333
3 0.5255 0.625333 0.04 0.0276667
3 0.6085 0.870917 0.0365 0.0345
3 0.845125 0.486167 0.03775 0.0263333
3 0.077375 0.813167 0.03975 0.0196667
3 0.806375 0.154 0.05875 0.0283333
3 0.4655 0.08475 0.0475 0.0255
3 0.9465 0.99225 0.041 0.0155
3 0.108375 0.81225 0.04375 0.0228333
3 0.91575 0.160417 0.039 0.0275
3 0.976375 0.522167 0.03125 0.022
3 0.91775 0.410667 0.0435 0.0223333
3 0.66775 0.561 0.0385 0.0243333
3 0.012 0.835917 0.024 0.0495
3 0.654375 0.710667 0.03825 0.0223333
3 0.7715 0.0565833 0.045 0.0278333
3 0.559375 0.241833 0.04125 0.021
3 0.57075 0.83325 0.055 0.0295
3 0.108 0.426167 0.043 0.0296667
3 0.572625 0.110333 0.03675 0.0226667
3 0.671625 0.682 0.03925 0.0253333
3 0.973625 0.214 0.04825 0.0246667
3 0.95675 0.0543333 0.0395 0.024
3 0.7635 0.974 0.045 0.0306667
3 0.254375 0.221083 0.04725 0.0385
3 0.014875 0.0714167 0.02975 0.0245
3 0.6515 0.0545833 0.059 0.0251667
3 0.57275 0.6075 0.0405 0.0283333
3 0.385625 0.20625 0.03775 0.0278333
3 0.50675 0.476917 0.052 0.0435
3 0.862375 0.285667 0.02925 0.03
3 0.260375 0.438417 0.04075 0.0291667
3 0.106 0.616 0.039 0.0293333
3 0.731875 0.570667 0.04575 0.026
3 0.308625 0.85575 0.03425 0.0238333
3 0.322875 0.254417 0.03925 0.0255
3 0.46575 0.464583 0.053 0.0275
3 0.9225 0.800167 0.0405 0.0326667
3 0.857125 0.752083 0.04975 0.0251667
3 0.1245 0.39775 0.0365 0.0288333
3 0.331625 0.148167 0.05325 0.0293333
3 0.481125 0.1175 0.04425 0.0226667
3 0.893375 0.431583 0.04675 0.0395
3 0.713875 0.0654167 0.04575 0.0535
3 0.482625 0.657333 0.04275 0.028
3 0.6785 0.644583 0.0395 0.0285
3 0.56525 0.944583 0.0455 0.0291667
3 0.220375 0.235417 0.04625 0.0265
3 0.5935 0.0675 0.0545 0.0253333
3 0.6565 0.76025 0.0375 0.0261667
3 0.146875 0.163333 0.08125 0.0256667
3 0.920375 0.751667 0.02825 0.0283333
3 0.139 0.859333 0.0465 0.055
3 0.58775 0.686917 0.0365 0.0285
3 0.606125 0.7535 0.03175 0.0253333
3 0.669875 0.727583 0.05925 0.0255
3 0.36925 0.0883333 0.0415 0.0303333
3 0.7605 0.0274167 0.0325 0.0408333
3 0.1445 0.0199167 0.05 0.0388333
3 0.668625 0.0151667 0.04375 0.0303333
3 0.866875 0.238667 0.04125 0.0283333
3 0.2955 0.906583 0.0515 0.0278333
3 0.037 0.4375 0.039 0.0576667
3 0.839625 0.655333 0.03625 0.036
3 0.74475 0.947083 0.0445 0.0248333
3 0.961375 0.849167 0.04125 0.0246667
3 0.262375 0.181917 0.04325 0.0311667
3 0.807875 0.604167 0.05175 0.026
3 0.3475 0.47075 0.0725 0.0245
3 0.98125 0.931167 0.0365 0.022
3 0.67275 0.898 0.04 0.0316667
3 0.490125 0.7985 0.04825 0.0316667
3 0.26775 0.272167 0.066 0.0263333
3 0.636625 0.855667 0.04175 0.046
3 0.419375 0.1125 0.04075 0.0326667
3 0.13575 0.524083 0.0455 0.0281667
3 0.195125 0.976583 0.05125 0.0435
3 0.730375 0.21975 0.04025 0.0398333
3 0.767875 0.847167 0.03475 0.0326667
3 0.96775 0.63425 0.033 0.0408333
3 0.385 0.44275 0.0545 0.0281667
3 0.03825 0.776417 0.0625 0.0275
3 0.838625 0.4485 0.05125 0.0366667
3 0.324625 0.29475 0.04525 0.0251667
3 0.779875 0.236 0.05525 0.0253333
3 0.46025 0.8865 0.049 0.0273333
3 0.147625 0.354083 0.05075 0.0321667
3 0.191375 0.76725 0.04825 0.0391667
3 0.380375 0.799917 0.05775 0.0288333
3 0.71925 0.980583 0.0525 0.0378333
3 0.766375 0.537167 0.04775 0.0336667
3 0.953 0.09125 0.0415 0.0431667
3 0.622 0.812667 0.052 0.034
3 0.294625 0.328333 0.04625 0.0293333
3 0.0505 0.886333 0.0715 0.026
3 0.897625 0.83625 0.03675 0.0265
3 0.121 0.985333 0.0735 0.0283333
3 0.18325 0.5455 0.041 0.039
3 0.983 0.7745 0.033 0.058
3 0.026125 0.5665 0.04175 0.032
3 0.509875 0.68575 0.05525 0.0191667
3 0.885 0.584583 0.0945 0.0288333
3 0.93325 0.962833 0.0335 0.0326667
3 0.9635 0.31975 0.0345 0.0401667
3 0.052 0.3045 0.07 0.0236667
3 0.0335 0.136917 0.047 0.0415
3 0.850625 0.15275 0.04575 0.0345
3 0.324875 0.216 0.07275 0.0463333
3 0.513 0.831917 0.037 0.0471667
3 0.3285 0.584417 0.081 0.0275
3 0.194375 0.44375 0.04925 0.0345
3 0.810125 0.391 0.06625 0.029
3 0.62925 0.414833 0.0435 0.049
3 0.341 0.778583 0.063 0.0325
3 0.425625 0.640667 0.04825 0.04
3 0.82275 0.79825 0.0925 0.0258333
3 0.608625 0.0165 0.03725 0.033
3 0.02275 0.923167 0.0455 0.027
3 0.722375 0.720417 0.03725 0.0291667
3 0.908375 0.266167 0.03375 0.0413333
3 0.913125 0.609083 0.10575 0.0305
3 0.548125 0.658417 0.03875 0.0291667
3 0.029875 0.0361667 0.05975 0.0436667
3 0.894875 0.45975 0.05975 0.0378333
3 0.48175 0.249417 0.107 0.0291667
3 0.911875 0.354417 0.06025 0.0301667
3 0.427 0.292417 0.0715 0.0431667
3 0.674 0.949583 0.05 0.0841667
3 0.462875 0.541583 0.06225 0.0345
3 0.66875 0.174583 0.053 0.0328333
3 0.473125 0.93075 0.04525 0.0271667
3 0.879625 0.02775 0.06475 0.0255
3 0.92275 0.21225 0.0815 0.0315
3 0.5405 0.521333 0.082 0.032
3 0.984625 0.959583 0.03075 0.0261667
3 0.040875 0.37625 0.05325 0.0501667
3 0.12725 0.767083 0.055 0.0588333
3 0.521 0.586333 0.07 0.0476667
3 0.91725 0.503083 0.1075 0.0515
3 0.281375 0.4005 0.05525 0.0376667
3 0.233375 0.842917 0.06675 0.0331667
3 0.289875 0.513583 0.09025 0.0385
3 0.17075 0.655667 0.071 0.046
3 0.71475 0.304417 0.105 0.0518333
