3 0.717333 0.449500 0.039333 0.068000
3 0.687000 0.361500 0.045333 0.090000
3 0.786000 0.435000 0.051333 0.053000
3 0.767333 0.393500 0.023333 0.044000
3 0.838333 0.263500 0.025333 0.056000
3 0.900333 0.241500 0.048000 0.086000
3 0.870667 0.345500 0.050000 0.092000
3 0.918667 0.374500 0.043333 0.062000
3 0.934667 0.337500 0.022000 0.044000
3 0.947667 0.427500 0.029333 0.052000
3 0.969333 0.294000 0.026000 0.035000
3 0.874333 0.125000 0.022667 0.061000
3 0.894667 0.110000 0.020667 0.053000
3 0.907667 0.154500 0.026667 0.050000
3 0.927000 0.100500 0.022667 0.048000
3 0.958000 0.103500 0.031333 0.050000
3 0.984833 0.064000 0.030333 0.089000
3 0.918833 0.015375 0.044333 0.030250
3 0.795167 0.022375 0.038333 0.044250
3 0.744667 0.021375 0.040667 0.042250
3 0.839333 0.085000 0.047333 0.087000
3 0.785333 0.139500 0.039333 0.118000
3 0.813333 0.191000 0.044667 0.121000
3 0.681333 0.131000 0.043333 0.069000
3 0.665750 0.040375 0.051833 0.080250
3 0.611667 0.064000 0.029333 0.051000
3 0.602000 0.117000 0.028667 0.061000
3 0.580667 0.203500 0.031333 0.048000
3 0.626667 0.271500 0.036667 0.062000
3 0.665000 0.284500 0.049333 0.050000
3 0.636000 0.371500 0.036667 0.048000
3 0.566333 0.398500 0.037333 0.044000
3 0.815667 0.588000 0.026667 0.059000
3 0.813333 0.528000 0.031333 0.053000
3 0.863000 0.531500 0.029333 0.074000
3 0.831667 0.457500 0.022667 0.042000
3 0.942000 0.707500 0.035333 0.060000
3 0.819000 0.663500 0.037333 0.064000
3 0.724333 0.667000 0.033333 0.045000
3 0.716667 0.791500 0.034000 0.064000
3 0.669667 0.948000 0.046667 0.053000
3 0.781667 0.966500 0.037333 0.056000
3 0.803667 0.917500 0.030667 0.060000
3 0.874333 0.935500 0.064000 0.040000
3 0.919333 0.871000 0.040667 0.055000
3 0.854333 0.817500 0.058667 0.048000
3 0.909667 0.804500 0.053333 0.042000
3 0.934667 0.829000 0.040667 0.029000
3 0.948000 0.764500 0.042000 0.050000
3 0.981500 0.732875 0.037000 0.042750
3 0.674667 0.487500 0.024667 0.042000
3 0.657333 0.633000 0.040667 0.059000
3 0.623333 0.648500 0.031333 0.048000
3 0.636000 0.697500 0.046000 0.044000
3 0.624667 0.780500 0.044667 0.078000
3 0.596333 0.852500 0.029333 0.082000
3 0.568000 0.906500 0.040667 0.040000
3 0.508667 0.842000 0.040667 0.045000
3 0.474000 0.756500 0.028667 0.050000
3 0.570333 0.771500 0.036000 0.050000
3 0.589000 0.699000 0.028000 0.047000
3 0.589333 0.627500 0.030000 0.034000
3 0.561333 0.666000 0.036667 0.045000
3 0.562667 0.518500 0.034000 0.060000
3 0.539000 0.511500 0.045333 0.098000
3 0.485333 0.545000 0.043333 0.077000
3 0.408667 0.593500 0.059333 0.066000
3 0.443333 0.713000 0.070000 0.051000
3 0.408000 0.765000 0.032667 0.049000
3 0.337000 0.739500 0.038667 0.056000
3 0.394333 0.801500 0.030667 0.040000
3 0.394000 0.853500 0.042000 0.036000
3 0.461000 0.890500 0.032000 0.046000
3 0.509333 0.946000 0.046000 0.103000
3 0.386333 0.531500 0.037333 0.074000
3 0.381333 0.474500 0.054000 0.048000
3 0.335333 0.448000 0.027333 0.045000
3 0.312333 0.407000 0.032000 0.057000
3 0.236333 0.458500 0.032000 0.062000
3 0.253667 0.514000 0.034667 0.047000
3 0.222667 0.606500 0.036667 0.048000
3 0.269000 0.707500 0.034667 0.064000
3 0.160000 0.711500 0.036667 0.036000
3 0.244667 0.744000 0.034000 0.049000
3 0.264333 0.783000 0.036000 0.041000
3 0.307333 0.772500 0.034000 0.048000
3 0.362333 0.855500 0.032000 0.040000
3 0.165000 0.816000 0.054667 0.057000
3 0.097667 0.744500 0.070667 0.046000
3 0.118667 0.669500 0.056667 0.068000
3 0.044333 0.865500 0.045333 0.054000
3 0.071000 0.894000 0.038667 0.055000
3 0.104000 0.922000 0.034000 0.085000
3 0.156000 0.919000 0.051333 0.105000
3 0.038667 0.591000 0.044667 0.049000
3 0.017667 0.647000 0.029333 0.063000
3 0.057333 0.687500 0.043333 0.038000
3 0.052333 0.506500 0.044000 0.042000
3 0.167333 0.460000 0.024667 0.045000
3 0.098333 0.441000 0.030667 0.061000
3 0.140667 0.484000 0.048667 0.049000
3 0.102333 0.369500 0.041333 0.048000
3 0.051000 0.366000 0.042667 0.041000
3 0.067333 0.317500 0.038000 0.044000
3 0.171667 0.310000 0.048000 0.053000
3 0.160000 0.336000 0.036667 0.041000
3 0.194000 0.255500 0.047333 0.050000
3 0.208333 0.203000 0.036000 0.061000
3 0.267000 0.264500 0.062667 0.102000
3 0.312000 0.291500 0.035333 0.062000
3 0.340000 0.309000 0.031333 0.069000
3 0.373667 0.324500 0.037333 0.060000
3 0.368333 0.368000 0.034667 0.059000
3 0.366667 0.231500 0.035333 0.054000
3 0.406667 0.232500 0.027333 0.062000
3 0.393667 0.115500 0.046667 0.078000
3 0.371000 0.125000 0.032000 0.045000
3 0.541333 0.095500 0.032667 0.108000
3 0.535000 0.243000 0.022667 0.053000
3 0.497667 0.325500 0.030667 0.036000
3 0.569000 0.280500 0.036000 0.038000
3 0.574000 0.061000 0.036667 0.045000
3 0.540000 0.027500 0.030000 0.048000
3 0.500167 0.021875 0.032333 0.043250
3 0.452000 0.069000 0.034000 0.061000
3 0.446250 0.014375 0.033500 0.028250
3 0.423333 0.053000 0.032667 0.061000
3 0.380000 0.030000 0.024667 0.045000
3 0.295000 0.059500 0.029333 0.068000
3 0.261333 0.072500 0.031333 0.056000
3 0.205333 0.033000 0.052667 0.037000
3 0.259333 0.027000 0.042000 0.039000
3 0.067667 0.097000 0.040000 0.045000
3 0.050667 0.150500 0.067333 0.064000
3 0.026917 0.195125 0.053500 0.090750
3 0.064667 0.266000 0.034000 0.045000
3 0.844333 0.607000 0.026667 0.039000
3 0.866333 0.757500 0.034667 0.040000
3 0.051250 0.036375 0.025167 0.039250
3 0.124417 0.356625 0.031167 0.063250
3 0.124417 0.495000 0.030167 0.031500
3 0.169333 0.752625 0.034333 0.042250
3 0.130333 0.906250 0.019000 0.066000
3 0.120417 0.989125 0.038167 0.021750
3 0.040083 0.989250 0.049500 0.021500
3 0.249167 0.975625 0.035000 0.048750
3 0.273500 0.980750 0.021333 0.038500
3 0.271167 0.845625 0.022333 0.038750
3 0.337583 0.798000 0.037500 0.035000
3 0.259250 0.156250 0.030833 0.053500
3 0.280167 0.172000 0.024000 0.039000
3 0.698250 0.319750 0.025500 0.047500
3 0.718167 0.372125 0.036333 0.038750
3 0.947833 0.200750 0.018667 0.034500
3 0.918417 0.070500 0.041167 0.046500
3 0.532833 0.389125 0.027000 0.037250
3 0.760833 0.952375 0.027000 0.047250
3 0.556500 0.856375 0.016333 0.023750
3 0.864667 0.401750 0.028333 0.031000
