3 0.986625 0.402917 0.02525 0.0248333
3 0.2325 0.854917 0.0395 0.0295
3 0.410875 0.131667 0.04875 0.0356667
3 0.238875 0.766917 0.03925 0.0171667
3 0.451 0.412333 0.0395 0.02
3 0.63025 0.424 0.0305 0.0183333
3 0.8515 0.00625 0.0345 0.0125
3 0.205875 0.00633333 0.04675 0.0126667
3 0.699375 0.356 0.02925 0.0243333
3 0.764875 0.31 0.03225 0.0193333
3 0.790125 0.261667 0.03375 0.0256667
3 0.561875 0.0265833 0.02275 0.0245
3 0.600375 0.993333 0.03925 0.013
3 0.532875 0.0174167 0.02875 0.0235
3 0.937625 0.44 0.03525 0.0153333
3 0.634875 0.438167 0.03675 0.0206667
3 0.545875 0.0124167 0.03775 0.0245
3 0.153 0.586167 0.0455 0.0186667
3 0.411 0.533083 0.036 0.0238333
3 0.250125 0.00658333 0.03575 0.0131667
3 0.6375 0.384833 0.0675 0.0263333
3 0.751125 0.460583 0.04175 0.0241667
3 0.015125 0.288333 0.02625 0.031
3 0.57425 0.835 0.041 0.026
3 0.75175 0.249917 0.031 0.0221667
3 0.24 0.0870833 0.0425 0.0245
3 0.5465 0.783333 0.0375 0.0233333
3 0.7875 0.212667 0.0275 0.034
3 0.58025 0.813 0.071 0.0306667
3 0.248375 0.987583 0.05125 0.0245
3 0.5315 0.298667 0.043 0.022
3 0.31025 0.751167 0.0425 0.024
3 0.605125 0.96975 0.03475 0.0291667
3 0.12625 0.333667 0.0345 0.0176667
3 0.02675 0.575417 0.0505 0.0201667
3 0.66025 0.98675 0.041 0.0245
3 0.7865 0.8135 0.0395 0.0183333
3 0.770125 0.358417 0.03575 0.0258333
3 0.289625 0.809167 0.03775 0.024
3 0.0315 0.220917 0.051 0.0315
3 0.021 0.553417 0.0415 0.0221667
3 0.52 0.824167 0.0375 0.0306667
3 0.01075 0.933833 0.0215 0.0266667
3 0.868125 0.89675 0.03275 0.0248333
3 0.982625 0.720667 0.03075 0.0243333
3 0.717 0.470917 0.03 0.0225
3 0.077375 0.476833 0.03425 0.0166667
3 0.01175 0.2325 0.0235 0.0173333
3 0.179125 0.1375 0.03425 0.0416667
3 0.43625 0.521 0.0325 0.0263333
3 0.765875 0.287333 0.03375 0.0216667
3 0.655 0.540083 0.0365 0.0211667
3 0.901375 0.827333 0.04125 0.0166667
3 0.050125 0.752583 0.03025 0.0181667
3 0.17675 0.81225 0.043 0.0205
3 0.19475 0.0955 0.051 0.052
3 0.86 0.161417 0.031 0.0238333
3 0.212375 0.81525 0.04025 0.0205
3 0.155625 0.0614167 0.04475 0.0365
3 0.266625 0.846417 0.06825 0.0391667
3 0.367375 0.542417 0.04825 0.0311667
3 0.31425 0.682333 0.036 0.0313333
3 0.328125 0.499417 0.02825 0.0321667
3 0.455375 0.0103333 0.03675 0.0206667
3 0.726 0.502083 0.0435 0.0248333
3 0.792125 0.1485 0.05725 0.0193333
3 0.304625 0.903833 0.03175 0.04
3 0.21575 0.981 0.0545 0.0223333
3 0.231 0.396333 0.039 0.0193333
3 0.71125 0.734333 0.0385 0.0216667
3 0.52625 0.677167 0.0435 0.0203333
3 0.014 0.392333 0.028 0.018
3 0.204375 0.732833 0.06675 0.026
3 0.607625 0.46075 0.04025 0.0248333
3 0.79725 0.469583 0.0425 0.0425
3 0.247 0.794417 0.048 0.0208333
3 0.310625 0.532667 0.04875 0.0283333
3 0.864375 0.805333 0.03325 0.0186667
3 0.0585 0.522 0.058 0.0223333
3 0.431625 0.145333 0.05625 0.023
3 0.858 0.0654167 0.0335 0.0291667
3 0.3975 0.10725 0.067 0.0261667
3 0.324375 0.83875 0.04125 0.0298333
3 0.571375 0.9565 0.03625 0.0373333
3 0.79275 0.0499167 0.058 0.0455
3 0.767375 0.542917 0.03525 0.0218333
3 0.95225 0.54075 0.0355 0.0235
3 0.97775 0.550083 0.037 0.0288333
3 0.274375 0.7695 0.06275 0.022
3 0.40525 0.076 0.042 0.0293333
3 0.43525 0.249833 0.051 0.032
3 0.027875 0.183833 0.05575 0.028
3 0.80175 0.301667 0.038 0.023
3 0.356625 0.846 0.03675 0.0323333
3 0.968375 0.819417 0.03625 0.0471667
3 0.0435 0.447333 0.0515 0.017
3 0.699 0.976917 0.0375 0.0461667
3 0.862 0.389 0.03 0.04
3 0.675625 0.4605 0.03625 0.031
3 0.248875 0.716667 0.05325 0.0226667
3 0.632 0.851417 0.0395 0.0298333
3 0.04525 0.638917 0.046 0.0181667
3 0.094 0.541083 0.0515 0.0191667
3 0.66825 0.745417 0.0415 0.0231667
3 0.36675 0.389333 0.0575 0.025
3 0.819125 0.560333 0.02725 0.0343333
3 0.061125 0.277833 0.03975 0.0273333
3 0.64875 0.796333 0.0615 0.0333333
3 0.096375 0.104333 0.04575 0.029
3 0.90325 0.880167 0.039 0.02
3 0.804 0.411583 0.039 0.0225
3 0.57425 0.49325 0.058 0.0268333
3 0.866625 0.930333 0.03125 0.032
3 0.391375 0.729 0.03925 0.0283333
3 0.014625 0.5055 0.02925 0.0216667
3 0.032375 0.143167 0.04525 0.036
3 0.12675 0.218667 0.033 0.0286667
3 0.548125 0.391583 0.05825 0.0251667
3 0.060125 0.244333 0.04825 0.0203333
3 0.2885 0.581833 0.0385 0.0453333
3 0.12275 0.35425 0.067 0.0188333
3 0.618375 0.36825 0.11725 0.0448333
3 0.661875 0.701417 0.05825 0.0271667
3 0.899 0.026 0.058 0.0283333
3 0.054875 0.3265 0.06225 0.0306667
3 0.696875 0.322083 0.07575 0.0578333
3 0.091625 0.797167 0.08925 0.0273333
3 0.139375 0.61025 0.06075 0.0248333
3 0.283375 0.271083 0.09125 0.0281667
3 0.978 0.768667 0.035 0.0353333
3 0.818375 0.908917 0.06075 0.0405
3 0.666375 0.665083 0.05325 0.0618333
3 0.345375 0.223083 0.07075 0.0268333
3 0.07875 0.5715 0.051 0.022
3 0.97475 0.639917 0.0475 0.0301667
3 0.224875 0.950083 0.05125 0.0405
3 0.35475 0.33925 0.057 0.0218333
3 0.072625 0.398167 0.04675 0.023
3 0.67925 0.203583 0.048 0.0365
3 0.60875 0.771 0.058 0.0526667
3 0.151375 0.94925 0.07575 0.0668333
3 0.525125 0.736 0.08775 0.0403333
3 0.8255 0.861583 0.072 0.0398333
3 0.253375 0.676 0.05375 0.0443333
3 0.898125 0.333167 0.06725 0.0423333
