3 0.0095 0.4315 0.019 0.0363333
3 0.946 0.888667 0.052 0.0283333
3 0.623 0.4155 0.0515 0.033
3 0.571625 0.145833 0.07325 0.0456667
3 0.635625 0.113167 0.07525 0.0646667
3 0.0215 0.779083 0.039 0.0525
3 0.068125 0.417333 0.04225 0.0246667
3 0.41075 0.801167 0.0505 0.027
3 0.135 0.5825 0.0585 0.0363333
3 0.018125 0.646833 0.03475 0.0323333
3 0.667125 0.9805 0.05225 0.039
3 0.936375 0.584 0.09725 0.0266667
3 0.4805 0.803917 0.0425 0.0291667
3 0.972875 0.361083 0.04825 0.0278333
3 0.53375 0.36625 0.04 0.0648333
3 0.747375 0.81025 0.05675 0.0768333
3 0.8485 0.923833 0.0425 0.063
3 0.0175 0.487 0.035 0.0356667
3 0.135375 0.803167 0.05025 0.0266667
3 0.19775 0.867083 0.0525 0.0321667
3 0.89875 0.989333 0.0525 0.0213333
3 0.037375 0.34925 0.03825 0.0261667
3 0.596125 0.894333 0.07975 0.0216667
3 0.710375 0.14225 0.04575 0.0348333
3 0.358625 0.301583 0.03925 0.0388333
3 0.578375 0.989667 0.04275 0.0193333
3 0.77025 0.429417 0.0965 0.0305
3 0.593125 0.0150833 0.06225 0.0301667
3 0.8775 0.503 0.061 0.0223333
3 0.55175 0.551083 0.054 0.0281667
3 0.87875 0.2545 0.053 0.0286667
3 0.881875 0.800833 0.07875 0.027
3 0.560375 0.705917 0.05025 0.0425
3 0.980375 0.0271667 0.03925 0.0466667
3 0.531625 0.127667 0.09725 0.065
3 0.390625 0.1545 0.04475 0.063
3 0.834 0.737083 0.0385 0.0698333
3 0.95975 0.502917 0.077 0.0365
3 0.530875 0.936917 0.07425 0.0295
3 0.04275 0.67375 0.0445 0.0591667
3 0.420625 0.731667 0.04225 0.065
3 0.95125 0.38375 0.0585 0.0198333
3 0.511125 0.60275 0.03225 0.0468333
3 0.066875 0.493083 0.05675 0.0455
3 0.0885 0.981833 0.059 0.036
3 0.655375 0.421333 0.07775 0.0526667
3 0.972375 0.8515 0.05375 0.0406667
3 0.1 0.8785 0.051 0.0333333
3 0.51625 0.708083 0.055 0.0431667
3 0.838125 0.137083 0.13875 0.0608333
3 0.84125 0.279333 0.0945 0.028
3 0.883875 0.730917 0.06425 0.0261667
3 0.395375 0.752 0.04425 0.042
3 0.910625 0.0508333 0.06575 0.0933333
3 0.531 0.889167 0.126 0.0373333
3 0.284125 0.443 0.05225 0.025
3 0.583375 0.732167 0.06675 0.033
3 0.82275 0.84125 0.0465 0.0625
3 0.448125 0.516333 0.05675 0.0313333
3 0.160875 0.288917 0.04175 0.0468333
3 0.92675 0.822167 0.1135 0.0423333
3 0.272 0.325 0.062 0.0426667
3 0.7305 0.97825 0.055 0.0375
3 0.385125 0.3355 0.09075 0.053
3 0.26575 0.67575 0.0755 0.0325
3 0.489 0.518833 0.052 0.0583333
3 0.607875 0.8225 0.10025 0.0326667
3 0.24275 0.5165 0.0625 0.07
3 0.835375 0.0554167 0.07975 0.0321667
3 0.0535 0.313083 0.049 0.0308333
3 0.213625 0.11 0.08875 0.0246667
3 0.98425 0.653667 0.0315 0.031
3 0.39325 0.602333 0.046 0.0606667
3 0.053625 0.0634167 0.04575 0.0338333
3 0.576375 0.506833 0.07075 0.0616667
3 0.469125 0.419 0.08725 0.035
3 0.4945 0.0245833 0.062 0.0485
3 0.460625 0.963417 0.07825 0.0528333
3 0.86175 0.190333 0.1015 0.0586667
3 0.749875 0.102167 0.05975 0.0486667
3 0.514375 0.0744167 0.11425 0.0505
3 0.63875 0.97775 0.069 0.0435
3 0.50775 0.458 0.0605 0.0383333
3 0.072125 0.598417 0.07175 0.0431667
3 0.85375 0.391583 0.0685 0.0331667
3 0.851875 0.48575 0.05325 0.0415
3 0.4035 0.244083 0.076 0.0325
3 0.306625 0.558167 0.07125 0.0543333
3 0.097125 0.780667 0.05575 0.046
3 0.25 0.174 0.075 0.05
3 0.782 0.220833 0.089 0.0726667
3 0.87725 0.622833 0.0695 0.0436667
3 0.59375 0.282167 0.0695 0.041
3 0.152 0.690667 0.0965 0.052
3 0.449875 0.366583 0.09775 0.0591667
3 0.923375 0.306333 0.09375 0.0376667
3 0.630375 0.93525 0.11325 0.0511667
3 0.6985 0.26625 0.0625 0.0655
3 0.320625 0.838583 0.10375 0.0501667
3 0.955375 0.42775 0.08675 0.0321667
3 0.667125 0.0228333 0.08925 0.0396667
3 0.1465 0.405917 0.06 0.0628333
3 0.944875 0.18575 0.10225 0.0608333
3 0.957 0.5355 0.086 0.0336667
3 0.78025 0.764167 0.071 0.0623333
3 0.9325 0.363 0.0685 0.0533333
3 0.959125 0.5665 0.07975 0.0416667
3 0.239125 0.359833 0.11075 0.054
3 0.51375 0.196667 0.115 0.0626667
3 0.15275 0.0224167 0.0545 0.0435
3 0.238 0.91225 0.044 0.0781667
3 0.908625 0.6895 0.09275 0.059
3 0.77075 0.682667 0.062 0.058
