3 0.229625 0.763333 0.05675 0.0193333
3 0.77975 0.56975 0.0455 0.0241667
3 0.5055 0.03575 0.0395 0.0401667
3 0.1885 0.511417 0.0415 0.0268333
3 0.806125 0.939333 0.09675 0.026
3 0.9485 0.60575 0.0325 0.0245
3 0.669375 0.297333 0.03075 0.0243333
3 0.678375 0.0211667 0.10175 0.0423333
3 0.9655 0.133583 0.0455 0.0301667
3 0.921625 0.19575 0.06125 0.0318333
3 0.908875 0.652667 0.04875 0.0363333
3 0.016 0.9185 0.032 0.022
3 0.927375 0.171917 0.04275 0.0308333
3 0.7195 0.60325 0.0555 0.0241667
3 0.52625 0.32325 0.0585 0.0168333
3 0.987 0.803583 0.026 0.0368333
3 0.6075 0.1415 0.0275 0.0386667
3 0.58125 0.852333 0.0445 0.0403333
3 0.237625 0.02825 0.04175 0.0291667
3 0.469125 0.293417 0.06425 0.0431667
3 0.456375 0.683 0.05375 0.0266667
3 0.497125 0.354333 0.04275 0.0433333
3 0.501875 0.663917 0.04325 0.0238333
3 0.804 0.734333 0.0925 0.026
3 0.981125 0.0638333 0.03375 0.0293333
3 0.013875 0.960083 0.02775 0.0208333
3 0.85225 0.109417 0.06 0.0195
3 0.475 0.78175 0.0575 0.0215
3 0.58075 0.0845 0.0555 0.05
3 0.948875 0.336083 0.03875 0.0251667
3 0.970125 0.186917 0.04075 0.0491667
3 0.08175 0.610833 0.038 0.032
3 0.4445 0.2405 0.0415 0.0533333
3 0.768125 0.04025 0.05475 0.0221667
3 0.259375 0.781833 0.03675 0.0286667
3 0.745 0.81525 0.0485 0.0301667
3 0.927 0.820583 0.031 0.0441667
3 0.409375 0.615333 0.07275 0.026
3 0.017 0.19625 0.034 0.0245
3 0.859125 0.4705 0.11825 0.0296667
3 0.885875 0.7185 0.13975 0.0306667
3 0.293 0.963 0.0615 0.0273333
3 0.55725 0.26275 0.0685 0.0225
3 0.5075 0.751833 0.0745 0.029
3 0.11425 0.367833 0.06 0.0363333
3 0.159625 0.251833 0.05675 0.0586667
3 0.429875 0.464417 0.04475 0.0335
3 0.628625 0.73475 0.03775 0.0428333
3 0.415875 0.688083 0.06175 0.0315
3 0.044125 0.8835 0.07775 0.0246667
3 0.75775 0.922667 0.127 0.0293333
3 0.676 0.0454167 0.08 0.0231667
3 0.601 0.700583 0.0395 0.0368333
3 0.982375 0.022 0.03525 0.034
3 0.770125 0.45475 0.08325 0.0245
3 0.464875 0.37025 0.06775 0.0618333
3 0.073 0.897 0.056 0.0203333
3 0.043875 0.80125 0.08475 0.0275
3 0.984125 0.653167 0.03175 0.0313333
3 0.84375 0.43475 0.0755 0.0211667
3 0.791375 0.1105 0.06325 0.0303333
3 0.685125 0.419667 0.07425 0.0233333
3 0.45675 0.819333 0.105 0.0286667
3 0.40625 0.237583 0.075 0.0435
3 0.981125 0.357 0.03525 0.0253333
3 0.618625 0.596917 0.05275 0.0231667
3 0.196375 0.646083 0.08775 0.0228333
3 0.1385 0.670333 0.071 0.022
3 0.2415 0.15 0.055 0.0456667
3 0.335 0.599583 0.059 0.0321667
3 0.721 0.726667 0.095 0.0266667
3 0.740875 0.98525 0.07475 0.0291667
3 0.02625 0.572167 0.0525 0.0556667
3 0.12175 0.314333 0.1065 0.065
3 0.5075 0.831917 0.0775 0.0288333
3 0.898625 0.0264167 0.03975 0.0528333
3 0.123375 0.513667 0.03725 0.0386667
3 0.333375 0.713167 0.06425 0.036
3 0.39375 0.20575 0.0795 0.0348333
3 0.298375 0.900167 0.05725 0.0513333
3 0.91225 0.595 0.0375 0.0426667
3 0.162 0.861583 0.141 0.0338333
3 0.40725 0.134167 0.048 0.0826667
3 0.63275 0.303417 0.0715 0.0308333
3 0.139375 0.0171667 0.05375 0.0343333
3 0.56075 0.413083 0.048 0.0541667
3 0.43175 0.02925 0.0545 0.0571667
3 0.210625 0.353333 0.05675 0.0436667
3 0.5535 0.595333 0.1005 0.044
3 0.393625 0.502417 0.05825 0.0358333
3 0.739125 0.2 0.06975 0.0663333
3 0.431125 0.9635 0.11225 0.0336667
3 0.4565 0.759417 0.0735 0.0285
3 0.78225 0.880917 0.1415 0.0271667
3 0.344875 0.286583 0.07075 0.0478333
3 0.769625 0.405583 0.11325 0.0265
3 0.698125 0.46125 0.08075 0.0428333
3 0.3635 0.656417 0.091 0.0311667
3 0.728125 0.572583 0.06975 0.0391667
3 0.153875 0.754333 0.06775 0.0203333
3 0.8365 0.572917 0.0775 0.0458333
3 0.530125 0.0741667 0.07275 0.0416667
3 0.086375 0.466667 0.08725 0.052
3 0.29175 0.479167 0.061 0.036
3 0.1105 0.216917 0.1005 0.0341667
3 0.372125 0.0956667 0.12125 0.038
3 0.386625 0.911417 0.06975 0.0468333
3 0.815375 0.645417 0.09225 0.0588333
3 0.320125 0.419 0.07225 0.031
3 0.840375 0.8285 0.07075 0.0353333
3 0.676875 0.810583 0.06325 0.0431667
3 0.660625 0.18625 0.13925 0.0638333
3 0.74575 0.536 0.0615 0.0383333
3 0.038375 0.400083 0.07675 0.0311667
3 0.074625 0.96025 0.06175 0.0435
3 0.22325 0.468583 0.056 0.0388333
3 0.025375 0.12075 0.05075 0.0558333
3 0.378 0.383833 0.074 0.0463333
3 0.737375 0.33825 0.07325 0.0648333
3 0.544625 0.520833 0.09125 0.0393333
3 0.725875 0.667833 0.09925 0.0633333
