3 0.4205 0.0975 0.0286667 0.0385
3 0.410167 0.569125 0.0263333 0.03475
3 0.783 0.51175 0.0303333 0.0445
3 0.192667 0.9435 0.028 0.037
3 0.20325 0.97225 0.0285 0.0505
3 0.0148333 0.946 0.0293333 0.047
3 0.416167 0.829 0.029 0.045
3 0.263417 0.507125 0.0218333 0.03375
3 0.799417 0.890375 0.0291667 0.06175
3 0.285917 0.858625 0.0208333 0.04825
3 0.984667 0.10675 0.024 0.0315
3 0.25125 0.381875 0.0275 0.04775
3 0.2445 0.410625 0.0333333 0.05175
3 0.9465 0.527125 0.0313333 0.04025
3 0.450667 0.843625 0.0263333 0.03775
3 0.216917 0.23775 0.0281667 0.041
3 0.31825 0.499625 0.0338333 0.04175
3 0.536333 0.476625 0.0216667 0.03975
3 0.713833 0.62975 0.0376667 0.0555
3 0.707 0.54225 0.0263333 0.0425
3 0.632667 0.24525 0.037 0.0465
3 0.650333 0.601375 0.0383333 0.04925
3 0.98 0.2205 0.0296667 0.0425
3 0.4795 0.869375 0.0263333 0.03275
3 0.333167 0.871625 0.0303333 0.03825
3 0.621333 0.242125 0.0386667 0.04075
3 0.0941667 0.202625 0.0283333 0.04725
3 0.0450833 0.217625 0.0311667 0.03425
3 0.98725 0.5975 0.0255 0.0685
3 0.266333 0.793625 0.027 0.03875
3 0.0806667 0.837 0.0236667 0.0715
3 0.243333 0.19475 0.0323333 0.047
3 0.201833 0.272375 0.0376667 0.04375
3 0.438583 0.13725 0.0308333 0.0465
3 0.9885 0.909625 0.0223333 0.06575
3 0.889917 0.851375 0.0331667 0.03875
3 0.150583 0.692875 0.0388333 0.07225
3 0.324667 0.545125 0.0463333 0.04225
3 0.145333 0.19225 0.048 0.0455
3 0.125417 0.143625 0.0501667 0.05625
3 0.440333 0.626875 0.0256667 0.03725
3 0.264833 0.89125 0.0273333 0.0675
3 0.415417 0.502625 0.0321667 0.04775
3 0.0879167 0.967875 0.0528333 0.04175
3 0.493667 0.529125 0.0333333 0.04475
3 0.186417 0.50275 0.0311667 0.051
3 0.812583 0.846 0.0465 0.0445
3 0.608833 0.2985 0.035 0.04
3 0.974917 0.821375 0.0348333 0.04475
3 0.107667 0.887875 0.043 0.04225
3 0.4815 0.9785 0.049 0.036
3 0.954 0.306625 0.0413333 0.05725
3 0.832417 0.949625 0.0421667 0.04525
3 0.4745 0.321375 0.0243333 0.06175
3 0.922083 0.824625 0.0531667 0.04875
3 0.0244167 0.270125 0.0275 0.05375
3 0.571083 0.877875 0.0325 0.06025
3 0.947583 0.103 0.0331667 0.0515
3 0.842583 0.2605 0.0461667 0.0345
3 0.141333 0.509625 0.035 0.04775
3 0.788417 0.090375 0.0425 0.04025
3 0.972667 0.26325 0.0326667 0.06
3 0.942167 0.711625 0.039 0.04475
3 0.7575 0.921125 0.0383333 0.04825
3 0.895667 0.573625 0.0393333 0.05375
3 0.9315 0.9755 0.0473333 0.0445
3 0.900583 0.185 0.0591667 0.047
3 0.46725 0.2045 0.0345 0.044
3 0.7065 0.2005 0.0306667 0.0385
3 0.802167 0.179375 0.034 0.05375
3 0.165417 0.637625 0.0358333 0.05125
3 0.959583 0.935875 0.0348333 0.06125
3 0.301167 0.62775 0.0333333 0.051
3 0.969167 0.159 0.0536667 0.047
3 0.71925 0.288625 0.0441667 0.05525
3 0.839917 0.169875 0.0365 0.04375
3 0.634083 0.548875 0.0511667 0.04875
3 0.499667 0.1855 0.0303333 0.0655
3 0.655083 0.90725 0.0401667 0.0585
3 0.655417 0.17825 0.0361667 0.0395
3 0.0976667 0.58525 0.0416667 0.052
3 0.444667 0.72075 0.032 0.091
3 0.376583 0.666125 0.0358333 0.06325
3 0.80975 0.707 0.0368333 0.0725
3 0.754417 0.6065 0.0321667 0.081
3 0.629333 0.947 0.0216667 0.0595
3 0.0818333 0.094375 0.0376667 0.05925
3 0.136167 0.043625 0.033 0.06975
3 0.57675 0.96175 0.0261667 0.0765
3 0.897417 0.9 0.0548333 0.064
3 0.754083 0.02025 0.0411667 0.0405
3 0.354083 0.14975 0.0498333 0.06
3 0.90825 0.66775 0.0351667 0.0905
3 0.14025 0.954625 0.0368333 0.07025
3 0.756417 0.383625 0.0348333 0.08075
3 0.916083 0.260375 0.0448333 0.06625
3 0.97875 0.722125 0.0411667 0.08675
3 0.51625 0.9615 0.0431667 0.073
3 0.862917 0.658875 0.0385 0.07625
3 0.0563333 0.315 0.0423333 0.0635
3 0.396667 0.288875 0.0426667 0.06375
3 0.156583 0.777125 0.0385 0.10325
3 0.498333 0.590625 0.0473333 0.08375
3 0.576333 0.66725 0.045 0.0935
3 0.303083 0.212375 0.0435 0.06425
3 0.181667 0.31675 0.0516667 0.0705
3 0.79025 0.605875 0.0455 0.09075
3 0.0665 0.69225 0.0376667 0.1325
3 0.262167 0.680875 0.042 0.10525
3 0.702417 0.680375 0.0598333 0.10325
3 0.273583 0.290375 0.0478333 0.06975
