3 0.383833 0.879625 0.037 0.06125
3 0.161167 0.236625 0.03 0.03475
3 0.211 0.974875 0.0336667 0.04025
3 0.934833 0.981375 0.041 0.03725
3 0.566 0.5905 0.0263333 0.047
3 0.04775 0.65525 0.0315 0.03
3 0.7965 0.8845 0.0293333 0.0445
3 0.161083 0.894375 0.0288333 0.03725
3 0.821917 0.527625 0.0295 0.03375
3 0.382083 0.94 0.0351667 0.063
3 0.595833 0.114875 0.0356667 0.04825
3 0.2835 0.258125 0.0263333 0.03725
3 0.845333 0.5655 0.0283333 0.047
3 0.57975 0.041 0.0238333 0.054
3 0.991667 0.191625 0.0166667 0.04875
3 0.591333 0.8085 0.029 0.0475
3 0.88025 0.54275 0.0365 0.0425
3 0.613583 0.16775 0.0341667 0.0445
3 0.373 0.244 0.0296667 0.037
3 0.988167 0.98075 0.0233333 0.0385
3 0.0848333 0.176375 0.042 0.04525
3 0.965667 0.110375 0.0316667 0.05225
3 0.909667 0.985 0.0263333 0.025
3 0.185 0.286375 0.035 0.03925
3 0.07825 0.916 0.0208333 0.038
3 0.539417 0.947625 0.0268333 0.04775
3 0.404917 0.635 0.0245 0.066
3 0.988667 0.028125 0.0226667 0.05025
3 0.340417 0.95725 0.0275 0.0415
3 0.37825 0.061125 0.0361667 0.06525
3 0.0250833 0.17675 0.0285 0.0655
3 0.508417 0.832625 0.0481667 0.06175
3 0.845833 0.8485 0.0273333 0.0425
3 0.103333 0.749375 0.0346667 0.04125
3 0.125167 0.559125 0.0326667 0.05325
3 0.44275 0.601625 0.0278333 0.04775
3 0.911917 0.55475 0.0578333 0.0395
3 0.508167 0.2055 0.0306667 0.0345
3 0.0440833 0.298375 0.0238333 0.04975
3 0.326083 0.254625 0.0295 0.04025
3 0.4955 0.585375 0.0273333 0.05875
3 0.685667 0.371625 0.0396667 0.04325
3 0.84575 0.659 0.0395 0.0525
3 0.907 0.2005 0.032 0.028
3 0.171333 0.529375 0.032 0.05575
3 0.143917 0.662125 0.0318333 0.04675
3 0.0576667 0.55625 0.0303333 0.0375
3 0.53175 0.86175 0.0545 0.049
3 0.748417 0.677875 0.0328333 0.06225
3 0.582667 0.509375 0.0276667 0.04675
3 0.195917 0.6645 0.0261667 0.04
3 0.0905 0.60525 0.0356667 0.035
3 0.0495833 0.732625 0.0381667 0.05475
3 0.234417 0.848875 0.0325 0.04725
3 0.954667 0.2035 0.0423333 0.041
3 0.426667 0.97925 0.037 0.0355
3 0.899333 0.487875 0.0496667 0.03075
3 0.416833 0.226875 0.032 0.03525
3 0.4755 0.106125 0.0403333 0.04825
3 0.132 0.900625 0.034 0.04525
3 0.812917 0.018625 0.0521667 0.03725
3 0.714083 0.55775 0.0531667 0.0585
3 0.327 0.146 0.0373333 0.059
3 0.526833 0.55125 0.0393333 0.0585
3 0.43325 0.86425 0.0415 0.048
3 0.895667 0.07925 0.066 0.0455
3 0.73375 0.94575 0.0295 0.0465
3 0.722667 0.123125 0.0366667 0.03975
3 0.664417 0.210125 0.0361667 0.06425
3 0.68525 0.0435 0.0448333 0.0575
3 0.538417 0.692375 0.0418333 0.05775
3 0.938083 0.934 0.0535 0.064
3 0.0159167 0.596 0.0318333 0.048
3 0.535083 0.493 0.0388333 0.043
3 0.493 0.159 0.0333333 0.0595
3 0.637083 0.548125 0.0421667 0.04625
3 0.32925 0.06775 0.0341667 0.053
3 0.663583 0.1495 0.0511667 0.0495
3 0.937583 0.871 0.0605 0.0355
3 0.896 0.932125 0.0376667 0.04925
3 0.296333 0.307875 0.0563333 0.07525
3 0.968333 0.61525 0.052 0.0525
3 0.823417 0.962625 0.0421667 0.06275
3 0.388167 0.6755 0.037 0.118
3 0.685917 0.619375 0.0448333 0.06075
3 0.455417 0.67825 0.0441667 0.0525
3 0.479667 0.79925 0.0443333 0.1275
3 0.807417 0.093625 0.0425 0.06125
3 0.26825 0.14775 0.0408333 0.062
3 0.5925 0.645875 0.0436667 0.05575
3 0.389833 0.135125 0.0603333 0.04525
3 0.578583 0.206625 0.0531667 0.05025
3 0.12225 0.089375 0.0528333 0.07775
3 0.48875 0.240625 0.0495 0.04575
3 0.666083 0.953625 0.0408333 0.05575
3 0.924417 0.80575 0.0538333 0.0595
3 0.749 0.203625 0.0633333 0.06225
3 0.617083 0.933125 0.0335 0.08125
3 0.29575 0.9425 0.0381667 0.0595
3 0.78475 0.738875 0.0391667 0.10375
3 0.660667 0.66825 0.038 0.092
3 0.89075 0.622875 0.0531667 0.06025
3 0.212833 0.296 0.0596667 0.1195
3 0.0715 0.244375 0.0683333 0.08825
