3 0.534667 0.955625 0.0286667 0.03675
3 0.605167 0.876625 0.0253333 0.04625
3 0.975083 0.907125 0.0275 0.04775
3 0.806083 0.60575 0.0368333 0.046
3 0.774 0.59325 0.025 0.045
3 0.558833 0.067375 0.0286667 0.06125
3 0.8715 0.709 0.0293333 0.077
3 0.236417 0.596125 0.0295 0.03175
3 0.741 0.179125 0.0403333 0.04275
3 0.0175833 0.605875 0.0318333 0.03025
3 0.610667 0.020625 0.0233333 0.04125
3 0.0263333 0.170125 0.0326667 0.04775
3 0.724917 0.15325 0.0275 0.0465
3 0.34175 0.807375 0.0225 0.05125
3 0.119583 0.084625 0.0285 0.03325
3 0.8925 0.934375 0.0373333 0.04025
3 0.9155 0.8605 0.032 0.042
3 0.02675 0.501875 0.0371667 0.04325
3 0.148583 0.202375 0.0338333 0.03675
3 0.427917 0.168 0.0278333 0.044
3 0.448 0.012625 0.0266667 0.02525
3 0.378417 0.383625 0.0321667 0.04325
3 0.61375 0.2135 0.0435 0.0495
3 0.94 0.7035 0.0313333 0.0535
3 0.833917 0.201875 0.0455 0.04775
3 0.558 0.792375 0.0306667 0.04375
3 0.0216667 0.73775 0.0233333 0.04
3 0.683333 0.394875 0.0293333 0.06075
3 0.1655 0.94025 0.031 0.0425
3 0.852333 0.356875 0.065 0.05925
3 0.101833 0.178625 0.0273333 0.04175
3 0.65125 0.493375 0.0288333 0.04175
3 0.11625 0.45525 0.0318333 0.055
3 0.360417 0.80225 0.0288333 0.071
3 0.568083 0.011875 0.0275 0.02375
3 0.95075 0.946625 0.0525 0.03525
3 0.4005 0.421 0.031 0.061
3 0.203417 0.355 0.0281667 0.06
3 0.8095 0.199625 0.0446667 0.05325
3 0.520667 0.437875 0.028 0.04275
3 0.141 0.134 0.0466667 0.048
3 0.435333 0.21775 0.037 0.0395
3 0.7905 0.91825 0.0276667 0.1225
3 0.06125 0.4565 0.0285 0.0825
3 0.0486667 0.154 0.027 0.0385
3 0.796333 0.40225 0.03 0.0595
3 0.702333 0.2665 0.0503333 0.049
3 0.583417 0.447375 0.0301667 0.04125
3 0.02225 0.2325 0.0281667 0.0365
3 0.188167 0.456375 0.028 0.09925
3 0.414833 0.266875 0.0296667 0.03875
3 0.3525 0.28075 0.0336667 0.0395
3 0.634833 0.089875 0.0313333 0.05275
3 0.9465 0.778875 0.0306667 0.05875
3 0.779917 0.472 0.0341667 0.0645
3 0.540083 0.7485 0.0441667 0.044
3 0.388667 0.325875 0.0333333 0.05175
3 0.559083 0.676625 0.0251667 0.04025
3 0.0755 0.260375 0.033 0.07175
3 0.437083 0.447125 0.0288333 0.07825
3 0.277333 0.233125 0.041 0.03525
3 0.740333 0.4245 0.044 0.038
3 0.34125 0.699875 0.0355 0.06025
3 0.954583 0.023875 0.0471667 0.04775
3 0.8025 0.756625 0.0453333 0.09325
3 0.62075 0.649125 0.0528333 0.04125
3 0.52725 0.674875 0.0398333 0.04025
3 0.393583 0.10125 0.0261667 0.0535
3 0.30225 0.4425 0.0471667 0.056
3 0.624333 0.135875 0.047 0.05375
3 0.409167 0.933875 0.03 0.07525
3 0.607583 0.7935 0.0301667 0.061
3 0.285167 0.964625 0.0526667 0.04525
3 0.263667 0.40175 0.0306667 0.0655
3 0.03 0.0775 0.0333333 0.048
3 0.691333 0.607125 0.0263333 0.08425
3 0.190833 0.790875 0.031 0.05175
3 0.765167 0.288 0.052 0.056
3 0.831417 0.07 0.0601667 0.0465
3 0.8345 0.664 0.0563333 0.068
3 0.845167 0.915875 0.031 0.11075
3 0.315333 0.17775 0.0313333 0.0565
3 0.740417 0.57025 0.0461667 0.0605
3 0.382083 0.566125 0.0278333 0.07775
3 0.479 0.129625 0.0443333 0.04575
3 0.65125 0.94325 0.0295 0.0985
3 0.41375 0.655875 0.0285 0.08025
3 0.079 0.723625 0.0323333 0.07225
3 0.10625 0.3355 0.0488333 0.056
3 0.824417 0.52675 0.0605 0.0705
3 0.643167 0.353125 0.046 0.05025
3 0.947833 0.120125 0.032 0.07325
3 0.509333 0.572375 0.0386667 0.05125
3 0.121667 0.39625 0.0443333 0.0715
3 0.172917 0.279625 0.0368333 0.05625
3 0.420917 0.100625 0.0315 0.06025
3 0.241667 0.63575 0.0516667 0.0495
3 0.6445 0.731125 0.0323333 0.06325
3 0.508583 0.2675 0.0428333 0.0545
3 0.22525 0.818875 0.0385 0.09475
3 0.686083 0.488375 0.0321667 0.05575
3 0.293083 0.33925 0.0418333 0.0555
3 0.586583 0.913875 0.0338333 0.11975
3 0.479917 0.828625 0.0481667 0.07625
3 0.578083 0.381125 0.0391667 0.04725
3 0.911 0.293875 0.0566667 0.06125
3 0.60275 0.55225 0.0401667 0.053
3 0.494083 0.36775 0.0365 0.0815
