3 0.398333 0.350500 0.052000 0.070000
3 0.379667 0.369500 0.032000 0.060000
3 0.388667 0.426500 0.035333 0.080000
3 0.395667 0.531500 0.049333 0.062000
3 0.338333 0.574500 0.053333 0.084000
3 0.316333 0.449500 0.037333 0.060000
3 0.231000 0.188500 0.041333 0.098000
3 0.166333 0.175500 0.056000 0.072000
3 0.109667 0.115000 0.078667 0.051000
3 0.181333 0.098000 0.074000 0.063000
3 0.254667 0.118000 0.060667 0.053000
3 0.318333 0.185000 0.049333 0.099000
3 0.320667 0.078000 0.038000 0.113000
3 0.382333 0.228500 0.037333 0.082000
3 0.418000 0.249500 0.030000 0.076000
3 0.441333 0.232000 0.038000 0.075000
3 0.430000 0.152000 0.035333 0.071000
3 0.473333 0.172500 0.062000 0.100000
3 0.511333 0.108000 0.050000 0.153000
3 0.577000 0.100500 0.074667 0.090000
3 0.594000 0.034000 0.068667 0.063000
3 0.432833 0.015875 0.028333 0.031250
3 0.398833 0.019875 0.032333 0.039250
3 0.168667 0.257500 0.088667 0.094000
3 0.113333 0.289000 0.075333 0.063000
3 0.090000 0.435750 0.083333 0.115000
3 0.070333 0.512500 0.033333 0.054000
3 0.026333 0.481500 0.029333 0.076000
3 0.041000 0.556000 0.048000 0.077000
3 0.116000 0.564500 0.075333 0.056000
3 0.138000 0.466000 0.028667 0.103000
3 0.164333 0.460500 0.033333 0.060000
3 0.210667 0.516000 0.031333 0.075000
3 0.212000 0.572500 0.035333 0.060000
3 0.009250 0.213750 0.018167 0.075500
3 0.010250 0.108750 0.020167 0.099500
3 0.040000 0.098500 0.047333 0.106000
3 0.044333 0.152000 0.049333 0.041000
3 0.168333 0.037500 0.045333 0.058000
3 0.138750 0.018875 0.027167 0.037250
3 0.068083 0.013875 0.025833 0.027250
3 0.131333 0.676000 0.059333 0.055000
3 0.038667 0.709000 0.066000 0.069000
3 0.015917 0.712875 0.031500 0.033250
3 0.018583 0.800250 0.036833 0.048500
3 0.061333 0.822500 0.052667 0.040000
3 0.165333 0.845500 0.100667 0.104000
3 0.239667 0.841000 0.034000 0.055000
3 0.279000 0.818500 0.040000 0.088000
3 0.341333 0.798500 0.042000 0.062000
3 0.394667 0.846000 0.055333 0.051000
3 0.391000 0.899500 0.056000 0.060000
3 0.342667 0.910000 0.031333 0.055000
3 0.207667 0.927000 0.042667 0.053000
3 0.112833 0.968750 0.034333 0.062500
3 0.103000 0.886500 0.033333 0.042000
3 0.035667 0.933000 0.028000 0.045000
3 0.359333 0.682500 0.028667 0.064000
3 0.393667 0.710000 0.029333 0.055000
3 0.415333 0.791000 0.042000 0.099000
3 0.483667 0.727000 0.045333 0.083000
3 0.478000 0.778000 0.039333 0.053000
3 0.545333 0.679000 0.074000 0.045000
3 0.547333 0.712000 0.044667 0.041000
3 0.465000 0.634500 0.034667 0.054000
3 0.462667 0.572500 0.070000 0.098000
3 0.491000 0.396500 0.050667 0.062000
3 0.543000 0.426000 0.036000 0.083000
3 0.570000 0.322500 0.066000 0.062000
3 0.650667 0.254500 0.034000 0.080000
3 0.657667 0.328000 0.062667 0.075000
3 0.669667 0.425500 0.046667 0.052000
3 0.631000 0.462500 0.042667 0.064000
3 0.669333 0.575500 0.078000 0.096000
3 0.616667 0.595000 0.031333 0.067000
3 0.545667 0.536000 0.034667 0.051000
3 0.654000 0.689500 0.060667 0.060000
3 0.666667 0.735500 0.039333 0.050000
3 0.612667 0.859500 0.051333 0.068000
3 0.533000 0.879000 0.028000 0.045000
3 0.520000 0.948500 0.040667 0.046000
3 0.556167 0.984250 0.067667 0.031500
3 0.735667 0.911500 0.034667 0.076000
3 0.780667 0.971500 0.043333 0.054000
3 0.824167 0.959250 0.037000 0.081500
3 0.873667 0.873000 0.038667 0.129000
3 0.764667 0.772000 0.043333 0.045000
3 0.857333 0.669500 0.062000 0.060000
3 0.893000 0.573500 0.046667 0.096000
3 0.916667 0.700000 0.030000 0.087000
3 0.945667 0.679500 0.030667 0.070000
3 0.992167 0.610750 0.015667 0.050500
3 0.966667 0.466500 0.047333 0.072000
3 0.980333 0.409000 0.021333 0.039000
3 0.717333 0.485000 0.050000 0.103000
3 0.818000 0.377000 0.028667 0.095000
3 0.858000 0.340000 0.031333 0.053000
3 0.950333 0.366000 0.040000 0.073000
3 0.938667 0.287500 0.048667 0.096000
3 0.916000 0.152500 0.058000 0.074000
3 0.845000 0.231250 0.058000 0.106000
3 0.960333 0.167000 0.044000 0.091000
3 0.977000 0.119000 0.042667 0.077000
3 0.850333 0.088500 0.033333 0.062000
3 0.772000 0.145500 0.043333 0.090000
3 0.762000 0.205000 0.039333 0.145000
3 0.708667 0.167500 0.044667 0.124000
3 0.551500 0.591250 0.055000 0.039500
3 0.686333 0.808000 0.042667 0.039000
3 0.980667 0.868500 0.031333 0.042000
3 0.205583 0.524875 0.055500 0.122250
3 0.093833 0.946000 0.026667 0.042000
3 0.396000 0.088125 0.032667 0.089750
3 0.663583 0.111375 0.028500 0.046750
3 0.603000 0.271250 0.022333 0.041500
3 0.616500 0.505750 0.046333 0.100000
3 0.584083 0.514125 0.035500 0.061250
3 0.728833 0.629500 0.021333 0.069500
3 0.811167 0.601750 0.040667 0.047000
3 0.792083 0.534750 0.051167 0.091500
3 0.705500 0.487375 0.035667 0.119750
3 0.723583 0.491875 0.045167 0.094750
3 0.463833 0.327500 0.025333 0.065000
3 0.522083 0.280125 0.031500 0.040750
3 0.520750 0.353250 0.047500 0.043000
3 0.483750 0.364875 0.045167 0.041750
3 0.287167 0.687500 0.022333 0.032500
3 0.427167 0.966125 0.028333 0.038250
3 0.143583 0.856750 0.049500 0.078000
