1 0.3921783625730994 0.10032894736842105 0.021198830409356724 0.043859649122807015
1 0.30957602339181284 0.07648026315789473 0.023391812865497075 0.015899122807017545
1 0.23135964912280702 0.07757675438596491 0.019736842105263157 0.02357456140350877
1 0.20303362573099415 0.0625 0.0537280701754386 0.05592105263157894
1 0.04404239766081871 0.07209429824561403 0.021564327485380116 0.016995614035087717
1 0.018092105263157895 0.06304824561403509 0.02448830409356725 0.01425438596491228
1 0.3819444444444444 0.1894188596491228 0.031432748538011694 0.03673245614035087
1 0.26864035087719296 0.19873903508771928 0.01827485380116959 0.018092105263157895
1 0.16410818713450293 0.18777412280701752 0.016812865497076022 0.022478070175438597
1 0.10160818713450293 0.1699561403508772 0.015350877192982455 0.013157894736842105
1 0.007309941520467836 0.27001096491228066 0.012426900584795321 0.06743421052631579
1 0.06451023391812866 0.27987938596491224 0.042763157894736836 0.020285087719298246
1 0.102156432748538 0.28618421052631576 0.027412280701754384 0.02631578947368421
1 0.1421783625730994 0.26535087719298245 0.038011695906432746 0.041666666666666664
1 0.19718567251461988 0.25493421052631576 0.027412280701754384 0.05043859649122807
1 0.22514619883040934 0.2793311403508772 0.021929824561403508 0.0268640350877193
1 0.2713815789473684 0.2754934210526316 0.048611111111111105 0.05317982456140351
1 0.30665204678362573 0.28371710526315785 0.04678362573099415 0.06304824561403509
1 0.35928362573099415 0.4336622807017544 0.01827485380116959 0.027412280701754384
1 0.26078216374269003 0.3881578947368421 0.044956140350877194 0.05701754385964912
1 0.2044956140350877 0.3983004385964912 0.04568713450292397 0.05208333333333333
1 0.09082602339181287 0.39610745614035087 0.03764619883040936 0.044407894736842105
1 0.07675438596491227 0.37746710526315785 0.031432748538011694 0.046600877192982455
1 0.029788011695906433 0.3782894736842105 0.032529239766081866 0.06469298245614034
1 0.04203216374269006 0.5019188596491228 0.038011695906432746 0.042214912280701754
1 0.19389619883040934 0.4808114035087719 0.04057017543859649 0.05043859649122807
1 0.23958333333333331 0.490953947368421 0.04057017543859649 0.06524122807017543
1 0.3188961988304093 0.47505482456140347 0.05738304093567251 0.06743421052631579
1 0.3843201754385965 0.5309758771929824 0.035453216374269 0.05756578947368421
1 0.3980263157894737 0.6181469298245613 0.01608187134502924 0.02357456140350877
1 0.41154970760233917 0.6192434210526315 0.011695906432748537 0.02357456140350877
1 0.13029970760233917 0.5679824561403508 0.01864035087719298 0.021929824561403508
1 0.012792397660818713 0.5630482456140351 0.02412280701754386 0.03179824561403509
1 0.09722222222222221 0.6184210526315789 0.021929824561403508 0.02850877192982456
1 0.3399122807017544 0.7151864035087719 0.027777777777777776 0.03453947368421052
1 0.44883040935672514 0.8144188596491228 0.015350877192982455 0.04989035087719298
1 0.47697368421052627 0.7949561403508771 0.025584795321637425 0.042763157894736836
1 0.4296418128654971 0.4915021929824561 0.03326023391812866 0.048793859649122806
1 0.445906432748538 0.06277412280701754 0.03216374269005848 0.05756578947368421
1 0.48684210526315785 0.1282894736842105 0.016812865497076022 0.05263157894736842
1 0.5531798245614035 0.09375 0.02448830409356725 0.03618421052631579
1 0.5820540935672515 0.10718201754385964 0.0266812865497076 0.05098684210526316
1 0.6343201754385964 0.054002192982456135 0.023026315789473683 0.044407894736842105
1 0.7149122807017544 0.08552631578947367 0.016812865497076022 0.043859649122807015
1 0.7554824561403508 0.1137609649122807 0.03289473684210526 0.05975877192982456
1 0.8042763157894737 0.03782894736842105 0.028143274853801168 0.02850877192982456
1 0.864766081871345 0.10279605263157894 0.016812865497076022 0.05317982456140351
1 0.8945540935672515 0.057839912280701754 0.0222953216374269 0.03015350877192982
1 0.9590643274853801 0.1074561403508772 0.03070175438596491 0.049342105263157895
1 0.9839181286549707 0.0849780701754386 0.03216374269005848 0.03399122807017543
1 0.9853801169590642 0.16091008771929824 0.023391812865497075 0.0356359649122807
1 0.956140350877193 0.1894188596491228 0.02850877192982456 0.046600877192982455
1 0.9053362573099415 0.1699561403508772 0.02266081871345029 0.04057017543859649
1 0.7642543859649122 0.15679824561403508 0.02412280701754386 0.03618421052631579
1 0.7346491228070176 0.16557017543859648 0.017543859649122806 0.027412280701754384
1 0.6215277777777778 0.17708333333333331 0.028143274853801168 0.02850877192982456
1 0.5782163742690059 0.17297149122807018 0.024853801169590642 0.02576754385964912
1 0.5438596491228069 0.18174342105263158 0.021929824561403508 0.022478070175438597
1 0.44828216374269003 0.1683114035087719 0.020833333333333332 0.029605263157894735
1 0.4641812865497076 0.1713267543859649 0.017543859649122806 0.0356359649122807
1 0.502375730994152 0.19599780701754385 0.023757309941520467 0.03782894736842105
1 0.7269736842105263 0.2963267543859649 0.008771929824561403 0.015899122807017545
1 0.9576023391812865 0.38596491228070173 0.01023391812865497 0.023026315789473683
1 0.8834064327485379 0.3744517543859649 0.006578947368421052 0.01864035087719298
1 0.8247441520467835 0.3802083333333333 0.015716374269005847 0.012609649122807017
1 0.5464181286549707 0.4174890350877193 0.016812865497076022 0.0268640350877193
1 0.5087719298245614 0.4152960526315789 0.01608187134502924 0.03125
1 0.4497441520467836 0.5814144736842105 0.010599415204678362 0.014802631578947368
1 0.4766081871345029 0.5233004385964912 0.03289473684210526 0.05208333333333333
1 0.49159356725146197 0.5890899122807017 0.008771929824561403 0.015899122807017545
1 0.5440423976608186 0.5984100877192983 0.011330409356725146 0.018092105263157895
1 0.6270102339181286 0.5334429824561403 0.034722222222222224 0.044956140350877194
1 0.6304824561403508 0.59375 0.009502923976608187 0.013157894736842105
1 0.7313596491228069 0.5940241228070176 0.01023391812865497 0.018092105263157895
1 0.7754020467836257 0.5542763157894737 0.007675438596491228 0.01644736842105263
1 0.8101242690058479 0.5775767543859649 0.017909356725146198 0.019188596491228067
1 0.9322002923976608 0.647203947368421 0.023757309941520467 0.03453947368421052
1 0.8607456140350876 0.5 0.025584795321637425 0.03728070175438596
1 0.9024122807017544 0.46929824561403505 0.021929824561403508 0.03508771929824561
1 0.9351242690058479 0.5008223684210527 0.02010233918128655 0.021381578947368418
1 0.969298245614035 0.4577850877192982 0.031432748538011694 0.029605263157894735
1 0.9742324561403508 0.6759868421052632 0.017909356725146198 0.020833333333333332
1 0.9009502923976608 0.7609649122807017 0.023391812865497075 0.03399122807017543
1 0.6186038011695906 0.7297149122807017 0.01864035087719298 0.03399122807017543
1 0.6001461988304093 0.7055921052631579 0.012426900584795321 0.013157894736842105
