1 0.6109283625730993 0.11595394736842105 0.03326023391812866 0.06304824561403509
1 0.5869883040935672 0.11348684210526315 0.019005847953216373 0.029605263157894735
1 0.5635964912280701 0.12116228070175437 0.03289473684210526 0.05263157894736842
1 0.5230263157894737 0.09402412280701754 0.02631578947368421 0.044407894736842105
1 0.508406432748538 0.13432017543859648 0.035818713450292396 0.0537280701754386
1 0.46527777777777773 0.11047149122807016 0.03070175438596491 0.04769736842105263
1 0.4322002923976608 0.11019736842105263 0.031067251461988302 0.05043859649122807
1 0.3921783625730994 0.1181469298245614 0.031432748538011694 0.04989035087719298
1 0.3667763157894737 0.1137609649122807 0.025950292397660817 0.044407894736842105
1 0.3192616959064327 0.11019736842105263 0.017909356725146198 0.03070175438596491
1 0.28216374269005845 0.11787280701754385 0.01827485380116959 0.02631578947368421
1 0.2534722222222222 0.10307017543859648 0.023757309941520467 0.03179824561403509
1 0.19279970760233917 0.11184210526315788 0.03033625730994152 0.0581140350877193
1 0.09320175438596491 0.1137609649122807 0.024853801169590642 0.043311403508771926
1 0.06889619883040936 0.10581140350877193 0.032529239766081866 0.04824561403508772
1 0.33114035087719296 0.3333333333333333 0.02850877192982456 0.043859649122807015
1 0.07072368421052631 0.513157894736842 0.034722222222222224 0.04824561403508772
1 0.01864035087719298 0.5512609649122807 0.033625730994152045 0.05208333333333333
1 0.13176169590643275 0.5542763157894737 0.03764619883040936 0.049342105263157895
1 0.20175438596491227 0.5657894736842105 0.039473684210526314 0.039473684210526314
1 0.22368421052631576 0.5405701754385964 0.035818713450292396 0.038377192982456135
1 0.2715643274853801 0.5619517543859649 0.0402046783625731 0.0625
1 0.31085526315789475 0.5671600877192983 0.02448830409356725 0.048793859649122806
1 0.3843201754385965 0.5523574561403508 0.038377192982456135 0.05646929824561403
1 0.4375 0.7700109649122806 0.029970760233918127 0.04769736842105263
1 0.5321637426900585 0.5490679824561403 0.023391812865497075 0.048793859649122806
1 0.6142178362573099 0.584703947368421 0.03326023391812866 0.05208333333333333
1 0.6518640350877193 0.5501644736842105 0.032529239766081866 0.06195175438596491
1 0.7032163742690059 0.5740131578947368 0.035818713450292396 0.042763157894736836
1 0.7366593567251462 0.546875 0.03179824561403509 0.03782894736842105
1 0.7108918128654971 0.43722587719298245 0.01827485380116959 0.03234649122807017
1 0.7476242690058479 0.5984100877192983 0.028143274853801168 0.0356359649122807
1 0.6822002923976608 0.7886513157894737 0.04568713450292397 0.06085526315789473
1 0.7342836257309941 0.822094298245614 0.02850877192982456 0.048793859649122806
1 0.7525584795321637 0.8547149122807017 0.03070175438596491 0.043859649122807015
1 0.731907894736842 0.9155701754385964 0.039108187134502925 0.0537280701754386
1 0.6816520467836257 0.8952850877192982 0.0445906432748538 0.07785087719298245
1 0.8207236842105262 0.7809758771929824 0.044956140350877194 0.05866228070175438
1 0.8519736842105262 0.7678179824561403 0.03654970760233918 0.06085526315789473
1 0.8662280701754386 0.9021381578947368 0.027046783625730993 0.044407894736842105
1 0.9301900584795321 0.9199561403508771 0.04093567251461988 0.08881578947368421
1 1 0.5646929824561403 0.039108187134502925 0.04714912280701754
1 0.8697002923976608 0.5759320175438596 0.023026315789473683 0.03125
1 0.9501096491228069 0.45559210526315785 0.04203216374269006 0.049342105263157895
1 0.986111111111111 0.4396929824561403 0.01608187134502924 0.03070175438596491
