1 0.0222953216374269 0.125 0.02631578947368421 0.029605263157894735
1 0.05281432748538011 0.18969298245614033 0.02448830409356725 0.01864035087719298
1 0.14985380116959063 0.10334429824561403 0.03216374269005848 0.041118421052631575
1 0.1109283625730994 0.19682017543859648 0.023757309941520467 0.021929824561403508
1 0.24177631578947367 0.0668859649122807 0.019371345029239765 0.020833333333333332
1 0.24269005847953215 0.1787280701754386 0.013157894736842105 0.013157894736842105
1 0.29586988304093564 0.1751644736842105 0.03691520467836257 0.03673245614035087
1 0.3399122807017544 0.0581140350877193 0.013888888888888888 0.019736842105263157
1 0.34173976608187134 0.18119517543859648 0.01608187134502924 0.018092105263157895
1 0.4267178362573099 0.04194078947368421 0.028143274853801168 0.0268640350877193
1 0.44279970760233917 0.11595394736842105 0.023757309941520467 0.024671052631578948
1 0.408625730994152 0.22998903508771928 0.02046783625730994 0.02905701754385965
1 0.4453581871345029 0.1699561403508772 0.025219298245614034 0.03618421052631579
1 0.5303362573099415 0.11595394736842105 0.02266081871345029 0.048793859649122806
1 0.6059941520467836 0.20614035087719296 0.021929824561403508 0.02850877192982456
1 0.43457602339181284 0.29523026315789475 0.01827485380116959 0.015899122807017545
1 0.2593201754385965 0.27713815789473684 0.007675438596491228 0.018092105263157895
1 0.11915204678362573 0.32538377192982454 0.029970760233918127 0.0268640350877193
1 0.05263157894736842 0.2996162280701754 0.01827485380116959 0.0268640350877193
1 0.01023391812865497 0.33223684210526316 0.014619883040935672 0.03179824561403509
1 0.2768640350877193 0.4065241228070175 0.023757309941520467 0.05317982456140351
1 0.25054824561403505 0.4355811403508772 0.029605263157894735 0.048793859649122806
1 0.5100511695906432 0.4558662280701754 0.02448830409356725 0.048793859649122806
1 0.2149122807017544 0.4553179824561403 0.027046783625730993 0.0400219298245614
1 0.018092105263157895 0.45751096491228066 0.03326023391812866 0.046600877192982455
1 0.40040204678362573 0.7121710526315789 0.03618421052631579 0.03179824561403509
1 0.46929824561403505 0.7458881578947368 0.029239766081871343 0.042214912280701754
1 0.5635964912280701 0.7705592105263157 0.02046783625730994 0.02905701754385965
1 0.54203216374269 0.7809758771929824 0.043859649122807015 0.05098684210526316
1 0.4809941520467836 0.7924890350877193 0.02266081871345029 0.0356359649122807
1 0.5069444444444444 0.8640350877192982 0.027046783625730993 0.042763157894736836
1 0.45614035087719296 0.8352521929824561 0.03216374269005848 0.0400219298245614
1 0.40387426900584794 0.8231907894736842 0.014619883040935672 0.038925438596491224
1 0.3700657894736842 0.8456688596491228 0.015716374269005847 0.020285087719298246
1 0.23739035087719296 0.7724780701754386 0.01864035087719298 0.03399122807017543
1 0.10307017543859648 0.7856359649122806 0.03874269005847953 0.038377192982456135
1 0.02887426900584795 0.8015350877192982 0.03289473684210526 0.042763157894736836
1 0.01663011695906433 0.8824013157894737 0.020833333333333332 0.02576754385964912
1 0.03691520467836257 0.9465460526315789 0.021929824561403508 0.0268640350877193
1 0.22660818713450293 0.872532894736842 0.054093567251461985 0.042214912280701754
1 0.023026315789473683 0.9775219298245613 0.0445906432748538 0.03070175438596491
1 0.6641081871345029 0.1918859649122807 0.023391812865497075 0.04057017543859649
1 0.7149122807017544 0.09786184210526315 0.02850877192982456 0.038925438596491224
1 0.6377923976608186 0.31222587719298245 0.021198830409356724 0.02905701754385965
1 0.6597222222222222 0.2963267543859649 0.021929824561403508 0.02796052631578947
1 0.6909722222222222 0.3045504385964912 0.0222953216374269 0.03234649122807017
1 0.8315058479532164 0.0693530701754386 0.015350877192982455 0.03344298245614035
1 0.8910818713450291 0.04057017543859649 0.019005847953216373 0.021929824561403508
1 0.9031432748538011 0.07785087719298245 0.01608187134502924 0.03070175438596491
1 0.9263523391812865 0.054002192982456135 0.023026315789473683 0.0400219298245614
1 0.9950657894736842 0.060032894736842105 0.009868421052631578 0.03015350877192982
1 0.8907163742690059 0.21408991228070173 0.021198830409356724 0.0400219298245614
1 0.9934210526315789 0.18585526315789472 0.013157894736842105 0.029605263157894735
1 0.929093567251462 0.02905701754385965 0.015350877192982455 0.02412280701754386
1 0.9517543859649122 0.3744517543859649 0.01827485380116959 0.01425438596491228
1 0.9614400584795321 0.2768640350877193 0.014985380116959063 0.02631578947368421
1 0.927266081871345 0.2727521929824561 0.014619883040935672 0.0268640350877193
1 0.7803362573099415 0.42050438596491224 0.01827485380116959 0.039473684210526314
1 0.7450657894736842 0.4265350877192982 0.01425438596491228 0.03618421052631579
1 0.6504020467836257 0.4259868421052631 0.023026315789473683 0.03179824561403509
1 0.8198099415204678 0.4928728070175438 0.01023391812865497 0.017543859649122806
1 0.5762061403508771 0.7563048245614035 0.021564327485380116 0.03782894736842105
1 0.6673976608187134 0.7220394736842105 0.03070175438596491 0.04714912280701754
1 0.6767178362573099 0.6474780701754386 0.029605263157894735 0.04057017543859649
1 0.7552997076023391 0.5888157894736842 0.017178362573099414 0.02631578947368421
1 0.6957236842105263 0.7212171052631579 0.03326023391812866 0.05537280701754386
1 0.8267543859649122 0.5915570175438596 0.024853801169590642 0.03399122807017543
1 0.8282163742690059 0.7105263157894737 0.025584795321637425 0.03070175438596491
1 0.8653143274853801 0.7324561403508771 0.0266812865497076 0.0581140350877193
1 0.9952485380116959 0.5098684210526315 0.009502923976608187 0.03070175438596491
1 0.9526681286549707 0.7549342105263157 0.017178362573099414 0.03618421052631579
1 0.721125730994152 0.9106359649122806 0.025584795321637425 0.038377192982456135
1 0.7598684210526315 0.8993969298245613 0.02046783625730994 0.045504385964912276
1 0.8379020467836257 0.8928179824561403 0.014985380116959063 0.045504385964912276
1 0.8872441520467835 0.928453947368421 0.028143274853801168 0.05208333333333333
1 0.9343932748538011 0.8708881578947368 0.01864035087719298 0.0400219298245614
1 0.9599780701754386 0.9114583333333333 0.020833333333333332 0.05317982456140351
