1 0.06597222222222222 0.14610745614035087 0.01206140350877193 0.024671052631578948
1 0.21929824561403508 0.12527412280701752 0.010964912280701754 0.022478070175438597
1 0.2578581871345029 0.12719298245614036 0.014985380116959063 0.03289473684210526
1 0.2894736842105263 0.22615131578947367 0.021929824561403508 0.02796052631578947
1 0.19444444444444442 0.20723684210526314 0.029970760233918127 0.029605263157894735
1 0.14071637426900585 0.23273026315789472 0.012426900584795321 0.02576754385964912
1 0.26461988304093564 0.572094298245614 0.027777777777777776 0.038925438596491224
1 0.22807017543859648 0.5622258771929824 0.029239766081871343 0.041118421052631575
1 0.18457602339181287 0.5597587719298245 0.04239766081871345 0.06907894736842105
1 0.12445175438596491 0.5556469298245613 0.03179824561403509 0.048793859649122806
1 0.07328216374269006 0.5762061403508771 0.04203216374269006 0.04057017543859649
1 0.06779970760233918 0.6614583333333333 0.038377192982456135 0.06633771929824561
1 0.1524122807017544 0.6483004385964912 0.035818713450292396 0.06962719298245613
1 0.17964181286549707 0.6652960526315789 0.03179824561403509 0.05975877192982456
1 0.11823830409356724 0.7768640350877193 0.013523391812865496 0.02631578947368421
1 0.0796783625730994 0.7724780701754386 0.029970760233918127 0.044956140350877194
1 0.04477339181286549 0.7768640350877193 0.04057017543859649 0.043859649122807015
1 0.06962719298245613 0.9226973684210525 0.017178362573099414 0.020833333333333332
1 0.18804824561403508 0.9015899122807017 0.014985380116959063 0.02576754385964912
1 0.44298245614035087 0.017543859649122806 0.008771929824561403 0.019736842105263157
1 0.489766081871345 0.07675438596491227 0.027046783625730993 0.03070175438596491
1 0.5233918128654971 0.08278508771929824 0.021929824561403508 0.03618421052631579
1 0.564875730994152 0.07209429824561403 0.015716374269005847 0.018092105263157895
1 0.5992324561403508 0.07922149122807016 0.027412280701754384 0.03125
1 0.6615497076023391 0.08963815789473684 0.024853801169590642 0.03782894736842105
1 0.7339181286549707 0.06277412280701754 0.021198830409356724 0.044407894736842105
1 0.8355263157894737 0.027412280701754384 0.043859649122807015 0.0537280701754386
1 0.84375 0.0712719298245614 0.019371345029239765 0.02850877192982456
1 0.8706140350877193 0.0668859649122807 0.021929824561403508 0.01864035087719298
1 0.9590643274853801 0.0424890350877193 0.04678362573099415 0.046600877192982455
1 0.9409722222222222 0.2587719298245614 0.014985380116959063 0.021929824561403508
1 0.8704312865497076 0.26425438596491224 0.01864035087719298 0.01425438596491228
1 0.7807017543859649 0.2631578947368421 0.019005847953216373 0.023026315789473683
1 0.43512426900584794 0.2546600877192982 0.011330409356725146 0.02905701754385965
1 0.4155701754385965 0.43338815789473684 0.013888888888888888 0.022478070175438597
1 0.46929824561403505 0.4506578947368421 0.013888888888888888 0.025219298245614034
1 0.6107456140350876 0.43804824561403505 0.02412280701754386 0.02631578947368421
1 0.6480263157894737 0.4024122807017544 0.02266081871345029 0.03070175438596491
1 0.6829312865497076 0.41063596491228066 0.03179824561403509 0.03399122807017543
1 0.7788742690058479 0.4136513157894737 0.01827485380116959 0.020285087719298246
1 0.8271198830409356 0.3881578947368421 0.02412280701754386 0.03179824561403509
1 0.8530701754385964 0.37746710526315785 0.01608187134502924 0.022478070175438597
1 0.8969298245614035 0.38459429824561403 0.02046783625730994 0.02357456140350877
1 0.9126461988304093 0.3843201754385965 0.015350877192982455 0.021929824561403508
1 0.9444444444444444 0.3862390350877193 0.019736842105263157 0.02905701754385965
1 0.9839181286549707 0.38788377192982454 0.02412280701754386 0.0268640350877193
1 0.9004020467836257 0.48684210526315785 0.05153508771929824 0.049342105263157895
1 0.88578216374269 0.5323464912280701 0.0442251461988304 0.06140350877192982
1 0.8536184210526315 0.5054824561403508 0.05738304093567251 0.07236842105263158
1 0.7803362573099415 0.5117872807017544 0.041666666666666664 0.046600877192982455
1 0.7271564327485379 0.5334429824561403 0.03326023391812866 0.04057017543859649
1 0.6451023391812866 0.5657894736842105 0.03508771929824561 0.07894736842105263
1 0.6211622807017544 0.5455043859649122 0.0537280701754386 0.08333333333333333
1 0.5824195906432749 0.5586622807017544 0.0442251461988304 0.0800438596491228
1 0.5243055555555556 0.5578399122807017 0.0537280701754386 0.07949561403508772
1 0.48282163742690054 0.5646929824561403 0.025584795321637425 0.06469298245614034
1 0.45997807017543857 0.5515350877192983 0.0266812865497076 0.049342105263157895
1 0.3993055555555555 0.5693530701754386 0.05226608187134503 0.05975877192982456
1 0.42196637426900585 0.6480263157894737 0.014985380116959063 0.023026315789473683
1 0.4576023391812865 0.659265350877193 0.023391812865497075 0.0268640350877193
1 0.39455409356725146 0.6803728070175438 0.013523391812865496 0.01864035087719298
1 0.5391081871345029 0.6737938596491228 0.01608187134502924 0.020833333333333332
1 0.6063596491228069 0.6743421052631579 0.017543859649122806 0.021929824561403508
1 0.6200657894736842 0.6480263157894737 0.02010233918128655 0.029605263157894735
1 0.7582236842105263 0.6389802631578947 0.023757309941520467 0.020285087719298246
1 0.7982456140350876 0.6359649122807017 0.014619883040935672 0.02412280701754386
1 0.866593567251462 0.618969298245614 0.010964912280701754 0.01206140350877193
1 0.9088084795321637 0.6337719298245613 0.0222953216374269 0.019736842105263157
1 0.8945540935672515 0.7102521929824561 0.020833333333333332 0.024671052631578948
1 0.8682383040935672 0.7508223684210525 0.029605263157894735 0.03234649122807017
1 0.5791301169590642 0.7650767543859649 0.028143274853801168 0.048793859649122806
1 0.9923245614035087 0.8401864035087718 0.015350877192982455 0.06304824561403509
1 0.9340277777777777 0.8418311403508771 0.03399122807017543 0.02905701754385965
1 0.8388157894736842 0.8423793859649122 0.03070175438596491 0.04989035087719298
1 0.6938961988304093 0.8799342105263157 0.029605263157894735 0.04824561403508772
1 0.7447002923976608 0.8711622807017544 0.025219298245614034 0.023026315789473683
1 0.6396198830409356 0.8736293859649122 0.02266081871345029 0.02905701754385965
1 0.6167763157894737 0.8714364035087718 0.025950292397660817 0.02576754385964912
1 0.5323464912280701 0.8771929824561403 0.029605263157894735 0.03399122807017543
1 0.4780701754385965 0.8706140350877193 0.03435672514619883 0.03399122807017543
1 0.4018640350877193 0.8939144736842105 0.038377192982456135 0.05208333333333333
1 0.7774122807017544 0.9901315789473684 0.015350877192982455 0.019736842105263157
1 0.9311038011695906 0.9621710526315789 0.01864035087719298 0.019736842105263157
1 0.9879385964912281 0.9865679824561403 0.02412280701754386 0.018092105263157895
