1 0.05573830409356725 0.2587719298245614 0.027412280701754384 0.03070175438596491
1 0.04641812865497076 0.3371710526315789 0.021198830409356724 0.02850877192982456
1 0.11220760233918128 0.26781798245614036 0.021929824561403508 0.044407894736842105
1 0.07858187134502924 0.41118421052631576 0.024853801169590642 0.03070175438596491
1 0.057200292397660814 0.47313596491228066 0.029605263157894735 0.02631578947368421
1 0.17927631578947367 0.2683662280701754 0.025950292397660817 0.044407894736842105
1 0.2905701754385965 0.38596491228070173 0.029239766081871343 0.03508771929824561
1 0.15478801169590642 0.5509868421052632 0.017909356725146198 0.03179824561403509
1 0.15679824561403508 0.5712719298245613 0.021198830409356724 0.027412280701754384
1 0.1869517543859649 0.5202850877192983 0.03326023391812866 0.038377192982456135
1 0.31341374269005845 0.5134320175438596 0.02448830409356725 0.0268640350877193
1 0.34868421052631576 0.5243969298245613 0.03070175438596491 0.044407894736842105
1 0.35197368421052627 0.5537280701754386 0.025584795321637425 0.04057017543859649
1 0.43402777777777773 0.3555372807017544 0.028143274853801168 0.0400219298245614
1 0.4809941520467836 0.4336622807017544 0.029970760233918127 0.042763157894736836
1 0.4809941520467836 0.5268640350877193 0.029239766081871343 0.044956140350877194
1 0.4184941520467836 0.5803179824561403 0.021198830409356724 0.043311403508771926
1 0.48775584795321636 0.1962719298245614 0.0537280701754386 0.09978070175438596
1 0.5127923976608186 0.4865679824561403 0.02046783625730994 0.03015350877192982
1 0.5579312865497076 0.5227521929824561 0.027412280701754384 0.03125
1 0.5932017543859649 0.38459429824561403 0.027046783625730993 0.04989035087719298
1 0.5986842105263157 0.3015350877192982 0.019005847953216373 0.05592105263157894
1 0.6332236842105263 0.24122807017543857 0.02448830409356725 0.021929824561403508
1 0.6734283625730993 0.2590460526315789 0.0442251461988304 0.05646929824561403
1 0.7041301169590642 0.40350877192982454 0.020833333333333332 0.03289473684210526
1 0.7695540935672515 0.26589912280701755 0.02448830409356725 0.03179824561403509
1 0.7832602339181286 0.37554824561403505 0.01827485380116959 0.043859649122807015
1 0.6600877192982456 0.39309210526315785 0.013888888888888888 0.013157894736842105
1 0.8300438596491228 0.40350877192982454 0.024853801169590642 0.02631578947368421
1 0.8676900584795321 0.3445723684210526 0.01608187134502924 0.03015350877192982
1 0.8775584795321637 0.30783991228070173 0.021198830409356724 0.0356359649122807
1 0.8877923976608186 0.28673245614035087 0.019005847953216373 0.039473684210526314
1 0.9232456140350876 0.3470394736842105 0.023391812865497075 0.038377192982456135
1 0.9619883040935672 0.3125 0.013888888888888888 0.03399122807017543
1 0.9947002923976608 0.4270833333333333 0.010599415204678362 0.042763157894736836
1 0.9038742690058479 0.5567434210526315 0.01608187134502924 0.03234649122807017
1 0.8563596491228069 0.5361842105263157 0.019005847953216373 0.03179824561403509
1 0.752375730994152 0.5463267543859649 0.023757309941520467 0.043311403508771926
1 0.706140350877193 0.5361842105263157 0.02266081871345029 0.03618421052631579
1 0.6743421052631579 0.5224780701754386 0.02631578947368421 0.03728070175438596
1 0.6377923976608186 0.537828947368421 0.021929824561403508 0.03179824561403509
1 0.6445540935672515 0.5970394736842105 0.021564327485380116 0.021929824561403508
1 0.7178362573099415 0.5934758771929824 0.014619883040935672 0.021381578947368418
1 0.05866228070175438 0.7376644736842105 0.029605263157894735 0.04989035087719298
1 0.09502923976608187 0.7546600877192982 0.03070175438596491 0.0268640350877193
1 0.12445175438596491 0.7554824561403508 0.0266812865497076 0.020833333333333332
1 0.125 0.6669407894736842 0.023391812865497075 0.0400219298245614
1 0.1648391812865497 0.6526864035087719 0.03070175438596491 0.02357456140350877
1 0.3388157894736842 0.6071820175438596 0.01608187134502924 0.024671052631578948
1 0.477156432748538 0.6965460526315789 0.02448830409356725 0.046600877192982455
1 0.5244883040935672 0.6483004385964912 0.03216374269005848 0.03673245614035087
1 0.8907163742690059 0.7453399122807017 0.05847953216374269 0.05537280701754386
1 0.7403143274853801 0.7680921052631579 0.009868421052631578 0.017543859649122806
1 0.6845760233918128 0.7549342105263157 0.01827485380116959 0.021929824561403508
1 0.65625 0.7574013157894737 0.013523391812865496 0.0268640350877193
1 0.583516081871345 0.765625 0.012792397660818713 0.011513157894736841
1 0.5537280701754386 0.7675438596491228 0.015350877192982455 0.019736842105263157
1 0.4649122807017544 0.7634320175438596 0.016812865497076022 0.014802631578947368
1 0.3951023391812865 0.7680921052631579 0.013888888888888888 0.017543859649122806
1 0.3653143274853801 0.7700109649122806 0.011330409356725146 0.012609649122807017
1 0.28673245614035087 0.7733004385964912 0.02010233918128655 0.010416666666666666
1 0.20559210526315788 0.7593201754385964 0.027412280701754384 0.013157894736842105
1 0.07072368421052631 0.8930921052631579 0.020833333333333332 0.021929824561403508
1 0.16904239766081872 0.8974780701754386 0.025219298245614034 0.02850877192982456
1 0.20650584795321636 0.8796600877192982 0.027777777777777776 0.0268640350877193
1 0.2744883040935672 0.8862390350877193 0.019005847953216373 0.024671052631578948
1 0.3086622807017544 0.9087171052631579 0.017178362573099414 0.0356359649122807
1 0.39747807017543857 0.8887061403508771 0.031067251461988302 0.021929824561403508
1 0.43804824561403505 0.8969298245614035 0.017178362573099414 0.02850877192982456
1 0.5469663742690059 0.8862390350877193 0.025219298245614034 0.03125
1 0.6553362573099415 0.8799342105263157 0.02046783625730994 0.03508771929824561
1 0.7065058479532164 0.8950109649122806 0.024853801169590642 0.038925438596491224
1 0.8735380116959064 0.9813596491228069 0.05043859649122807 0.03728070175438596
1 0.8974780701754386 0.9786184210526315 0.04714912280701754 0.042763157894736836
1 0.7266081871345029 0.9860197368421052 0.021929824561403508 0.02796052631578947
1 0.6973684210526315 0.9912280701754386 0.02046783625730994 0.017543859649122806
1 0.6533260233918128 0.9920504385964912 0.0222953216374269 0.015899122807017545
1 0.34429824561403505 0.8974780701754386 0.027046783625730993 0.03070175438596491
1 0.05171783625730994 0.9846491228070174 0.04349415204678363 0.03070175438596491
1 0.1284722222222222 0.9912280701754386 0.025219298245614034 0.017543859649122806
1 0.17726608187134502 0.9931469298245613 0.017543859649122806 0.013706140350877192
1 0.23830409356725146 0.9945175438596491 0.021929824561403508 0.010964912280701754
1 0.2622441520467836 0.9920504385964912 0.023757309941520467 0.015899122807017545
1 0.29696637426900585 0.9868421052631579 0.049342105263157895 0.02631578947368421
1 0.36330409356725146 0.9950657894736842 0.012426900584795321 0.009868421052631578
1 0.38925438596491224 0.9917763157894737 0.015350877192982455 0.01644736842105263
1 0.4263523391812865 0.993969298245614 0.025219298245614034 0.01206140350877193
1 0.4888523391812865 0.9945175438596491 0.01864035087719298 0.010964912280701754
1 0.5244883040935672 0.9947916666666666 0.011695906432748537 0.010416666666666666
1 0.5508040935672515 0.9920504385964912 0.021929824561403508 0.015899122807017545
1 0.9877558479532164 0.9830043859649122 0.02448830409356725 0.03399122807017543
