1 0.01663011695906433 0.34868421052631576 0.03179824561403509 0.0625
1 0.06743421052631579 0.31304824561403505 0.044956140350877194 0.07346491228070175
1 0.1065423976608187 0.27850877192982454 0.031067251461988302 0.042763157894736836
1 0.14163011695906433 0.3218201754385965 0.035453216374269 0.0756578947368421
1 0.15332602339181287 0.4512061403508772 0.019371345029239765 0.03179824561403509
1 0.2359283625730994 0.3577302631578947 0.04203216374269006 0.05427631578947368
1 0.2671783625730994 0.3352521929824561 0.02046783625730994 0.0268640350877193
1 0.29696637426900585 0.3484100877192982 0.03691520467836257 0.06524122807017543
1 0.3508771929824561 0.3333333333333333 0.03070175438596491 0.05482456140350877
1 0.4053362573099415 0.37225877192982454 0.05116959064327485 0.07675438596491227
1 0.43804824561403505 0.3612938596491228 0.03618421052631579 0.05592105263157894
1 0.43457602339181284 0.4394188596491228 0.021929824561403508 0.02796052631578947
1 0.3340643274853801 0.4468201754385965 0.01827485380116959 0.017543859649122806
1 0.03179824561403509 0.8500548245614035 0.021929824561403508 0.020285087719298246
1 0.059027777777777776 0.853344298245614 0.023026315789473683 0.021381578947368418
1 0.10489766081871345 0.8514254385964912 0.024853801169590642 0.025219298245614034
1 0.18073830409356725 0.8418311403508771 0.020833333333333332 0.024671052631578948
1 0.33790204678362573 0.8305921052631579 0.02010233918128655 0.029605263157894735
1 0.49616228070175433 0.8549890350877193 0.017178362573099414 0.02905701754385965
1 0.4506578947368421 0.8393640350877193 0.019736842105263157 0.03179824561403509
1 0.8892543859649122 0.14775219298245612 0.01023391812865497 0.0268640350877193
1 0.8013523391812865 0.6614583333333333 0.05226608187134503 0.06853070175438596
1 0.6513157894736842 0.8983004385964912 0.033625730994152045 0.045504385964912276
