1 0.2733918128654971 0.46929824561403505 0.035818713450292396 0.03618421052631579
1 0.29678362573099415 0.4533991228070175 0.023391812865497075 0.03399122807017543
1 0.13578216374269006 0.46929824561403505 0.035453216374269 0.044956140350877194
1 0.07236842105263158 0.453125 0.03435672514619883 0.044407894736842105
1 0.26864035087719296 0.6639254385964912 0.016812865497076022 0.017543859649122806
1 0.29203216374269003 0.6696820175438596 0.017543859649122806 0.03125
1 0.16264619883040934 0.6765350877192982 0.013888888888888888 0.02631578947368421
1 0.1597222222222222 0.8393640350877193 0.03728070175438596 0.0581140350877193
1 0.4097222222222222 0.045504385964912276 0.014619883040935672 0.027412280701754384
1 0.9501096491228069 0.12280701754385964 0.044956140350877194 0.06030701754385964
1 0.8760964912280701 0.1162280701754386 0.03874269005847953 0.0581140350877193
1 0.8472222222222222 0.12116228070175437 0.03289473684210526 0.04057017543859649
1 0.8163377192982456 0.1074561403508772 0.035453216374269 0.0668859649122807
1 0.7615131578947368 0.12088815789473684 0.044956140350877194 0.06743421052631579
1 0.7222222222222222 0.13432017543859648 0.033625730994152045 0.06469298245614034
1 0.6758040935672515 0.10307017543859648 0.04824561403508772 0.044956140350877194
1 0.658625730994152 0.13843201754385964 0.0402046783625731 0.07182017543859649
1 0.6048976608187134 0.12554824561403508 0.027046783625730993 0.043859649122807015
1 0.5645102339181286 0.15158991228070173 0.04130116959064327 0.06633771929824561
1 0.5063961988304093 0.14309210526315788 0.05080409356725146 0.0712719298245614
1 0.42817982456140347 0.17297149122807018 0.044956140350877194 0.07510964912280702
1 0.3843201754385965 0.17023026315789472 0.04057017543859649 0.06195175438596491
1 0.38066520467836257 0.23492324561403508 0.015716374269005847 0.0268640350877193
1 0.4228801169590643 0.2308114035087719 0.017543859649122806 0.025219298245614034
1 0.6306652046783625 0.22998903508771928 0.01425438596491228 0.020285087719298246
1 0.674890350877193 0.23684210526315788 0.010599415204678362 0.017543859649122806
1 0.7642543859649122 0.2308114035087719 0.012426900584795321 0.019736842105263157
1 0.7969663742690059 0.21217105263157893 0.017909356725146198 0.02412280701754386
1 0.8457602339181286 0.21847587719298245 0.01608187134502924 0.02357456140350877
1 0.877375730994152 0.2006578947368421 0.017178362573099414 0.020833333333333332
1 0.9375 0.21080043859649122 0.012426900584795321 0.02357456140350877
1 0.9658260233918128 0.1962719298245614 0.014985380116959063 0.029605263157894735
1 0.96875 0.41118421052631576 0.023757309941520467 0.049342105263157895
1 0.9102704678362573 0.4018640350877193 0.020833333333333332 0.03399122807017543
1 0.8828581871345029 0.4240679824561403 0.03399122807017543 0.05317982456140351
1 0.8530701754385964 0.4221491228070175 0.021929824561403508 0.03179824561403509
1 0.775219298245614 0.4150219298245614 0.03216374269005848 0.042763157894736836
1 0.7456140350877193 0.4180372807017544 0.03289473684210526 0.05427631578947368
1 0.7149122807017544 0.4306469298245614 0.03874269005847953 0.048793859649122806
1 0.643640350877193 0.4465460526315789 0.029239766081871343 0.05537280701754386
1 0.6094663742690059 0.4180372807017544 0.02448830409356725 0.05427631578947368
1 0.5635964912280701 0.4558662280701754 0.021198830409356724 0.0356359649122807
1 0.5297880116959064 0.4525767543859649 0.0266812865497076 0.043311403508771926
1 0.51078216374269 0.4270833333333333 0.025219298245614034 0.05482456140350877
1 0.47368421052631576 0.4468201754385965 0.019736842105263157 0.049342105263157895
1 0.439875730994152 0.4577850877192982 0.025950292397660817 0.03728070175438596
1 0.4053362573099415 0.4553179824561403 0.02850877192982456 0.04769736842105263
1 0.3813961988304093 0.4375 0.02887426900584795 0.04714912280701754
1 0.3740862573099415 0.5775767543859649 0.025219298245614034 0.0268640350877193
1 0.408625730994152 0.5537280701754386 0.023391812865497075 0.03399122807017543
1 0.43548976608187134 0.5646929824561403 0.03033625730994152 0.038377192982456135
1 0.4619883040935672 0.556469298245614 0.023391812865497075 0.03728070175438596
1 0.49616228070175433 0.5400219298245613 0.025950292397660817 0.038377192982456135
1 0.5409356725146198 0.5449561403508771 0.02266081871345029 0.03618421052631579
1 0.5707236842105263 0.5490679824561403 0.03326023391812866 0.046600877192982455
1 0.6133040935672515 0.5331688596491228 0.021929824561403508 0.022478070175438597
1 0.6372441520467836 0.5323464912280701 0.023026315789473683 0.02850877192982456
1 0.6728801169590642 0.5542763157894737 0.02046783625730994 0.042763157894736836
1 0.7383040935672515 0.5320723684210527 0.02631578947368421 0.03234649122807017
1 0.768640350877193 0.518640350877193 0.016812865497076022 0.027412280701754384
1 0.8101242690058479 0.5158991228070176 0.05226608187134503 0.0756578947368421
1 0.8448464912280701 0.49588815789473684 0.023757309941520467 0.03125
1 0.8729897660818713 0.5320723684210527 0.025219298245614034 0.0356359649122807
1 0.939875730994152 0.5098684210526315 0.021564327485380116 0.046052631578947366
1 0.9678362573099415 0.5268640350877193 0.027777777777777776 0.02850877192982456
1 0.8638523391812865 0.7376644736842105 0.0398391812865497 0.04769736842105263
1 0.7885599415204678 0.7321820175438596 0.06103801169590643 0.07401315789473684
1 0.6655701754385964 0.7634320175438596 0.021198830409356724 0.05098684210526316
1 0.43165204678362573 0.7724780701754386 0.0402046783625731 0.0625
1 0.3877923976608187 0.784265350877193 0.0577485380116959 0.048793859649122806
1 0.3846856725146199 0.8747258771929824 0.02010233918128655 0.02357456140350877
1 0.5098684210526315 0.9026864035087718 0.016812865497076022 0.03673245614035087
