1 0.08442982456140351 0.42050438596491224 0.016812865497076022 0.039473684210526314
1 0.044956140350877194 0.31030701754385964 0.013888888888888888 0.03618421052631579
1 0.0796783625730994 0.3157894736842105 0.025584795321637425 0.043859649122807015
1 0.17288011695906433 0.287828947368421 0.023391812865497075 0.03399122807017543
1 0.18841374269005848 0.3870614035087719 0.023026315789473683 0.03289473684210526
1 0.24323830409356723 0.4065241228070175 0.023026315789473683 0.044407894736842105
1 0.1924342105263158 0.5290570175438596 0.023757309941520467 0.03070175438596491
1 0.23976608187134502 0.49588815789473684 0.017543859649122806 0.0268640350877193
1 0.22660818713450293 0.5150767543859649 0.025584795321637425 0.0356359649122807
1 0.34484649122807015 0.3977521929824561 0.01206140350877193 0.0268640350877193
1 0.3472222222222222 0.287828947368421 0.011695906432748537 0.021929824561403508
1 0.41045321637426896 0.3040021929824561 0.017543859649122806 0.03125
1 0.40040204678362573 0.3574561403508772 0.0266812865497076 0.03179824561403509
1 0.34429824561403505 0.5093201754385964 0.01608187134502924 0.027412280701754384
1 0.47898391812865493 0.5320723684210527 0.044956140350877194 0.043311403508771926
1 0.4925073099415204 0.4265350877192982 0.023026315789473683 0.049342105263157895
1 0.46875 0.3393640350877193 0.017178362573099414 0.03179824561403509
1 0.5528143274853801 0.3752741228070175 0.028143274853801168 0.0400219298245614
1 0.6005116959064327 0.3086622807017544 0.02412280701754386 0.041666666666666664
1 0.6509502923976608 0.2768640350877193 0.008771929824561403 0.03508771929824561
1 0.6425438596491228 0.4065241228070175 0.021929824561403508 0.03125
1 0.6518640350877193 0.5424890350877193 0.039108187134502925 0.03344298245614035
1 0.7198464912280701 0.5317982456140351 0.023757309941520467 0.039473684210526314
1 0.8006213450292398 0.27055921052631576 0.034722222222222224 0.03782894736842105
1 0.8583698830409356 0.26096491228070173 0.04203216374269006 0.03399122807017543
1 0.8203581871345029 0.34786184210526316 0.023757309941520467 0.03015350877192982
1 0.7953216374269005 0.4136513157894737 0.031432748538011694 0.0356359649122807
1 0.7956871345029239 0.5419407894736842 0.029239766081871343 0.0400219298245614
1 0.971125730994152 0.2746710526315789 0.027777777777777776 0.03179824561403509
1 0.8813961988304093 0.40213815789473684 0.031067251461988302 0.0356359649122807
1 0.9184941520467835 0.5200109649122807 0.06067251461988304 0.046600877192982455
1 0.9813596491228069 0.5043859649122807 0.02046783625730994 0.02850877192982456
1 0.9018640350877193 0.5890899122807017 0.04714912280701754 0.06414473684210525
1 0.9424342105263157 0.681469298245614 0.017909356725146198 0.042763157894736836
1 0.8304093567251462 0.6565241228070176 0.03070175438596491 0.048793859649122806
1 0.799890350877193 0.6614583333333333 0.038377192982456135 0.045504385964912276
1 0.6270102339181286 0.6255482456140351 0.028143274853801168 0.03179824561403509
1 0.450109649122807 0.6483004385964912 0.05080409356725146 0.06414473684210525
1 0.18841374269005848 0.6181469298245613 0.01864035087719298 0.021381578947368418
1 0.17470760233918128 0.6499451754385964 0.013888888888888888 0.020285087719298246
1 0.10343567251461988 0.6524122807017544 0.02850877192982456 0.041666666666666664
1 0.03819444444444444 0.734923245614035 0.03691520467836257 0.03782894736842105
1 0.07182017543859649 0.7338267543859649 0.02887426900584795 0.04989035087719298
1 0.17635233918128654 0.7456140350877193 0.035453216374269 0.029605263157894735
1 0.2050438596491228 0.7478070175438596 0.02412280701754386 0.03618421052631579
1 0.2578581871345029 0.7494517543859649 0.032529239766081866 0.049342105263157895
1 0.408625730994152 0.7453399122807017 0.046052631578947366 0.05756578947368421
1 0.4619883040935672 0.7338267543859649 0.041666666666666664 0.04989035087719298
1 0.5166301169590642 0.7387609649122807 0.029605263157894735 0.03125
1 0.612390350877193 0.8961074561403508 0.0222953216374269 0.03344298245614035
1 0.5561038011695906 0.8662280701754386 0.023026315789473683 0.03070175438596491
1 0.5052997076023391 0.8771929824561403 0.028143274853801168 0.039473684210526314
1 0.5297880116959064 0.8884320175438596 0.012792397660818713 0.022478070175438597
1 0.45997807017543857 0.8933662280701754 0.01864035087719298 0.0268640350877193
1 0.38322368421052627 0.8706140350877193 0.021564327485380116 0.03179824561403509
1 0.3369883040935672 0.884594298245614 0.021929824561403508 0.02796052631578947
1 0.2909356725146199 0.8862390350877193 0.019736842105263157 0.0268640350877193
1 0.23282163742690057 0.8760964912280701 0.016812865497076022 0.029605263157894735
1 0.07711988304093567 0.890625 0.011695906432748537 0.024671052631578948
1 0.03654970760233918 0.8484100877192982 0.007309941520467836 0.0268640350877193
1 0.04349415204678363 0.9786184210526315 0.06944444444444445 0.042763157894736836
1 0.17927631578947367 0.9777960526315789 0.01864035087719298 0.042214912280701754
1 0.2563961988304093 0.9766995614035087 0.049342105263157895 0.046600877192982455
1 0.3050073099415205 0.9777960526315789 0.05665204678362573 0.044407894736842105
1 0.39016812865497075 0.969298245614035 0.034722222222222224 0.06140350877192982
1 0.5484283625730993 0.9756030701754386 0.0581140350877193 0.048793859649122806
1 0.5820540935672515 0.988486842105263 0.03179824561403509 0.023026315789473683
