1 0.3051900584795321 0.04906798245614035 0.025584795321637425 0.022478070175438597
1 0.37152777777777773 0.1387061403508772 0.017178362573099414 0.02631578947368421
1 0.4130116959064327 0.14967105263157893 0.027777777777777776 0.042763157894736836
1 0.4766081871345029 0.02905701754385965 0.029239766081871343 0.03289473684210526
1 0.4409722222222222 0.12719298245614036 0.014985380116959063 0.02412280701754386
1 0.5034722222222222 0.13240131578947367 0.01864035087719298 0.0268640350877193
1 0.7012061403508771 0.12527412280701752 0.01425438596491228 0.0356359649122807
1 0.6734283625730993 0.13020833333333331 0.021564327485380116 0.03453947368421052
1 0.6321271929824561 0.11567982456140351 0.023026315789473683 0.03728070175438596
1 0.8028143274853801 0.11595394736842105 0.020833333333333332 0.02357456140350877
1 0.8042763157894737 0.03179824561403509 0.017178362573099414 0.039473684210526314
1 0.8218201754385964 0.11211622807017543 0.01644736842105263 0.0268640350877193
1 0.9258040935672515 0.1049890350877193 0.033625730994152045 0.05317982456140351
1 0.8165204678362573 0.22286184210526314 0.013888888888888888 0.022478070175438597
1 0.7783260233918128 0.296875 0.008406432748538011 0.02905701754385965
1 0.8472222222222222 0.22779605263157893 0.015350877192982455 0.020285087719298246
1 0.6195175438596491 0.2949561403508772 0.008771929824561403 0.02631578947368421
1 0.48428362573099415 0.28371710526315785 0.019005847953216373 0.03782894736842105
1 0.42032163742690054 0.23656798245614033 0.017543859649122806 0.02796052631578947
1 0.38669590643274854 0.31222587719298245 0.01023391812865497 0.03125
1 0.2715643274853801 0.265625 0.013157894736842105 0.00932017543859649
1 0.2222222222222222 0.2768640350877193 0.04239766081871345 0.03508771929824561
1 0.14875730994152045 0.2807017543859649 0.027777777777777776 0.0581140350877193
1 0.03125 0.27713815789473684 0.025219298245614034 0.0356359649122807
1 0.2891081871345029 0.4709429824561403 0.025584795321637425 0.039473684210526314
1 0.3256578947368421 0.45805921052631576 0.013888888888888888 0.024671052631578948
1 0.7534722222222222 0.4331140350877193 0.010599415204678362 0.02412280701754386
1 0.9579678362573099 0.647203947368421 0.02046783625730994 0.045504385964912276
1 0.908625730994152 0.6548793859649122 0.03070175438596491 0.02905701754385965
1 0.8179824561403508 0.6450109649122807 0.02266081871345029 0.03125
1 0.7891081871345029 0.6614583333333333 0.024853801169590642 0.022478070175438597
1 0.6474780701754386 0.631578947368421 0.01864035087719298 0.029605263157894735
1 0.03691520467836257 0.7946820175438596 0.027777777777777776 0.024671052631578948
1 0.1381578947368421 0.7924890350877193 0.023391812865497075 0.022478070175438597
1 0.23282163742690057 0.7941337719298245 0.01827485380116959 0.024671052631578948
1 0.2744883040935672 0.7705592105263157 0.021929824561403508 0.024671052631578948
1 0.8399122807017544 0.7327302631578947 0.01608187134502924 0.022478070175438597
1 0.18658625730994152 0.4734100877192982 0.010599415204678362 0.018092105263157895
1 0.6962719298245613 0.5449561403508771 0.01023391812865497 0.02631578947368421
1 0.32675438596491224 0.894736842105263 0.021198830409356724 0.025219298245614034
1 0.41154970760233917 0.9161184210526315 0.025584795321637425 0.043859649122807015
1 0.023026315789473683 0.9895833333333333 0.033625730994152045 0.020833333333333332
1 0.08442982456140351 0.9857456140350876 0.03216374269005848 0.02850877192982456
1 0.21144005847953215 0.9868421052631579 0.02448830409356725 0.02631578947368421
1 0.6304824561403508 0.9646381578947368 0.009502923976608187 0.018092105263157895
1 0.6588084795321637 0.9618969298245613 0.010599415204678362 0.0268640350877193
1 0.8379020467836257 0.9695723684210525 0.0222953216374269 0.02357456140350877
1 0.9276315789473684 0.9608004385964912 0.019736842105263157 0.02576754385964912
1 0.983735380116959 0.9459978070175438 0.032529239766081866 0.019188596491228067
