1 0.00932017543859649 0.5715460526315789 0.017178362573099414 0.022478070175438597
1 0.06451023391812866 0.5866228070175439 0.01864035087719298 0.01644736842105263
1 0.11823830409356724 0.5644188596491228 0.020833333333333332 0.03015350877192982
1 0.09137426900584794 0.6916118421052632 0.021929824561403508 0.042214912280701754
1 0.1836622807017544 0.6099232456140351 0.028143274853801168 0.03673245614035087
1 0.23757309941520466 0.5679824561403508 0.023391812865497075 0.03179824561403509
1 0.3110380116959064 0.709703947368421 0.025584795321637425 0.045504385964912276
1 0.3994883040935672 0.6030701754385964 0.021929824561403508 0.03179824561403509
1 0.39729532163742687 0.5630482456140351 0.027777777777777776 0.02850877192982456
1 0.4605263157894737 0.6611842105263157 0.013157894736842105 0.04057017543859649
1 0.5425804093567251 0.659265350877193 0.03326023391812866 0.03782894736842105
1 0.6641081871345029 0.5671600877192983 0.019736842105263157 0.02905701754385965
1 0.7236842105263157 0.6252741228070176 0.021929824561403508 0.0268640350877193
1 0.9921418128654971 0.10882675438596491 0.015716374269005847 0.02796052631578947
1 0.5237573099415205 0.5586622807017544 0.013157894736842105 0.023026315789473683
1 0.7571271929824561 0.5331688596491228 0.025950292397660817 0.02905701754385965
1 0.7978801169590642 0.6252741228070176 0.008771929824561403 0.022478070175438597
1 0.8589181286549707 0.53125 0.023391812865497075 0.017543859649122806
1 0.9360380116959064 0.6271929824561403 0.023391812865497075 0.046052631578947366
1 0.8848684210526315 0.6927083333333333 0.02412280701754386 0.04989035087719298
1 0.9736842105263157 0.631578947368421 0.01827485380116959 0.04057017543859649
