1 0.41739766081871343 0.45559210526315785 0.013157894736842105 0.013157894736842105
1 0.36915204678362573 0.46408991228070173 0.013157894736842105 0.013706140350877192
1 0.5195540935672515 0.6924342105263157 0.020833333333333332 0.03179824561403509
1 0.4844663742690058 0.6872258771929824 0.025219298245614034 0.03782894736842105
1 0.45705409356725146 0.6992872807017544 0.025950292397660817 0.03125
1 0.418859649122807 0.6968201754385964 0.03070175438596491 0.039473684210526314
1 0.3748172514619883 0.7055921052631579 0.027412280701754384 0.044956140350877194
1 0.25548245614035087 0.7140899122807017 0.025584795321637425 0.03782894736842105
1 0.20833333333333331 0.7165570175438596 0.027777777777777776 0.03179824561403509
1 0.17032163742690057 0.71875 0.02412280701754386 0.044956140350877194
1 0.1421783625730994 0.7099780701754386 0.02850877192982456 0.03070175438596491
1 0.11896929824561403 0.7236842105263157 0.023026315789473683 0.03070175438596491
1 0.0762061403508772 0.7234100877192982 0.025219298245614034 0.0400219298245614
1 0.049342105263157895 0.7192982456140351 0.031432748538011694 0.03728070175438596
1 0.01864035087719298 0.7431469298245613 0.035818713450292396 0.041118421052631575
1 0.5946637426900584 0.5545504385964912 0.02412280701754386 0.018092105263157895
1 0.40332602339181284 0.8075657894736842 0.020833333333333332 0.042763157894736836
1 0.34466374269005845 0.8059210526315789 0.024853801169590642 0.03728070175438596
1 0.2838084795321637 0.8127741228070176 0.034722222222222224 0.06195175438596491
1 0.25237573099415206 0.8081140350877193 0.038377192982456135 0.046052631578947366
1 0.20760233918128654 0.8264802631578947 0.03654970760233918 0.05975877192982456
1 0.16410818713450293 0.8199013157894737 0.029239766081871343 0.038925438596491224
1 0.0893640350877193 0.8259320175438596 0.04788011695906433 0.042214912280701754
1 0.6692251461988303 0.06085526315789473 0.008771929824561403 0.019736842105263157
1 0.7554824561403508 0.018366228070175437 0.035818713450292396 0.0356359649122807
1 0.9203216374269005 0.07648026315789473 0.01827485380116959 0.044407894736842105
1 0.9808114035087718 0.06359649122807018 0.038377192982456135 0.044956140350877194
1 0.9307383040935672 0.14281798245614033 0.04203216374269006 0.06743421052631579
1 0.8784722222222222 0.1650219298245614 0.034722222222222224 0.038377192982456135
1 0.7880116959064327 0.18311403508771928 0.02266081871345029 0.0537280701754386
1 0.7114400584795322 0.1836622807017544 0.017909356725146198 0.029605263157894735
1 0.6410818713450293 0.2012061403508772 0.02046783625730994 0.04057017543859649
1 0.5879020467836257 0.30893640350877194 0.03691520467836257 0.048793859649122806
1 0.6220760233918128 0.2897478070175438 0.03216374269005848 0.0400219298245614
1 0.6631944444444444 0.2905701754385965 0.03033625730994152 0.0537280701754386
1 0.7417763157894737 0.256578947368421 0.03691520467836257 0.042763157894736836
1 0.8203581871345029 0.2543859649122807 0.02448830409356725 0.042763157894736836
1 0.8364400584795321 0.27001096491228066 0.03326023391812866 0.044407894736842105
1 0.5634137426900584 0.36047149122807015 0.023757309941520467 0.0268640350877193
1 0.8910818713450291 0.2546600877192982 0.027777777777777776 0.03125
1 0.9497441520467835 0.2587719298245614 0.03691520467836257 0.03399122807017543
1 0.9934210526315789 0.2546600877192982 0.013157894736842105 0.05098684210526316
1 0.9535818713450291 0.3980263157894737 0.016812865497076022 0.021929824561403508
1 0.94828216374269 0.490953947368421 0.04714912280701754 0.04989035087719298
1 0.8802997076023391 0.39473684210526316 0.014985380116959063 0.019736842105263157
1 0.8057383040935672 0.39692982456140347 0.01864035087719298 0.044956140350877194
1 0.785453216374269 0.4155701754385965 0.023391812865497075 0.044956140350877194
1 0.6001461988304093 0.41913377192982454 0.016812865497076022 0.03782894736842105
1 0.8987573099415204 0.6304824561403508 0.03070175438596491 0.03399122807017543
1 0.7671783625730993 0.53125 0.02412280701754386 0.03070175438596491
1 0.6655701754385964 0.5422149122807017 0.046052631578947366 0.046052631578947366
1 0.6986476608187134 0.5233004385964912 0.029605263157894735 0.07291666666666666
1 0.7026681286549707 0.5583881578947368 0.0442251461988304 0.06414473684210525
1 0.9618055555555555 0.6614583333333333 0.05153508771929824 0.07182017543859649
1 0.9872076023391813 0.6817434210526315 0.025584795321637425 0.06962719298245613
1 0.6747076023391813 0.7834429824561403 0.009502923976608187 0.02412280701754386
1 0.8700657894736842 0.753015350877193 0.023757309941520467 0.02905701754385965
1 0.8863304093567251 0.7823464912280701 0.035818713450292396 0.05701754385964912
1 0.9217836257309941 0.7549342105263157 0.011695906432748537 0.021929824561403508
1 0.9888523391812865 0.9901315789473684 0.017178362573099414 0.019736842105263157
1 0.8159722222222222 0.9890350877192982 0.03179824561403509 0.021929824561403508
