1 0.02448830409356725 0.10471491228070175 0.016812865497076022 0.02631578947368421
1 0.07675438596491227 0.11677631578947367 0.019736842105263157 0.020833333333333332
1 0.13486842105263158 0.2149122807017544 0.02412280701754386 0.03179824561403509
1 0.03326023391812866 0.22395833333333331 0.021929824561403508 0.04769736842105263
1 0.19426169590643275 0.3223684210526316 0.01644736842105263 0.023026315789473683
1 0.15862573099415203 0.31935307017543857 0.029239766081871343 0.044407894736842105
1 0.09429824561403508 0.3333333333333333 0.021198830409356724 0.046052631578947366
1 0.03070175438596491 0.3212719298245614 0.021929824561403508 0.03070175438596491
1 0.10508040935672514 0.43338815789473684 0.011330409356725146 0.018092105263157895
1 0.14546783625730994 0.4734100877192982 0.02046783625730994 0.018092105263157895
1 0.16264619883040934 0.5666118421052632 0.0402046783625731 0.05098684210526316
1 0.1288377192982456 0.5715460526315789 0.04641812865497076 0.05975877192982456
1 0.09027777777777778 0.587719298245614 0.0402046783625731 0.05482456140350877
1 0.03234649122807017 0.5589364035087719 0.034722222222222224 0.04989035087719298
1 0.16264619883040934 0.6652960526315789 0.012426900584795321 0.020285087719298246
1 0.13486842105263158 0.665844298245614 0.007309941520467836 0.013706140350877192
1 0.09868421052631579 0.6759868421052632 0.013888888888888888 0.021929824561403508
1 0.019554093567251463 0.6713267543859649 0.010599415204678362 0.02357456140350877
1 0.0268640350877193 0.75 0.010599415204678362 0.01864035087719298
1 0.04641812865497076 0.7700109649122806 0.03435672514619883 0.0400219298245614
1 0.12061403508771928 0.7563048245614035 0.013888888888888888 0.0268640350877193
1 0.15478801169590642 0.7434210526315789 0.014985380116959063 0.02850877192982456
1 0.19005847953216373 0.7768640350877193 0.02046783625730994 0.03070175438596491
1 0.22277046783625729 0.737390350877193 0.028143274853801168 0.0537280701754386
1 0.21673976608187134 0.8950109649122806 0.025584795321637425 0.044407894736842105
1 0.16611842105263158 0.8837719298245613 0.03691520467836257 0.044956140350877194
1 0.13432017543859648 0.8969298245614035 0.028143274853801168 0.05592105263157894
1 0.10380116959064327 0.9172149122807017 0.02631578947368421 0.0537280701754386
1 0.03234649122807017 0.9114583333333333 0.03179824561403509 0.043311403508771926
1 0.2807017543859649 0.0537280701754386 0.013157894736842105 0.04714912280701754
1 0.3163377192982456 0.20175438596491227 0.02887426900584795 0.05263157894736842
1 0.9164839181286549 0.0512609649122807 0.05153508771929824 0.06962719298245613
1 0.831140350877193 0.035910087719298246 0.027046783625730993 0.048793859649122806
1 0.8042763157894737 0.0625 0.034722222222222224 0.042763157894736836
1 0.6986476608187134 0.03645833333333333 0.02448830409356725 0.05427631578947368
1 0.4409722222222222 0.07209429824561403 0.03399122807017543 0.06962719298245613
1 0.4853801169590643 0.18777412280701752 0.013888888888888888 0.048793859649122806
1 0.518640350877193 0.1962719298245614 0.027046783625730993 0.03179824561403509
1 0.6260964912280701 0.1836622807017544 0.02850877192982456 0.03728070175438596
1 0.6542397660818713 0.1938048245614035 0.027777777777777776 0.03782894736842105
1 0.7076023391812865 0.17434210526315788 0.031432748538011694 0.049342105263157895
1 0.7383040935672515 0.1611842105263158 0.019736842105263157 0.021929824561403508
1 0.5222953216374269 0.3144188596491228 0.029239766081871343 0.04989035087719298
1 0.5115131578947368 0.31085526315789475 0.027412280701754384 0.02850877192982456
1 0.3846856725146199 0.34484649122807015 0.028143274853801168 0.043859649122807015
1 0.5579312865497076 0.34237938596491224 0.027412280701754384 0.03015350877192982
1 0.5869883040935672 0.30838815789473684 0.046052631578947366 0.044407894736842105
1 0.7315423976608186 0.3059210526315789 0.04057017543859649 0.04714912280701754
1 0.7626096491228069 0.2924890350877193 0.028143274853801168 0.03782894736842105
1 0.7861842105263157 0.29797149122807015 0.027777777777777776 0.03125
1 0.8501461988304093 0.3059210526315789 0.03654970760233918 0.03728070175438596
1 0.8788377192982456 0.28152412280701755 0.038377192982456135 0.03125
1 0.9278143274853801 0.30975877192982454 0.03179824561403509 0.04057017543859649
1 0.9672880116959064 0.3015350877192982 0.04130116959064327 0.05592105263157894
1 0.9654605263157894 0.45559210526315785 0.06907894736842105 0.0800438596491228
1 0.8486842105263157 0.41584429824561403 0.035818713450292396 0.02357456140350877
1 0.7949561403508771 0.4065241228070175 0.05482456140350877 0.0893640350877193
1 0.7298976608187134 0.4150219298245614 0.025584795321637425 0.02412280701754386
1 0.6240862573099415 0.4377741228070175 0.04203216374269006 0.0268640350877193
1 0.4756944444444444 0.44243421052631576 0.020833333333333332 0.021929824561403508
1 0.41447368421052627 0.5167214912280701 0.01608187134502924 0.020285087719298246
1 0.4672880116959064 0.5455043859649122 0.021564327485380116 0.025219298245614034
1 0.6240862573099415 0.5134320175438596 0.01425438596491228 0.018092105263157895
1 0.8223684210526315 0.5271381578947368 0.016812865497076022 0.022478070175438597
1 0.831140350877193 0.6071820175438596 0.027777777777777776 0.043311403508771926
1 0.8987573099415204 0.6055372807017544 0.029239766081871343 0.0356359649122807
1 0.29532163742690054 0.6573464912280701 0.02266081871345029 0.03289473684210526
1 0.3700657894736842 0.6167763157894737 0.012792397660818713 0.01425438596491228
1 0.4060672514619883 0.6178728070175439 0.013157894736842105 0.010964912280701754
1 0.5222953216374269 0.625 0.021929824561403508 0.019736842105263157
1 0.4925073099415204 0.6211622807017544 0.01864035087719298 0.020833333333333332
1 0.42196637426900585 0.7165570175438596 0.02448830409356725 0.049342105263157895
1 0.6699561403508771 0.7129934210526315 0.021929824561403508 0.04989035087719298
1 0.7479897660818713 0.7420504385964912 0.03179824561403509 0.05098684210526316
1 0.7876461988304093 0.7330043859649122 0.027046783625730993 0.039473684210526314
1 0.8393640350877193 0.7190241228070176 0.0266812865497076 0.03125
1 0.8618421052631579 0.7086074561403508 0.015350877192982455 0.0268640350877193
1 0.9009502923976608 0.6962719298245613 0.027777777777777776 0.03070175438596491
1 0.9707602339181286 0.7102521929824561 0.03874269005847953 0.044407894736842105
1 0.8832236842105262 0.8086622807017544 0.029605263157894735 0.039473684210526314
1 0.9541301169590642 0.8621162280701754 0.035453216374269 0.05098684210526316
1 0.9842836257309941 0.940515350877193 0.031432748538011694 0.06743421052631579
1 0.9546783625730993 0.9517543859649122 0.024853801169590642 0.049342105263157895
1 0.896016081871345 0.9810855263157894 0.03691520467836257 0.03782894736842105
1 0.5701754385964912 0.8939144736842105 0.013157894736842105 0.018092105263157895
1 0.49122807017543857 0.9684758771929824 0.03216374269005848 0.06304824561403509
1 0.47953216374269003 0.9396929824561403 0.029970760233918127 0.05043859649122807
1 0.37591374269005845 0.8621162280701754 0.02010233918128655 0.03125
1 0.31451023391812866 0.7524671052631579 0.017909356725146198 0.020285087719298246
1 0.35946637426900585 0.7461622807017544 0.025219298245614034 0.04057017543859649
1 0.3223684210526316 0.6384320175438596 0.010964912280701754 0.016995614035087717
1 0.7748538011695906 0.8267543859649122 0.021198830409356724 0.027412280701754384
