1 0.8863304093567251 0.028782894736842105 0.01023391812865497 0.019188596491228067
1 0.9932383040935672 0.05592105263157894 0.01864035087719298 0.03399122807017543
1 0.844298245614035 0.2025767543859649 0.01608187134502924 0.02576754385964912
1 0.8729897660818713 0.3275767543859649 0.01425438596491228 0.021381578947368418
1 0.9009502923976608 0.319078947368421 0.01608187134502924 0.017543859649122806
1 0.9385964912280701 0.33031798245614036 0.01827485380116959 0.0400219298245614
1 0.5879020467836257 0.08114035087719298 0.023757309941520467 0.02631578947368421
1 0.489766081871345 0.08908991228070175 0.019736842105263157 0.0356359649122807
1 0.36915204678362573 0.0893640350877193 0.031432748538011694 0.03289473684210526
1 0.346125730994152 0.21025219298245612 0.01608187134502924 0.03125
1 0.5394736842105263 0.18777412280701752 0.03070175438596491 0.0356359649122807
1 0.5990497076023391 0.2025767543859649 0.012426900584795321 0.014802631578947368
1 0.521016081871345 0.36622807017543857 0.012792397660818713 0.029605263157894735
1 0.34429824561403505 0.3758223684210526 0.03289473684210526 0.02796052631578947
1 0.45211988304093564 0.4651864035087719 0.021198830409356724 0.041118421052631575
1 0.5288742690058479 0.47313596491228066 0.016812865497076022 0.02850877192982456
1 0.4612573099415204 0.5559210526315789 0.021929824561403508 0.038377192982456135
1 0.41118421052631576 0.6121162280701754 0.021929824561403508 0.0400219298245614
1 0.3329678362573099 0.7362938596491228 0.024853801169590642 0.04057017543859649
1 0.3877923976608187 0.7250548245614035 0.01827485380116959 0.0268640350877193
1 0.4678362573099415 0.7859100877192982 0.02266081871345029 0.0356359649122807
1 0.5146198830409356 0.8325109649122806 0.024853801169590642 0.03453947368421052
1 0.5122441520467836 0.9553179824561403 0.01864035087719298 0.03782894736842105
1 0.7094298245614035 0.8146929824561403 0.024853801169590642 0.03618421052631579
1 0.7450657894736842 0.844298245614035 0.020833333333333332 0.041666666666666664
1 0.6758040935672515 0.9660087719298245 0.02266081871345029 0.041666666666666664
1 0.6557017543859649 0.6885964912280701 0.02631578947368421 0.04714912280701754
1 0.8212719298245613 0.7996162280701754 0.016812865497076022 0.0268640350877193
1 0.8384502923976608 0.8201754385964912 0.016812865497076022 0.03618421052631579
1 0.8355263157894737 0.9336622807017544 0.016812865497076022 0.03070175438596491
1 1 0.9512061403508771 0.031432748538011694 0.049342105263157895
1 0.97953216374269 0.853344298245614 0.02412280701754386 0.046600877192982455
1 0.9336622807017544 0.7952302631578947 0.014985380116959063 0.018092105263157895
1 0.906798245614035 0.6795504385964912 0.014619883040935672 0.022478070175438597
1 0.875 0.5734649122807017 0.027046783625730993 0.043859649122807015
1 0.8355263157894737 0.5962171052631579 0.029970760233918127 0.05098684210526316
1 0.7803362573099415 0.553453947368421 0.01827485380116959 0.0356359649122807
1 0.8340643274853801 0.4427083333333333 0.02266081871345029 0.02796052631578947
1 0.7598684210526315 0.20586622807017543 0.013888888888888888 0.03125
1 0.6900584795321637 0.21902412280701752 0.021198830409356724 0.03125
1 0.6717836257309941 0.29550438596491224 0.023391812865497075 0.025219298245614034
1 0.6483918128654971 0.5542763157894737 0.021198830409356724 0.03508771929824561
1 0.7309941520467835 0.44188596491228066 0.017543859649122806 0.019736842105263157
1 0.418859649122807 0.3177083333333333 0.02046783625730994 0.03015350877192982
