1 0.021564327485380116 0.4920504385964912 0.03216374269005848 0.03673245614035087
1 0.25237573099415206 0.4934210526315789 0.025950292397660817 0.04057017543859649
1 0.3086622807017544 0.5117872807017544 0.020833333333333332 0.02576754385964912
1 0.47277046783625726 0.4950657894736842 0.01864035087719298 0.03070175438596491
1 0.39364035087719296 0.5619517543859649 0.046052631578947366 0.05263157894736842
1 0.3651315789473684 0.5764802631578947 0.014619883040935672 0.0268640350877193
1 0.22112573099415203 0.5805921052631579 0.021198830409356724 0.03070175438596491
1 0.2911184210526316 0.6025219298245613 0.03399122807017543 0.038377192982456135
1 0.3735380116959064 0.6145833333333333 0.021929824561403508 0.03618421052631579
1 0.048793859649122806 0.6200657894736842 0.03179824561403509 0.041666666666666664
1 0.5338084795321637 0.5263157894736842 0.017178362573099414 0.0581140350877193
1 0.5434941520467836 0.5402960526315789 0.03070175438596491 0.0400219298245614
1 0.5840643274853801 0.5515350877192983 0.027777777777777776 0.03070175438596491
1 0.5957602339181286 0.4777960526315789 0.016812865497076022 0.03125
1 0.5891812865497076 0.7149122807017544 0.023391812865497075 0.03179824561403509
1 0.5122441520467836 0.7017543859649122 0.01864035087719298 0.027412280701754384
1 0.4786184210526315 0.6962719298245613 0.01206140350877193 0.025219298245614034
1 0.42580409356725146 0.7072368421052632 0.021929824561403508 0.02631578947368421
1 0.383406432748538 0.7192982456140351 0.01827485380116959 0.03070175438596491
1 0.2909356725146199 0.721765350877193 0.02046783625730994 0.024671052631578948
1 0.1699561403508772 0.7138157894736842 0.03289473684210526 0.039473684210526314
1 0.043859649122807015 0.6921600877192982 0.017543859649122806 0.018092105263157895
1 0.07328216374269006 0.7272478070175438 0.028143274853801168 0.03673245614035087
1 0.03618421052631579 0.7486293859649122 0.021198830409356724 0.021381578947368418
1 0.22112573099415203 0.853344298245614 0.021198830409356724 0.046600877192982455
1 0.3399122807017544 0.7889254385964912 0.014619883040935672 0.02412280701754386
1 0.3534356725146199 0.8166118421052632 0.017543859649122806 0.02796052631578947
1 0.45559210526315785 0.7993421052631579 0.009868421052631578 0.021929824561403508
1 0.4608918128654971 0.819078947368421 0.027777777777777776 0.043859649122807015
1 0.5590277777777778 0.8278508771929824 0.025950292397660817 0.03179824561403509
1 0.27832602339181284 0.9950657894736842 0.01644736842105263 0.009868421052631578
1 0.6451023391812866 0.46463815789473684 0.029970760233918127 0.0356359649122807
1 0.6582602339181286 0.5759320175438596 0.02266081871345029 0.03673245614035087
1 0.6988304093567251 0.5945723684210525 0.025584795321637425 0.03453947368421052
1 0.7509137426900584 0.5962171052631579 0.0222953216374269 0.044407894736842105
1 0.7167397660818713 0.49725877192982454 0.013157894736842105 0.020833333333333332
1 0.7821637426900584 0.4690241228070175 0.023391812865497075 0.0268640350877193
1 0.7754020467836257 0.5762061403508771 0.017178362573099414 0.04057017543859649
1 0.8329678362573099 0.5411184210526315 0.024853801169590642 0.03399122807017543
1 0.8406432748538011 0.42160087719298245 0.011695906432748537 0.03070175438596491
1 0.8940058479532164 0.44435307017543857 0.027777777777777776 0.03782894736842105
1 0.9111842105263157 0.4983552631578947 0.025584795321637425 0.03289473684210526
1 0.969298245614035 0.5331688596491228 0.025584795321637425 0.038925438596491224
1 0.9177631578947368 0.6614583333333333 0.03216374269005848 0.03125
1 0.8760964912280701 0.6400767543859649 0.014619883040935672 0.024671052631578948
1 0.8125 0.6480263157894737 0.019736842105263157 0.03618421052631579
1 0.8192616959064327 0.6792763157894737 0.023757309941520467 0.03070175438596491
1 0.6865862573099415 0.6504934210526315 0.01644736842105263 0.02796052631578947
1 0.7368421052631579 0.6943530701754386 0.021198830409356724 0.022478070175438597
1 0.7339181286549707 0.7771381578947368 0.02850877192982456 0.03782894736842105
1 0.7940423976608186 0.7478070175438596 0.02448830409356725 0.03508771929824561
1 0.8735380116959064 0.7702850877192982 0.02631578947368421 0.04057017543859649
1 0.8828581871345029 0.7456140350877193 0.01864035087719298 0.02850877192982456
1 0.989766081871345 0.7321820175438596 0.016812865497076022 0.03125
1 0.9954312865497076 0.8459429824561403 0.009137426900584795 0.019736842105263157
1 0.9188596491228069 0.8308662280701754 0.03289473684210526 0.06633771929824561
1 0.8994883040935672 0.853344298245614 0.019005847953216373 0.06195175438596491
1 0.8262061403508771 0.8700657894736842 0.042763157894736836 0.05482456140350877
1 0.7222222222222222 0.8580043859649122 0.03289473684210526 0.05701754385964912
1 0.6714181286549707 0.875548245614035 0.021198830409356724 0.044956140350877194
1 0.9047880116959064 0.9821820175438596 0.008406432748538011 0.022478070175438597
1 0.8505116959064327 0.9945175438596491 0.012426900584795321 0.010964912280701754
1 0.8051900584795321 0.9953399122807017 0.012426900584795321 0.00932017543859649
1 0.7461622807017544 0.9868421052631579 0.010599415204678362 0.010964912280701754
1 0.6290204678362573 0.993969298245614 0.01608187134502924 0.01206140350877193
