1 0.06633771929824561 0.5945723684210525 0.03033625730994152 0.038925438596491224
1 0.0884502923976608 0.671875 0.031432748538011694 0.048793859649122806
1 0.10105994152046784 0.7209429824561403 0.0581140350877193 0.04714912280701754
1 0.3711622807017544 0.9292763157894737 0.029605263157894735 0.06359649122807018
1 0.427266081871345 0.009046052631578948 0.02412280701754386 0.014802631578947368
1 0.4292763157894737 0.02768640350877193 0.0222953216374269 0.02796052631578947
1 0.45614035087719296 0.16968201754385964 0.01608187134502924 0.02905701754385965
1 0.6690423976608186 0.018914473684210526 0.02448830409356725 0.018092105263157895
1 0.7567616959064327 0.01343201754385965 0.02887426900584795 0.02357456140350877
1 0.9696637426900584 0.19873903508771928 0.011695906432748537 0.03344298245614035
1 0.9926900584795321 0.2012061403508772 0.014619883040935672 0.029605263157894735
1 0.888157894736842 0.19682017543859648 0.014619883040935672 0.02412280701754386
1 0.8594663742690059 0.21875 0.01644736842105263 0.020833333333333332
1 0.82328216374269 0.2319078947368421 0.025950292397660817 0.03289473684210526
1 0.7949561403508771 0.2275219298245614 0.027046783625730993 0.029605263157894735
1 0.7339181286549707 0.22286184210526314 0.014619883040935672 0.022478070175438597
1 0.6421783625730993 0.2151864035087719 0.01608187134502924 0.02796052631578947
1 0.6162280701754386 0.22971491228070173 0.012426900584795321 0.02631578947368421
1 0.5579312865497076 0.22395833333333331 0.023026315789473683 0.038925438596491224
1 0.5381944444444444 0.2546600877192982 0.017909356725146198 0.022478070175438597
1 0.4932383040935672 0.22807017543859648 0.03326023391812866 0.049342105263157895
1 0.45906432748538006 0.22861842105263155 0.02412280701754386 0.041666666666666664
1 0.4336622807017544 0.25109649122807015 0.025219298245614034 0.03179824561403509
1 0.4512061403508772 0.334703947368421 0.03179824561403509 0.048793859649122806
1 0.5204678362573099 0.3536184210526316 0.019736842105263157 0.029605263157894735
1 0.5601242690058479 0.34923245614035087 0.02448830409356725 0.03070175438596491
1 0.5826023391812866 0.3706140350877193 0.013888888888888888 0.01644736842105263
1 0.6328581871345029 0.35334429824561403 0.02010233918128655 0.048793859649122806
1 0.6524122807017544 0.35992324561403505 0.021929824561403508 0.05098684210526316
1 0.8028143274853801 0.33442982456140347 0.025950292397660817 0.04057017543859649
1 0.896016081871345 0.3388157894736842 0.019371345029239765 0.03399122807017543
1 0.8848684210526315 0.3665021929824561 0.015350877192982455 0.018092105263157895
1 0.9605263157894737 0.32456140350877194 0.027777777777777776 0.02631578947368421
1 0.9672880116959064 0.3514254385964912 0.008406432748538011 0.03399122807017543
1 0.9936038011695906 0.3215460526315789 0.012792397660818713 0.05098684210526316
1 0.971125730994152 0.43722587719298245 0.008771929824561403 0.0268640350877193
1 0.9340277777777777 0.4649122807017544 0.0442251461988304 0.05701754385964912
1 0.893640350877193 0.5586622807017544 0.029970760233918127 0.03070175438596491
1 0.6705043859649122 0.5608552631578947 0.03764619883040936 0.05153508771929824
1 0.5932017543859649 0.47834429824561403 0.009502923976608187 0.021381578947368418
1 0.5303362573099415 0.4915021929824561 0.023391812865497075 0.0356359649122807
1 0.5692616959064327 0.5775767543859649 0.020833333333333332 0.03015350877192982
1 0.46929824561403505 0.4777960526315789 0.015350877192982455 0.0356359649122807
1 0.6048976608187134 0.6921600877192982 0.027777777777777776 0.03782894736842105
1 0.6038011695906432 0.7922149122807017 0.03654970760233918 0.03399122807017543
1 0.5303362573099415 0.7905701754385964 0.015350877192982455 0.03618421052631579
1 0.4888523391812865 0.7897478070175438 0.03399122807017543 0.04769736842105263
1 0.508406432748538 0.8977521929824561 0.019736842105263157 0.022478070175438597
1 0.6048976608187134 0.8930921052631579 0.019736842105263157 0.03070175438596491
1 0.6284722222222222 0.8939144736842105 0.017909356725146198 0.043311403508771926
1 0.6546052631578947 0.8980263157894737 0.014619883040935672 0.021929824561403508
1 0.7090643274853801 0.8892543859649122 0.019005847953216373 0.029605263157894735
1 0.7538377192982456 0.8892543859649122 0.02010233918128655 0.03179824561403509
1 0.7876461988304093 0.890625 0.019736842105263157 0.03015350877192982
1 0.9336622807017544 0.8977521929824561 0.017178362573099414 0.0268640350877193
1 0.9769736842105262 0.8996710526315789 0.01608187134502924 0.02631578947368421
1 0.85453216374269 0.9758771929824561 0.0402046783625731 0.04824561403508772
