1 0.08991228070175439 0.30372807017543857 0.02046783625730994 0.021929824561403508
1 0.03618421052631579 0.3900767543859649 0.029239766081871343 0.043311403508771926
1 0.08351608187134503 0.43338815789473684 0.04203216374269006 0.0893640350877193
1 0.11677631578947367 0.9750548245614035 0.058845029239766075 0.04989035087719298
1 0.7905701754385964 0.1513157894736842 0.05043859649122807 0.0581140350877193
1 0.8799342105263157 0.17900219298245612 0.0398391812865497 0.06085526315789473
1 0.3559941520467836 0.2976973684210526 0.019736842105263157 0.023026315789473683
1 0.3028143274853801 0.42434210526315785 0.015716374269005847 0.044956140350877194
1 0.2627923976608187 0.4306469298245614 0.009502923976608187 0.0268640350877193
1 0.3636695906432748 0.4290021929824561 0.02046783625730994 0.03125
1 0.42817982456140347 0.4150219298245614 0.021564327485380116 0.03728070175438596
1 0.4535818713450292 0.4180372807017544 0.014619883040935672 0.03015350877192982
1 0.5067616959064327 0.4331140350877193 0.01425438596491228 0.025219298245614034
1 0.5692616959064327 0.44846491228070173 0.021564327485380116 0.03289473684210526
1 0.6302997076023391 0.44243421052631576 0.019371345029239765 0.02631578947368421
1 0.5946637426900584 0.4265350877192982 0.01827485380116959 0.03289473684210526
1 0.739766081871345 0.453125 0.012426900584795321 0.022478070175438597
1 0.7704678362573099 0.4202302631578947 0.01827485380116959 0.016995614035087717
1 0.9018640350877193 0.4251644736842105 0.027412280701754384 0.02796052631578947
1 0.9663742690058479 0.42160087719298245 0.023391812865497075 0.023026315789473683
1 0.9228801169590642 0.625 0.03874269005847953 0.06469298245614034
1 0.6968201754385964 0.8958333333333333 0.055190058479532164 0.09649122807017543
