1 0.029788011695906433 0.16392543859649122 0.023026315789473683 0.03399122807017543
1 0.0884502923976608 0.3015350877192982 0.029970760233918127 0.05153508771929824
1 0.0884502923976608 0.40213815789473684 0.027046783625730993 0.048793859649122806
1 0.070906432748538 0.490953947368421 0.03728070175438596 0.06085526315789473
1 0.05226608187134503 0.659265350877193 0.046052631578947366 0.07182017543859649
1 0.08388157894736842 0.7508223684210525 0.04714912280701754 0.06304824561403509
1 0.059027777777777776 0.8612938596491228 0.02010233918128655 0.02631578947368421
1 0.03654970760233918 0.9813596491228069 0.039473684210526314 0.03728070175438596
1 0.20413011695906433 0.044956140350877194 0.015716374269005847 0.017543859649122806
1 0.2627923976608187 0.02549342105263158 0.013888888888888888 0.019188596491228067
1 0.289656432748538 0.06551535087719298 0.021564327485380116 0.03234649122807017
1 0.30372807017543857 0.04961622807017543 0.012426900584795321 0.03125
1 0.41703216374269003 0.06277412280701754 0.02266081871345029 0.0356359649122807
1 0.48830409356725146 0.03125 0.019005847953216373 0.017543859649122806
1 0.5849780701754386 0.03453947368421052 0.013523391812865496 0.019736842105263157
1 0.7865497076023391 0.1293859649122807 0.033625730994152045 0.0625
1 0.8057383040935672 0.14172149122807018 0.019371345029239765 0.03125
1 0.7368421052631579 0.17160087719298245 0.02266081871345029 0.05263157894736842
1 0.7046783625730993 0.1356907894736842 0.025584795321637425 0.03344298245614035
1 0.3740862573099415 0.1907894736842105 0.0222953216374269 0.021929824561403508
1 0.191703216374269 0.28179824561403505 0.039108187134502925 0.05482456140350877
1 0.2563961988304093 0.29221491228070173 0.03691520467836257 0.06359649122807018
1 0.3194444444444444 0.2807017543859649 0.03508771929824561 0.04714912280701754
1 0.38048245614035087 0.31935307017543857 0.021929824561403508 0.03782894736842105
1 0.42415935672514615 0.2650767543859649 0.039108187134502925 0.05646929824561403
1 0.4605263157894737 0.2768640350877193 0.03728070175438596 0.04714912280701754
1 0.5010964912280701 0.25685307017543857 0.03070175438596491 0.042214912280701754
1 0.564875730994152 0.3001644736842105 0.01864035087719298 0.03125
1 0.6419956140350876 0.2743969298245614 0.034722222222222224 0.048793859649122806
1 0.6884137426900584 0.2593201754385965 0.038377192982456135 0.0537280701754386
1 0.7412280701754386 0.24588815789473684 0.031432748538011694 0.05317982456140351
1 0.7807017543859649 0.2563048245614035 0.035818713450292396 0.06085526315789473
1 0.8159722222222222 0.25054824561403505 0.032529239766081866 0.0537280701754386
1 0.8192616959064327 0.46929824561403505 0.0222953216374269 0.02412280701754386
1 0.7538377192982456 0.4161184210526316 0.02887426900584795 0.03289473684210526
1 0.6942616959064327 0.47560307017543857 0.023026315789473683 0.0268640350877193
1 0.6524122807017544 0.4709429824561403 0.027777777777777776 0.04057017543859649
1 0.6133040935672515 0.46463815789473684 0.016812865497076022 0.0268640350877193
1 0.5826023391812866 0.4682017543859649 0.01827485380116959 0.025219298245614034
1 0.5579312865497076 0.48410087719298245 0.01864035087719298 0.02850877192982456
1 0.5254020467836257 0.4975328947368421 0.027412280701754384 0.03234649122807017
1 0.48245614035087714 0.49122807017543857 0.025584795321637425 0.042763157894736836
1 0.44243421052631576 0.4629934210526315 0.01864035087719298 0.022478070175438597
1 0.4155701754385965 0.4964364035087719 0.023391812865497075 0.0400219298245614
1 0.38669590643274854 0.48245614035087714 0.021929824561403508 0.03179824561403509
1 0.34868421052631576 0.5021929824561403 0.02412280701754386 0.03399122807017543
1 0.29678362573099415 0.3977521929824561 0.013157894736842105 0.0268640350877193
1 0.2149122807017544 0.40213815789473684 0.027046783625730993 0.0400219298245614
1 0.20413011695906433 0.47423245614035087 0.014985380116959063 0.020833333333333332
1 0.24323830409356723 0.5002741228070176 0.014985380116959063 0.018092105263157895
1 0.2807017543859649 0.48053728070175433 0.02631578947368421 0.02905701754385965
1 0.31451023391812866 0.4942434210526315 0.021564327485380116 0.03234649122807017
1 0.18073830409356725 0.6014254385964912 0.0266812865497076 0.03618421052631579
1 0.22807017543859648 0.6080043859649122 0.02266081871345029 0.029605263157894735
1 0.283625730994152 0.6148574561403508 0.016812865497076022 0.03015350877192982
1 0.31359649122807015 0.6258223684210525 0.019736842105263157 0.03673245614035087
1 0.3574561403508772 0.6099232456140351 0.025584795321637425 0.03782894736842105
1 0.364766081871345 0.7146381578947368 0.024853801169590642 0.044407894736842105
1 0.4053362573099415 0.6167763157894737 0.03508771929824561 0.04057017543859649
1 0.4468201754385965 0.6140350877192982 0.025950292397660817 0.038377192982456135
1 0.4707602339181286 0.618969298245614 0.027777777777777776 0.03399122807017543
1 0.5391081871345029 0.6025219298245613 0.025584795321637425 0.02631578947368421
1 0.5659722222222222 0.5836074561403508 0.023757309941520467 0.02905701754385965
1 0.6016081871345029 0.6022478070175439 0.029239766081871343 0.03344298245614035
1 0.6513157894736842 0.5923793859649122 0.02266081871345029 0.022478070175438597
1 0.677266081871345 0.5893640350877193 0.024853801169590642 0.025219298245614034
1 0.7114400584795322 0.5814144736842105 0.029605263157894735 0.03234649122807017
1 0.7461622807017544 0.59375 0.031067251461988302 0.03618421052631579
1 0.7768640350877193 0.5764802631578947 0.032529239766081866 0.0268640350877193
1 0.8050073099415205 0.5715460526315789 0.03179824561403509 0.0356359649122807
1 0.7993421052631579 0.7055921052631579 0.0402046783625731 0.04714912280701754
1 0.7271564327485379 0.7815241228070176 0.035453216374269 0.0268640350877193
1 0.706140350877193 0.8009868421052632 0.024853801169590642 0.029605263157894735
1 0.6792763157894737 0.7900219298245613 0.031067251461988302 0.039473684210526314
1 0.6445540935672515 0.7976973684210525 0.04057017543859649 0.02850877192982456
1 0.6138523391812866 0.813048245614035 0.02887426900584795 0.039473684210526314
1 0.5157163742690059 0.819078947368421 0.02266081871345029 0.03070175438596491
1 0.63578216374269 0.9150219298245613 0.031067251461988302 0.03508771929824561
1 0.6781798245614035 0.9509320175438596 0.03764619883040936 0.06853070175438596
1 0.7167397660818713 0.9292763157894737 0.01608187134502924 0.03508771929824561
1 0.7552997076023391 0.9459978070175438 0.03399122807017543 0.046600877192982455
1 0.7850877192982456 0.925986842105263 0.021929824561403508 0.029605263157894735
1 0.539656432748538 0.9487390350877193 0.025219298245614034 0.03782894736842105
1 0.45705409356725146 0.6847587719298245 0.019371345029239765 0.019736842105263157
1 0.6602704678362573 0.690515350877193 0.021564327485380116 0.03125
1 0.46582602339181284 0.9394188596491228 0.02448830409356725 0.042214912280701754
1 0.364766081871345 0.944078947368421 0.01827485380116959 0.03618421052631579
1 0.3828581871345029 0.8264802631578947 0.031067251461988302 0.05098684210526316
1 0.2852704678362573 0.8061951754385964 0.0222953216374269 0.03344298245614035
1 0.23008040935672514 0.8262061403508771 0.03326023391812866 0.03179824561403509
1 0.1915204678362573 0.8262061403508771 0.02850877192982456 0.04057017543859649
1 0.15880847953216373 0.9594298245614035 0.01864035087719298 0.029605263157894735
1 0.20796783625730994 0.9353070175438596 0.01827485380116959 0.03399122807017543
1 0.2538377192982456 0.9183114035087718 0.017909356725146198 0.02850877192982456
1 0.30665204678362573 0.950657894736842 0.019005847953216373 0.046052631578947366
1 0.32821637426900585 0.9742324561403508 0.01827485380116959 0.03289473684210526
1 0.956140350877193 0.39309210526315785 0.029970760233918127 0.03289473684210526
1 0.9895833333333333 0.36485745614035087 0.020833333333333332 0.03125
