1 0.16319444444444445 0.3514254385964912 0.035453216374269 0.046052631578947366
1 0.20906432748538012 0.365953947368421 0.016812865497076022 0.04989035087719298
1 0.17489035087719298 0.41255482456140347 0.023757309941520467 0.03453947368421052
1 0.2534722222222222 0.3601973684210526 0.019371345029239765 0.04824561403508772
1 0.26133040935672514 0.3514254385964912 0.019736842105263157 0.027412280701754384
1 0.31451023391812866 0.3432017543859649 0.028143274853801168 0.05153508771929824
1 0.33150584795321636 0.38596491228070173 0.03216374269005848 0.03399122807017543
1 0.37993421052631576 0.33963815789473684 0.025950292397660817 0.0356359649122807
1 0.41447368421052627 0.3848684210526316 0.019005847953216373 0.041666666666666664
1 0.4365862573099415 0.350328947368421 0.02010233918128655 0.044956140350877194
1 0.39016812865497075 0.34594298245614036 0.01425438596491228 0.027412280701754384
1 0.45906432748538006 0.3527960526315789 0.014619883040935672 0.0268640350877193
1 0.4848318713450292 0.3612938596491228 0.03691520467836257 0.03070175438596491
1 0.5572002923976608 0.33963815789473684 0.028143274853801168 0.03344298245614035
1 0.5957602339181286 0.33059210526315785 0.021929824561403508 0.0537280701754386
1 0.6416301169590642 0.34676535087719296 0.0222953216374269 0.02576754385964912
1 0.6641081871345029 0.3366228070175438 0.019736842105263157 0.044956140350877194
1 0.691703216374269 0.33360745614035087 0.02887426900584795 0.045504385964912276
1 0.7490862573099415 0.3177083333333333 0.027412280701754384 0.03453947368421052
1 0.7865497076023391 0.3314144736842105 0.027046783625730993 0.05427631578947368
1 0.8271198830409356 0.5633223684210527 0.027777777777777776 0.045504385964912276
1 0.8790204678362573 0.5657894736842105 0.03435672514619883 0.04714912280701754
1 0.7236842105263157 0.6984649122807017 0.019736842105263157 0.041666666666666664
1 0.76078216374269 0.7099780701754386 0.012792397660818713 0.02412280701754386
1 0.1557017543859649 0.5734649122807017 0.03216374269005848 0.0625
1 0.18402777777777776 0.5822368421052632 0.02887426900584795 0.03289473684210526
1 0.271016081871345 0.5783991228070176 0.0222953216374269 0.021929824561403508
1 0.2978801169590643 0.59375 0.019736842105263157 0.05043859649122807
1 0.3559941520467836 0.5984100877192983 0.015350877192982455 0.0400219298245614
1 0.5085891812865497 0.5742872807017544 0.025950292397660817 0.038925438596491224
1 0.5361842105263157 0.5679824561403508 0.027046783625730993 0.03289473684210526
1 0.6240862573099415 0.5657894736842105 0.020833333333333332 0.03728070175438596
1 0.6714181286549707 0.5932017543859649 0.017543859649122806 0.04057017543859649
1 0.7171052631578947 0.7683662280701754 0.02631578947368421 0.03125
1 0.4296418128654971 0.7083333333333333 0.017178362573099414 0.01864035087719298
1 0.28179824561403505 0.7299890350877193 0.02631578947368421 0.03125
1 0.22551169590643275 0.7184758771929824 0.03216374269005848 0.05317982456140351
1 0.5096856725146198 0.8020833333333333 0.0222953216374269 0.02631578947368421
