1 0.1299342105263158 0.1869517543859649 0.0266812865497076 0.05043859649122807
1 0.02010233918128655 0.2845394736842105 0.02266081871345029 0.03179824561403509
1 0.008406432748538011 0.30893640350877194 0.015350877192982455 0.013706140350877192
1 0.05281432748538011 0.30838815789473684 0.021564327485380116 0.044407894736842105
1 0.09758771929824561 0.319078947368421 0.03508771929824561 0.04057017543859649
1 0.15826023391812866 0.3218201754385965 0.031432748538011694 0.0581140350877193
1 0.1875 0.29468201754385964 0.023391812865497075 0.0268640350877193
1 0.2225877192982456 0.29276315789473684 0.03216374269005848 0.05592105263157894
1 0.2637061403508772 0.31688596491228066 0.03179824561403509 0.03399122807017543
1 0.293859649122807 0.303453947368421 0.03216374269005848 0.05975877192982456
1 0.31341374269005845 0.051809210526315784 0.01425438596491228 0.03125
1 0.3110380116959064 0.0800438596491228 0.02412280701754386 0.021929824561403508
1 0.3819444444444444 0.04906798245614035 0.02850877192982456 0.022478070175438597
1 0.39400584795321636 0.13596491228070173 0.019005847953216373 0.03070175438596491
1 0.4228801169590643 0.1337719298245614 0.021929824561403508 0.019736842105263157
1 0.48008040935672514 0.17434210526315788 0.0266812865497076 0.042763157894736836
1 0.45266812865497075 0.2886513157894737 0.017178362573099414 0.02357456140350877
1 0.3788377192982456 0.2949561403508772 0.01425438596491228 0.021929824561403508
1 0.39053362573099415 0.3952850877192982 0.032529239766081866 0.049342105263157895
1 0.4576023391812865 0.3837719298245614 0.02046783625730994 0.02631578947368421
1 0.48812134502923976 0.39747807017543857 0.02448830409356725 0.049342105263157895
1 0.30957602339181284 0.6066337719298245 0.021929824561403508 0.0268640350877193
1 0.2744883040935672 0.6324013157894737 0.02631578947368421 0.0356359649122807
1 0.25 0.6236293859649122 0.02412280701754386 0.03015350877192982
1 0.20833333333333331 0.6504934210526315 0.019005847953216373 0.03344298245614035
1 0.17525584795321636 0.6299342105263157 0.027412280701754384 0.03618421052631579
1 0.15186403508771928 0.6296600877192982 0.023757309941520467 0.0268640350877193
1 0.11513157894736842 0.6348684210526315 0.015350877192982455 0.021929824561403508
1 0.07711988304093567 0.6274671052631579 0.024853801169590642 0.03125
1 0.011330409356725146 0.6452850877192982 0.021198830409356724 0.03399122807017543
1 0.03216374269005848 0.6389802631578947 0.023391812865497075 0.0356359649122807
1 0.23519736842105263 0.7220394736842105 0.03179824561403509 0.043859649122807015
1 0.2593201754385965 0.8462171052631579 0.0442251461988304 0.05317982456140351
1 0.53125 0.05537280701754386 0.01864035087719298 0.02631578947368421
1 0.5434941520467836 0.03782894736842105 0.027046783625730993 0.03508771929824561
1 0.5899122807017544 0.13432017543859648 0.021929824561403508 0.039473684210526314
1 0.6451023391812866 0.1526864035087719 0.021198830409356724 0.0400219298245614
1 0.5727339181286549 0.27905701754385964 0.01608187134502924 0.017543859649122806
1 0.633406432748538 0.2324561403508772 0.019736842105263157 0.03070175438596491
1 0.7255116959064327 0.2859100877192982 0.013888888888888888 0.0268640350877193
1 0.8252923976608186 0.2532894736842105 0.013888888888888888 0.025219298245614034
1 0.8020833333333333 0.16529605263157893 0.021564327485380116 0.03125
1 0.78125 0.05646929824561403 0.013523391812865496 0.02412280701754386
1 0.7763157894736842 0.00932017543859649 0.016812865497076022 0.017543859649122806
1 0.8486842105263157 0.010690789473684209 0.016812865497076022 0.019188596491228067
1 0.877375730994152 0.13486842105263158 0.025950292397660817 0.041666666666666664
1 0.8799342105263157 0.27247807017543857 0.019371345029239765 0.03618421052631579
1 0.9316520467836257 0.14473684210526316 0.009502923976608187 0.023026315789473683
1 0.9696637426900584 0.1049890350877193 0.01827485380116959 0.02905701754385965
1 0.91703216374269 0.2324561403508772 0.010964912280701754 0.021929824561403508
1 0.9641812865497076 0.256578947368421 0.013157894736842105 0.02412280701754386
1 0.9906798245614035 0.34155701754385964 0.01864035087719298 0.0581140350877193
1 0.9722222222222222 0.3621162280701754 0.017543859649122806 0.0268640350877193
1 0.8519736842105262 0.36622807017543857 0.0402046783625731 0.044956140350877194
1 0.8188961988304093 0.3681469298245614 0.029605263157894735 0.03782894736842105
1 0.6050804093567251 0.3867872807017544 0.03179824561403509 0.046600877192982455
1 0.38925438596491224 0.6313048245614035 0.051900584795321635 0.06414473684210525
1 0.5347222222222222 0.6066337719298245 0.035818713450292396 0.05646929824561403
1 0.706140350877193 0.5852521929824561 0.02631578947368421 0.0356359649122807
1 0.9530336257309941 0.6803728070175438 0.03691520467836257 0.06798245614035087
1 0.9278143274853801 0.7077850877192982 0.027412280701754384 0.06030701754385964
1 0.7754020467836257 0.6907894736842105 0.029605263157894735 0.0625
1 0.6728801169590642 0.6880482456140351 0.033625730994152045 0.043859649122807015
1 0.5438596491228069 0.71875 0.033625730994152045 0.05921052631578947
1 0.4985380116959064 0.7129934210526315 0.05263157894736842 0.048793859649122806
1 0.5332602339181286 0.8371710526315789 0.017543859649122806 0.017543859649122806
1 0.8486842105263157 0.9109100877192982 0.03070175438596491 0.0805921052631579
1 0.8280336257309941 0.9347587719298245 0.04349415204678363 0.03728070175438596
1 0.4990862573099415 0.9646381578947368 0.04641812865497076 0.048793859649122806
1 0.4307383040935672 0.9706688596491228 0.04568713450292397 0.05866228070175438
