1 0.9590643274853801 0.1992872807017544 0.013888888888888888 0.019188596491228067
1 0.9243421052631579 0.18777412280701752 0.011695906432748537 0.0268640350877193
1 0.9532163742690059 0.029605263157894735 0.021929824561403508 0.03179824561403509
1 0.8788377192982456 0.06880482456140351 0.0222953216374269 0.03125
1 0.814875730994152 0.06085526315789473 0.011330409356725146 0.027412280701754384
1 0.7635233918128654 0.03344298245614035 0.014619883040935672 0.027412280701754384
1 0.7284356725146198 0.058388157894736836 0.016812865497076022 0.0268640350877193
1 0.6602704678362573 0.05975877192982456 0.010599415204678362 0.013157894736842105
1 0.47423245614035087 0.06085526315789473 0.0222953216374269 0.038377192982456135
1 0.45614035087719296 0.17406798245614033 0.03070175438596491 0.042214912280701754
1 0.4053362573099415 0.20778508771929824 0.02046783625730994 0.03618421052631579
1 0.4190423976608187 0.2949561403508772 0.020833333333333332 0.03618421052631579
1 0.46290204678362573 0.3081140350877193 0.03764619883040936 0.02631578947368421
1 0.5332602339181286 0.1669407894736842 0.02266081871345029 0.02796052631578947
1 0.5369152046783625 0.10471491228070175 0.014619883040935672 0.01864035087719298
1 0.5820540935672515 0.054002192982456135 0.017909356725146198 0.0356359649122807
1 0.6226242690058479 0.20394736842105263 0.023026315789473683 0.03618421052631579
1 0.5884502923976608 0.21436403508771928 0.027777777777777776 0.03179824561403509
1 0.5425804093567251 0.3199013157894737 0.015716374269005847 0.024671052631578948
1 0.42580409356725146 0.42297149122807015 0.029239766081871343 0.03782894736842105
1 0.5394736842105263 0.5208333333333333 0.023391812865497075 0.05153508771929824
1 0.556469298245614 0.4194078947368421 0.025950292397660817 0.03289473684210526
1 0.5502558479532164 0.381578947368421 0.03691520467836257 0.043859649122807015
1 0.6127558479532164 0.39747807017543857 0.029605263157894735 0.049342105263157895
1 0.5908260233918128 0.5200109649122807 0.035453216374269 0.0400219298245614
1 0.6547880116959064 0.4174890350877193 0.025950292397660817 0.0356359649122807
1 0.6588084795321637 0.2897478070175438 0.015716374269005847 0.024671052631578948
1 0.7163742690058479 0.22341008771929824 0.029970760233918127 0.0400219298245614
1 0.7143640350877193 0.26864035087719296 0.03179824561403509 0.05921052631578947
1 0.7797880116959064 0.19873903508771928 0.009868421052631578 0.015899122807017545
1 0.8046418128654971 0.12280701754385964 0.023757309941520467 0.05701754385964912
1 0.8618421052631579 0.19407894736842105 0.02412280701754386 0.03399122807017543
1 0.814875730994152 0.27960526315789475 0.04641812865497076 0.06359649122807018
1 0.783625730994152 0.29550438596491224 0.029239766081871343 0.03728070175438596
1 0.7401315789473684 0.29660087719298245 0.00804093567251462 0.01644736842105263
1 0.7255116959064327 0.3939144736842105 0.02412280701754386 0.02576754385964912
1 0.71875 0.43475877192982454 0.021564327485380116 0.03508771929824561
1 0.7642543859649122 0.39035087719298245 0.027777777777777776 0.03399122807017543
1 0.8110380116959064 0.45093201754385964 0.012426900584795321 0.022478070175438597
1 0.8998538011695906 0.39747807017543857 0.021929824561403508 0.03070175438596491
1 0.9385964912280701 0.4221491228070175 0.029239766081871343 0.03179824561403509
1 0.9473684210526315 0.3045504385964912 0.013157894736842105 0.016995614035087717
1 0.9979897660818713 0.3045504385964912 0.011330409356725146 0.016995614035087717
1 1 0.39747807017543857 0.035818713450292396 0.0581140350877193
1 1 0.5359100877192983 0.023757309941520467 0.048793859649122806
1 0.9468201754385964 0.5493421052631579 0.031067251461988302 0.04057017543859649
1 0.8711622807017544 0.5043859649122807 0.012792397660818713 0.021929824561403508
1 0.8479532163742689 0.5164473684210527 0.014619883040935672 0.03508771929824561
1 0.8315058479532164 0.537828947368421 0.006578947368421052 0.02631578947368421
1 0.7847222222222222 0.5657894736842105 0.023391812865497075 0.039473684210526314
1 0.7163742690058479 0.5334429824561403 0.02412280701754386 0.020833333333333332
1 0.6997441520467836 0.5581140350877193 0.011330409356725146 0.02412280701754386
1 0.6988304093567251 0.6384320175438596 0.021198830409356724 0.046600877192982455
1 0.6567982456140351 0.6384320175438596 0.013888888888888888 0.0268640350877193
1 0.5484283625730993 0.6548793859649122 0.029605263157894735 0.046600877192982455
1 0.5263157894736842 0.6573464912280701 0.019005847953216373 0.05043859649122807
1 0.48282163742690054 0.6480263157894737 0.024853801169590642 0.021929824561403508
1 0.42580409356725146 0.6493969298245613 0.014619883040935672 0.02357456140350877
1 0.7298976608187134 0.665844298245614 0.029239766081871343 0.043311403508771926
1 0.7483552631578947 0.6340460526315789 0.02010233918128655 0.045504385964912276
1 0.7967836257309941 0.6387061403508771 0.023391812865497075 0.03618421052631579
1 0.8145102339181286 0.6036184210526315 0.023757309941520467 0.02850877192982456
1 0.8651315789473684 0.6184210526315789 0.019736842105263157 0.03070175438596491
1 0.9027777777777777 0.6112938596491228 0.003654970760233918 0.009868421052631578
1 0.9205043859649122 0.6271929824561403 0.013523391812865496 0.03070175438596491
1 0.9839181286549707 0.6255482456140351 0.013157894736842105 0.017543859649122806
1 0.9901315789473684 0.6400767543859649 0.019005847953216373 0.03453947368421052
1 0.9638157894736842 0.8489583333333333 0.013157894736842105 0.014802631578947368
1 0.9115497076023391 0.8706140350877193 0.016812865497076022 0.020833333333333332
1 0.8428362573099415 0.8322368421052632 0.02266081871345029 0.03289473684210526
1 0.8145102339181286 0.8525219298245613 0.023757309941520467 0.041666666666666664
1 0.7905701754385964 0.884594298245614 0.023391812865497075 0.03125
1 0.8046418128654971 0.8267543859649122 0.027412280701754384 0.025219298245614034
1 0.9351242690058479 0.7472587719298245 0.017178362573099414 0.03399122807017543
1 0.9188596491228069 0.7272478070175438 0.013157894736842105 0.021381578947368418
1 0.8729897660818713 0.7129934210526315 0.01864035087719298 0.0268640350877193
1 0.8559941520467835 0.7277960526315789 0.012426900584795321 0.024671052631578948
1 0.8135964912280701 0.725328947368421 0.03435672514619883 0.04057017543859649
1 0.7611476608187134 0.7472587719298245 0.02448830409356725 0.02412280701754386
1 0.7534722222222222 0.7754934210526315 0.023757309941520467 0.046600877192982455
1 0.7441520467836257 0.7552083333333333 0.016812865497076022 0.016995614035087717
1 0.6997441520467836 0.7190241228070176 0.012792397660818713 0.0268640350877193
1 0.6527777777777778 0.7702850877192982 0.03289473684210526 0.04057017543859649
1 0.6480263157894737 0.8577302631578947 0.016812865497076022 0.03673245614035087
1 0.6167763157894737 0.884594298245614 0.011330409356725146 0.03125
1 0.6197002923976608 0.7234100877192982 0.0222953216374269 0.044407894736842105
1 0.5694444444444444 0.7415021929824561 0.021929824561403508 0.0356359649122807
1 0.5513523391812866 0.7190241228070176 0.0398391812865497 0.044407894736842105
1 0.5190058479532164 0.7494517543859649 0.017543859649122806 0.043859649122807015
1 0.5049342105263157 0.7724780701754386 0.01864035087719298 0.0537280701754386
1 0.5063961988304093 0.8215460526315789 0.025219298245614034 0.0400219298245614
1 0.4512061403508772 0.7387609649122807 0.01864035087719298 0.05317982456140351
1 0.4322002923976608 0.7406798245614035 0.025950292397660817 0.03179824561403509
1 0.3123172514619883 0.7324561403508771 0.021564327485380116 0.02631578947368421
1 0.24177631578947367 0.7417763157894737 0.028143274853801168 0.02631578947368421
1 0.16904239766081872 0.8308662280701754 0.028143274853801168 0.015899122807017545
1 0.1299342105263158 0.7461622807017544 0.031067251461988302 0.019736842105263157
1 0.10453216374269006 0.850328947368421 0.013888888888888888 0.01644736842105263
1 0.04714912280701754 0.8618421052631579 0.017543859649122806 0.03070175438596491
1 0.06889619883040936 0.6304824561403508 0.0266812865497076 0.03289473684210526
1 0.04239766081871345 0.6524122807017544 0.025584795321637425 0.027412280701754384
1 0.17671783625730994 0.5496162280701754 0.032529239766081866 0.03125
1 0.21728801169590642 0.546875 0.017178362573099414 0.020285087719298246
1 0.31341374269005845 0.5433114035087719 0.023757309941520467 0.025219298245614034
1 0.35197368421052627 0.5542763157894737 0.025584795321637425 0.03179824561403509
1 0.07675438596491227 0.5542763157894737 0.021929824561403508 0.03179824561403509
1 0.04258040935672514 0.4468201754385965 0.014985380116959063 0.021929824561403508
1 0.012244152046783625 0.412828947368421 0.023026315789473683 0.023026315789473683
1 0.038011695906432746 0.3388157894736842 0.031432748538011694 0.03399122807017543
1 0.07364766081871345 0.43612938596491224 0.023757309941520467 0.015899122807017545
1 0.16885964912280702 0.4331140350877193 0.01827485380116959 0.017543859649122806
1 0.2182017543859649 0.42489035087719296 0.01827485380116959 0.021929824561403508
1 0.25 0.41721491228070173 0.025584795321637425 0.021929824561403508
1 0.2803362573099415 0.4237938596491228 0.023391812865497075 0.02412280701754386
1 0.33790204678362573 0.41776315789473684 0.03764619883040936 0.042763157894736836
1 0.3057383040935672 0.20093201754385964 0.02448830409356725 0.03125
1 0.2671783625730994 0.20778508771929824 0.03216374269005848 0.03399122807017543
1 0.23739035087719296 0.20531798245614033 0.031067251461988302 0.046600877192982455
1 0.17964181286549707 0.2064144736842105 0.023026315789473683 0.02576754385964912
1 0.15716374269005848 0.2099780701754386 0.03216374269005848 0.049342105263157895
1 0.1109283625730994 0.21436403508771928 0.023026315789473683 0.021929824561403508
1 0.061586257309941515 0.19709429824561403 0.03399122807017543 0.043311403508771926
1 0.03618421052631579 0.21080043859649122 0.029970760233918127 0.03125
1 0.17580409356725146 0.109375 0.021929824561403508 0.018092105263157895
1 0.14802631578947367 0.0981359649122807 0.014619883040935672 0.017543859649122806
1 0.12554824561403508 0.10279605263157894 0.017909356725146198 0.018092105263157895
1 0.02101608187134503 0.09868421052631579 0.02448830409356725 0.021929824561403508
1 0.30317982456140347 0.815515350877193 0.034722222222222224 0.0268640350877193
1 0.22076023391812866 0.8314144736842105 0.021929824561403508 0.02576754385964912
1 0.021564327485380116 0.9375 0.03874269005847953 0.044956140350877194
1 0.06012426900584795 0.9429824561403508 0.04057017543859649 0.02631578947368421
1 0.09137426900584794 0.9525767543859649 0.04239766081871345 0.03782894736842105
1 0.14053362573099415 0.947094298245614 0.03764619883040936 0.06195175438596491
1 0.23391812865497075 0.9539473684210525 0.03508771929824561 0.04714912280701754
1 0.26516812865497075 0.9484649122807017 0.028143274853801168 0.04824561403508772
1 0.3326023391812865 0.9399671052631579 0.02631578947368421 0.048793859649122806
1 0.4541301169590643 0.9629934210526315 0.0266812865497076 0.06085526315789473
1 0.4751461988304093 0.9539473684210525 0.021198830409356724 0.03289473684210526
1 0.5208333333333333 0.9558662280701754 0.021929824561403508 0.0356359649122807
1 0.6673976608187134 0.9876644736842105 0.019736842105263157 0.03234649122807017
1 0.72953216374269 0.9649122807017543 0.02266081871345029 0.03179824561403509
1 0.8101242690058479 0.9421600877192982 0.023757309941520467 0.0400219298245614
1 0.8813961988304093 0.9490131578947368 0.010599415204678362 0.008771929824561403
1 0.9047880116959064 0.9649122807017543 0.014985380116959063 0.021929824561403508
