1 0.09904970760233918 0.03673245614035087 0.02850877192982456 0.046052631578947366
1 0.07474415204678363 0.02631578947368421 0.02887426900584795 0.03070175438596491
1 0.1924342105263158 0.02850877192982456 0.031067251461988302 0.04714912280701754
1 0.09173976608187134 0.14528508771929824 0.029970760233918127 0.038377192982456135
1 0.05226608187134503 0.1049890350877193 0.02631578947368421 0.0356359649122807
1 0.1787280701754386 0.13486842105263158 0.033625730994152045 0.03508771929824561
1 0.14948830409356725 0.12006578947368421 0.023391812865497075 0.043859649122807015
1 0.06505847953216373 0.34594298245614036 0.041666666666666664 0.039473684210526314
1 0.26461988304093564 0.1992872807017544 0.02266081871345029 0.012609649122807017
1 0.28252923976608185 0.3171600877192982 0.03654970760233918 0.046600877192982455
1 0.2715643274853801 0.47368421052631576 0.02412280701754386 0.023026315789473683
1 0.1781798245614035 0.7012061403508771 0.039108187134502925 0.0537280701754386
1 0.01425438596491228 0.7080592105263157 0.027777777777777776 0.0356359649122807
1 0.44243421052631576 0.10307017543859648 0.028143274853801168 0.0537280701754386
1 0.40625 0.08333333333333333 0.014985380116959063 0.03728070175438596
1 0.333516081871345 0.20394736842105263 0.03326023391812866 0.03399122807017543
1 0.42872807017543857 0.19270833333333331 0.025584795321637425 0.02576754385964912
1 0.5948464912280701 0.2012061403508772 0.01206140350877193 0.027412280701754384
1 0.47002923976608185 0.25246710526315785 0.019005847953216373 0.03782894736842105
1 0.5244883040935672 0.28755482456140347 0.01827485380116959 0.02357456140350877
1 0.5723684210526315 0.31030701754385964 0.04239766081871345 0.06469298245614034
1 0.737390350877193 0.1907894736842105 0.023757309941520467 0.03618421052631579
1 0.844298245614035 0.1762609649122807 0.02266081871345029 0.05317982456140351
1 0.8448464912280701 0.0400219298245614 0.0222953216374269 0.043859649122807015
1 0.9053362573099415 0.18146929824561403 0.015350877192982455 0.039473684210526314
1 0.40387426900584794 0.34813596491228066 0.03435672514619883 0.03399122807017543
1 0.4226973684210526 0.31085526315789475 0.044956140350877194 0.05592105263157894
1 0.46290204678362573 0.3171600877192982 0.04130116959064327 0.044407894736842105
1 0.6363304093567251 0.31496710526315785 0.03435672514619883 0.06414473684210525
1 0.6865862573099415 0.32209429824561403 0.017909356725146198 0.0356359649122807
1 0.7490862573099415 0.3059210526315789 0.03326023391812866 0.0668859649122807
1 0.771016081871345 0.303453947368421 0.03326023391812866 0.05537280701754386
1 0.9042397660818713 0.4202302631578947 0.04532163742690058 0.05756578947368421
1 0.7432383040935672 0.41721491228070173 0.012792397660818713 0.02412280701754386
1 0.6030701754385964 0.4259868421052631 0.021198830409356724 0.041666666666666664
1 0.5347222222222222 0.43530701754385964 0.017543859649122806 0.027412280701754384
1 0.4375 0.45422149122807015 0.03070175438596491 0.05208333333333333
1 0.414656432748538 0.42489035087719296 0.0266812865497076 0.043859649122807015
1 0.3534356725146199 0.421875 0.033625730994152045 0.046600877192982455
1 0.2774122807017544 0.5677083333333333 0.05116959064327485 0.07291666666666666
1 0.30957602339181284 0.5402960526315789 0.02412280701754386 0.03125
1 0.3523391812865497 0.569078947368421 0.03654970760233918 0.06030701754385964
1 0.5233918128654971 0.546875 0.03070175438596491 0.05317982456140351
1 0.5840643274853801 0.5586622807017544 0.03654970760233918 0.0712719298245614
1 0.6200657894736842 0.522203947368421 0.049342105263157895 0.05098684210526316
1 0.7388523391812865 0.5137061403508771 0.04714912280701754 0.0581140350877193
1 0.8042763157894737 0.5337171052631579 0.02010233918128655 0.0356359649122807
1 0.9013157894736842 0.5896381578947368 0.02046783625730994 0.044407894736842105
1 0.9497441520467835 0.5005482456140351 0.044956140350877194 0.08881578947368421
1 0.45211988304093564 0.8171600877192982 0.02266081871345029 0.018092105263157895
1 0.38029970760233917 0.8349780701754386 0.01425438596491228 0.03618421052631579
1 0.5224780701754386 0.9024122807017544 0.035453216374269 0.05263157894736842
1 0.9144736842105262 0.9931469298245613 0.014619883040935672 0.013706140350877192
1 0.8318713450292398 0.9791666666666666 0.03216374269005848 0.041666666666666664
1 0.627375730994152 0.9945175438596491 0.012792397660818713 0.010964912280701754
1 0.5804093567251462 0.9912280701754386 0.014619883040935672 0.017543859649122806
1 0.9877558479532164 0.4147478070175438 0.02448830409356725 0.05975877192982456
