1 0.18603801169590642 0.01343201754385965 0.021929824561403508 0.024671052631578948
1 0.0977704678362573 0.06277412280701754 0.010599415204678362 0.015899122807017545
1 0.31451023391812866 0.013980263157894735 0.01206140350877193 0.020285087719298246
1 0.3697002923976608 0.08086622807017543 0.019371345029239765 0.0268640350877193
1 0.4301900584795321 0.038925438596491224 0.010964912280701754 0.02412280701754386
1 0.49689327485380114 0.02987938596491228 0.01864035087719298 0.02357456140350877
1 0.5394736842105263 0.013706140350877192 0.021929824561403508 0.02631578947368421
1 0.710343567251462 0.10718201754385964 0.04641812865497076 0.04769736842105263
1 0.6474780701754386 0.10773026315789473 0.034722222222222224 0.05317982456140351
1 0.5493421052631579 0.10361842105263157 0.03654970760233918 0.05482456140350877
1 0.314875730994152 0.12719298245614036 0.029605263157894735 0.049342105263157895
1 0.2847222222222222 0.12911184210526316 0.031432748538011694 0.0400219298245614
1 0.1557017543859649 0.1370614035087719 0.029239766081871343 0.05701754385964912
1 0.09612573099415204 0.13596491228070173 0.0402046783625731 0.042763157894736836
1 0.06012426900584795 0.1370614035087719 0.03691520467836257 0.04057017543859649
1 0.10087719298245613 0.16557017543859648 0.027777777777777776 0.0625
1 0.06103801169590643 0.24342105263157893 0.006578947368421052 0.019736842105263157
1 0.11220760233918128 0.2338267543859649 0.009502923976608187 0.016995614035087717
1 0.164656432748538 0.20559210526315788 0.032529239766081866 0.049342105263157895
1 0.19279970760233917 0.22094298245614033 0.014985380116959063 0.02631578947368421
1 0.2627923976608187 0.24561403508771928 0.012426900584795321 0.02850877192982456
1 0.2701023391812865 0.22341008771929824 0.029239766081871343 0.06304824561403509
1 0.3013523391812865 0.23958333333333331 0.009137426900584795 0.020833333333333332
1 0.3355263157894737 0.18092105263157893 0.03654970760233918 0.04714912280701754
1 0.34064327485380114 0.22176535087719296 0.014619883040935672 0.041118421052631575
1 0.37207602339181284 0.23218201754385964 0.010964912280701754 0.03125
1 0.40679824561403505 0.20723684210526314 0.013157894736842105 0.02412280701754386
1 0.4365862573099415 0.18530701754385964 0.03399122807017543 0.041666666666666664
1 0.43512426900584794 0.21847587719298245 0.013523391812865496 0.038925438596491224
1 0.4809941520467836 0.20531798245614033 0.02412280701754386 0.022478070175438597
1 0.5464181286549707 0.1850328947368421 0.021198830409356724 0.038925438596491224
1 0.6220760233918128 0.20148026315789472 0.013888888888888888 0.0268640350877193
1 0.6728801169590642 0.20833333333333331 0.021198830409356724 0.02412280701754386
1 0.6938961988304093 0.19709429824561403 0.009868421052631578 0.013706140350877192
1 0.721125730994152 0.21902412280701752 0.016812865497076022 0.013706140350877192
1 0.12408625730994151 0.3744517543859649 0.009868421052631578 0.02412280701754386
1 0.16758040935672514 0.3752741228070175 0.010599415204678362 0.018092105263157895
1 0.21052631578947367 0.3588267543859649 0.013888888888888888 0.018092105263157895
1 0.30665204678362573 0.3549890350877193 0.012426900584795321 0.0268640350877193
1 0.3364400584795321 0.3355263157894737 0.015716374269005847 0.023026315789473683
1 0.471125730994152 0.34100877192982454 0.01023391812865497 0.023026315789473683
1 0.40040204678362573 0.36622807017543857 0.010599415204678362 0.017543859649122806
1 0.5067616959064327 0.3484100877192982 0.01864035087719298 0.022478070175438597
1 0.5292397660818713 0.3399122807017544 0.019736842105263157 0.027412280701754384
1 0.6290204678362573 0.33251096491228066 0.01827485380116959 0.018092105263157895
1 0.6719663742690059 0.3262061403508772 0.023026315789473683 0.021929824561403508
1 0.6927997076023391 0.4358552631578947 0.020833333333333332 0.042763157894736836
1 0.7178362573099415 0.4459978070175438 0.023391812865497075 0.03673245614035087
1 0.6162280701754386 0.4309210526315789 0.016812865497076022 0.05153508771929824
1 0.6048976608187134 0.4706688596491228 0.033625730994152045 0.06085526315789473
1 0.5615862573099415 0.4421600877192982 0.04130116959064327 0.05317982456140351
1 0.4682017543859649 0.4934210526315789 0.043859649122807015 0.0712719298245614
1 0.49652777777777773 0.4775219298245614 0.009868421052631578 0.01425438596491228
1 0.44864766081871343 0.4621710526315789 0.02887426900584795 0.041666666666666664
1 0.408625730994152 0.4602521929824561 0.01827485380116959 0.044407894736842105
1 0.3744517543859649 0.46737938596491224 0.03764619883040936 0.03673245614035087
1 0.3194444444444444 0.47368421052631576 0.04239766081871345 0.0537280701754386
1 0.18859649122807015 0.4487390350877193 0.043859649122807015 0.02905701754385965
1 0.16301169590643275 0.44435307017543857 0.01827485380116959 0.03344298245614035
1 0.11677631578947367 0.46408991228070173 0.03179824561403509 0.048793859649122806
1 0.08351608187134503 0.4808114035087719 0.03691520467836257 0.06578947368421052
1 0.07913011695906433 0.5814144736842105 0.02010233918128655 0.02357456140350877
1 0.12554824561403508 0.5984100877192983 0.019371345029239765 0.022478070175438597
1 0.1425438596491228 0.5657894736842105 0.011695906432748537 0.021929824561403508
1 0.17580409356725146 0.5852521929824561 0.013157894736842105 0.0400219298245614
1 0.2309941520467836 0.575657894736842 0.013888888888888888 0.020833333333333332
1 0.28326023391812866 0.5712719298245613 0.019005847953216373 0.019736842105263157
1 0.30080409356725146 0.5901864035087719 0.01608187134502924 0.0356359649122807
1 0.36915204678362573 0.5715460526315789 0.014619883040935672 0.016995614035087717
1 0.45266812865497075 0.5487938596491228 0.0266812865497076 0.01864035087719298
1 0.4773391812865497 0.5646929824561403 0.01608187134502924 0.017543859649122806
1 0.5259502923976608 0.5701754385964912 0.015350877192982455 0.025219298245614034
1 0.564875730994152 0.5567434210526315 0.028143274853801168 0.03015350877192982
1 0.5922880116959064 0.5427631578947368 0.025219298245614034 0.019736842105263157
1 0.638157894736842 0.5531798245614035 0.021929824561403508 0.02412280701754386
1 0.706140350877193 0.5657894736842105 0.027046783625730993 0.02631578947368421
1 0.6988304093567251 0.6987390350877193 0.02046783625730994 0.016995614035087717
1 0.6641081871345029 0.7028508771929824 0.008771929824561403 0.020833333333333332
1 0.5800438596491228 0.7190241228070176 0.01608187134502924 0.0268640350877193
1 0.5456871345029239 0.6924342105263157 0.017543859649122806 0.02412280701754386
1 0.5049342105263157 0.6790021929824561 0.017178362573099414 0.0268640350877193
1 0.4605263157894737 0.7077850877192982 0.021929824561403508 0.015350877192982455
1 0.42032163742690054 0.7053179824561403 0.009502923976608187 0.016995614035087717
1 0.40277777777777773 0.7277960526315789 0.01608187134502924 0.013706140350877192
1 0.3501461988304093 0.7009320175438596 0.00804093567251462 0.013706140350877192
1 0.289656432748538 0.7121710526315789 0.004751461988304093 0.01425438596491228
1 0.2403143274853801 0.7190241228070176 0.020833333333333332 0.022478070175438597
1 0.20851608187134502 0.7064144736842105 0.009137426900584795 0.014802631578947368
1 0.16191520467836257 0.7165570175438596 0.01023391812865497 0.015350877192982455
1 0.12335526315789473 0.7165570175438596 0.012792397660818713 0.017543859649122806
1 0.10891812865497075 0.7239583333333333 0.009502923976608187 0.016995614035087717
1 0.0977704678362573 0.8262061403508771 0.035453216374269 0.03618421052631579
1 0.1332236842105263 0.8396381578947368 0.0266812865497076 0.0400219298245614
1 0.17288011695906433 0.837719298245614 0.021929824561403508 0.043859649122807015
1 0.21436403508771928 0.8374451754385964 0.01864035087719298 0.024671052631578948
1 0.2403143274853801 0.8352521929824561 0.03399122807017543 0.044407894736842105
1 0.28125 0.8275767543859649 0.023026315789473683 0.04769736842105263
1 0.31743421052631576 0.8325109649122806 0.025950292397660817 0.048793859649122806
1 0.3848684210526316 0.8358004385964912 0.03508771929824561 0.06085526315789473
1 0.4857456140350877 0.7976973684210525 0.021929824561403508 0.03289473684210526
1 0.5615862573099415 0.78125 0.02448830409356725 0.03728070175438596
1 0.6299342105263157 0.7875548245614035 0.0222953216374269 0.05866228070175438
1 0.6728801169590642 0.8045504385964912 0.027777777777777776 0.0400219298245614
1 0.7315423976608186 0.7930372807017544 0.0266812865497076 0.04989035087719298
1 0.7450657894736842 0.9136513157894737 0.03764619883040936 0.03234649122807017
1 0.6851242690058479 0.8859649122807017 0.031067251461988302 0.043859649122807015
1 0.6571637426900584 0.9161184210526315 0.03216374269005848 0.06140350877192982
1 0.6425438596491228 0.9624451754385964 0.019005847953216373 0.03344298245614035
1 0.6197002923976608 0.9240679824561403 0.01864035087719298 0.020285087719298246
1 0.521016081871345 0.9306469298245613 0.05153508771929824 0.0400219298245614
1 0.41794590643274854 0.9539473684210525 0.04788011695906433 0.08662280701754385
1 0.3382675438596491 0.9336622807017544 0.0537280701754386 0.046052631578947366
1 0.09868421052631579 0.9555921052631579 0.021929824561403508 0.03289473684210526
1 0.9004020467836257 0.022478070175438597 0.025219298245614034 0.04057017543859649
1 0.9844663742690057 0.01864035087719298 0.031067251461988302 0.03618421052631579
1 0.8980263157894737 0.0825109649122807 0.03654970760233918 0.05537280701754386
1 0.971125730994152 0.17900219298245612 0.025584795321637425 0.0400219298245614
1 0.9457236842105262 0.17900219298245612 0.03033625730994152 0.05427631578947368
1 0.8631213450292398 0.2064144736842105 0.025950292397660817 0.042214912280701754
