1 0.33790204678362573 0.02631578947368421 0.020833333333333332 0.03289473684210526
1 0.45175438596491224 0.5627741228070176 0.016812865497076022 0.0400219298245614
1 0.5113304093567251 0.5893640350877193 0.014619883040935672 0.021929824561403508
1 0.5752923976608186 0.5942982456140351 0.017543859649122806 0.03179824561403509
1 0.6542397660818713 0.4956140350877193 0.019005847953216373 0.01644736842105263
1 0.7724780701754386 0.5940241228070176 0.03618421052631579 0.05756578947368421
1 0.6270102339181286 0.7458881578947368 0.07492690058479531 0.14089912280701752
1 0.4990862573099415 0.8980263157894737 0.035453216374269 0.05263157894736842
1 0.9131944444444444 0.8706140350877193 0.044956140350877194 0.0581140350877193
1 0.2359283625730994 0.5803179824561403 0.01864035087719298 0.03782894736842105
