1 0.023940058479532164 0.6962719298245613 0.04568713450292397 0.09539473684210525
1 0.13559941520467836 0.7949561403508771 0.02046783625730994 0.0537280701754386
1 0.17964181286549707 0.7327302631578947 0.03691520467836257 0.0268640350877193
1 0.2225877192982456 0.7546600877192982 0.043859649122807015 0.048793859649122806
1 0.1284722222222222 0.8843201754385964 0.031067251461988302 0.049342105263157895
1 0.03179824561403509 0.924890350877193 0.03654970760233918 0.03728070175438596
1 0.2403143274853801 0.9065241228070174 0.025950292397660817 0.03125
1 0.31779970760233917 0.763157894736842 0.03033625730994152 0.03179824561403509
1 0.32821637426900585 0.8706140350877193 0.021929824561403508 0.03179824561403509
1 0.3711622807017544 0.8955592105263157 0.025950292397660817 0.0268640350877193
1 0.4100877192982456 0.8514254385964912 0.019005847953216373 0.023026315789473683
1 0.427266081871345 0.7922149122807017 0.016812865497076022 0.03179824561403509
1 0.4365862573099415 0.7809758771929824 0.023026315789473683 0.038925438596491224
1 0.21290204678362573 0.9901315789473684 0.027412280701754384 0.019736842105263157
1 0.05756578947368421 0.9756030701754386 0.020833333333333332 0.02905701754385965
1 0.031067251461988302 0.9895833333333333 0.03654970760233918 0.020833333333333332
1 0.46966374269005845 0.8418311403508771 0.02266081871345029 0.03782894736842105
1 0.5127923976608186 0.7905701754385964 0.016812865497076022 0.03179824561403509
1 0.5586622807017544 0.9109100877192982 0.0266812865497076 0.0356359649122807
1 0.5913742690058479 0.787828947368421 0.019005847953216373 0.03070175438596491
1 0.6313961988304093 0.7889254385964912 0.027412280701754384 0.043859649122807015
1 0.7143640350877193 0.7733004385964912 0.021564327485380116 0.03234649122807017
1 0.6299342105263157 0.9040570175438596 0.0222953216374269 0.03508771929824561
1 0.7222222222222222 0.8799342105263157 0.021929824561403508 0.03618421052631579
1 0.7730263157894737 0.893640350877193 0.02266081871345029 0.03508771929824561
1 0.7768640350877193 0.9780701754385964 0.019371345029239765 0.02631578947368421
1 0.7357456140350876 0.9923245614035087 0.02046783625730994 0.015350877192982455
1 0.7657163742690059 0.990953947368421 0.029239766081871343 0.018092105263157895
1 0.8813961988304093 0.990953947368421 0.01644736842105263 0.018092105263157895
1 0.8921783625730993 0.8752741228070174 0.016812865497076022 0.0268640350877193
1 0.888157894736842 0.7733004385964912 0.008771929824561403 0.0268640350877193
1 0.9565058479532164 0.7790570175438596 0.017543859649122806 0.03289473684210526
1 0.9471856725146198 0.819078947368421 0.02448830409356725 0.03289473684210526
1 0.9925073099415204 0.9917763157894737 0.014985380116959063 0.01644736842105263
