1 0.04239766081871345 0.8692434210526315 0.011695906432748537 0.014802631578947368
1 0.2852704678362573 0.8925438596491228 0.013523391812865496 0.027412280701754384
1 0.09612573099415204 0.9621710526315789 0.010964912280701754 0.01425438596491228
1 0.18987573099415203 0.9731359649122806 0.014985380116959063 0.023026315789473683
1 0.3055555555555555 0.975328947368421 0.008771929824561403 0.019736842105263157
1 0.364766081871345 0.872532894736842 0.015350877192982455 0.03015350877192982
1 0.7001096491228069 0.30372807017543857 0.02887426900584795 0.049342105263157895
1 0.7538377192982456 0.29413377192982454 0.04349415204678363 0.06195175438596491
1 0.8280336257309941 0.29331140350877194 0.035453216374269 0.043859649122807015
1 0.8697002923976608 0.28234649122807015 0.015716374269005847 0.01864035087719298
1 0.987390350877193 0.2746710526315789 0.025219298245614034 0.05153508771929824
1 0.5625 0.7834429824561403 0.02850877192982456 0.03070175438596491
1 0.9751461988304093 0.7634320175438596 0.023391812865497075 0.02576754385964912
