1 0.9638157894736842 0.08662280701754385 0.03654970760233918 0.05043859649122807
1 0.9071637426900584 0.06907894736842105 0.027046783625730993 0.03399122807017543
1 0.8046418128654971 0.06798245614035087 0.02010233918128655 0.01864035087719298
1 0.552266081871345 0.09594298245614034 0.013888888888888888 0.019736842105263157
1 0.7383040935672515 0.21080043859649122 0.029239766081871343 0.038925438596491224
1 0.8051900584795321 0.18092105263157893 0.03435672514619883 0.05592105263157894
1 0.927266081871345 0.18832236842105263 0.03508771929824561 0.041118421052631575
1 0.9780701754385964 0.319078947368421 0.029239766081871343 0.044956140350877194
1 0.9301900584795321 0.3199013157894737 0.021929824561403508 0.03673245614035087
1 0.8965643274853801 0.3059210526315789 0.021929824561403508 0.03289473684210526
1 0.8603801169590642 0.3333333333333333 0.01827485380116959 0.02631578947368421
1 0.8282163742690059 0.33031798245614036 0.0445906432748538 0.042214912280701754
1 0.7680921052631579 0.34676535087719296 0.034722222222222224 0.048793859649122806
1 0.7563961988304093 0.4394188596491228 0.02010233918128655 0.016995614035087717
1 0.7953216374269005 0.43996710526315785 0.011695906432748537 0.018092105263157895
1 0.84375 0.428453947368421 0.028143274853801168 0.03782894736842105
1 0.9554093567251462 0.4270833333333333 0.024853801169590642 0.03618421052631579
1 0.9442616959064327 0.5063048245614035 0.01864035087719298 0.0268640350877193
1 0.5277777777777778 0.30098684210526316 0.025584795321637425 0.03070175438596491
1 0.5296052631578947 0.4018640350877193 0.021929824561403508 0.03289473684210526
1 0.477156432748538 0.42050438596491224 0.019371345029239765 0.03728070175438596
1 0.39985380116959063 0.4459978070175438 0.024853801169590642 0.03453947368421052
1 0.25566520467836257 0.32675438596491224 0.027412280701754384 0.02631578947368421
1 0.2942251461988304 0.41063596491228066 0.019005847953216373 0.029605263157894735
1 0.293859649122807 0.49588815789473684 0.025584795321637425 0.0400219298245614
1 0.12353801169590642 0.41968201754385964 0.016812865497076022 0.03125
1 0.06889619883040936 0.4136513157894737 0.012792397660818713 0.02905701754385965
1 0.03033625730994152 0.4608004385964912 0.03216374269005848 0.03453947368421052
1 0.06524122807017543 0.45997807017543857 0.017178362573099414 0.03399122807017543
1 0.05171783625730994 0.7118969298245613 0.044956140350877194 0.05975877192982456
1 0.1288377192982456 0.7239583333333333 0.020833333333333332 0.03453947368421052
1 0.15332602339181287 0.7338267543859649 0.04568713450292397 0.08388157894736842
1 0.19444444444444442 0.7198464912280701 0.011695906432748537 0.020833333333333332
1 0.25493421052631576 0.7354714912280701 0.023026315789473683 0.03453947368421052
1 0.27923976608187134 0.7149122807017544 0.024853801169590642 0.03070175438596491
1 0.2982456140350877 0.6965460526315789 0.014619883040935672 0.0268640350877193
1 0.33790204678362573 0.7209429824561403 0.019371345029239765 0.03399122807017543
1 0.38961988304093564 0.7121710526315789 0.02046783625730994 0.03618421052631579
1 0.40734649122807015 0.7212171052631579 0.019371345029239765 0.02905701754385965
1 0.44279970760233917 0.7116228070175438 0.023757309941520467 0.03070175438596491
1 0.5054824561403508 0.7075109649122807 0.010964912280701754 0.014802631578947368
1 0.48830409356725146 0.8078399122807017 0.02850877192982456 0.03453947368421052
1 0.5893640350877193 0.7050438596491228 0.0266812865497076 0.04714912280701754
1 0.5482456140350876 0.8188048245614035 0.019005847953216373 0.0356359649122807
1 0.6589912280701754 0.8237390350877193 0.02046783625730994 0.042214912280701754
1 0.8013523391812865 0.6244517543859649 0.023757309941520467 0.04057017543859649
1 0.8282163742690059 0.6313048245614035 0.01023391812865497 0.018092105263157895
1 0.7788742690058479 0.7683662280701754 0.027777777777777776 0.046600877192982455
1 0.8320540935672515 0.7280701754385964 0.025219298245614034 0.044956140350877194
1 0.8843201754385964 0.6428179824561403 0.02010233918128655 0.02576754385964912
1 0.9663742690058479 0.7146381578947368 0.024853801169590642 0.0356359649122807
1 0.987390350877193 0.7058662280701754 0.01206140350877193 0.0268640350877193
1 0.9851973684210525 0.8231907894736842 0.029605263157894735 0.046600877192982455
1 0.9384137426900584 0.9317434210526315 0.06834795321637427 0.0805921052631579
1 0.8280336257309941 0.9594298245614035 0.03764619883040936 0.05482456140350877
1 0.8042763157894737 0.8914473684210525 0.01864035087719298 0.02631578947368421
1 0.638157894736842 0.9429824561403508 0.01827485380116959 0.03399122807017543
1 0.5634137426900584 0.9087171052631579 0.01864035087719298 0.0268640350877193
1 0.6118421052631579 0.9555921052631579 0.023391812865497075 0.04057017543859649
1 0.5601242690058479 0.9347587719298245 0.01864035087719298 0.020833333333333332
1 0.44298245614035087 0.938048245614035 0.021198830409356724 0.02631578947368421
1 0.41447368421052627 0.9487390350877193 0.01608187134502924 0.03125
1 0.346125730994152 0.8396381578947368 0.027777777777777776 0.0356359649122807
1 0.3477704678362573 0.9287280701754386 0.01644736842105263 0.02412280701754386
1 0.314875730994152 0.9117324561403508 0.013523391812865496 0.02412280701754386
1 0.2777777777777778 0.924890350877193 0.02046783625730994 0.03179824561403509
1 0.24616228070175436 0.8212719298245613 0.019371345029239765 0.02631578947368421
1 0.17616959064327484 0.8549890350877193 0.019005847953216373 0.03125
1 0.302266081871345 0.8146929824561403 0.019736842105263157 0.029605263157894735
1 0.14071637426900585 0.837719298245614 0.019005847953216373 0.041666666666666664
1 0.09484649122807016 0.8456688596491228 0.0266812865497076 0.0356359649122807
1 0.05866228070175438 0.8571820175438596 0.019371345029239765 0.0356359649122807
1 0.06012426900584795 0.9512061403508771 0.017909356725146198 0.044956140350877194
1 0.0847953216374269 0.9553179824561403 0.02046783625730994 0.022478070175438597
1 0.12116228070175437 0.9542214912280701 0.020833333333333332 0.03782894736842105
