1 0.21728801169590642 0.03536184210526316 0.017909356725146198 0.02905701754385965
1 0.17781432748538012 0.06030701754385964 0.020833333333333332 0.021929824561403508
1 0.1299342105263158 0.0668859649122807 0.0266812865497076 0.021929824561403508
1 0.5513523391812866 0.1069078947368421 0.0266812865497076 0.03399122807017543
1 0.5829678362573099 0.12445175438596491 0.021198830409356724 0.03618421052631579
1 0.4678362573099415 0.36622807017543857 0.035818713450292396 0.05153508771929824
1 0.4375 0.3601973684210526 0.038011695906432746 0.0537280701754386
1 0.3706140350877193 0.3393640350877193 0.02850877192982456 0.04714912280701754
1 0.36860380116959063 0.3837719298245614 0.03179824561403509 0.043859649122807015
1 0.30317982456140347 0.31085526315789475 0.04130116959064327 0.0712719298245614
1 0.2715643274853801 0.3212719298245614 0.0402046783625731 0.0668859649122807
1 0.2362938596491228 0.33251096491228066 0.04788011695906433 0.05975877192982456
1 0.16758040935672514 0.30098684210526316 0.025950292397660817 0.07675438596491227
1 0.17141812865497075 0.3730811403508772 0.06578947368421052 0.06962719298245613
1 0.5581140350877193 0.5712719298245613 0.029239766081871343 0.03179824561403509
1 0.5738304093567251 0.7628837719298245 0.021198830409356724 0.0268640350877193
1 0.439875730994152 0.837719298245614 0.055190058479532164 0.06359649122807018
1 0.40826023391812866 0.834703947368421 0.041666666666666664 0.07510964912280702
1 0.4016812865497076 0.928453947368421 0.033625730994152045 0.022478070175438597
1 0.3558114035087719 0.884594298245614 0.055190058479532164 0.06304824561403509
1 0.24707602339181284 0.8574561403508771 0.029239766081871343 0.0537280701754386
1 0.25237573099415206 0.8824013157894737 0.0398391812865497 0.05756578947368421
1 0.21929824561403508 0.8459429824561403 0.043859649122807015 0.07346491228070175
1 0.17489035087719298 0.8506030701754386 0.038377192982456135 0.0762061403508772
1 0.008406432748538011 0.8171600877192982 0.014619883040935672 0.02905701754385965
1 0.08644005847953216 0.8456688596491228 0.03764619883040936 0.05756578947368421
1 0.11677631578947367 0.8146929824561403 0.04130116959064327 0.06359649122807018
1 0.13048245614035087 0.8577302631578947 0.0489766081871345 0.07182017543859649
1 0.14163011695906433 0.9424342105263157 0.01644736842105263 0.025219298245614034
1 0.5921052631578947 0.9375 0.017543859649122806 0.023026315789473683
1 0.6140350877192982 0.9131030701754386 0.014619883040935672 0.0268640350877193
1 0.9952485380116959 0.06359649122807018 0.009502923976608187 0.041666666666666664
1 0.9713084795321637 0.07785087719298245 0.010599415204678362 0.021929824561403508
1 0.7613304093567251 0.09237938596491227 0.02266081871345029 0.0268640350877193
1 0.8413742690058479 0.10279605263157894 0.021198830409356724 0.022478070175438597
1 0.8907163742690059 0.08717105263157894 0.015350877192982455 0.015350877192982455
1 0.9890350877192982 0.5317982456140351 0.021929824561403508 0.05701754385964912
1 0.9605263157894737 0.5583881578947368 0.021929824561403508 0.0268640350877193
1 0.9141081871345029 0.5167214912280701 0.04239766081871345 0.06195175438596491
1 0.8472222222222222 0.4714912280701754 0.035818713450292396 0.06469298245614034
1 0.8037280701754386 0.5381030701754386 0.03728070175438596 0.06633771929824561
1 0.7869152046783625 0.5271381578947368 0.03070175438596491 0.0762061403508772
1 0.6074561403508771 0.45997807017543857 0.016812865497076022 0.03289473684210526
1 0.7012061403508771 0.5630482456140351 0.0266812865497076 0.0581140350877193
1 0.6299342105263157 0.5520833333333333 0.03764619883040936 0.07236842105263158
1 0.6226242690058479 0.5942982456140351 0.025950292397660817 0.044956140350877194
1 0.612390350877193 0.6737938596491228 0.038377192982456135 0.05153508771929824
1 0.6630116959064327 0.6943530701754386 0.039473684210526314 0.04989035087719298
1 0.7651681286549707 0.665844298245614 0.03399122807017543 0.06195175438596491
1 0.7940423976608186 0.6743421052631579 0.035453216374269 0.0800438596491228
1 0.82328216374269 0.6655701754385964 0.0266812865497076 0.049342105263157895
1 0.8492324561403508 0.6792763157894737 0.020833333333333332 0.029605263157894735
1 0.8706140350877193 0.6617324561403508 0.024853801169590642 0.0581140350877193
1 0.8994883040935672 0.6877741228070176 0.014619883040935672 0.03125
1 0.927266081871345 0.6896929824561403 0.03728070175438596 0.049342105263157895
1 0.9473684210526315 0.6724232456140351 0.013157894736842105 0.02796052631578947
1 0.9755116959064327 0.6477521929824561 0.033625730994152045 0.044407894736842105
1 0.9943347953216374 0.6609100877192982 0.011330409356725146 0.05756578947368421
1 0.9769736842105262 0.7617872807017544 0.02046783625730994 0.02796052631578947
1 0.8907163742690059 0.8020833333333333 0.012426900584795321 0.020833333333333332
1 0.6831140350877193 0.9109100877192982 0.01608187134502924 0.02905701754385965
1 0.7807017543859649 0.912828947368421 0.007309941520467836 0.01864035087719298
1 0.7372076023391813 0.7574013157894737 0.014619883040935672 0.019188596491228067
