1 0.18512426900584794 0.12966008771929824 0.04057017543859649 0.048793859649122806
1 0.2324561403508772 0.07648026315789473 0.029970760233918127 0.04989035087719298
1 0.23720760233918128 0.13267543859649122 0.016812865497076022 0.029605263157894735
1 0.16703216374269006 0.18996710526315788 0.02631578947368421 0.03782894736842105
1 0.2149122807017544 0.19654605263157893 0.014619883040935672 0.022478070175438597
1 0.24214181286549707 0.19654605263157893 0.0222953216374269 0.0268640350877193
1 0.2984283625730994 0.09237938596491227 0.03764619883040936 0.048793859649122806
1 0.30665204678362573 0.19873903508771928 0.02412280701754386 0.0356359649122807
1 0.35800438596491224 0.2149122807017544 0.035453216374269 0.04824561403508772
1 0.35800438596491224 0.09841008771929824 0.0062134502923976605 0.0356359649122807
1 0.3877923976608187 0.10142543859649122 0.027046783625730993 0.029605263157894735
1 0.44828216374269003 0.19682017543859648 0.025950292397660817 0.049342105263157895
1 0.4784356725146199 0.22121710526315788 0.02631578947368421 0.03782894736842105
1 0.5288742690058479 0.2099780701754386 0.019736842105263157 0.03070175438596491
1 0.5957602339181286 0.18283991228070173 0.029239766081871343 0.03125
1 0.6092836257309941 0.08881578947368421 0.029970760233918127 0.046052631578947366
1 0.664656432748538 0.17653508771929824 0.019371345029239765 0.038377192982456135
1 0.6416301169590642 0.08333333333333333 0.021564327485380116 0.04057017543859649
1 0.7163742690058479 0.1943530701754386 0.009502923976608187 0.03125
1 0.7671783625730993 0.09210526315789473 0.01608187134502924 0.05153508771929824
1 0.6074561403508771 0.33963815789473684 0.02046783625730994 0.020285087719298246
1 0.4947002923976608 0.3522478070175438 0.015716374269005847 0.019188596491228067
1 0.4199561403508772 0.34429824561403505 0.00804093567251462 0.02412280701754386
1 0.3636695906432748 0.3530701754385965 0.014619883040935672 0.017543859649122806
1 0.31779970760233917 0.3125 0.013523391812865496 0.02631578947368421
1 0.18457602339181287 0.3621162280701754 0.012426900584795321 0.03125
1 0.08771929824561403 0.365953947368421 0.029239766081871343 0.043311403508771926
1 0.039473684210526314 0.37225877192982454 0.03435672514619883 0.05153508771929824
1 0.023940058479532164 0.4682017543859649 0.023026315789473683 0.015350877192982455
1 0.05866228070175438 0.45860745614035087 0.020833333333333332 0.020285087719298246
1 0.2774122807017544 0.47560307017543857 0.019736842105263157 0.0268640350877193
1 0.3123172514619883 0.5021929824561403 0.023026315789473683 0.03179824561403509
1 0.3887061403508772 0.48053728070175433 0.023026315789473683 0.0268640350877193
1 0.4360380116959064 0.48300438596491224 0.014619883040935672 0.02631578947368421
1 0.4751461988304093 0.4728618421052631 0.021198830409356724 0.02796052631578947
1 0.6483918128654971 0.48245614035087714 0.017543859649122806 0.03618421052631579
1 0.7520102339181286 0.48547149122807015 0.029605263157894735 0.042214912280701754
1 0.8329678362573099 0.7190241228070176 0.019736842105263157 0.03125
1 0.7861842105263157 0.7138157894736842 0.019005847953216373 0.019736842105263157
1 0.7470760233918128 0.7236842105263157 0.027046783625730993 0.043859649122807015
1 0.7123538011695906 0.7209429824561403 0.02046783625730994 0.03070175438596491
1 0.6758040935672515 0.7165570175438596 0.027046783625730993 0.038377192982456135
1 0.6167763157894737 0.6839364035087719 0.03691520467836257 0.045504385964912276
1 0.583516081871345 0.7209429824561403 0.023757309941520467 0.03508771929824561
1 0.4861111111111111 0.7321820175438596 0.02046783625730994 0.024671052631578948
1 0.3887061403508772 0.7275219298245613 0.01864035087719298 0.02850877192982456
1 0.2763157894736842 0.7280701754385964 0.019736842105263157 0.023026315789473683
1 0.16264619883040934 0.7256030701754386 0.02412280701754386 0.022478070175438597
1 0.013706140350877192 0.7510964912280701 0.025219298245614034 0.039473684210526314
1 0.25237573099415206 0.8371710526315789 0.0222953216374269 0.025219298245614034
1 0.2909356725146199 0.8171600877192982 0.027777777777777776 0.022478070175438597
1 0.3501461988304093 0.8577302631578947 0.023391812865497075 0.03234649122807017
1 0.427266081871345 0.8278508771929824 0.016812865497076022 0.021929824561403508
1 0.45559210526315785 0.8056469298245613 0.03618421052631579 0.0400219298245614
1 0.4983552631578947 0.8267543859649122 0.023026315789473683 0.05482456140350877
1 0.5990497076023391 0.8234649122807017 0.027046783625730993 0.044956140350877194
1 0.7076023391812865 0.8223684210526315 0.029970760233918127 0.038377192982456135
1 0.7666301169590642 0.8418311403508771 0.0668859649122807 0.0849780701754386
1 0.8486842105263157 0.8401864035087718 0.043859649122807015 0.05427631578947368
1 0.8393640350877193 0.9709429824561403 0.02010233918128655 0.03508771929824561
1 0.66703216374269 0.9621710526315789 0.02631578947368421 0.03179824561403509
1 0.5855263157894737 0.9555921052631579 0.015350877192982455 0.029605263157894735
1 0.3951023391812865 0.9646381578947368 0.016812865497076022 0.013706140350877192
1 0.3188961988304093 0.9512061403508771 0.02448830409356725 0.02850877192982456
1 0.28179824561403505 0.9575109649122806 0.031432748538011694 0.03125
1 0.24561403508771928 0.957236842105263 0.031432748538011694 0.03618421052631579
1 0.2002923976608187 0.9468201754385964 0.046052631578947366 0.03508771929824561
1 0.01608187134502924 0.865953947368421 0.023391812865497075 0.022478070175438597
1 0.04258040935672514 0.9876644736842105 0.035453216374269 0.024671052631578948
1 0.9952485380116959 0.17297149122807018 0.009502923976608187 0.02796052631578947
1 0.9555921052631579 0.32675438596491224 0.035453216374269 0.05043859649122807
1 0.9512061403508771 0.4720394736842105 0.0581140350877193 0.09758771929824561
1 0.9365862573099415 0.5715460526315789 0.015716374269005847 0.03125
