1 0.3980263157894737 0.033717105263157895 0.02046783625730994 0.02905701754385965
1 0.4438961988304093 0.04523026315789473 0.025950292397660817 0.0268640350877193
1 0.30080409356725146 0.03453947368421052 0.023391812865497075 0.042763157894736836
1 0.2540204678362573 0.02713815789473684 0.021198830409356724 0.0400219298245614
1 0.26169590643274854 0.0825109649122807 0.019005847953216373 0.016995614035087717
1 0.18859649122807015 0.09375 0.02412280701754386 0.02412280701754386
1 0.18804824561403508 0.027412280701754384 0.0222953216374269 0.03508771929824561
1 0.10343567251461988 0.016721491228070175 0.029239766081871343 0.02905701754385965
1 0.06487573099415204 0.14364035087719298 0.03691520467836257 0.041666666666666664
1 0.025950292397660817 0.18530701754385964 0.027777777777777776 0.049342105263157895
1 0.43110380116959063 0.24122807017543857 0.04641812865497076 0.042763157894736836
1 0.28125 0.2612390350877193 0.01864035087719298 0.0268640350877193
1 0.1957236842105263 0.25027412280701755 0.02010233918128655 0.0268640350877193
1 0.10599415204678361 0.25411184210526316 0.02631578947368421 0.020285087719298246
1 0.11714181286549707 0.3558114035087719 0.021564327485380116 0.025219298245614034
1 0.20760233918128654 0.3626644736842105 0.021929824561403508 0.03015350877192982
1 0.2563961988304093 0.3730811403508772 0.028143274853801168 0.0356359649122807
1 0.046966374269005844 0.4780701754385965 0.01864035087719298 0.025219298245614034
1 0.0800438596491228 0.4786184210526315 0.014619883040935672 0.020833333333333332
1 0.09630847953216373 0.5010964912280701 0.027412280701754384 0.029605263157894735
1 0.1960891812865497 0.49067982456140347 0.03033625730994152 0.03289473684210526
1 0.24762426900584794 0.48245614035087714 0.02010233918128655 0.02631578947368421
1 0.2671783625730994 0.4761513157894737 0.023391812865497075 0.02905701754385965
1 0.2839912280701754 0.6178728070175439 0.02046783625730994 0.02850877192982456
1 0.22368421052631576 0.6162280701754386 0.02412280701754386 0.023026315789473683
1 0.1684941520467836 0.650219298245614 0.01608187134502924 0.03399122807017543
1 0.1153143274853801 0.6025219298245613 0.0222953216374269 0.03070175438596491
1 0.06505847953216373 0.6027960526315789 0.013888888888888888 0.018092105263157895
1 0.07328216374269006 0.737390350877193 0.032529239766081866 0.03179824561403509
1 0.15186403508771928 0.7324561403508771 0.0222953216374269 0.017543859649122806
1 0.22277046783625729 0.734375 0.01206140350877193 0.019188596491228067
1 0.27192982456140347 0.7702850877192982 0.029970760233918127 0.044956140350877194
1 0.3203581871345029 0.7552083333333333 0.025950292397660817 0.03673245614035087
1 0.3843201754385965 0.75 0.01864035087719298 0.03399122807017543
1 0.262609649122807 0.878015350877193 0.027412280701754384 0.043311403508771926
1 0.2225877192982456 0.8492324561403508 0.021929824561403508 0.02412280701754386
1 0.13578216374269006 0.8686951754385964 0.049342105263157895 0.0400219298245614
1 0.09612573099415204 0.834703947368421 0.0402046783625731 0.05537280701754386
1 0.06103801169590643 0.8974780701754386 0.03728070175438596 0.05592105263157894
1 0.988486842105263 0.13267543859649122 0.023026315789473683 0.05482456140350877
1 0.9886695906432748 0.20586622807017543 0.02266081871345029 0.044407894736842105
1 0.9512061403508771 0.21655701754385964 0.04130116959064327 0.05482456140350877
1 0.7953216374269005 0.2275219298245614 0.033625730994152045 0.0537280701754386
1 0.754203216374269 0.21600877192982454 0.02448830409356725 0.03399122807017543
1 0.7119883040935672 0.2275219298245614 0.027046783625730993 0.03179824561403509
1 0.737390350877193 0.09895833333333333 0.019371345029239765 0.02576754385964912
1 0.7213084795321637 0.12746710526315788 0.01644736842105263 0.022478070175438597
1 0.6430921052631579 0.13459429824561403 0.02448830409356725 0.04769736842105263
1 0.6215277777777778 0.20778508771929824 0.038377192982456135 0.05153508771929824
1 0.5840643274853801 0.2220394736842105 0.03070175438596491 0.043859649122807015
1 0.40679824561403505 0.35718201754385964 0.014619883040935672 0.015899122807017545
1 0.6211622807017544 0.3665021929824561 0.011330409356725146 0.018092105263157895
1 0.7733918128654971 0.34429824561403505 0.019736842105263157 0.03179824561403509
1 0.8320540935672515 0.35800438596491224 0.019371345029239765 0.029605263157894735
1 0.8784722222222222 0.35471491228070173 0.01864035087719298 0.03179824561403509
1 0.9263523391812865 0.33771929824561403 0.01864035087719298 0.029605263157894735
1 0.9952485380116959 0.3665021929824561 0.009502923976608187 0.022478070175438597
1 0.9555921052631579 0.4180372807017544 0.03179824561403509 0.06304824561403509
1 0.856907894736842 0.48876096491228066 0.04349415204678363 0.10032894736842105
1 0.8125 0.44709429824561403 0.0445906432748538 0.06304824561403509
1 0.739766081871345 0.4564144736842105 0.05043859649122807 0.07291666666666666
1 0.5986842105263157 0.4662828947368421 0.06871345029239766 0.08388157894736842
1 0.5595760233918128 0.4876644736842105 0.039473684210526314 0.06743421052631579
1 0.45997807017543857 0.47368421052631576 0.038377192982456135 0.08662280701754385
1 0.4415204678362573 0.4649122807017544 0.04312865497076023 0.08114035087719298
1 0.42434210526315785 0.6134868421052632 0.029239766081871343 0.03289473684210526
1 0.6489400584795322 0.5942982456140351 0.035453216374269 0.03289473684210526
1 0.7222222222222222 0.5981359649122807 0.029239766081871343 0.03399122807017543
1 0.9226973684210525 0.5978618421052632 0.05080409356725146 0.03234649122807017
1 0.9700292397660818 0.5945723684210525 0.014619883040935672 0.04989035087719298
1 0.9427997076023391 0.6880482456140351 0.052997076023391806 0.05592105263157894
1 0.9459064327485379 0.747532894736842 0.062134502923976605 0.09484649122807016
1 0.9583333333333333 0.7963267543859649 0.03070175438596491 0.038925438596491224
1 0.9415204678362572 0.834703947368421 0.02412280701754386 0.041118421052631575
1 0.9292763157894737 0.8758223684210525 0.019371345029239765 0.043311403508771926
1 0.9024122807017544 0.8612938596491228 0.054093567251461985 0.06578947368421052
1 0.7655336257309941 0.7464364035087719 0.05153508771929824 0.07730263157894736
1 0.6938961988304093 0.7664473684210525 0.05592105263157894 0.08881578947368421
1 0.6600877192982456 0.828125 0.021929824561403508 0.038925438596491224
1 0.6379751461988303 0.8522478070175438 0.03618421052631579 0.042214912280701754
1 0.60453216374269 0.8275767543859649 0.02850877192982456 0.04769736842105263
1 0.6387061403508771 0.669407894736842 0.035453216374269 0.044956140350877194
1 0.5199195906432749 0.7456140350877193 0.06030701754385964 0.10416666666666666
1 0.9928728070175438 0.941611842105263 0.01425438596491228 0.06085526315789473
1 0.9629020467836257 0.96875 0.03179824561403509 0.05592105263157894
1 0.8609283625730993 0.953125 0.0222953216374269 0.02905701754385965
1 0.8379020467836257 0.9429824561403508 0.01864035087719298 0.021929824561403508
1 0.7383040935672515 0.9449013157894737 0.02266081871345029 0.0268640350877193
1 0.6619152046783625 0.9533991228070174 0.03070175438596491 0.04714912280701754
1 0.5721856725146198 0.9525767543859649 0.029605263157894735 0.038925438596491224
1 0.5137061403508771 0.9577850877192982 0.029605263157894735 0.027412280701754384
1 0.46290204678362573 0.9616228070175438 0.025950292397660817 0.042763157894736836
1 0.4375 0.9333881578947368 0.02046783625730994 0.048793859649122806
