1 0.009868421052631578 0.018092105263157895 0.017543859649122806 0.03399122807017543
1 0.05226608187134503 0.02933114035087719 0.02266081871345029 0.0268640350877193
1 0.041118421052631575 0.14610745614035087 0.06980994152046784 0.08607456140350876
1 0.05025584795321637 0.27905701754385964 0.02887426900584795 0.02631578947368421
1 0.049342105263157895 0.37746710526315785 0.023391812865497075 0.0268640350877193
1 0.14016812865497075 0.34429824561403505 0.031067251461988302 0.03179824561403509
1 0.12445175438596491 0.26589912280701755 0.020833333333333332 0.04057017543859649
1 0.1597222222222222 0.2949561403508772 0.03654970760233918 0.04057017543859649
1 0.14163011695906433 0.14035087719298245 0.0537280701754386 0.09868421052631579
1 0.13048245614035087 0.02987938596491228 0.039473684210526314 0.045504385964912276
1 0.22368421052631576 0.018366228070175437 0.041666666666666664 0.0356359649122807
1 0.26809210526315785 0.021929824561403508 0.04130116959064327 0.04057017543859649
1 0.37591374269005845 0.3215460526315789 0.021564327485380116 0.03125
1 0.3291301169590643 0.025219298245614034 0.028143274853801168 0.02850877192982456
1 0.377375730994152 0.1069078947368421 0.023026315789473683 0.03289473684210526
1 0.414656432748538 0.11019736842105263 0.020833333333333332 0.027412280701754384
1 0.5020102339181286 0.33059210526315785 0.01864035087719298 0.03289473684210526
1 0.5398391812865497 0.3700657894736842 0.029239766081871343 0.041666666666666664
1 0.4614400584795321 0.09484649122807016 0.012792397660818713 0.02850877192982456
1 0.5005482456140351 0.08580043859649122 0.017178362573099414 0.021381578947368418
1 0.5283260233918128 0.01343201754385965 0.019371345029239765 0.02357456140350877
1 0.5425804093567251 0.10718201754385964 0.0222953216374269 0.024671052631578948
1 0.5380116959064327 0.19654605263157893 0.025584795321637425 0.03344298245614035
1 0.5913742690058479 0.25 0.033625730994152045 0.05592105263157894
1 0.6288377192982456 0.34594298245614036 0.01864035087719298 0.020833333333333332
1 0.614766081871345 0.10882675438596491 0.014619883040935672 0.019188596491228067
1 0.6059941520467836 0.19490131578947367 0.025584795321637425 0.03673245614035087
1 0.6387061403508771 0.21929824561403508 0.025219298245614034 0.03070175438596491
1 0.6626461988304093 0.09484649122807016 0.01608187134502924 0.03070175438596491
1 0.6948099415204678 0.1162280701754386 0.011695906432748537 0.01864035087719298
1 0.7690058479532164 0.11266447368421052 0.012426900584795321 0.014802631578947368
1 0.8538011695906432 0.09155701754385964 0.01023391812865497 0.02412280701754386
1 0.8506944444444444 0.2905701754385965 0.02887426900584795 0.04057017543859649
1 0.9100877192982456 0.2546600877192982 0.021198830409356724 0.0356359649122807
1 0.9894005847953216 0.19682017543859648 0.021198830409356724 0.03399122807017543
1 0.956140350877193 0.10718201754385964 0.012426900584795321 0.018092105263157895
1 0.9967105263157894 0.12554824561403508 0.006578947368421052 0.017543859649122806
1 0.9910453216374269 0.2987938596491228 0.017909356725146198 0.041666666666666664
