1 0.0625 0.021929824561403508 0.024853801169590642 0.03399122807017543
1 0.11860380116959064 0.09457236842105263 0.02010233918128655 0.0356359649122807
1 0.16154970760233917 0.046875 0.023391812865497075 0.03125
1 0.1787280701754386 0.03673245614035087 0.02046783625730994 0.025219298245614034
1 0.2269736842105263 0.054002192982456135 0.02631578947368421 0.0400219298245614
1 0.22368421052631576 0.01343201754385965 0.019736842105263157 0.02357456140350877
1 0.2852704678362573 0.015899122807017545 0.0266812865497076 0.03070175438596491
1 0.2982456140350877 0.15679824561403508 0.017543859649122806 0.023026315789473683
1 0.387609649122807 0.15597587719298245 0.03033625730994152 0.048793859649122806
1 0.2534722222222222 0.40926535087719296 0.04788011695906433 0.07730263157894736
1 0.21875 0.40871710526315785 0.0398391812865497 0.06304824561403509
1 0.18019005847953215 0.41968201754385964 0.041666666666666664 0.07182017543859649
1 0.13285818713450293 0.40926535087719296 0.04641812865497076 0.06414473684210525
1 0.09868421052631579 0.4103618421052631 0.02850877192982456 0.024671052631578948
1 0.06487573099415204 0.4309210526315789 0.042763157894736836 0.043859649122807015
1 0.03508771929824561 0.4237938596491228 0.02631578947368421 0.0537280701754386
1 0.013706140350877192 0.4396929824561403 0.025950292397660817 0.06469298245614034
1 0.07529239766081872 0.5633223684210527 0.05043859649122807 0.04769736842105263
1 0.1699561403508772 0.5783991228070176 0.03289473684210526 0.0581140350877193
1 0.18311403508771928 0.5087719298245614 0.02046783625730994 0.038377192982456135
1 0.20266812865497075 0.553453947368421 0.0537280701754386 0.05208333333333333
1 0.30957602339181284 0.5098684210526315 0.04312865497076023 0.04057017543859649
1 0.4053362573099415 0.4407894736842105 0.039473684210526314 0.06469298245614034
1 0.29989035087719296 0.765625 0.038377192982456135 0.06524122807017543
1 0.1822002923976608 0.7519188596491228 0.04057017543859649 0.06414473684210525
1 0.03654970760233918 0.8977521929824561 0.023391812865497075 0.0268640350877193
1 0.08205409356725146 0.8802083333333333 0.023026315789473683 0.03234649122807017
1 0.18603801169590642 0.8848684210526315 0.017543859649122806 0.023026315789473683
1 0.2182017543859649 0.8782894736842105 0.016812865497076022 0.025219298245614034
1 0.26809210526315785 0.8728070175438596 0.020833333333333332 0.029605263157894735
1 0.21052631578947367 0.9917763157894737 0.02266081871345029 0.01644736842105263
1 0.4009502923976608 0.862390350877193 0.01608187134502924 0.02631578947368421
1 0.29203216374269003 0.9904057017543859 0.027046783625730993 0.019188596491228067
1 0.4263523391812865 0.05537280701754386 0.01864035087719298 0.03618421052631579
1 0.4576023391812865 0.028782894736842105 0.03289473684210526 0.05537280701754386
1 0.5027412280701754 0.054002192982456135 0.023026315789473683 0.0400219298245614
1 0.45997807017543857 0.13898026315789472 0.027412280701754384 0.03782894736842105
1 0.6361476608187134 0.14364035087719298 0.03326023391812866 0.041666666666666664
1 0.6968201754385964 0.1112938596491228 0.034722222222222224 0.042763157894736836
1 0.7119883040935672 0.016721491228070175 0.015350877192982455 0.03125
1 0.7339181286549707 0.1425438596491228 0.01608187134502924 0.03399122807017543
1 0.7759502923976608 0.03125 0.021929824561403508 0.03399122807017543
1 0.8042763157894737 0.15350877192982454 0.028143274853801168 0.042763157894736836
1 0.8305921052631579 0.1293859649122807 0.02448830409356725 0.044956140350877194
1 0.846125730994152 0.02549342105263158 0.031432748538011694 0.03344298245614035
1 0.5581140350877193 0.2590460526315789 0.007309941520467836 0.022478070175438597
1 0.8872441520467835 0.018366228070175437 0.034722222222222224 0.0356359649122807
1 0.8711622807017544 0.13432017543859648 0.027412280701754384 0.0581140350877193
1 0.9130116959064327 0.13432017543859648 0.024853801169590642 0.044956140350877194
1 0.9594298245614035 0.12911184210526316 0.02266081871345029 0.03673245614035087
1 0.9203216374269005 0.013706140350877192 0.01608187134502924 0.02631578947368421
1 0.9713084795321637 0.015899122807017545 0.025219298245614034 0.03070175438596491
1 0.9550438596491228 0.00932017543859649 0.019736842105263157 0.017543859649122806
1 0.9859283625730993 0.0893640350877193 0.028143274853801168 0.07346491228070175
1 0.9979897660818713 0.22094298245614033 0.00402046783625731 0.029605263157894735
1 0.752375730994152 0.24725877192982454 0.01425438596491228 0.023026315789473683
1 0.7236842105263157 0.28125 0.013157894736842105 0.02412280701754386
1 0.706140350877193 0.2733004385964912 0.013157894736842105 0.02576754385964912
1 0.4766081871345029 0.5043859649122807 0.01827485380116959 0.03399122807017543
1 0.5829678362573099 0.5 0.01827485380116959 0.025219298245614034
1 0.5791301169590642 0.4114583333333333 0.025219298245614034 0.02576754385964912
1 0.6089181286549707 0.381578947368421 0.02850877192982456 0.038377192982456135
1 0.6445540935672515 0.4109100877192982 0.04130116959064327 0.06962719298245613
1 0.6734283625730993 0.3980263157894737 0.013523391812865496 0.027412280701754384
1 0.7417763157894737 0.3952850877192982 0.06030701754385964 0.08552631578947367
1 0.7724780701754386 0.38925438596491224 0.009137426900584795 0.025219298245614034
1 0.8028143274853801 0.3684210526315789 0.021564327485380116 0.06030701754385964
1 0.8700657894736842 0.38130482456140347 0.03764619883040936 0.04769736842105263
1 0.9102704678362573 0.40350877192982454 0.020833333333333332 0.03289473684210526
1 0.969298245614035 0.39309210526315785 0.007309941520467836 0.013157894736842105
1 0.938048245614035 0.4871162280701754 0.017178362573099414 0.0268640350877193
1 0.8636695906432748 0.4671052631578947 0.015350877192982455 0.041666666666666664
1 0.8428362573099415 0.5128837719298245 0.009502923976608187 0.03673245614035087
1 0.7348318713450293 0.5049342105263157 0.03179824561403509 0.05153508771929824
1 0.6553362573099415 0.5046600877192983 0.02266081871345029 0.03125
1 0.9959795321637427 0.4871162280701754 0.00804093567251462 0.0268640350877193
1 0.4131944444444444 0.6587171052631579 0.03691520467836257 0.048793859649122806
1 0.44243421052631576 0.6513157894736842 0.025219298245614034 0.044956140350877194
1 0.5566520467836257 0.6480263157894737 0.02412280701754386 0.02631578947368421
1 0.6401681286549707 0.6387061403508771 0.031067251461988302 0.044956140350877194
1 0.6884137426900584 0.6400767543859649 0.02448830409356725 0.041118421052631575
1 0.7450657894736842 0.6359649122807017 0.027412280701754384 0.044956140350877194
1 0.7739400584795321 0.6228070175438596 0.029605263157894735 0.042763157894736836
1 0.8050073099415205 0.6291118421052632 0.027412280701754384 0.0400219298245614
1 0.8285818713450291 0.6137609649122807 0.021929824561403508 0.03782894736842105
1 0.8759137426900584 0.622532894736842 0.023026315789473683 0.04769736842105263
1 0.9024122807017544 0.6282894736842105 0.029239766081871343 0.043859649122807015
1 0.9629020467836257 0.6252741228070176 0.027412280701754384 0.044407894736842105
1 0.9921418128654971 0.6000548245614035 0.015716374269005847 0.038925438596491224
1 0.9926900584795321 0.7434210526315789 0.014619883040935672 0.043859649122807015
1 0.97953216374269 0.7272478070175438 0.027777777777777776 0.048793859649122806
1 0.9292763157894737 0.740953947368421 0.027412280701754384 0.03782894736842105
1 0.8748172514619883 0.7146381578947368 0.039108187134502925 0.044407894736842105
1 0.8662280701754386 0.7546600877192982 0.019736842105263157 0.0356359649122807
1 0.8428362573099415 0.7327302631578947 0.016812865497076022 0.018092105263157895
1 0.8135964912280701 0.7371162280701754 0.027777777777777776 0.042214912280701754
1 0.76078216374269 0.7436951754385964 0.0266812865497076 0.022478070175438597
1 0.737390350877193 0.7316337719298245 0.025950292397660817 0.05208333333333333
1 0.6968201754385964 0.734923245614035 0.028143274853801168 0.048793859649122806
1 0.6778143274853801 0.7434210526315789 0.028143274853801168 0.042763157894736836
1 0.6215277777777778 0.737390350877193 0.031067251461988302 0.05701754385964912
1 0.5928362573099415 0.7412280701754386 0.027777777777777776 0.044956140350877194
1 0.5586622807017544 0.7456140350877193 0.03691520467836257 0.049342105263157895
1 0.49031432748538006 0.7502741228070176 0.0398391812865497 0.05317982456140351
1 0.4649122807017544 0.7593201754385964 0.027777777777777776 0.0581140350877193
1 0.4360380116959064 0.768640350877193 0.027777777777777776 0.05921052631578947
1 0.5160818713450293 0.8686951754385964 0.017543859649122806 0.015899122807017545
1 0.5438596491228069 0.8484100877192982 0.025584795321637425 0.03125
1 0.5826023391812866 0.8574561403508771 0.013888888888888888 0.021929824561403508
1 0.5957602339181286 0.8489583333333333 0.01608187134502924 0.021381578947368418
1 0.6518640350877193 0.8580043859649122 0.015716374269005847 0.03289473684210526
1 0.6822002923976608 0.8423793859649122 0.0222953216374269 0.0268640350877193
1 0.6962719298245613 0.8580043859649122 0.013888888888888888 0.025219298245614034
1 0.7353801169590642 0.837719298245614 0.014619883040935672 0.019736842105263157
1 0.7613304093567251 0.862390350877193 0.019736842105263157 0.03179824561403509
1 0.8101242690058479 0.850328947368421 0.023757309941520467 0.03508771929824561
1 0.8792032163742689 0.8818530701754386 0.017178362573099414 0.024671052631578948
1 0.9203216374269005 0.8574561403508771 0.016812865497076022 0.02631578947368421
1 0.9526681286549707 0.8621162280701754 0.01864035087719298 0.03125
1 0.989766081871345 0.834703947368421 0.01608187134502924 0.0268640350877193
1 0.94828216374269 0.9629934210526315 0.017909356725146198 0.021381578947368418
1 0.8817616959064327 0.9709429824561403 0.014985380116959063 0.02850877192982456
1 0.7891081871345029 0.9734100877192982 0.012426900584795321 0.0268640350877193
1 0.7010233918128654 0.9868421052631579 0.014619883040935672 0.021929824561403508
1 0.6644736842105263 0.9734100877192982 0.009502923976608187 0.022478070175438597
1 0.6363304093567251 0.9777960526315789 0.014619883040935672 0.022478070175438597
1 0.5449561403508771 0.9830043859649122 0.023391812865497075 0.03179824561403509
1 0.45559210526315785 0.984923245614035 0.028143274853801168 0.03015350877192982
1 0.41447368421052627 0.9915021929824561 0.035818713450292396 0.016995614035087717
