1 0.015716374269005847 0.28152412280701755 0.02046783625730994 0.03125
1 0.09576023391812866 0.27713815789473684 0.01608187134502924 0.013706140350877192
1 0.12353801169590642 0.2741228070175438 0.023391812865497075 0.029605263157894735
1 0.33114035087719296 0.5581140350877193 0.029239766081871343 0.01864035087719298
1 0.19426169590643275 0.7856359649122806 0.028143274853801168 0.03728070175438596
1 0.13907163742690057 0.8234649122807017 0.02887426900584795 0.02412280701754386
1 0.10014619883040934 0.775219298245614 0.033625730994152045 0.03289473684210526
1 0.38029970760233917 0.9331140350877193 0.025219298245614034 0.027412280701754384
1 0.6758040935672515 0.04906798245614035 0.009502923976608187 0.018092105263157895
1 0.7054093567251462 0.03865131578947368 0.01023391812865497 0.02357456140350877
1 0.9018640350877193 0.035910087719298246 0.01864035087719298 0.0268640350877193
1 0.9351242690058479 0.42434210526315785 0.028143274853801168 0.049342105263157895
1 0.9047880116959064 0.4180372807017544 0.010599415204678362 0.024671052631578948
1 0.8446637426900584 0.41173245614035087 0.041666666666666664 0.07894736842105263
1 0.7788742690058479 0.3977521929824561 0.013157894736842105 0.0268640350877193
1 0.7149122807017544 0.397203947368421 0.04239766081871345 0.03673245614035087
1 0.4722222222222222 0.4114583333333333 0.05043859649122807 0.08607456140350876
1 0.4267178362573099 0.40487938596491224 0.04641812865497076 0.07182017543859649
1 0.41118421052631576 0.544407894736842 0.019736842105263157 0.02850877192982456
1 0.44883040935672514 0.5496162280701754 0.016812865497076022 0.0268640350877193
1 0.51078216374269 0.5512609649122807 0.014985380116959063 0.021381578947368418
1 0.6880482456140351 0.5227521929824561 0.01206140350877193 0.0268640350877193
1 0.9638157894736842 0.6729714912280701 0.049707602339181284 0.06853070175438596
1 0.7222222222222222 0.787828947368421 0.02046783625730994 0.03399122807017543
1 0.8490497076023391 0.9879385964912281 0.027046783625730993 0.02412280701754386
1 0.9917763157894737 0.9920504385964912 0.01644736842105263 0.015899122807017545
