1 0.035270467836257306 0.04029605263157895 0.029605263157894735 0.0356359649122807
1 0.08698830409356725 0.06716008771929824 0.021198830409356724 0.0400219298245614
1 0.033625730994152045 0.12033991228070175 0.021929824561403508 0.03344298245614035
1 0.1387061403508772 0.01644736842105263 0.01864035087719298 0.03070175438596491
1 0.16885964912280702 0.018366228070175437 0.021198830409356724 0.0356359649122807
1 0.23684210526315788 0.011239035087719298 0.02046783625730994 0.020285087719298246
1 0.3262061403508772 0.1225328947368421 0.009868421052631578 0.019188596491228067
1 0.3042763157894737 0.013706140350877192 0.01864035087719298 0.02631578947368421
1 0.34868421052631576 0.03782894736842105 0.011695906432748537 0.039473684210526314
1 0.4755116959064327 0.00932017543859649 0.024853801169590642 0.017543859649122806
1 0.5380116959064327 0.013157894736842105 0.024853801169590642 0.023026315789473683
1 0.5990497076023391 0.00932017543859649 0.01608187134502924 0.017543859649122806
1 0.6840277777777778 0.04029605263157895 0.03399122807017543 0.022478070175438597
1 0.708516081871345 0.03125 0.029605263157894735 0.03399122807017543
1 0.927266081871345 0.0424890350877193 0.056286549707602336 0.08278508771929824
1 0.987390350877193 0.28536184210526316 0.025219298245614034 0.0356359649122807
1 0.844298245614035 0.31880482456140347 0.024853801169590642 0.03015350877192982
1 0.8223684210526315 0.36239035087719296 0.019005847953216373 0.03179824561403509
1 0.7182017543859649 0.39364035087719296 0.029239766081871343 0.03399122807017543
1 0.5688961988304093 0.2543859649122807 0.015716374269005847 0.02412280701754386
1 0.5572002923976608 0.37993421052631576 0.023757309941520467 0.041666666666666664
1 0.5069444444444444 0.2576754385964912 0.016812865497076022 0.01864035087719298
1 0.47368421052631576 0.25027412280701755 0.021198830409356724 0.0268640350877193
1 0.4400584795321637 0.3231907894736842 0.01827485380116959 0.02796052631578947
1 0.35800438596491224 0.2987938596491228 0.01206140350877193 0.025219298245614034
1 0.24616228070175436 0.27247807017543857 0.013523391812865496 0.013157894736842105
1 0.018092105263157895 0.30646929824561403 0.019371345029239765 0.03618421052631579
1 0.028326023391812866 0.4421600877192982 0.03179824561403509 0.044407894736842105
1 0.06195175438596491 0.5183662280701754 0.06542397660818713 0.06085526315789473
1 0.24561403508771928 0.5183662280701754 0.038011695906432746 0.0356359649122807
1 0.36622807017543857 0.5285087719298245 0.013888888888888888 0.021929824561403508
1 0.7222222222222222 0.5361842105263157 0.03216374269005848 0.0625
1 0.9780701754385964 0.5356359649122807 0.03289473684210526 0.03070175438596491
1 0.9864766081871345 0.6359649122807017 0.027046783625730993 0.05153508771929824
1 0.9111842105263157 0.709703947368421 0.027046783625730993 0.048793859649122806
1 0.8223684210526315 0.6740679824561403 0.021929824561403508 0.016995614035087717
1 0.7271564327485379 0.6680372807017544 0.03326023391812866 0.043311403508771926
1 0.7074195906432749 0.6392543859649122 0.06761695906432748 0.08552631578947367
1 0.46673976608187134 0.662828947368421 0.013888888888888888 0.017543859649122806
1 0.42580409356725146 0.6540570175438596 0.014619883040935672 0.01644736842105263
1 0.3326023391812865 0.703125 0.014619883040935672 0.020285087719298246
1 0.17470760233918128 0.674890350877193 0.024853801169590642 0.029605263157894735
1 0.023391812865497075 0.8352521929824561 0.038011695906432746 0.0400219298245614
1 0.14071637426900585 0.8303179824561403 0.01608187134502924 0.02357456140350877
1 0.24269005847953215 0.7859100877192982 0.012426900584795321 0.022478070175438597
1 0.502375730994152 0.8168859649122806 0.013523391812865496 0.017543859649122806
1 0.6611842105263157 0.7900219298245613 0.021929824561403508 0.02850877192982456
1 0.7894736842105263 0.8308662280701754 0.024853801169590642 0.0356359649122807
1 0.9155701754385964 0.8199013157894737 0.03435672514619883 0.043311403508771926
1 0.9839181286549707 0.8037280701754386 0.02631578947368421 0.043859649122807015
1 0.8101242690058479 0.9558662280701754 0.06542397660818713 0.06962719298245613
1 0.7540204678362573 0.9429824561403508 0.0533625730994152 0.0668859649122807
1 0.706140350877193 0.9287280701754386 0.023391812865497075 0.049342105263157895
1 0.6655701754385964 0.9287280701754386 0.02850877192982456 0.038377192982456135
1 0.6133040935672515 0.9287280701754386 0.029970760233918127 0.0625
1 0.5528143274853801 0.9451754385964912 0.0398391812865497 0.03289473684210526
1 0.47953216374269003 0.9539473684210525 0.033625730994152045 0.03399122807017543
1 0.4053362573099415 0.9309210526315789 0.05847953216374269 0.08114035087719298
1 0.364766081871345 0.9336622807017544 0.02046783625730994 0.019736842105263157
1 0.3057383040935672 0.938048245614035 0.05738304093567251 0.06030701754385964
1 0.22423245614035087 0.9358552631578947 0.038377192982456135 0.0581140350877193
1 0.19426169590643275 0.947094298245614 0.04057017543859649 0.06195175438596491
1 0.164656432748538 0.9418859649122806 0.0398391812865497 0.05592105263157894
1 0.10398391812865497 0.9638157894736842 0.049342105263157895 0.0712719298245614
1 0.06597222222222222 0.9555921052631579 0.0398391812865497 0.0756578947368421
1 0.035270467836257306 0.9533991228070174 0.029605263157894735 0.0581140350877193
