1 0.09137426900584794 0.1069078947368421 0.017543859649122806 0.019736842105263157
1 0.1513157894736842 0.11184210526315788 0.033625730994152045 0.02631578947368421
1 0.23428362573099415 0.09320175438596491 0.02046783625730994 0.02850877192982456
1 0.4579678362573099 0.10471491228070175 0.017543859649122806 0.020833333333333332
1 0.5005482456140351 0.12061403508771928 0.03691520467836257 0.043859649122807015
1 0.5864400584795322 0.10773026315789473 0.023757309941520467 0.045504385964912276
1 0.5864400584795322 0.2012061403508772 0.01644736842105263 0.02631578947368421
1 0.49798976608187134 0.21957236842105263 0.02010233918128655 0.021381578947368418
1 0.4292763157894737 0.24122807017543857 0.017909356725146198 0.02631578947368421
1 0.5659722222222222 0.33223684210526316 0.01864035087719298 0.03179824561403509
1 0.3501461988304093 0.3045504385964912 0.02412280701754386 0.021381578947368418
1 0.2876461988304093 0.2231359649122807 0.017543859649122806 0.01864035087719298
1 0.17288011695906433 0.2149122807017544 0.019005847953216373 0.020833333333333332
1 0.14510233918128654 0.2094298245614035 0.027777777777777776 0.020833333333333332
1 0.03508771929824561 0.22121710526315788 0.03654970760233918 0.05098684210526316
1 0.05116959064327485 0.365953947368421 0.02046783625730994 0.03782894736842105
1 0.15387426900584794 0.3530701754385965 0.029239766081871343 0.027412280701754384
1 0.11330409356725146 0.4651864035087719 0.03874269005847953 0.02357456140350877
1 0.17032163742690057 0.4695723684210526 0.023391812865497075 0.016995614035087717
1 0.24853801169590642 0.5627741228070176 0.025584795321637425 0.0268640350877193
1 0.3340643274853801 0.4780701754385965 0.015350877192982455 0.03508771929824561
1 0.33114035087719296 0.5699013157894737 0.019005847953216373 0.024671052631578948
1 0.3028143274853801 0.7146381578947368 0.023026315789473683 0.0268640350877193
1 0.08114035087719298 0.6414473684210525 0.021929824561403508 0.03399122807017543
1 0.0935672514619883 0.7456140350877193 0.02046783625730994 0.02850877192982456
1 0.02010233918128655 0.7461622807017544 0.025584795321637425 0.044956140350877194
1 0.0268640350877193 0.8366228070175438 0.025219298245614034 0.046052631578947366
1 0.22002923976608185 0.8215460526315789 0.02046783625730994 0.0356359649122807
1 0.22807017543859648 0.9583333333333333 0.03070175438596491 0.039473684210526314
1 0.34923245614035087 0.8264802631578947 0.020833333333333332 0.03673245614035087
1 0.4018640350877193 0.7236842105263157 0.0222953216374269 0.029605263157894735
1 0.40332602339181284 0.8665021929824561 0.032529239766081866 0.04769736842105263
1 0.44316520467836257 0.8552631578947368 0.023026315789473683 0.04057017543859649
1 0.5113304093567251 0.6011513157894737 0.02046783625730994 0.046600877192982455
1 0.5913742690058479 0.5940241228070176 0.035818713450292396 0.05317982456140351
1 0.6001461988304093 0.71875 0.02631578947368421 0.05153508771929824
1 0.6089181286549707 0.9265350877192982 0.02266081871345029 0.03618421052631579
