1 0.05427631578947368 0.2774122807017544 0.017909356725146198 0.03618421052631579
1 0.3813961988304093 0.22368421052631576 0.012792397660818713 0.021929824561403508
1 0.49762426900584794 0.20586622807017543 0.020833333333333332 0.0268640350877193
1 0.46527777777777773 0.26809210526315785 0.01608187134502924 0.021929824561403508
1 0.5323464912280701 0.20285087719298245 0.013523391812865496 0.01644736842105263
1 0.5902777777777778 0.20339912280701752 0.013157894736842105 0.021929824561403508
1 0.6498538011695906 0.24205043859649122 0.015350877192982455 0.044407894736842105
1 0.7410453216374269 0.34429824561403505 0.03326023391812866 0.03618421052631579
1 0.5796783625730993 0.3308662280701754 0.021929824561403508 0.03125
1 0.8697002923976608 0.23547149122807015 0.023757309941520467 0.02357456140350877
1 0.8501461988304093 0.31304824561403505 0.019736842105263157 0.025219298245614034
1 0.7490862573099415 0.46875 0.031067251461988302 0.05482456140350877
1 0.9402412280701754 0.6567982456140351 0.02448830409356725 0.0625
1 0.8472222222222222 0.6296600877192982 0.02412280701754386 0.0268640350877193
1 0.7280701754385964 0.6203399122807017 0.05116959064327485 0.07510964912280702
1 0.752375730994152 0.6206140350877193 0.04057017543859649 0.08662280701754385
1 0.39071637426900585 0.4553179824561403 0.014619883040935672 0.02576754385964912
1 0.5201023391812866 0.596765350877193 0.012426900584795321 0.014802631578947368
1 0.35891812865497075 0.6326754385964912 0.013888888888888888 0.03289473684210526
1 0.4502923976608187 0.6071820175438596 0.013157894736842105 0.018092105263157895
1 0.05756578947368421 0.3862390350877193 0.03618421052631579 0.04769736842105263
1 0.055190058479532164 0.46929824561403505 0.059941520467836254 0.0537280701754386
1 0.09320175438596491 0.46408991228070173 0.06944444444444445 0.06304824561403509
1 0.2715643274853801 0.4621710526315789 0.0402046783625731 0.04057017543859649
1 0.2134502923976608 0.6425438596491228 0.02850877192982456 0.03289473684210526
1 0.939875730994152 0.7746710526315789 0.039108187134502925 0.044956140350877194
1 0.8393640350877193 0.9139254385964912 0.0537280701754386 0.0712719298245614
1 0.8145102339181286 0.8993969298245613 0.028143274853801168 0.06195175438596491
1 0.7803362573099415 0.8887061403508771 0.05263157894736842 0.0712719298245614
1 0.7342836257309941 0.8900767543859649 0.023391812865497075 0.05098684210526316
1 0.6957236842105263 0.9040570175438596 0.020833333333333332 0.04714912280701754
1 0.6913377192982456 0.7724780701754386 0.01644736842105263 0.03618421052631579
1 0.6394371345029239 0.8478618421052632 0.03618421052631579 0.0805921052631579
1 0.5782163742690059 0.897203947368421 0.029970760233918127 0.02576754385964912
1 0.5791301169590642 0.8656798245614035 0.04714912280701754 0.042763157894736836
1 0.5096856725146198 0.8925438596491228 0.029605263157894735 0.03728070175438596
1 0.43165204678362573 0.8837719298245613 0.05921052631578947 0.08662280701754385
1 0.39455409356725146 0.8760964912280701 0.017909356725146198 0.03399122807017543
1 0.3534356725146199 0.890625 0.02631578947368421 0.0356359649122807
1 0.32839912280701755 0.8752741228070174 0.044956140350877194 0.06304824561403509
1 0.27247807017543857 0.7483552631578947 0.013523391812865496 0.01864035087719298
1 0.2138157894736842 0.794407894736842 0.011695906432748537 0.03618421052631579
1 0.1699561403508772 0.78125 0.01827485380116959 0.03399122807017543
1 0.5111476608187134 0.9906798245614035 0.04349415204678363 0.01864035087719298
1 0.2538377192982456 0.8708881578947368 0.03691520467836257 0.06853070175438596
1 0.22953216374269003 0.8892543859649122 0.03508771929824561 0.07675438596491227
1 0.19682017543859648 0.8914473684210525 0.03618421052631579 0.06140350877192982
1 0.06195175438596491 0.7990679824561403 0.04349415204678363 0.048793859649122806
1 0.06633771929824561 0.8681469298245613 0.023026315789473683 0.06085526315789473
1 0.09758771929824561 0.897203947368421 0.039473684210526314 0.08388157894736842
1 0.13285818713450293 0.8996710526315789 0.04568713450292397 0.0625
