1 0.022478070175438597 0.022478070175438597 0.03179824561403509 0.02850877192982456
1 0.08589181286549707 0.11156798245614034 0.016812865497076022 0.015899122807017545
1 0.1822002923976608 0.1025219298245614 0.0398391812865497 0.03399122807017543
1 0.23684210526315788 0.08717105263157894 0.015350877192982455 0.019736842105263157
1 0.34576023391812866 0.09210526315789473 0.015350877192982455 0.009868421052631578
1 0.396016081871345 0.08963815789473684 0.012792397660818713 0.013706140350877192
1 0.4325657894736842 0.06743421052631579 0.01425438596491228 0.021929824561403508
1 0.4941520467836257 0.10279605263157894 0.013157894736842105 0.015899122807017545
1 0.41447368421052627 0.2900219298245614 0.03874269005847953 0.021929824561403508
1 0.3475877192982456 0.2730263157894737 0.023391812865497075 0.043859649122807015
1 0.22076023391812866 0.28618421052631576 0.031432748538011694 0.044956140350877194
1 0.1288377192982456 0.3042763157894737 0.025950292397660817 0.03070175438596491
1 0.012244152046783625 0.4174890350877193 0.0222953216374269 0.044407894736842105
1 0.2231359649122807 0.4046052631578947 0.059576023391812866 0.05263157894736842
1 0.2982456140350877 0.4004934210526316 0.012426900584795321 0.014802631578947368
1 0.35891812865497075 0.4065241228070175 0.021929824561403508 0.05317982456140351
1 0.5025584795321637 0.4917763157894737 0.019736842105263157 0.03508771929824561
1 0.40625 0.48410087719298245 0.017909356725146198 0.03289473684210526
1 0.37262426900584794 0.5019188596491228 0.025950292397660817 0.02796052631578947
1 0.346125730994152 0.5002741228070176 0.02046783625730994 0.05317982456140351
1 0.262609649122807 0.49533991228070173 0.03179824561403509 0.02796052631578947
1 0.20650584795321636 0.4994517543859649 0.025584795321637425 0.03399122807017543
1 0.15679824561403508 0.4964364035087719 0.02412280701754386 0.03453947368421052
1 0.10361842105263157 0.49616228070175433 0.023026315789473683 0.039473684210526314
1 0.07913011695906433 0.4931469298245614 0.0222953216374269 0.02905701754385965
1 0.059576023391812866 0.4917763157894737 0.02850877192982456 0.038377192982456135
1 0.023940058479532164 0.49616228070175433 0.025950292397660817 0.02631578947368421
1 0.09484649122807016 0.6499451754385964 0.019371345029239765 0.0268640350877193
1 0.13432017543859648 0.6477521929824561 0.0266812865497076 0.03125
1 0.2269736842105263 0.6403508771929824 0.017543859649122806 0.021929824561403508
1 0.26864035087719296 0.6387061403508771 0.021198830409356724 0.03179824561403509
1 0.4722222222222222 0.650219298245614 0.023391812865497075 0.02631578947368421
1 0.5063961988304093 0.6458333333333333 0.01425438596491228 0.03728070175438596
1 0.41118421052631576 0.7494517543859649 0.021198830409356724 0.03399122807017543
1 0.15387426900584794 0.7190241228070176 0.01608187134502924 0.015899122807017545
1 0.05226608187134503 0.7524671052631579 0.014619883040935672 0.03125
1 0.01425438596491228 0.7524671052631579 0.027046783625730993 0.044407894736842105
1 0.19682017543859648 0.8399122807017544 0.01206140350877193 0.029605263157894735
1 0.2671783625730994 0.7584978070175438 0.014619883040935672 0.0400219298245614
1 0.3399122807017544 0.8330592105263157 0.013157894736842105 0.02905701754385965
1 0.38633040935672514 0.8133223684210525 0.013888888888888888 0.019188596491228067
1 0.43512426900584794 0.8245614035087718 0.010599415204678362 0.02412280701754386
1 0.813048245614035 0.08525219298245613 0.01206140350877193 0.018092105263157895
1 0.896016081871345 0.0756578947368421 0.01864035087719298 0.021929824561403508
1 0.9614400584795321 0.08552631578947367 0.01206140350877193 0.021929824561403508
1 0.9532163742690059 0.20531798245614033 0.021198830409356724 0.042214912280701754
1 0.938048245614035 0.19709429824561403 0.009868421052631578 0.018092105263157895
1 0.8574561403508771 0.19270833333333331 0.014619883040935672 0.022478070175438597
1 0.8086622807017544 0.18311403508771928 0.01206140350877193 0.021929824561403508
1 0.9214181286549707 0.19490131578947367 0.010964912280701754 0.018092105263157895
1 0.8930921052631579 0.18475877192982454 0.013523391812865496 0.01644736842105263
1 0.7251461988304093 0.18996710526315788 0.012426900584795321 0.020285087719298246
1 0.6542397660818713 0.19873903508771928 0.01023391812865497 0.020285087719298246
1 0.7344663742690059 0.07593201754385964 0.014985380116959063 0.0268640350877193
1 0.6065423976608186 0.375 0.042763157894736836 0.05592105263157894
1 0.6445540935672515 0.4139254385964912 0.038377192982456135 0.06578947368421052
1 0.6734283625730993 0.4194078947368421 0.032529239766081866 0.03179824561403509
1 0.6968201754385964 0.3042763157894737 0.03179824561403509 0.04057017543859649
1 0.6416301169590642 0.3144188596491228 0.013523391812865496 0.02796052631578947
1 0.6851242690058479 0.37362938596491224 0.02887426900584795 0.03453947368421052
1 0.7412280701754386 0.36156798245614036 0.014619883040935672 0.024671052631578948
1 0.7788742690058479 0.33114035087719296 0.02046783625730994 0.03399122807017543
1 0.8198099415204678 0.3100328947368421 0.010964912280701754 0.014802631578947368
1 0.88578216374269 0.3212719298245614 0.011330409356725146 0.023026315789473683
1 0.9097222222222222 0.303453947368421 0.009502923976608187 0.0268640350877193
1 0.9756944444444444 0.33442982456140347 0.01644736842105263 0.023026315789473683
1 0.988486842105263 0.40871710526315785 0.023026315789473683 0.046600877192982455
1 0.9258040935672515 0.4339364035087719 0.027046783625730993 0.043311403508771926
1 0.9526681286549707 0.4180372807017544 0.01206140350877193 0.042214912280701754
1 0.8726242690058479 0.40405701754385964 0.029605263157894735 0.041666666666666664
1 0.8486842105263157 0.41968201754385964 0.03654970760233918 0.05208333333333333
1 0.8369883040935672 0.37609649122807015 0.01608187134502924 0.044956140350877194
1 0.8265716374269005 0.40405701754385964 0.038377192982456135 0.03618421052631579
1 0.7905701754385964 0.41310307017543857 0.03289473684210526 0.05208333333333333
1 0.6001461988304093 0.5520833333333333 0.03435672514619883 0.03289473684210526
1 0.6602704678362573 0.5361842105263157 0.03326023391812866 0.04714912280701754
1 0.7149122807017544 0.556469298245614 0.007309941520467836 0.02412280701754386
1 0.783625730994152 0.5375548245614035 0.01608187134502924 0.03015350877192982
1 0.8706140350877193 0.5243969298245613 0.019005847953216373 0.0268640350877193
1 0.9161184210526315 0.4956140350877193 0.009137426900584795 0.020833333333333332
1 0.9652777777777777 0.5197368421052632 0.014619883040935672 0.02631578947368421
1 0.9756944444444444 0.7280701754385964 0.04568713450292397 0.0712719298245614
1 0.8987573099415204 0.7256030701754386 0.033625730994152045 0.05098684210526316
1 0.8930921052631579 0.6968201754385964 0.010599415204678362 0.023026315789473683
1 0.8267543859649122 0.6833881578947368 0.016812865497076022 0.022478070175438597
1 0.8633040935672515 0.7584978070175438 0.03728070175438596 0.04769736842105263
1 0.8413742690058479 0.7508223684210525 0.024853801169590642 0.038925438596491224
1 0.8159722222222222 0.7406798245614035 0.03691520467836257 0.05592105263157894
1 0.7832602339181286 0.6877741228070176 0.015350877192982455 0.0268640350877193
1 0.9071637426900584 0.6650219298245613 0.009502923976608187 0.019736842105263157
1 0.7401315789473684 0.6896929824561403 0.01608187134502924 0.02631578947368421
1 0.7549342105263157 0.7593201754385964 0.02887426900584795 0.03179824561403509
1 0.7909356725146198 0.7286184210526315 0.011695906432748537 0.02412280701754386
1 0.6504020467836257 0.6921600877192982 0.014985380116959063 0.0268640350877193
1 0.6288377192982456 0.7075109649122807 0.017909356725146198 0.02905701754385965
1 0.59375 0.6921600877192982 0.01644736842105263 0.022478070175438597
1 0.625 0.7502741228070176 0.038011695906432746 0.048793859649122806
1 0.7119883040935672 0.7664473684210525 0.027777777777777776 0.03728070175438596
1 0.9824561403508771 0.8327850877192982 0.012426900584795321 0.029605263157894735
1 0.9468201754385964 0.8980263157894737 0.04568713450292397 0.06578947368421052
1 0.9111842105263157 0.8752741228070174 0.016812865497076022 0.0268640350877193
1 0.6392543859649122 0.8283991228070176 0.02266081871345029 0.03179824561403509
1 0.6703216374269005 0.8174342105263157 0.017543859649122806 0.03179824561403509
1 0.7280701754385964 0.8262061403508771 0.014619883040935672 0.02631578947368421
1 0.6133040935672515 0.9646381578947368 0.013157894736842105 0.0356359649122807
1 0.646016081871345 0.938048245614035 0.02010233918128655 0.03179824561403509
1 0.6582602339181286 0.987390350877193 0.021929824561403508 0.025219298245614034
1 0.8046418128654971 0.966282894736842 0.027412280701754384 0.03234649122807017
