1 0.4853801169590643 0.11567982456140351 0.03435672514619883 0.07236842105263158
1 0.24323830409356723 0.35910087719298245 0.05007309941520467 0.09758771929824561
1 0.022478070175438597 0.7442434210526315 0.029605263157894735 0.05756578947368421
1 0.0884502923976608 0.7719298245614035 0.0402046783625731 0.04824561403508772
1 0.19426169590643275 0.7796052631578947 0.017178362573099414 0.04057017543859649
1 0.20175438596491227 0.7294407894736842 0.056286549707602336 0.05975877192982456
1 0.3252923976608187 0.7683662280701754 0.03216374269005848 0.05317982456140351
1 0.37554824561403505 0.7160087719298245 0.035453216374269 0.04714912280701754
1 0.4047880116959064 0.7368421052631579 0.03033625730994152 0.049342105263157895
1 0.45321637426900585 0.71875 0.03654970760233918 0.07236842105263158
1 0.4926900584795321 0.7458881578947368 0.039473684210526314 0.05866228070175438
1 0.7626096491228069 0.07319078947368421 0.04130116959064327 0.06085526315789473
1 0.7958698830409356 0.0762061403508772 0.0625 0.07785087719298245
1 0.7286184210526315 0.203125 0.03326023391812866 0.045504385964912276
1 0.8877923976608186 0.23684210526315788 0.023391812865497075 0.03070175438596491
1 0.7441520467836257 0.21984649122807015 0.016812865497076022 0.02412280701754386
1 0.9828216374269005 0.2149122807017544 0.016812865497076022 0.021929824561403508
1 0.924890350877193 0.45997807017543857 0.06761695906432748 0.06469298245614034
1 0.9864766081871345 0.4525767543859649 0.027046783625730993 0.044407894736842105
1 0.8901681286549707 0.5049342105263157 0.023026315789473683 0.03179824561403509
1 0.783625730994152 0.8908991228070174 0.05116959064327485 0.09429824561403508
1 0.9413377192982456 0.8730811403508771 0.05007309941520467 0.05098684210526316
1 0.9740497076023391 0.9947916666666666 0.038011695906432746 0.010416666666666666
