1 0.06524122807017543 0.06332236842105263 0.03764619883040936 0.043311403508771926
1 0.1074561403508772 0.0625 0.03874269005847953 0.07017543859649122
1 0.14985380116959063 0.08031798245614034 0.027046783625730993 0.03782894736842105
1 0.19389619883040934 0.07319078947368421 0.039108187134502925 0.05427631578947368
1 0.2324561403508772 0.08552631578947367 0.03216374269005848 0.05263157894736842
1 0.28326023391812866 0.07922149122807016 0.025584795321637425 0.05098684210526316
1 0.39455409356725146 0.20778508771929824 0.009137426900584795 0.02412280701754386
1 0.16264619883040934 0.21600877192982454 0.009502923976608187 0.019736842105263157
1 0.09722222222222221 0.45093201754385964 0.03070175438596491 0.043311403508771926
1 0.12061403508771928 0.4331140350877193 0.023391812865497075 0.03618421052631579
1 0.15387426900584794 0.4695723684210526 0.02631578947368421 0.0356359649122807
1 0.20614035087719296 0.48300438596491224 0.023391812865497075 0.041666666666666664
1 0.2627923976608187 0.4734100877192982 0.027046783625730993 0.042214912280701754
1 0.3046418128654971 0.31359649122807015 0.05007309941520467 0.06359649122807018
1 0.3194444444444444 0.4780701754385965 0.025584795321637425 0.04057017543859649
1 0.42872807017543857 0.49725877192982454 0.019005847953216373 0.04714912280701754
1 0.47697368421052627 0.4605263157894737 0.02046783625730994 0.039473684210526314
1 0.5321637426900585 0.20394736842105263 0.017543859649122806 0.019736842105263157
1 0.4947002923976608 0.19654605263157893 0.014985380116959063 0.014802631578947368
1 0.5625 0.3218201754385965 0.04824561403508772 0.0537280701754386
1 0.5215643274853801 0.412828947368421 0.019005847953216373 0.02631578947368421
1 0.5557383040935672 0.44051535087719296 0.02887426900584795 0.0356359649122807
1 0.47953216374269003 0.5561951754385964 0.00804093567251462 0.024671052631578948
1 0.32419590643274854 0.5745614035087719 0.016812865497076022 0.017543859649122806
1 0.18841374269005848 0.6847587719298245 0.03691520467836257 0.05263157894736842
1 0.16154970760233917 0.7025767543859649 0.03070175438596491 0.05537280701754386
1 0.05281432748538011 0.6614583333333333 0.03326023391812866 0.06304824561403509
1 0.017909356725146198 0.6885964912280701 0.014619883040935672 0.05921052631578947
1 0.04258040935672514 0.8171600877192982 0.019371345029239765 0.03125
1 0.07035818713450293 0.7996162280701754 0.019371345029239765 0.0356359649122807
1 0.11330409356725146 0.790844298245614 0.024853801169590642 0.05098684210526316
1 0.13760964912280702 0.9161184210526315 0.0398391812865497 0.046052631578947366
1 0.18841374269005848 0.897203947368421 0.025219298245614034 0.05646929824561403
1 0.14400584795321636 0.8415570175438596 0.01608187134502924 0.049342105263157895
1 0.22076023391812866 0.8769188596491228 0.027046783625730993 0.038925438596491224
1 0.24652777777777776 0.8634868421052632 0.03618421052631579 0.03289473684210526
1 0.22989766081871343 0.8075657894736842 0.024853801169590642 0.039473684210526314
1 0.24122807017543857 0.7900219298245613 0.024853801169590642 0.03179824561403509
1 0.28654970760233917 0.7724780701754386 0.016812865497076022 0.029605263157894735
1 0.30665204678362573 0.8053728070175438 0.013888888888888888 0.03618421052631579
1 0.3428362573099415 0.8813048245614035 0.041666666666666664 0.04769736842105263
1 0.3534356725146199 0.7815241228070176 0.019005847953216373 0.0400219298245614
1 0.4024122807017544 0.8045504385964912 0.029970760233918127 0.03234649122807017
1 0.43439327485380114 0.856907894736842 0.04203216374269006 0.049342105263157895
1 0.47368421052631576 0.8645833333333333 0.03435672514619883 0.05921052631578947
1 0.4400584795321637 0.8171600877192982 0.02412280701754386 0.044407894736842105
1 0.4751461988304093 0.7930372807017544 0.027777777777777776 0.03344298245614035
1 0.5056652046783625 0.8001644736842105 0.03179824561403509 0.04769736842105263
1 0.5542763157894737 0.7963267543859649 0.025950292397660817 0.041118421052631575
1 0.5317982456140351 0.8511513157894737 0.011695906432748537 0.03782894736842105
1 0.8983918128654971 0.049342105263157895 0.03508771929824561 0.017543859649122806
1 0.7266081871345029 0.05756578947368421 0.03216374269005848 0.013157894736842105
1 0.6465643274853801 0.05537280701754386 0.023391812865497075 0.01425438596491228
1 0.6880482456140351 0.07209429824561403 0.0222953216374269 0.016995614035087717
1 0.7847222222222222 0.0556469298245614 0.025584795321637425 0.018092105263157895
1 0.5537280701754386 0.07456140350877193 0.039473684210526314 0.06798245614035087
1 0.6244517543859649 0.17653508771929824 0.01206140350877193 0.02412280701754386
1 0.6641081871345029 0.17653508771929824 0.01827485380116959 0.027412280701754384
1 0.7196637426900584 0.18119517543859648 0.027046783625730993 0.022478070175438597
1 0.7788742690058479 0.1836622807017544 0.03070175438596491 0.03728070175438596
1 0.8057383040935672 0.13349780701754385 0.02448830409356725 0.012609649122807017
1 0.846125730994152 0.171875 0.02631578947368421 0.041118421052631575
1 0.9184941520467835 0.15186403508771928 0.024853801169590642 0.02412280701754386
1 0.9550438596491228 0.14775219298245612 0.031432748538011694 0.02905701754385965
1 0.9599780701754386 0.26425438596491224 0.029605263157894735 0.043859649122807015
1 0.9287280701754386 0.27713815789473684 0.035818713450292396 0.0356359649122807
1 0.8965643274853801 0.23656798245614033 0.03435672514619883 0.043311403508771926
1 0.8369883040935672 0.2730263157894737 0.012426900584795321 0.017543859649122806
1 0.7821637426900584 0.28152412280701755 0.035818713450292396 0.0400219298245614
1 0.6690423976608186 0.2650767543859649 0.029605263157894735 0.04989035087719298
1 0.63578216374269 0.2584978070175438 0.0222953216374269 0.045504385964912276
1 0.6509502923976608 0.42160087719298245 0.03654970760233918 0.07236842105263158
1 0.7403143274853801 0.40405701754385964 0.042763157894736836 0.06030701754385964
1 0.94828216374269 0.428453947368421 0.049342105263157895 0.06195175438596491
1 0.9864766081871345 0.4213267543859649 0.027046783625730993 0.06524122807017543
1 0.975328947368421 0.515625 0.049342105263157895 0.05646929824561403
1 0.9133771929824561 0.5208333333333333 0.043859649122807015 0.038377192982456135
1 0.844298245614035 0.5002741228070176 0.035818713450292396 0.048793859649122806
1 0.8104897660818713 0.5128837719298245 0.058845029239766075 0.06195175438596491
1 0.7578581871345029 0.5202850877192983 0.04130116959064327 0.08771929824561403
1 0.6557017543859649 0.49122807017543857 0.025584795321637425 0.03070175438596491
1 0.627375730994152 0.662828947368421 0.015716374269005847 0.020833333333333332
1 0.5500730994152047 0.6724232456140351 0.014619883040935672 0.02905701754385965
1 0.6600877192982456 0.6518640350877193 0.027777777777777776 0.03070175438596491
1 0.7368421052631579 0.7327302631578947 0.02046783625730994 0.013706140350877192
1 0.6728801169590642 0.7763157894736842 0.011695906432748537 0.01864035087719298
1 0.938048245614035 0.6806469298245613 0.023757309941520467 0.042214912280701754
1 0.9766081871345029 0.7494517543859649 0.025584795321637425 0.015350877192982455
1 0.9879385964912281 0.8900767543859649 0.02412280701754386 0.0356359649122807
1 0.9512061403508771 0.909265350877193 0.03033625730994152 0.03125
1 0.8877923976608186 0.921875 0.02266081871345029 0.043311403508771926
1 0.8384502923976608 0.9043311403508771 0.023391812865497075 0.024671052631578948
1 0.8061038011695906 0.9459978070175438 0.031067251461988302 0.041118421052631575
1 0.7470760233918128 0.9180372807017544 0.024853801169590642 0.0400219298245614
1 0.69828216374269 0.9399671052631579 0.0222953216374269 0.044407894736842105
1 0.6763523391812866 0.9111842105263157 0.038377192982456135 0.0625
1 0.5484283625730993 0.5737390350877193 0.009868421052631578 0.018092105263157895
