1 0.11330409356725146 0.40926535087719296 0.03289473684210526 0.03125
1 0.15679824561403508 0.3991228070175438 0.027046783625730993 0.042763157894736836
1 0.012792397660818713 0.39747807017543857 0.023391812865497075 0.03070175438596491
1 0.03618421052631579 0.49396929824561403 0.02412280701754386 0.021929824561403508
1 0.10160818713450293 0.49780701754385964 0.01827485380116959 0.01644736842105263
1 0.271016081871345 0.5002741228070176 0.023757309941520467 0.0356359649122807
1 0.18951023391812866 0.694078947368421 0.03691520467836257 0.021929824561403508
1 0.04093567251461988 0.7286184210526315 0.02412280701754386 0.029605263157894735
1 0.31341374269005845 0.07894736842105263 0.01864035087719298 0.01864035087719298
1 0.42050438596491224 0.013980263157894735 0.0266812865497076 0.02576754385964912
1 0.4579678362573099 0.06277412280701754 0.013157894736842105 0.018092105263157895
1 0.3994883040935672 0.0693530701754386 0.019005847953216373 0.024671052631578948
1 0.7026681286549707 0.058936403508771926 0.009137426900584795 0.008223684210526315
1 0.6533260233918128 0.04961622807017543 0.0062134502923976605 0.020285087719298246
1 0.8669590643274854 0.01425438596491228 0.014619883040935672 0.027412280701754384
1 0.8344298245614035 0.1581688596491228 0.00804093567251462 0.020285087719298246
1 0.7549342105263157 0.15625 0.009868421052631578 0.021929824561403508
1 0.7313596491228069 0.15734649122807018 0.00804093567251462 0.01644736842105263
1 0.679093567251462 0.16748903508771928 0.00804093567251462 0.016995614035087717
1 0.6454678362573099 0.171875 0.00804093567251462 0.020285087719298246
1 0.5365497076023391 0.17955043859649122 0.008771929824561403 0.010416666666666666
1 0.4541301169590643 0.18585526315789472 0.01206140350877193 0.01425438596491228
1 0.3784722222222222 0.18338815789473684 0.014985380116959063 0.022478070175438597
1 0.29203216374269003 0.3067434210526316 0.029970760233918127 0.042214912280701754
1 0.3221856725146199 0.2944078947368421 0.0266812865497076 0.03728070175438596
1 0.35964912280701755 0.29797149122807015 0.024853801169590642 0.03673245614035087
1 0.42178362573099415 0.30098684210526316 0.019005847953216373 0.03070175438596491
1 0.4506578947368421 0.29468201754385964 0.025584795321637425 0.0356359649122807
1 0.48739035087719296 0.2944078947368421 0.02448830409356725 0.03728070175438596
1 0.521016081871345 0.29221491228070173 0.017178362573099414 0.01864035087719298
1 0.5442251461988303 0.2900219298245614 0.023391812865497075 0.038377192982456135
1 0.5703581871345029 0.2820723684210526 0.0266812865497076 0.038925438596491224
1 0.6083698830409356 0.28755482456140347 0.0398391812865497 0.043311403508771926
1 0.6615497076023391 0.2902960526315789 0.025584795321637425 0.0400219298245614
1 0.7255116959064327 0.2787828947368421 0.029239766081871343 0.044407894736842105
1 0.7938596491228069 0.2768640350877193 0.03070175438596491 0.0581140350877193
1 0.8294956140350876 0.28097587719298245 0.04130116959064327 0.041118421052631575
1 0.862390350877193 0.2730263157894737 0.0266812865497076 0.04057017543859649
1 0.8921783625730993 0.26809210526315785 0.02046783625730994 0.049342105263157895
1 0.7167397660818713 0.48218201754385964 0.011695906432748537 0.0268640350877193
1 0.4956140350877193 0.48245614035087714 0.01608187134502924 0.013157894736842105
1 0.37993421052631576 0.4956140350877193 0.010599415204678362 0.019736842105263157
1 0.3559941520467836 0.5049342105263157 0.013888888888888888 0.017543859649122806
1 0.6348684210526315 0.4728618421052631 0.013157894736842105 0.016995614035087717
1 0.7657163742690059 0.47368421052631576 0.014619883040935672 0.021929824561403508
1 0.7447002923976608 0.5959429824561403 0.015716374269005847 0.025219298245614034
1 0.6145833333333333 0.6091008771929824 0.02887426900584795 0.03399122807017543
1 0.29203216374269003 0.7072368421052632 0.024853801169590642 0.03289473684210526
1 0.32309941520467833 0.6973684210526315 0.017543859649122806 0.02631578947368421
1 0.3676900584795321 0.6921600877192982 0.015350877192982455 0.018092105263157895
1 0.3784722222222222 0.7039473684210525 0.017909356725146198 0.043859649122807015
1 0.42141812865497075 0.7012061403508771 0.012426900584795321 0.03399122807017543
1 0.450109649122807 0.7009320175438596 0.025950292397660817 0.03344298245614035
1 0.48830409356725146 0.7102521929824561 0.013157894736842105 0.0268640350877193
1 0.5157163742690059 0.694078947368421 0.019736842105263157 0.019736842105263157
1 0.5679824561403508 0.6981907894736842 0.021198830409356724 0.038925438596491224
1 0.6030701754385964 0.6899671052631579 0.013888888888888888 0.020285087719298246
1 0.6988304093567251 0.6973684210526315 0.019736842105263157 0.03070175438596491
1 0.66703216374269 0.6987390350877193 0.01608187134502924 0.019188596491228067
1 0.7627923976608186 0.6853070175438596 0.01608187134502924 0.03289473684210526
1 0.8252923976608186 0.6924342105263157 0.019736842105263157 0.041666666666666664
1 0.8686038011695906 0.6853070175438596 0.03033625730994152 0.02412280701754386
1 0.9729532163742689 0.444078947368421 0.029239766081871343 0.02412280701754386
1 0.8653143274853801 0.8009868421052632 0.017909356725146198 0.01644736842105263
1 0.7640716374269005 0.8078399122807017 0.039108187134502925 0.06524122807017543
1 0.7192982456140351 0.828125 0.016812865497076022 0.03344298245614035
1 0.66703216374269 0.7949561403508771 0.014619883040935672 0.013157894736842105
1 0.6480263157894737 0.8188048245614035 0.012426900584795321 0.022478070175438597
1 0.6138523391812866 0.7864583333333333 0.017909356725146198 0.021381578947368418
1 0.45321637426900585 0.8168859649122806 0.014619883040935672 0.017543859649122806
1 0.31012426900584794 0.8215460526315789 0.031067251461988302 0.0356359649122807
1 0.39071637426900585 0.9106359649122806 0.01023391812865497 0.017543859649122806
1 0.4947002923976608 0.9161184210526315 0.023757309941520467 0.02412280701754386
1 0.5615862573099415 0.894736842105263 0.019371345029239765 0.019736842105263157
1 0.597953216374269 0.9013157894736842 0.007309941520467836 0.01425438596491228
1 0.7754020467836257 0.8887061403508771 0.014985380116959063 0.02631578947368421
1 0.8638523391812865 0.8939144736842105 0.025950292397660817 0.038925438596491224
1 0.48830409356725146 0.9895833333333333 0.019005847953216373 0.020833333333333332
1 0.9678362573099415 0.0644188596491228 0.023391812865497075 0.04769736842105263
1 0.9945175438596491 0.05345394736842105 0.010964912280701754 0.043311403508771926
1 0.9886695906432748 0.3626644736842105 0.02266081871345029 0.05866228070175438
1 0.9930555555555555 0.6611842105263157 0.013888888888888888 0.03618421052631579
1 0.9901315789473684 0.790844298245614 0.005847953216374269 0.015899122807017545
1 0.9713084795321637 0.8804824561403508 0.027412280701754384 0.029605263157894735
1 0.988486842105263 0.875 0.023026315789473683 0.019736842105263157
1 0.9619883040935672 0.9777960526315789 0.01023391812865497 0.018092105263157895
