1 0.06505847953216373 0.1006030701754386 0.027777777777777776 0.0400219298245614
1 0.17470760233918128 0.06880482456140351 0.02046783625730994 0.03234649122807017
1 0.2666301169590643 0.10718201754385964 0.013523391812865496 0.02357456140350877
1 0.3638523391812865 0.021107456140350877 0.03179824561403509 0.0400219298245614
1 0.39364035087719296 0.10142543859649122 0.021929824561403508 0.042763157894736836
1 0.35197368421052627 0.10471491228070175 0.011695906432748537 0.023026315789473683
1 0.43951023391812866 0.08881578947368421 0.02448830409356725 0.041666666666666664
1 0.5009137426900585 0.10279605263157894 0.04130116959064327 0.06195175438596491
1 0.07364766081871345 0.5671600877192983 0.038377192982456135 0.06414473684210525
1 0.11385233918128654 0.546875 0.02448830409356725 0.03782894736842105
1 0.01425438596491228 0.7080592105263157 0.027777777777777776 0.02905701754385965
1 0.14309210526315788 0.6762609649122807 0.04057017543859649 0.05756578947368421
1 0.16885964912280702 0.7017543859649122 0.03216374269005848 0.029605263157894735
1 0.23446637426900582 0.6699561403508771 0.029605263157894735 0.044956140350877194
1 0.2739400584795321 0.6992872807017544 0.03179824561403509 0.048793859649122806
1 0.3159722222222222 0.7146381578947368 0.029605263157894735 0.044407894736842105
1 0.04203216374269006 0.8061951754385964 0.02412280701754386 0.0268640350877193
1 0.07182017543859649 1 0.04641812865497076 0.0893640350877193
1 0.12353801169590642 0.9599780701754386 0.02631578947368421 0.0537280701754386
1 0.6182383040935672 1 0.0625 0.07839912280701754
1 0.6176900584795322 0.8996710526315789 0.03070175438596491 0.029605263157894735
1 0.20010964912280702 0.940515350877193 0.04641812865497076 0.06853070175438596
1 0.26425438596491224 0.912828947368421 0.046052631578947366 0.0712719298245614
1 0.3399122807017544 0.9325657894736842 0.05043859649122807 0.07456140350877193
1 0.396016081871345 0.9180372807017544 0.05738304093567251 0.08607456140350876
1 0.4614400584795321 0.9512061403508771 0.05007309941520467 0.0668859649122807
1 0.4888523391812865 0.8930921052631579 0.04788011695906433 0.0712719298245614
1 0.4502923976608187 0.8580043859649122 0.03216374269005848 0.06140350877192982
1 0.3887061403508772 0.8193530701754386 0.027412280701754384 0.0400219298245614
1 0.21235380116959063 0.7946820175438596 0.02850877192982456 0.042214912280701754
1 0.3115862573099415 0.7900219298245613 0.02010233918128655 0.03618421052631579
1 0.20358187134502922 0.5537280701754386 0.024853801169590642 0.038377192982456135
1 0.24177631578947367 0.5597587719298245 0.02448830409356725 0.03289473684210526
1 0.3879751461988304 0.5449561403508771 0.034722222222222224 0.04057017543859649
1 0.46984649122807015 0.7014802631578947 0.0266812865497076 0.04989035087719298
1 0.6352339181286549 0.5307017543859649 0.01827485380116959 0.03070175438596491
1 0.7476242690058479 0.5753837719298245 0.020833333333333332 0.0400219298245614
1 0.6567982456140351 0.700657894736842 0.021929824561403508 0.03289473684210526
1 0.7313596491228069 0.6981907894736842 0.01608187134502924 0.02576754385964912
1 0.7850877192982456 0.6875 0.015350877192982455 0.020833333333333332
1 0.7768640350877193 0.7976973684210525 0.025950292397660817 0.044956140350877194
1 0.6953581871345029 0.9018640350877193 0.023757309941520467 0.03289473684210526
1 0.6527777777777778 0.8950109649122806 0.013157894736842105 0.03125
1 0.7563961988304093 0.8744517543859649 0.020833333333333332 0.02631578947368421
1 0.8218201754385964 0.8760964912280701 0.0266812865497076 0.03399122807017543
1 0.8720760233918128 0.8983004385964912 0.024853801169590642 0.043311403508771926
1 0.9088084795321637 0.8930921052631579 0.025219298245614034 0.04057017543859649
1 0.9515716374269005 0.8952850877192982 0.034722222222222224 0.04057017543859649
1 0.9769736842105262 0.8840460526315789 0.02850877192982456 0.0400219298245614
1 1 0.8834978070175438 0.0222953216374269 0.044407894736842105
1 0.6197002923976608 0.21600877192982454 0.029605263157894735 0.03289473684210526
1 0.6630116959064327 0.22807017543859648 0.01608187134502924 0.019736842105263157
1 0.6650219298245613 0.10444078947368421 0.049342105263157895 0.06853070175438596
1 0.7351973684210525 0.09649122807017543 0.05665204678362573 0.06030701754385964
1 0.7905701754385964 0.10964912280701754 0.03216374269005848 0.049342105263157895
1 1 0.2949561403508772 0.019371345029239765 0.03070175438596491
1 1 0.024396929824561403 0.044956140350877194 0.046600877192982455
