1 0.12152777777777778 0.6526864035087719 0.02448830409356725 0.02576754385964912
1 0.09137426900584794 0.7889254385964912 0.023391812865497075 0.02850877192982456
1 0.1204312865497076 0.7754934210526315 0.017178362573099414 0.046600877192982455
1 0.18951023391812866 0.7077850877192982 0.023757309941520467 0.03289473684210526
1 0.15423976608187134 0.8349780701754386 0.014619883040935672 0.03289473684210526
1 0.23976608187134502 0.7658991228070176 0.013888888888888888 0.021929824561403508
1 0.22551169590643275 0.6973684210526315 0.019736842105263157 0.027412280701754384
1 0.2881944444444444 0.6869517543859649 0.023757309941520467 0.041666666666666664
1 0.2627923976608187 0.7598684210526315 0.01827485380116959 0.03289473684210526
1 0.33442982456140347 0.7743969298245613 0.03654970760233918 0.03015350877192982
1 0.3296783625730994 0.6557017543859649 0.02046783625730994 0.027412280701754384
1 0.3638523391812865 0.8045504385964912 0.020833333333333332 0.043311403508771926
1 0.41758040935672514 0.7902960526315789 0.01644736842105263 0.018092105263157895
1 0.44809941520467833 0.9111842105263157 0.014619883040935672 0.04057017543859649
1 0.42141812865497075 0.9114583333333333 0.016812865497076022 0.019188596491228067
1 0.2622441520467836 0.900219298245614 0.04057017543859649 0.06140350877192982
1 0.5595760233918128 0.6770833333333333 0.021198830409356724 0.038377192982456135
1 0.6661184210526315 0.6430921052631579 0.025219298245614034 0.03399122807017543
1 0.8490497076023391 0.6650219298245613 0.03070175438596491 0.03070175438596491
1 0.875 0.6631030701754386 0.021929824561403508 0.0400219298245614
1 0.9228801169590642 0.6565241228070176 0.038011695906432746 0.044407894736842105
1 0.8134137426900584 0.7371162280701754 0.021564327485380116 0.0268640350877193
1 0.8135964912280701 0.7963267543859649 0.02266081871345029 0.038925438596491224
1 0.6366959064327485 0.7831688596491228 0.017543859649122806 0.0268640350877193
1 0.6096491228070176 0.931469298245614 0.023391812865497075 0.03399122807017543
1 0.6880482456140351 0.9265350877192982 0.019371345029239765 0.03070175438596491
1 0.783625730994152 0.909265350877193 0.049707602339181284 0.024671052631578948
1 0.7911184210526315 0.8977521929824561 0.03399122807017543 0.03125
1 0.8603801169590642 0.9317434210526315 0.012426900584795321 0.046600877192982455
1 0.8980263157894737 0.8782894736842105 0.03216374269005848 0.02412280701754386
1 0.952485380116959 0.9174890350877193 0.02631578947368421 0.02905701754385965
1 0.988486842105263 0.9073464912280701 0.023026315789473683 0.041666666666666664
