1 0.2759502923976608 0.038377192982456135 0.02266081871345029 0.049342105263157895
1 0.6074561403508771 0.45422149122807015 0.041666666666666664 0.0356359649122807
1 0.4917763157894737 0.4070723684210526 0.0581140350877193 0.06633771929824561
1 0.39071637426900585 0.4468201754385965 0.029970760233918127 0.044956140350877194
1 0.29989035087719296 0.4462719298245614 0.0442251461988304 0.08662280701754385
1 0.24616228070175436 0.40871710526315785 0.04641812865497076 0.05756578947368421
1 0.15826023391812866 0.4194078947368421 0.05482456140350877 0.07236842105263158
1 0.06304824561403509 0.45942982456140347 0.039108187134502925 0.05921052631578947
1 0.03216374269005848 0.412828947368421 0.025584795321637425 0.08442982456140351
1 0.023026315789473683 0.7105263157894737 0.033625730994152045 0.08442982456140351
1 0.04788011695906433 0.6721491228070176 0.04093567251461988 0.04714912280701754
1 0.08790204678362573 0.7149122807017544 0.0537280701754386 0.0537280701754386
1 0.13486842105263158 0.6995614035087719 0.0402046783625731 0.0668859649122807
1 0.2012061403508772 0.671875 0.03033625730994152 0.05756578947368421
1 0.28618421052631576 0.7042214912280701 0.025584795321637425 0.05208333333333333
1 0.3294956140350877 0.6987390350877193 0.03691520467836257 0.05537280701754386
1 0.3700657894736842 0.7053179824561403 0.04349415204678363 0.043311403508771926
1 0.40277777777777773 0.6929824561403508 0.03435672514619883 0.05482456140350877
1 0.4409722222222222 0.6828399122807017 0.04130116959064327 0.05317982456140351
1 0.48008040935672514 0.7083333333333333 0.042763157894736836 0.07894736842105263
1 0.5244883040935672 0.7033991228070176 0.038011695906432746 0.042763157894736836
1 0.5650584795321637 0.7209429824561403 0.04824561403508772 0.06907894736842105
1 0.5932017543859649 0.703125 0.03508771929824561 0.05756578947368421
1 0.05573830409356725 0.957236842105263 0.035453216374269 0.05482456140350877
1 0.03654970760233918 0.9421600877192982 0.021929824561403508 0.08717105263157894
1 0.17434210526315788 0.9602521929824561 0.04312865497076023 0.05756578947368421
1 0.21436403508771928 0.9756030701754386 0.05738304093567251 0.048793859649122806
1 0.2803362573099415 0.96875 0.031432748538011694 0.0625
1 0.3188961988304093 0.9583333333333333 0.031067251461988302 0.05701754385964912
1 0.37554824561403505 0.9676535087719298 0.05153508771929824 0.06469298245614034
1 0.5239400584795322 0.9701206140350876 0.055190058479532164 0.05975877192982456
1 0.8008040935672515 0.5603070175438596 0.035818713450292396 0.07785087719298245
1 0.7865497076023391 0.7182017543859649 0.02046783625730994 0.023026315789473683
1 0.8276681286549707 0.71875 0.03399122807017543 0.029605263157894735
1 0.8603801169590642 0.7099780701754386 0.02412280701754386 0.020833333333333332
1 0.9073464912280701 0.7228618421052632 0.035453216374269 0.0268640350877193
