1 0.0805921052631579 0.0962171052631579 0.03691520467836257 0.05537280701754386
1 0.9868421052631579 0.12088815789473684 0.038011695906432746 0.044407894736842105
1 0.9502923976608186 0.12033991228070175 0.03216374269005848 0.06524122807017543
1 0.9990862573099415 0.3081140350877193 0.044956140350877194 0.0581140350877193
1 0.9453581871345029 0.3242872807017544 0.027412280701754384 0.038925438596491224
1 0.8951023391812865 0.3171600877192982 0.039473684210526314 0.05646929824561403
1 0.8676900584795321 0.2924890350877193 0.046052631578947366 0.05098684210526316
1 0.7803362573099415 0.3056469298245614 0.04239766081871345 0.045504385964912276
1 0.8603801169590642 0.397203947368421 0.043859649122807015 0.06195175438596491
1 0.9278143274853801 0.5542763157894737 0.03764619883040936 0.0625
1 0.9707602339181286 0.5471491228070176 0.03070175438596491 0.05153508771929824
1 0.44773391812865493 0.4339364035087719 0.017543859649122806 0.02796052631578947
1 0.6807383040935672 0.12335526315789473 0.03764619883040936 0.06140350877192982
1 0.570906432748538 0.7889254385964912 0.019005847953216373 0.02850877192982456
1 0.5464181286549707 0.7820723684210525 0.019736842105263157 0.03015350877192982
1 0.5067616959064327 0.7902960526315789 0.023757309941520467 0.0356359649122807
1 0.43110380116959063 0.7785087719298245 0.02010233918128655 0.03289473684210526
1 0.3740862573099415 0.7798793859649122 0.025950292397660817 0.03782894736842105
1 0.35928362573099415 0.7642543859649122 0.023391812865497075 0.029605263157894735
1 0.2759502923976608 0.7831688596491228 0.02412280701754386 0.038925438596491224
1 0.21052631578947367 0.7765899122807017 0.02412280701754386 0.02905701754385965
1 0.1822002923976608 0.797423245614035 0.023757309941520467 0.03453947368421052
1 0.15533625730994152 0.7809758771929824 0.025584795321637425 0.038925438596491224
1 0.11823830409356724 0.7743969298245613 0.025219298245614034 0.03344298245614035
1 0.08698830409356725 0.8045504385964912 0.027046783625730993 0.03673245614035087
1 0.06487573099415204 0.7867324561403508 0.02448830409356725 0.03508771929824561
