1 0.21929824561403508 0.049342105263157895 0.016812865497076022 0.027412280701754384
1 0.2353801169590643 0.05153508771929824 0.016812865497076022 0.038377192982456135
1 0.19883040935672514 0.06770833333333333 0.021198830409356724 0.04769736842105263
1 0.09941520467836257 0.05098684210526316 0.03508771929824561 0.029605263157894735
1 0.0710891812865497 0.022752192982456138 0.01864035087719298 0.022478070175438597
1 0.06012426900584795 0.13623903508771928 0.031067251461988302 0.02905701754385965
1 0.04239766081871345 0.16529605263157893 0.02631578947368421 0.0400219298245614
1 0.17781432748538012 0.11869517543859648 0.02448830409356725 0.0268640350877193
1 0.2178362573099415 0.16036184210526314 0.021198830409356724 0.03234649122807017
1 0.293859649122807 0.13048245614035087 0.03216374269005848 0.029605263157894735
1 0.31304824561403505 0.22121710526315788 0.039108187134502925 0.06304824561403509
1 0.25493421052631576 0.26425438596491224 0.0266812865497076 0.044956140350877194
1 0.1997441520467836 0.24150219298245612 0.0266812865497076 0.03125
1 0.11769005847953215 0.20614035087719296 0.041666666666666664 0.06359649122807018
1 0.06633771929824561 0.24287280701754385 0.02887426900584795 0.03728070175438596
1 0.37591374269005845 0.36184210526315785 0.014985380116959063 0.017543859649122806
1 0.34429824561403505 0.34813596491228066 0.009502923976608187 0.010964912280701754
1 0.3029970760233918 0.35663377192982454 0.014619883040935672 0.015899122807017545
1 0.27247807017543857 0.3577302631578947 0.015716374269005847 0.018092105263157895
1 0.18658625730994152 0.3752741228070175 0.023757309941520467 0.03125
1 0.14108187134502922 0.37801535087719296 0.031432748538011694 0.02576754385964912
1 0.06743421052631579 0.3837719298245614 0.02010233918128655 0.019736842105263157
1 0.02448830409356725 0.3887061403508772 0.02412280701754386 0.021929824561403508
1 0.01864035087719298 0.48930921052631576 0.029239766081871343 0.02905701754385965
1 0.0625 0.4734100877192982 0.016812865497076022 0.03125
1 0.14455409356725146 0.46847587719298245 0.017178362573099414 0.02796052631578947
1 0.18658625730994152 0.4605263157894737 0.02448830409356725 0.04824561403508772
1 0.2637061403508772 0.45751096491228066 0.0266812865497076 0.03673245614035087
1 0.3013523391812865 0.45285087719298245 0.02010233918128655 0.02631578947368421
1 0.3384502923976608 0.46655701754385964 0.01827485380116959 0.020833333333333332
1 0.3530701754385965 0.47834429824561403 0.021198830409356724 0.02576754385964912
1 0.02010233918128655 0.8580043859649122 0.03654970760233918 0.0581140350877193
1 0.07364766081871345 0.912828947368421 0.049342105263157895 0.0668859649122807
1 0.11769005847953215 0.947094298245614 0.03070175438596491 0.048793859649122806
1 0.17781432748538012 0.9246162280701754 0.0398391812865497 0.04989035087719298
1 0.19682017543859648 0.9375 0.04057017543859649 0.044956140350877194
1 0.2737573099415205 0.9309210526315789 0.03216374269005848 0.04714912280701754
1 0.33150584795321636 0.938048245614035 0.03508771929824561 0.07675438596491227
1 0.3247441520467836 0.9813596491228069 0.019371345029239765 0.03728070175438596
1 0.9707602339181286 0.03207236842105263 0.02266081871345029 0.041118421052631575
1 0.844298245614035 0.03974780701754386 0.02412280701754386 0.042214912280701754
1 0.7934941520467835 0.022478070175438597 0.01827485380116959 0.023026315789473683
1 0.5423976608187134 0.0424890350877193 0.013888888888888888 0.022478070175438597
1 0.4722222222222222 0.06716008771929824 0.02412280701754386 0.0356359649122807
1 0.4766081871345029 0.13048245614035087 0.006578947368421052 0.015350877192982455
1 0.5398391812865497 0.13349780701754385 0.014619883040935672 0.02357456140350877
1 0.5855263157894737 0.1650219298245614 0.016812865497076022 0.03399122807017543
1 0.6430921052631579 0.109375 0.03033625730994152 0.03782894736842105
1 0.7286184210526315 0.12966008771929824 0.02448830409356725 0.022478070175438597
1 0.75 0.11403508771929824 0.016812865497076022 0.02631578947368421
1 0.5707236842105263 0.21929824561403508 0.02010233918128655 0.021929824561403508
1 0.7225877192982456 0.23519736842105263 0.0489766081871345 0.0668859649122807
1 0.7651681286549707 0.20093201754385964 0.0222953216374269 0.05317982456140351
1 0.8406432748538011 0.19270833333333331 0.02046783625730994 0.044407894736842105
1 0.8784722222222222 0.20339912280701752 0.02010233918128655 0.02850877192982456
1 0.9243421052631579 0.18777412280701752 0.02046783625730994 0.042214912280701754
1 0.9663742690058479 0.19654605263157893 0.03654970760233918 0.0400219298245614
1 0.9908625730994152 0.18804824561403508 0.01827485380116959 0.05043859649122807
1 0.9857456140350876 0.31688596491228066 0.02046783625730994 0.027412280701754384
1 0.9395102339181286 0.31880482456140347 0.028143274853801168 0.03015350877192982
1 0.8676900584795321 0.3215460526315789 0.01608187134502924 0.022478070175438597
1 0.8388157894736842 0.32346491228070173 0.019005847953216373 0.02850877192982456
1 0.8051900584795321 0.319078947368421 0.02850877192982456 0.05701754385964912
1 0.689875730994152 0.32648026315789475 0.014985380116959063 0.014802631578947368
1 0.6641081871345029 0.31880482456140347 0.027046783625730993 0.03125
1 0.5557383040935672 0.46408991228070173 0.020833333333333332 0.05537280701754386
1 0.5604897660818713 0.4605263157894737 0.01864035087719298 0.03508771929824561
1 0.6480263157894737 0.4764254385964912 0.03216374269005848 0.049342105263157895
1 0.7911184210526315 0.45175438596491224 0.038377192982456135 0.04824561403508772
1 0.8267543859649122 0.4331140350877193 0.02046783625730994 0.049342105263157895
1 0.8603801169590642 0.4369517543859649 0.03874269005847953 0.06578947368421052
1 0.8965643274853801 0.42817982456140347 0.02266081871345029 0.03289473684210526
1 0.9570540935672515 0.41063596491228066 0.025219298245614034 0.046052631578947366
1 0.9590643274853801 0.5561951754385964 0.009502923976608187 0.020285087719298246
1 0.8379020467836257 0.5441337719298245 0.015716374269005847 0.02905701754385965
1 0.8095760233918128 0.5463267543859649 0.010964912280701754 0.018092105263157895
1 0.7759502923976608 0.5723684210526315 0.015350877192982455 0.01864035087719298
1 0.7412280701754386 0.5531798245614035 0.009502923976608187 0.017543859649122806
1 0.7076023391812865 0.5583881578947368 0.014619883040935672 0.0268640350877193
1 0.6719663742690059 0.5471491228070176 0.015716374269005847 0.02631578947368421
1 0.6240862573099415 0.5411184210526315 0.017178362573099414 0.02850877192982456
1 0.5747441520467836 0.569078947368421 0.017909356725146198 0.017543859649122806
1 0.5513523391812866 0.5644188596491228 0.017909356725146198 0.021381578947368418
1 0.5034722222222222 0.565515350877193 0.03033625730994152 0.02796052631578947
1 0.616593567251462 0.6746162280701754 0.014619883040935672 0.0268640350877193
1 0.6787280701754386 0.6965460526315789 0.008771929824561403 0.014802631578947368
1 0.7372076023391813 0.6885964912280701 0.00804093567251462 0.023026315789473683
1 0.9959795321637427 0.7754934210526315 0.00804093567251462 0.03344298245614035
1 0.9555921052631579 0.781798245614035 0.025950292397660817 0.03179824561403509
1 0.9331140350877193 0.7497258771929824 0.021198830409356724 0.03344298245614035
1 0.8622076023391813 0.7785087719298245 0.017543859649122806 0.03289473684210526
1 0.8355263157894737 0.7875548245614035 0.019005847953216373 0.03015350877192982
1 0.7964181286549707 0.7587719298245613 0.01023391812865497 0.019736842105263157
1 0.7456140350877193 0.7919407894736842 0.019005847953216373 0.0356359649122807
1 0.7288011695906432 0.7774122807017544 0.013157894736842105 0.03289473684210526
1 0.6836622807017544 0.7845394736842105 0.02010233918128655 0.046052631578947366
1 0.6396198830409356 0.7933114035087719 0.019736842105263157 0.038377192982456135
1 0.6138523391812866 0.7889254385964912 0.017178362573099414 0.025219298245614034
1 0.5913742690058479 0.8045504385964912 0.02412280701754386 0.03673245614035087
1 0.5513523391812866 0.7990679824561403 0.023757309941520467 0.03125
1 0.5160818713450293 0.7952302631578947 0.027777777777777776 0.03234649122807017
1 0.5208333333333333 0.9114583333333333 0.017543859649122806 0.07182017543859649
1 0.6109283625730993 0.8884320175438596 0.023757309941520467 0.07730263157894736
1 0.6445540935672515 0.9251644736842105 0.010599415204678362 0.022478070175438597
1 0.6801900584795322 0.9021381578947368 0.023391812865497075 0.05317982456140351
1 0.7065058479532164 0.8791118421052632 0.031432748538011694 0.06853070175438596
1 0.7300804093567251 0.8489583333333333 0.04057017543859649 0.06414473684210525
1 0.7582236842105263 0.8983004385964912 0.044956140350877194 0.0893640350877193
1 0.8159722222222222 0.8708881578947368 0.0442251461988304 0.0849780701754386
1 0.8506944444444444 0.8730811403508771 0.04349415204678363 0.07401315789473684
1 0.896016081871345 0.9838267543859649 0.010599415204678362 0.02796052631578947
1 0.9532163742690059 0.9865679824561403 0.019005847953216373 0.018092105263157895
1 0.9296418128654971 0.856907894736842 0.03691520467836257 0.05921052631578947
1 0.9638157894736842 0.8993969298245613 0.04532163742690058 0.05756578947368421
1 0.9883040935672514 0.8980263157894737 0.023391812865497075 0.08552631578947367
