1 0.3574561403508772 0.038925438596491224 0.017543859649122806 0.027412280701754384
1 0.5350877192982456 0.018366228070175437 0.021929824561403508 0.0356359649122807
1 0.5645102339181286 0.03453947368421052 0.023757309941520467 0.03289473684210526
1 0.5215643274853801 0.15679824561403508 0.035818713450292396 0.05921052631578947
1 0.42050438596491224 0.2319078947368421 0.06103801169590643 0.06140350877192982
1 0.5663377192982456 0.2546600877192982 0.02448830409356725 0.03125
1 0.08698830409356725 0.29413377192982454 0.06067251461988304 0.0849780701754386
1 0.3505116959064327 0.2590460526315789 0.019005847953216373 0.0268640350877193
1 0.6509502923976608 0.3706140350877193 0.046052631578947366 0.0625
1 0.5879020467836257 0.36348684210526316 0.017909356725146198 0.029605263157894735
1 0.5615862573099415 0.3826754385964912 0.023026315789473683 0.03399122807017543
1 0.4190423976608187 0.39747807017543857 0.0222953216374269 0.041666666666666664
1 0.3607456140350877 0.41063596491228066 0.02631578947368421 0.041666666666666664
1 0.320906432748538 0.3977521929824561 0.009502923976608187 0.020285087719298246
1 0.13907163742690057 0.42434210526315785 0.038377192982456135 0.0581140350877193
1 0.10599415204678361 0.4133771929824561 0.046052631578947366 0.06469298245614034
1 0.0762061403508772 0.4375 0.03326023391812866 0.06030701754385964
1 0.26900584795321636 0.5918311403508771 0.02631578947368421 0.03344298245614035
1 0.3163377192982456 0.6480263157894737 0.02448830409356725 0.039473684210526314
1 0.39692982456140347 0.6430921052631579 0.027777777777777776 0.021929824561403508
1 0.48684210526315785 0.6066337719298245 0.025584795321637425 0.020285087719298246
1 0.5350877192982456 0.6340460526315789 0.02266081871345029 0.0356359649122807
1 0.6661184210526315 0.575657894736842 0.027412280701754384 0.02850877192982456
1 0.26114766081871343 0.7497258771929824 0.05153508771929824 0.09155701754385964
1 0.44828216374269003 0.950657894736842 0.015716374269005847 0.015350877192982455
1 0.6407163742690059 0.9418859649122806 0.016812865497076022 0.015350877192982455
1 0.6953581871345029 0.8692434210526315 0.042763157894736836 0.03344298245614035
1 0.8051900584795321 0.125 0.019736842105263157 0.021929824561403508
1 0.9111842105263157 0.08360745614035087 0.019005847953216373 0.03673245614035087
1 0.9024122807017544 0.22615131578947367 0.029239766081871343 0.015899122807017545
1 0.8283991228070176 0.36376096491228066 0.05226608187134503 0.041118421052631575
1 0.8638523391812865 0.3837719298245614 0.02448830409356725 0.029605263157894735
1 0.8081140350877193 0.490953947368421 0.038011695906432746 0.07839912280701754
1 0.8951023391812865 0.45614035087719296 0.041666666666666664 0.05043859649122807
1 0.9197733918128654 0.484375 0.04057017543859649 0.06304824561403509
1 0.9766081871345029 0.5446820175438596 0.04312865497076023 0.05317982456140351
1 0.9217836257309941 0.5627741228070176 0.02631578947368421 0.044407894736842105
1 0.8017178362573099 0.6987390350877193 0.05665204678362573 0.06414473684210525
1 0.8104897660818713 0.8042763157894737 0.02448830409356725 0.023026315789473683
1 0.8877923976608186 0.7952302631578947 0.019736842105263157 0.0268640350877193
1 0.9073464912280701 0.7845394736842105 0.01644736842105263 0.01425438596491228
1 0.9755116959064327 0.8037280701754386 0.021198830409356724 0.019736842105263157
1 0.9144736842105262 0.9243421052631579 0.03070175438596491 0.029605263157894735
1 0.8828581871345029 0.9205043859649122 0.03033625730994152 0.039473684210526314
