1 0.039108187134502925 0.4169407894736842 0.013157894736842105 0.02357456140350877
1 0.015716374269005847 0.9542214912280701 0.016812865497076022 0.020285087719298246
1 0.07383040935672514 0.950657894736842 0.016812865497076022 0.03070175438596491
1 0.06633771929824561 0.7140899122807017 0.01864035087719298 0.03125
1 0.1611842105263158 0.07154605263157894 0.029970760233918127 0.05756578947368421
1 0.26425438596491224 0.054550438596491224 0.027046783625730993 0.0400219298245614
1 0.346125730994152 0.03865131578947368 0.013157894736842105 0.019188596491228067
1 0.408625730994152 0.022203947368421052 0.029239766081871343 0.024671052631578948
1 0.5453216374269005 0.03125 0.031432748538011694 0.04057017543859649
1 0.6851242690058479 0.049342105263157895 0.0442251461988304 0.0625
1 0.72953216374269 0.013706140350877192 0.02631578947368421 0.02631578947368421
1 0.8280336257309941 0.06716008771929824 0.039108187134502925 0.06524122807017543
1 0.783625730994152 0.14830043859649122 0.03216374269005848 0.04989035087719298
1 0.6197002923976608 0.1387061403508772 0.032529239766081866 0.049342105263157895
1 0.49762426900584794 0.13486842105263158 0.020833333333333332 0.04057017543859649
1 0.3994883040935672 0.13459429824561403 0.019005847953216373 0.019188596491228067
1 0.33114035087719296 0.1387061403508772 0.046052631578947366 0.04057017543859649
1 0.28216374269005845 0.2733004385964912 0.027777777777777776 0.03673245614035087
1 0.3846856725146199 0.2574013157894737 0.0266812865497076 0.04769736842105263
1 0.43841374269005845 0.2664473684210526 0.03764619883040936 0.06359649122807018
1 0.5215643274853801 0.256578947368421 0.02850877192982456 0.05153508771929824
1 0.5513523391812866 0.25054824561403505 0.03691520467836257 0.0668859649122807
1 0.5869883040935672 0.2743969298245614 0.04239766081871345 0.06195175438596491
1 0.6019736842105263 0.25219298245614036 0.027046783625730993 0.044956140350877194
1 0.6675804093567251 0.27055921052631576 0.042763157894736836 0.0400219298245614
1 0.7105263157894737 0.2606907894736842 0.017543859649122806 0.015899122807017545
1 0.7333698830409356 0.2546600877192982 0.04568713450292397 0.048793859649122806
1 0.7881944444444444 0.26206140350877194 0.039108187134502925 0.06469298245614034
1 0.82328216374269 0.24561403508771928 0.03326023391812866 0.049342105263157895
1 0.8622076023391813 0.3840460526315789 0.013888888888888888 0.020285087719298246
1 0.8134137426900584 0.38048245614035087 0.019371345029239765 0.03179824561403509
1 0.7070540935672515 0.381578947368421 0.01644736842105263 0.023026315789473683
1 0.6180555555555555 0.40213815789473684 0.011695906432748537 0.022478070175438597
1 0.5054824561403508 0.3681469298245614 0.01608187134502924 0.013706140350877192
1 0.2637061403508772 0.38843201754385964 0.011330409356725146 0.019188596491228067
1 0.20796783625730994 0.42434210526315785 0.012426900584795321 0.03179824561403509
1 0.17726608187134502 0.4956140350877193 0.01023391812865497 0.019736842105263157
1 0.2099780701754386 0.5054824561403508 0.01206140350877193 0.020833333333333332
1 0.2569444444444444 0.5052083333333333 0.01608187134502924 0.018092105263157895
1 0.2911184210526316 0.4865679824561403 0.011330409356725146 0.015899122807017545
1 0.32766812865497075 0.4808114035087719 0.01206140350877193 0.017543859649122806
1 0.5049342105263157 0.48245614035087714 0.017178362573099414 0.021929824561403508
1 0.5484283625730993 0.4827302631578947 0.013523391812865496 0.021381578947368418
1 0.6326754385964912 0.4799890350877193 0.014619883040935672 0.018092105263157895
1 0.7353801169590642 0.47971491228070173 0.02046783625730994 0.02850877192982456
1 0.7759502923976608 0.4668311403508772 0.019736842105263157 0.03344298245614035
1 0.7956871345029239 0.5515350877192983 0.029239766081871343 0.06030701754385964
1 0.7242324561403508 0.5940241228070176 0.01206140350877193 0.018092105263157895
1 0.5453216374269005 0.5764802631578947 0.010964912280701754 0.015899122807017545
1 0.5171783625730993 0.5764802631578947 0.02266081871345029 0.022478070175438597
1 0.2094298245614035 0.8527960526315789 0.03508771929824561 0.0400219298245614
1 0.27284356725146197 0.8640350877192982 0.049342105263157895 0.044956140350877194
1 0.32839912280701755 0.859375 0.034722222222222224 0.06962719298245613
1 0.3603801169590643 0.8506030701754386 0.03654970760233918 0.0400219298245614
1 0.39016812865497075 0.8684210526315789 0.04057017543859649 0.04714912280701754
1 0.24561403508771928 0.9443530701754386 0.013157894736842105 0.03344298245614035
1 0.3086622807017544 0.9468201754385964 0.014985380116959063 0.017543859649122806
1 0.3218201754385965 0.9621710526315789 0.01425438596491228 0.02850877192982456
1 0.37262426900584794 0.944078947368421 0.013523391812865496 0.02631578947368421
1 0.521016081871345 0.9273574561403508 0.013523391812865496 0.015899122807017545
1 0.4857456140350877 0.8215460526315789 0.02412280701754386 0.0356359649122807
1 0.5297880116959064 0.8401864035087718 0.044956140350877194 0.04989035087719298
1 0.5805921052631579 0.9155701754385964 0.02010233918128655 0.029605263157894735
1 0.5679824561403508 0.8267543859649122 0.03070175438596491 0.05043859649122807
1 0.6299342105263157 0.834703947368421 0.0398391812865497 0.05317982456140351
1 0.6494883040935672 0.947094298245614 0.008771929824561403 0.02357456140350877
1 0.708516081871345 0.8212719298245613 0.042763157894736836 0.0712719298245614
1 0.7684576023391813 0.8125 0.038377192982456135 0.043859649122807015
1 0.8046418128654971 0.8177083333333333 0.03691520467836257 0.05975877192982456
1 0.8267543859649122 0.8125 0.03654970760233918 0.04057017543859649
1 0.8676900584795321 0.7793311403508771 0.025584795321637425 0.024671052631578948
1 0.8965643274853801 0.7700109649122806 0.023391812865497075 0.03015350877192982
1 0.8013523391812865 0.9287280701754386 0.023757309941520467 0.02412280701754386
1 0.8364400584795321 0.9202302631578947 0.019371345029239765 0.0268640350877193
1 0.9046052631578947 0.1181469298245614 0.027777777777777776 0.03782894736842105
1 0.9415204678362572 0.12088815789473684 0.043859649122807015 0.044407894736842105
1 0.9839181286549707 0.13020833333333331 0.031432748538011694 0.05427631578947368
1 0.9751461988304093 0.24177631578947367 0.015350877192982455 0.017543859649122806
1 0.9629020467836257 0.32675438596491224 0.014985380116959063 0.01644736842105263
1 0.9340277777777777 0.44435307017543857 0.02010233918128655 0.022478070175438597
1 0.8819444444444444 0.4487390350877193 0.031432748538011694 0.044407894736842105
