1 0.012792397660818713 0.4871162280701754 0.024853801169590642 0.038925438596491224
1 0.11038011695906433 0.39035087719298245 0.021929824561403508 0.02412280701754386
1 0.12627923976608185 0.5901864035087719 0.04057017543859649 0.044407894736842105
1 0.20358187134502922 0.7017543859649122 0.021929824561403508 0.02631578947368421
1 0.2134502923976608 0.4331140350877193 0.015350877192982455 0.01644736842105263
1 0.2593201754385965 0.3470394736842105 0.02887426900584795 0.027412280701754384
1 0.2701023391812865 0.37554824561403505 0.023391812865497075 0.04824561403508772
1 0.28618421052631576 0.45614035087719296 0.023391812865497075 0.027412280701754384
1 0.41703216374269003 0.3218201754385965 0.021198830409356724 0.03508771929824561
1 0.44243421052631576 0.31359649122807015 0.029605263157894735 0.021929824561403508
1 0.3916301169590643 0.4720394736842105 0.01644736842105263 0.029605263157894735
1 0.29203216374269003 0.5956688596491228 0.019005847953216373 0.03234649122807017
1 0.39309210526315785 0.6025219298245613 0.01644736842105263 0.02412280701754386
1 0.44572368421052627 0.546875 0.0222953216374269 0.03453947368421052
1 0.49616228070175433 0.3393640350877193 0.025219298245614034 0.03070175438596491
1 0.5595760233918128 0.38843201754385964 0.019005847953216373 0.046600877192982455
1 0.6226242690058479 0.3171600877192982 0.025219298245614034 0.02905701754385965
1 0.6582602339181286 0.33442982456140347 0.014619883040935672 0.025219298245614034
1 0.6160453216374269 0.43530701754385964 0.025950292397660817 0.03508771929824561
1 0.6474780701754386 0.4427083333333333 0.0222953216374269 0.038925438596491224
1 0.5782163742690059 0.5608552631578947 0.021929824561403508 0.03179824561403509
1 0.6288377192982456 0.5367324561403508 0.02010233918128655 0.029605263157894735
1 0.5645102339181286 0.6030701754385964 0.0266812865497076 0.027412280701754384
1 0.28618421052631576 0.7058662280701754 0.027777777777777776 0.044407894736842105
1 0.7255116959064327 0.33497807017543857 0.023391812865497075 0.03289473684210526
1 0.7284356725146198 0.537828947368421 0.017543859649122806 0.01425438596491228
1 0.76078216374269 0.5142543859649122 0.01425438596491228 0.01864035087719298
1 0.7715643274853801 0.328125 0.023391812865497075 0.02796052631578947
1 0.8450292397660818 0.31688596491228066 0.023391812865497075 0.03508771929824561
1 0.8119517543859649 0.4407894736842105 0.017178362573099414 0.02850877192982456
1 0.8726242690058479 0.4265350877192982 0.01644736842105263 0.013157894736842105
1 0.9287280701754386 0.43146929824561403 0.02631578947368421 0.02850877192982456
1 0.9018640350877193 0.5619517543859649 0.023757309941520467 0.03508771929824561
1 0.9205043859649122 0.5471491228070176 0.017909356725146198 0.02412280701754386
1 0.9605263157894737 0.3432017543859649 0.015350877192982455 0.01864035087719298
1 0.9950657894736842 0.3928179824561403 0.009868421052631578 0.03234649122807017
1 0.9934210526315789 0.5128837719298245 0.013157894736842105 0.03673245614035087
1 0.9619883040935672 0.6499451754385964 0.017543859649122806 0.03125
1 0.7905701754385964 0.6672149122807017 0.02266081871345029 0.03508771929824561
1 0.7406798245614035 0.6387061403508771 0.023757309941520467 0.02631578947368421
1 0.6602704678362573 0.6614583333333333 0.021564327485380116 0.02576754385964912
1 0.59375 0.6614583333333333 0.021564327485380116 0.03673245614035087
1 0.4619883040935672 0.6875 0.03435672514619883 0.03070175438596491
1 0.3422880116959064 0.6299342105263157 0.01644736842105263 0.0581140350877193
