1 0.3667763157894737 0.04714912280701754 0.044956140350877194 0.05153508771929824
1 0.2447002923976608 0.03645833333333333 0.028143274853801168 0.05756578947368421
1 0.20559210526315788 0.04468201754385965 0.027412280701754384 0.0400219298245614
1 0.1379751461988304 0.054550438596491224 0.039108187134502925 0.04989035087719298
1 0.10160818713450293 0.05317982456140351 0.029239766081871343 0.04714912280701754
1 0.02101608187134503 0.060032894736842105 0.04057017543859649 0.05208333333333333
1 0.19279970760233917 0.16392543859649122 0.029605263157894735 0.019736842105263157
1 0.1116593567251462 0.1839364035087719 0.03326023391812866 0.02796052631578947
1 0.011330409356725146 0.3144188596491228 0.021929824561403508 0.08168859649122806
1 0.055190058479532164 0.30975877192982454 0.038011695906432746 0.042763157894736836
1 0.17141812865497075 0.33963815789473684 0.0445906432748538 0.06414473684210525
1 0.2704678362573099 0.2996162280701754 0.039473684210526314 0.05317982456140351
1 0.36184210526315785 0.5608552631578947 0.0402046783625731 0.05482456140350877
1 0.293859649122807 0.5424890350877193 0.023391812865497075 0.0400219298245614
1 0.2593201754385965 0.5353618421052632 0.032529239766081866 0.05975877192982456
1 0.23391812865497075 0.534265350877193 0.035818713450292396 0.048793859649122806
1 0.1597222222222222 0.5586622807017544 0.04312865497076023 0.044956140350877194
1 0.1074561403508772 0.5405701754385964 0.029239766081871343 0.027412280701754384
1 0.06889619883040936 0.5265899122807017 0.03326023391812866 0.03673245614035087
1 0.1109283625730994 0.6611842105263157 0.04641812865497076 0.0668859649122807
1 0.1372441520467836 0.6836622807017544 0.04714912280701754 0.0800438596491228
1 0.2134502923976608 0.6669407894736842 0.049707602339181284 0.06853070175438596
1 0.25109649122807015 0.6737938596491228 0.03654970760233918 0.06359649122807018
1 0.2891081871345029 0.6702302631578947 0.04751461988304093 0.07072368421052631
1 0.325109649122807 0.6927083333333333 0.04714912280701754 0.06743421052631579
1 0.34466374269005845 0.8103070175438596 0.039473684210526314 0.05043859649122807
1 0.31304824561403505 0.8396381578947368 0.03691520467836257 0.042214912280701754
1 0.27485380116959063 0.841282894736842 0.03874269005847953 0.06524122807017543
1 0.15734649122807018 0.8432017543859649 0.048611111111111105 0.043859649122807015
1 0.10891812865497075 0.8264802631578947 0.035818713450292396 0.048793859649122806
1 0.013706140350877192 0.9602521929824561 0.025950292397660817 0.044407894736842105
1 0.18859649122807015 0.9577850877192982 0.0402046783625731 0.044956140350877194
1 0.3612938596491228 0.9791666666666666 0.03326023391812866 0.041666666666666664
1 0.9755116959064327 0.020285087719298246 0.01827485380116959 0.021929824561403508
1 0.94828216374269 0.0200109649122807 0.008406432748538011 0.016995614035087717
1 0.8916301169590642 0.01781798245614035 0.029605263157894735 0.03344298245614035
1 0.8037280701754386 0.035910087719298246 0.014619883040935672 0.018092105263157895
1 0.7549342105263157 0.018092105263157895 0.017178362573099414 0.021929824561403508
1 0.7353801169590642 0.03179824561403509 0.02266081871345029 0.03728070175438596
1 0.6915204678362573 0.016721491228070175 0.021198830409356724 0.024671052631578948
1 0.6226242690058479 0.03207236842105263 0.017909356725146198 0.03673245614035087
1 0.5601242690058479 0.022203947368421052 0.0266812865497076 0.0268640350877193
1 0.6059941520467836 0.03125 0.023391812865497075 0.038377192982456135
1 0.9857456140350876 0.2546600877192982 0.01608187134502924 0.03782894736842105
1 0.9532163742690059 0.2590460526315789 0.025584795321637425 0.018092105263157895
1 0.8994883040935672 0.26096491228070173 0.02412280701754386 0.020833333333333332
1 0.4888523391812865 0.2820723684210526 0.031067251461988302 0.03015350877192982
1 0.5224780701754386 0.2807017543859649 0.025219298245614034 0.042763157894736836
1 0.9784356725146198 0.41310307017543857 0.04312865497076023 0.044407894736842105
1 0.9360380116959064 0.4292763157894737 0.033625730994152045 0.042763157894736836
1 0.8945540935672515 0.4336622807017544 0.049342105263157895 0.049342105263157895
1 0.8192616959064327 0.4026864035087719 0.031067251461988302 0.02576754385964912
1 0.7622441520467835 0.4180372807017544 0.029605263157894735 0.08607456140350876
1 0.7251461988304093 0.4295504385964912 0.02412280701754386 0.0356359649122807
1 0.646016081871345 0.4180372807017544 0.020833333333333332 0.04989035087719298
1 0.6063596491228069 0.4152960526315789 0.01608187134502924 0.03125
1 0.5411184210526315 0.4462719298245614 0.06907894736842105 0.042763157894736836
1 0.5009137426900585 0.41255482456140347 0.048611111111111105 0.02905701754385965
1 0.5281432748538012 0.5446820175438596 0.021929824561403508 0.0268640350877193
1 0.5581140350877193 0.5268640350877193 0.03435672514619883 0.03508771929824561
1 0.6575292397660818 0.5320723684210527 0.021929824561403508 0.03234649122807017
1 0.71875 0.5317982456140351 0.01864035087719298 0.023026315789473683
1 0.7534722222222222 0.5493421052631579 0.01864035087719298 0.029605263157894735
1 0.8093932748538011 0.5622258771929824 0.01864035087719298 0.0400219298245614
1 0.5467836257309941 0.6378837719298245 0.005116959064327485 0.02576754385964912
1 0.5586622807017544 0.6414473684210525 0.01644736842105263 0.02412280701754386
1 0.6854897660818713 0.6518640350877193 0.014985380116959063 0.017543859649122806
1 0.7255116959064327 0.634594298245614 0.00804093567251462 0.018092105263157895
1 0.771016081871345 0.6387061403508771 0.004751461988304093 0.017543859649122806
1 0.7911184210526315 0.643640350877193 0.009137426900584795 0.021929824561403508
1 0.8223684210526315 0.6474780701754386 0.010964912280701754 0.020833333333333332
1 0.8872441520467835 0.6356907894736842 0.011330409356725146 0.019188596491228067
1 0.8806652046783625 0.5320723684210527 0.01864035087719298 0.02357456140350877
1 0.9336622807017544 0.5167214912280701 0.0222953216374269 0.03344298245614035
1 0.9429824561403508 0.6474780701754386 0.007309941520467836 0.023026315789473683
1 0.9809941520467835 0.7664473684210525 0.021198830409356724 0.03728070175438596
1 0.9471856725146198 0.7730263157894737 0.02010233918128655 0.03508771929824561
1 0.9263523391812865 0.7785087719298245 0.023757309941520467 0.03508771929824561
1 0.8930921052631579 0.7859100877192982 0.027412280701754384 0.0400219298245614
1 0.8662280701754386 0.7785087719298245 0.024853801169590642 0.03508771929824561
1 0.8238304093567251 0.7719298245614035 0.015350877192982455 0.03728070175438596
1 0.8028143274853801 0.765625 0.02448830409356725 0.044407894736842105
1 0.7622441520467835 0.7776864035087719 0.031067251461988302 0.048793859649122806
1 0.6831140350877193 0.7889254385964912 0.03216374269005848 0.03618421052631579
1 0.6176900584795322 0.7768640350877193 0.03289473684210526 0.05153508771929824
1 0.6504020467836257 0.7765899122807017 0.03179824561403509 0.05975877192982456
1 0.549890350877193 0.7902960526315789 0.03179824561403509 0.05756578947368421
1 0.5288742690058479 0.9106359649122806 0.010964912280701754 0.03289473684210526
1 0.5659722222222222 0.8958333333333333 0.017178362573099414 0.03070175438596491
1 0.5977704678362573 0.9013157894736842 0.010599415204678362 0.023026315789473683
1 0.6284722222222222 0.9043311403508771 0.007675438596491228 0.018092105263157895
1 0.6942616959064327 0.9583333333333333 0.014985380116959063 0.029605263157894735
1 0.8834064327485379 0.9421600877192982 0.014619883040935672 0.044407894736842105
1 0.9301900584795321 0.8667763157894737 0.006578947368421052 0.021929824561403508
