1 0.06304824561403509 0.0762061403508772 0.027412280701754384 0.029605263157894735
1 0.005482456140350877 0.0644188596491228 0.009502923976608187 0.03453947368421052
1 0.011330409356725146 0.2807017543859649 0.019736842105263157 0.03618421052631579
1 0.039108187134502925 0.2743969298245614 0.031432748538011694 0.04989035087719298
1 0.12554824561403508 0.3862390350877193 0.019371345029239765 0.02905701754385965
1 0.035270467836257306 0.37938596491228066 0.031067251461988302 0.03618421052631579
1 0.013706140350877192 0.397203947368421 0.025219298245614034 0.046600877192982455
1 0.15387426900584794 0.28536184210526316 0.025584795321637425 0.0268640350877193
1 0.18804824561403508 0.303453947368421 0.019371345029239765 0.02796052631578947
1 0.21436403508771928 0.28536184210526316 0.027412280701754384 0.02576754385964912
1 0.26114766081871343 0.28344298245614036 0.04057017543859649 0.039473684210526314
1 0.10946637426900584 0.0668859649122807 0.020833333333333332 0.03399122807017543
1 0.14656432748538012 0.06907894736842105 0.03435672514619883 0.04057017543859649
1 0.17233187134502922 0.08031798245614034 0.03179824561403509 0.05208333333333333
1 0.2447002923976608 0.07182017543859649 0.035453216374269 0.049342105263157895
1 0.27832602339181284 0.07346491228070175 0.023026315789473683 0.041666666666666664
1 0.3081140350877193 0.09841008771929824 0.02046783625730994 0.0356359649122807
1 0.39985380116959063 0.042214912280701754 0.02631578947368421 0.041666666666666664
1 0.4725877192982456 0.14281798245614033 0.010964912280701754 0.02905701754385965
1 0.5317982456140351 0.3042763157894737 0.02266081871345029 0.04057017543859649
1 0.48245614035087714 0.2741228070175438 0.011695906432748537 0.017543859649122806
1 0.45979532163742687 0.29413377192982454 0.011695906432748537 0.03453947368421052
1 0.396016081871345 0.49862938596491224 0.013523391812865496 0.021381578947368418
1 0.26114766081871343 0.5274122807017544 0.027412280701754384 0.0537280701754386
1 0.2540204678362573 0.3980263157894737 0.013888888888888888 0.021929824561403508
1 0.20157163742690057 0.3840460526315789 0.03618421052631579 0.0400219298245614
1 0.22843567251461988 0.5178179824561403 0.023391812865497075 0.042214912280701754
1 0.17635233918128654 0.5076754385964912 0.025950292397660817 0.043859649122807015
1 0.12006578947368421 0.5046600877192983 0.05665204678362573 0.05537280701754386
1 0.08406432748538012 0.5137061403508771 0.029970760233918127 0.049342105263157895
1 0.0537280701754386 0.5202850877192983 0.02850877192982456 0.042763157894736836
1 0.021564327485380116 0.6036184210526315 0.041666666666666664 0.03618421052631579
1 0.04258040935672514 0.6362390350877193 0.025219298245614034 0.024671052631578948
1 0.10307017543859648 0.6362390350877193 0.02850877192982456 0.03125
1 0.16885964912280702 0.6118421052631579 0.029970760233918127 0.03179824561403509
1 0.0800438596491228 0.737390350877193 0.029239766081871343 0.05482456140350877
1 0.10599415204678361 0.7376644736842105 0.021198830409356724 0.018092105263157895
1 0.2627923976608187 0.7234100877192982 0.027046783625730993 0.048793859649122806
1 0.06012426900584795 0.8448464912280701 0.03326023391812866 0.046052631578947366
1 0.05080409356725146 0.9928728070175438 0.019736842105263157 0.029605263157894735
1 0.21582602339181287 1 0.02010233918128655 0.018092105263157895
1 0.2534722222222222 0.984923245614035 0.017909356725146198 0.013706140350877192
1 0.6191520467836257 0.01781798245614035 0.01827485380116959 0.02357456140350877
1 0.5142543859649122 0.1650219298245614 0.019005847953216373 0.02850877192982456
1 0.581140350877193 0.2905701754385965 0.021929824561403508 0.02850877192982456
1 0.6089181286549707 0.19682017543859648 0.023391812865497075 0.042763157894736836
1 0.6107456140350876 0.24780701754385964 0.01827485380116959 0.02850877192982456
1 0.6372441520467836 0.25219298245614036 0.020833333333333332 0.02850877192982456
1 0.66703216374269 0.26809210526315785 0.02631578947368421 0.04057017543859649
1 0.7079678362573099 0.328125 0.013888888888888888 0.041118421052631575
1 0.6582602339181286 0.023300438596491228 0.021198830409356724 0.0268640350877193
1 0.7552997076023391 0.0400219298245614 0.012792397660818713 0.02631578947368421
1 0.7556652046783625 0.12088815789473684 0.01864035087719298 0.03125
1 0.8011695906432748 0.04961622807017543 0.012426900584795321 0.013706140350877192
1 0.8726242690058479 0.013706140350877192 0.014985380116959063 0.02631578947368421
1 0.9614400584795321 0.05646929824561403 0.025219298245614034 0.03179824561403509
1 0.9130116959064327 0.1768092105263158 0.024853801169590642 0.024671052631578948
1 0.8276681286549707 0.1450109649122807 0.01864035087719298 0.020285087719298246
1 0.7695540935672515 0.2987938596491228 0.03033625730994152 0.03289473684210526
1 0.9780701754385964 0.28563596491228066 0.016812865497076022 0.03508771929824561
1 0.9409722222222222 0.31551535087719296 0.020833333333333332 0.041118421052631575
1 0.896016081871345 0.4065241228070175 0.0222953216374269 0.0268640350877193
1 0.8691520467836257 0.3752741228070175 0.02266081871345029 0.02905701754385965
1 0.8165204678362573 0.41173245614035087 0.019005847953216373 0.03070175438596491
1 0.8252923976608186 0.3042763157894737 0.01827485380116959 0.03179824561403509
1 0.9384137426900584 0.4174890350877193 0.011330409356725146 0.011513157894736841
1 0.9131944444444444 0.4777960526315789 0.020833333333333332 0.0268640350877193
1 0.9722222222222222 0.4690241228070175 0.016812865497076022 0.024671052631578948
1 0.927266081871345 0.6112938596491228 0.04751461988304093 0.0581140350877193
1 0.9468201754385964 0.7483552631578947 0.0222953216374269 0.029605263157894735
1 0.864766081871345 0.59375 0.013157894736842105 0.019736842105263157
1 0.7993421052631579 0.5986842105263157 0.019736842105263157 0.027412280701754384
1 0.7730263157894737 0.6184210526315789 0.017543859649122806 0.023026315789473683
1 0.7163742690058479 0.6324013157894737 0.023391812865497075 0.0356359649122807
1 0.40826023391812866 0.5227521929824561 0.015350877192982455 0.03125
1 0.42178362573099415 0.5986842105263157 0.029970760233918127 0.04714912280701754
1 0.4502923976608187 0.6156798245614035 0.02266081871345029 0.02850877192982456
1 0.5122441520467836 0.6387061403508771 0.023757309941520467 0.03070175438596491
1 0.5645102339181286 0.6384320175438596 0.0266812865497076 0.0356359649122807
1 0.5776681286549707 0.6058114035087719 0.023757309941520467 0.039473684210526314
1 0.6233552631578947 0.5789473684210527 0.025950292397660817 0.03289473684210526
1 0.6631944444444444 0.5984100877192983 0.028143274853801168 0.03344298245614035
1 0.677266081871345 0.5323464912280701 0.02266081871345029 0.023026315789473683
1 0.4671052631578947 0.5400219298245613 0.02046783625730994 0.025219298245614034
1 0.533625730994152 0.5271381578947368 0.007309941520467836 0.022478070175438597
1 0.49616228070175433 0.41063596491228066 0.01864035087719298 0.03289473684210526
1 0.5233918128654971 0.3908991228070175 0.02631578947368421 0.015350877192982455
1 0.6262792397660818 0.4103618421052631 0.02448830409356725 0.02357456140350877
1 0.6644736842105263 0.4136513157894737 0.01608187134502924 0.021381578947368418
1 0.5992324561403508 0.4838267543859649 0.025219298245614034 0.03673245614035087
1 0.8930921052631579 0.7102521929824561 0.013523391812865496 0.022478070175438597
1 0.8592836257309941 0.7099780701754386 0.015350877192982455 0.021929824561403508
1 0.8028143274853801 0.7502741228070176 0.021564327485380116 0.0356359649122807
1 0.7143640350877193 0.7771381578947368 0.025950292397660817 0.0356359649122807
1 0.6703216374269005 0.7417763157894737 0.017543859649122806 0.03508771929824561
1 0.6531432748538011 0.7058662280701754 0.038011695906432746 0.022478070175438597
1 0.6151315789473684 0.721765350877193 0.00804093567251462 0.00932017543859649
1 0.41776315789473684 0.7121710526315789 0.03216374269005848 0.04057017543859649
1 0.3638523391812865 0.8670504385964912 0.02448830409356725 0.02357456140350877
1 0.43548976608187134 0.8708881578947368 0.02887426900584795 0.022478070175438597
1 0.4722222222222222 0.9013157894736842 0.019005847953216373 0.03508771929824561
1 0.49159356725146197 0.8747258771929824 0.01608187134502924 0.02357456140350877
1 0.570906432748538 0.875548245614035 0.02266081871345029 0.03399122807017543
1 0.6059941520467836 0.8527960526315789 0.021929824561403508 0.0268640350877193
1 0.7059576023391813 0.8618421052631579 0.04057017543859649 0.0756578947368421
1 0.739766081871345 0.8489583333333333 0.027046783625730993 0.041118421052631575
1 0.8057383040935672 0.8325109649122806 0.025219298245614034 0.03782894736842105
1 0.8534356725146198 0.8379934210526315 0.02412280701754386 0.046600877192982455
1 0.8618421052631579 0.8522478070175438 0.02266081871345029 0.03125
1 0.8866959064327485 0.8352521929824561 0.019005847953216373 0.03125
1 0.9599780701754386 0.8209978070175438 0.017909356725146198 0.03453947368421052
1 0.9526681286549707 0.8604714912280701 0.023757309941520467 0.03234649122807017
1 1 0.9594298245614035 0.021564327485380116 0.02412280701754386
1 0.9409722222222222 0.944078947368421 0.020833333333333332 0.03618421052631579
1 0.8700657894736842 1 0.015716374269005847 0.03125
1 0.7055921052631579 1 0.025219298245614034 0.041118421052631575
1 0.6659356725146198 0.9794407894736842 0.019736842105263157 0.038925438596491224
1 0.643640350877193 1 0.01827485380116959 0.0268640350877193
1 0.5796783625730993 0.9838267543859649 0.027777777777777776 0.04989035087719298
1 0.5009137426900585 0.9890350877192982 0.012792397660818713 0.017543859649122806
1 0.46966374269005845 0.9824561403508771 0.011695906432748537 0.017543859649122806
1 0.4322002923976608 0.9824561403508771 0.054459064327485374 0.03618421052631579
1 0.4133771929824561 1 0.021929824561403508 0.0400219298245614
