1 0.03234649122807017 0.05537280701754386 0.01425438596491228 0.02412280701754386
1 0.07035818713450293 0.06661184210526315 0.011330409356725146 0.014802631578947368
1 0.16337719298245612 0.0581140350877193 0.014619883040935672 0.02412280701754386
1 0.21125730994152045 0.03618421052631579 0.019005847953216373 0.025219298245614034
1 0.2525584795321637 0.04468201754385965 0.016812865497076022 0.024671052631578948
1 0.29203216374269003 0.01864035087719298 0.014619883040935672 0.021929824561403508
1 0.3530701754385965 0.033717105263157895 0.014619883040935672 0.022478070175438597
1 0.3828581871345029 0.015625 0.01864035087719298 0.02905701754385965
1 0.31743421052631576 0.2275219298245614 0.011330409356725146 0.019736842105263157
1 0.3748172514619883 0.2431469298245614 0.03033625730994152 0.03782894736842105
1 0.2838084795321637 0.2650767543859649 0.028143274853801168 0.05317982456140351
1 0.254203216374269 0.2587719298245614 0.03326023391812866 0.03618421052631579
1 0.17489035087719298 0.25109649122807015 0.03399122807017543 0.046052631578947366
1 0.1474780701754386 0.24972587719298245 0.029605263157894735 0.048793859649122806
1 0.10891812865497075 0.26672149122807015 0.04093567251461988 0.04769736842105263
1 0.03618421052631579 0.29413377192982454 0.029239766081871343 0.03125
1 0.010782163742690058 0.37280701754385964 0.020833333333333332 0.02631578947368421
1 0.03326023391812866 0.3692434210526316 0.021929824561403508 0.03234649122807017
1 0.07236842105263158 0.38651315789473684 0.019005847953216373 0.019736842105263157
1 0.14071637426900585 0.3758223684210526 0.021198830409356724 0.041118421052631575
1 0.17288011695906433 0.35910087719298245 0.025584795321637425 0.021929824561403508
1 0.20175438596491227 0.3470394736842105 0.025584795321637425 0.03289473684210526
1 0.22861842105263155 0.350328947368421 0.04788011695906433 0.0800438596491228
1 0.25054824561403505 0.3352521929824561 0.0266812865497076 0.0400219298245614
1 0.27832602339181284 0.3692434210526316 0.028143274853801168 0.03344298245614035
1 0.34868421052631576 0.3484100877192982 0.021198830409356724 0.048793859649122806
1 0.37554824561403505 0.365953947368421 0.020833333333333332 0.03125
1 0.2730263157894737 0.5833333333333333 0.0445906432748538 0.05592105263157894
1 0.2046783625730994 0.5753837719298245 0.06432748538011696 0.08278508771929824
1 0.07035818713450293 0.6074561403508771 0.025219298245614034 0.0537280701754386
1 0.15533625730994152 0.7118969298245613 0.014619883040935672 0.022478070175438597
1 0.3711622807017544 0.9295504385964912 0.049342105263157895 0.05098684210526316
1 0.2046783625730994 0.9396929824561403 0.02412280701754386 0.041666666666666664
1 0.15862573099415203 0.9309210526315789 0.03216374269005848 0.04714912280701754
1 0.12701023391812866 0.9462719298245613 0.039108187134502925 0.0581140350877193
1 0.65625 0.0762061403508772 0.054459064327485374 0.09320175438596491
1 0.9864766081871345 0.17269736842105263 0.027046783625730993 0.04057017543859649
1 0.6407163742690059 0.31798245614035087 0.019005847953216373 0.04714912280701754
1 0.6547880116959064 0.3231907894736842 0.025219298245614034 0.046600877192982455
1 0.7266081871345029 0.319078947368421 0.014619883040935672 0.02412280701754386
1 0.9733187134502923 0.4290021929824561 0.0533625730994152 0.0356359649122807
1 0.8428362573099415 0.4407894736842105 0.03435672514619883 0.025219298245614034
1 0.7012061403508771 0.4355811403508772 0.035453216374269 0.03125
1 0.6030701754385964 0.4553179824561403 0.02850877192982456 0.014802631578947368
1 0.5738304093567251 0.44709429824561403 0.02850877192982456 0.018092105263157895
1 0.5274122807017544 0.44051535087719296 0.02412280701754386 0.021381578947368418
1 0.4985380116959064 0.5474232456140351 0.03070175438596491 0.044407894736842105
1 0.5332602339181286 0.5808662280701754 0.023391812865497075 0.022478070175438597
1 0.6138523391812866 0.5783991228070176 0.023026315789473683 0.02850877192982456
1 0.6498538011695906 0.5479714912280701 0.04678362573099415 0.05866228070175438
1 0.6986476608187134 0.5559210526315789 0.03691520467836257 0.046052631578947366
1 0.7406798245614035 0.4964364035087719 0.02448830409356725 0.041118421052631575
1 0.7715643274853801 0.5274122807017544 0.021929824561403508 0.02631578947368421
1 0.8072002923976608 0.5471491228070176 0.029605263157894735 0.0625
1 0.8358918128654971 0.5381030701754386 0.01608187134502924 0.015899122807017545
1 0.8697002923976608 0.5531798245614035 0.029605263157894735 0.06469298245614034
1 0.9713084795321637 0.540844298245614 0.035453216374269 0.06743421052631579
1 0.9917763157894737 0.5402960526315789 0.01644736842105263 0.05537280701754386
1 0.988486842105263 0.65625 0.023026315789473683 0.02412280701754386
1 0.862390350877193 0.6729714912280701 0.023026315789473683 0.042214912280701754
1 0.7666301169590642 0.6751644736842105 0.023757309941520467 0.02796052631578947
1 0.7149122807017544 0.6524122807017544 0.02266081871345029 0.03399122807017543
1 0.6971856725146198 0.6946271929824561 0.03691520467836257 0.0537280701754386
1 0.6600877192982456 0.6655701754385964 0.031432748538011694 0.042763157894736836
1 0.6034356725146198 0.6655701754385964 0.027777777777777776 0.04057017543859649
1 0.5703581871345029 0.6839364035087719 0.03691520467836257 0.043311403508771926
1 0.4985380116959064 0.7064144736842105 0.021198830409356724 0.02796052631578947
1 0.51078216374269 0.803453947368421 0.06103801169590643 0.07182017543859649
1 0.5692616959064327 0.7864583333333333 0.023757309941520467 0.03453947368421052
1 0.6142178362573099 0.8125 0.05080409356725146 0.0756578947368421
1 0.7739400584795321 0.7922149122807017 0.05226608187134503 0.06140350877192982
1 0.8638523391812865 0.8168859649122806 0.035453216374269 0.03618421052631579
1 0.8744517543859649 0.7881030701754386 0.02010233918128655 0.02905701754385965
1 0.8930921052631579 0.7678179824561403 0.054459064327485374 0.046600877192982455
1 0.9835526315789473 0.7428728070175438 0.03289473684210526 0.03179824561403509
