1 0.3472222222222222 0.01343201754385965 0.017543859649122806 0.015899122807017545
1 0.16173245614035087 0.02987938596491228 0.025219298245614034 0.038925438596491224
1 0.11385233918128654 0.025219298245614034 0.01644736842105263 0.01425438596491228
1 0.15716374269005848 0.1474780701754386 0.027777777777777776 0.049342105263157895
1 0.20157163742690057 0.1524122807017544 0.034722222222222224 0.042763157894736836
1 0.20833333333333331 0.11677631578947367 0.023391812865497075 0.041666666666666664
1 0.29276315789473684 0.12801535087719298 0.024853801169590642 0.0400219298245614
1 0.3086622807017544 0.1367872807017544 0.034722222222222224 0.0356359649122807
1 0.41173245614035087 0.14309210526315788 0.025219298245614034 0.03070175438596491
1 0.4722222222222222 0.12143640350877193 0.025584795321637425 0.02796052631578947
1 0.4888523391812865 0.062225877192982455 0.03179824561403509 0.038925438596491224
1 0.5604897660818713 0.08963815789473684 0.03326023391812866 0.0400219298245614
1 0.6133040935672515 0.10773026315789473 0.023391812865497075 0.044407894736842105
1 0.6299342105263157 0.12362938596491227 0.032529239766081866 0.0268640350877193
1 0.6661184210526315 0.11211622807017543 0.028143274853801168 0.03782894736842105
1 0.6913377192982456 0.10361842105263157 0.031067251461988302 0.03179824561403509
1 0.7255116959064327 0.11896929824561403 0.019005847953216373 0.039473684210526314
1 0.7520102339181286 0.07922149122807016 0.03179824561403509 0.0356359649122807
1 0.8262061403508771 0.13404605263157893 0.025950292397660817 0.0268640350877193
1 0.76078216374269 0.22368421052631576 0.02448830409356725 0.03070175438596491
1 0.6873172514619883 0.2250548245614035 0.025950292397660817 0.03125
1 0.6319444444444444 0.2182017543859649 0.027046783625730993 0.027412280701754384
1 0.6034356725146198 0.22642543859649122 0.017543859649122806 0.03179824561403509
1 0.552266081871345 0.21875 0.021198830409356724 0.03508771929824561
1 0.48282163742690054 0.24725877192982454 0.016812865497076022 0.046052631578947366
1 0.4576023391812865 0.24150219298245612 0.02046783625730994 0.0268640350877193
1 0.32766812865497075 0.22341008771929824 0.01206140350877193 0.018092105263157895
1 0.24798976608187134 0.25411184210526316 0.02448830409356725 0.02357456140350877
1 0.21290204678362573 0.23739035087719296 0.011330409356725146 0.020833333333333332
1 0.17726608187134502 0.24616228070175436 0.016812865497076022 0.021929824561403508
1 0.13925438596491227 0.26206140350877194 0.02046783625730994 0.03728070175438596
1 0.10014619883040934 0.26096491228070173 0.027777777777777776 0.03070175438596491
1 0.15387426900584794 0.3549890350877193 0.029239766081871343 0.03125
1 0.20833333333333331 0.3752741228070175 0.023391812865497075 0.0268640350877193
1 0.3296783625730994 0.3837719298245614 0.013157894736842105 0.021929824561403508
1 0.36184210526315785 0.40213815789473684 0.017543859649122806 0.022478070175438597
1 0.42141812865497075 0.3527960526315789 0.019736842105263157 0.045504385964912276
1 0.4576023391812865 0.35800438596491224 0.014619883040935672 0.023026315789473683
1 0.46984649122807015 0.3758223684210526 0.020833333333333332 0.02796052631578947
1 0.5413011695906432 0.31359649122807015 0.021929824561403508 0.03179824561403509
1 0.5913742690058479 0.36567982456140347 0.01827485380116959 0.03618421052631579
1 0.6290204678362573 0.3212719298245614 0.01608187134502924 0.029605263157894735
1 0.646016081871345 0.3275767543859649 0.01864035087719298 0.02357456140350877
1 0.6953581871345029 0.3393640350877193 0.027412280701754384 0.02850877192982456
1 0.6988304093567251 0.3042763157894737 0.014619883040935672 0.03070175438596491
1 0.7637061403508771 0.31935307017543857 0.019371345029239765 0.03344298245614035
1 0.8479532163742689 0.4095394736842105 0.03070175438596491 0.05263157894736842
1 0.768640350877193 0.4421600877192982 0.00804093567251462 0.018092105263157895
1 0.5902777777777778 0.4539473684210526 0.01023391812865497 0.017543859649122806
1 0.26809210526315785 0.4931469298245614 0.01206140350877193 0.0268640350877193
1 0.1385233918128655 0.4777960526315789 0.024853801169590642 0.022478070175438597
1 0.3828581871345029 0.4558662280701754 0.011330409356725146 0.015899122807017545
1 0.17032163742690057 0.7042214912280701 0.02266081871345029 0.0400219298245614
1 0.22953216374269003 0.743969298245614 0.013157894736842105 0.043859649122807015
1 0.3667763157894737 0.7138157894736842 0.0266812865497076 0.03399122807017543
1 0.4369517543859649 0.7151864035087719 0.044956140350877194 0.06853070175438596
1 0.49031432748538006 0.7053179824561403 0.0442251461988304 0.06195175438596491
1 0.5440423976608186 0.7086074561403508 0.04130116959064327 0.043311403508771926
1 0.5840643274853801 0.6781798245614035 0.038011695906432746 0.07236842105263158
1 0.6127558479532164 0.685032894736842 0.04203216374269006 0.06962719298245613
1 0.6611842105263157 0.706140350877193 0.0445906432748538 0.0625
1 0.7002923976608186 0.6806469298245613 0.03874269005847953 0.07072368421052631
1 0.7286184210526315 0.6918859649122807 0.04568713450292397 0.05043859649122807
1 0.8580043859649122 0.6557017543859649 0.04057017543859649 0.0581140350877193
1 0.6655701754385964 0.7864583333333333 0.0489766081871345 0.05208333333333333
1 0.6156798245614035 0.7664473684210525 0.03326023391812866 0.04714912280701754
1 0.5414839181286549 0.8067434210526315 0.06542397660818713 0.0400219298245614
1 0.427266081871345 0.7798793859649122 0.03728070175438596 0.06743421052631579
1 0.02101608187134503 0.700657894736842 0.0398391812865497 0.06578947368421052
1 0.18603801169590642 0.8283991228070176 0.021198830409356724 0.02631578947368421
1 0.2309941520467836 0.7993421052631579 0.05701754385964912 0.0537280701754386
1 0.26516812865497075 0.8327850877192982 0.034722222222222224 0.05153508771929824
1 0.27192982456140347 0.9073464912280701 0.021929824561403508 0.03289473684210526
1 0.30080409356725146 0.9155701754385964 0.023391812865497075 0.039473684210526314
1 0.3682383040935672 0.9174890350877193 0.02448830409356725 0.0356359649122807
1 0.768640350877193 0.9917763157894737 0.016812865497076022 0.01644736842105263
1 0.9497441520467835 0.0849780701754386 0.01206140350877193 0.020833333333333332
1 0.9978070175438596 0.024671052631578948 0.0043859649122807015 0.023026315789473683
1 0.8965643274853801 0.054550438596491224 0.015350877192982455 0.018092105263157895
1 0.8548976608187134 0.1962719298245614 0.013157894736842105 0.021929824561403508
1 0.8994883040935672 0.19682017543859648 0.013157894736842105 0.025219298245614034
1 0.9599780701754386 0.2094298245614035 0.010599415204678362 0.021929824561403508
1 0.9188596491228069 0.39364035087719296 0.025584795321637425 0.03618421052631579
1 0.9336622807017544 0.7412280701754386 0.008406432748538011 0.023026315789473683
1 0.9917763157894737 0.8303179824561403 0.01644736842105263 0.03015350877192982
1 0.8974780701754386 0.8670504385964912 0.02010233918128655 0.04769736842105263
1 0.862390350877193 0.8544407894736842 0.023757309941520467 0.0400219298245614
1 0.8892543859649122 0.9772478070175438 0.02412280701754386 0.044407894736842105
1 0.9159356725146198 0.9761513157894737 0.03216374269005848 0.04769736842105263
1 0.9468201754385964 0.9706688596491228 0.029605263157894735 0.05866228070175438
1 0.9921418128654971 0.9564144736842105 0.015716374269005847 0.05098684210526316
