1 0.18073830409356725 0.01343201754385965 0.03326023391812866 0.02357456140350877
1 0.0893640350877193 0.10032894736842105 0.009137426900584795 0.019736842105263157
1 0.12609649122807018 0.08442982456140351 0.006578947368421052 0.023026315789473683
1 0.23903508771929824 0.1074561403508772 0.01023391812865497 0.021929824561403508
1 0.32766812865497075 0.08141447368421052 0.010599415204678362 0.03234649122807017
1 0.4261695906432748 0.04989035087719298 0.008771929824561403 0.03618421052631579
1 0.40387426900584794 0.19682017543859648 0.02046783625730994 0.03508771929824561
1 0.35964912280701755 0.1943530701754386 0.017543859649122806 0.0268640350877193
1 0.3291301169590643 0.17489035087719298 0.015716374269005847 0.025219298245614034
1 0.2898391812865497 0.1962719298245614 0.01608187134502924 0.03070175438596491
1 0.25493421052631576 0.1839364035087719 0.01644736842105263 0.03125
1 0.2002923976608187 0.20148026315789472 0.012426900584795321 0.02796052631578947
1 0.17141812865497075 0.21052631578947367 0.013888888888888888 0.023026315789473683
1 0.15478801169590642 0.3489583333333333 0.029605263157894735 0.02796052631578947
1 0.18019005847953215 0.34621710526315785 0.009502923976608187 0.024671052631578948
1 0.34576023391812866 0.31030701754385964 0.010964912280701754 0.02631578947368421
1 0.4278143274853801 0.3209978070175438 0.029605263157894735 0.05756578947368421
1 0.11677631578947367 0.584703947368421 0.025950292397660817 0.044407894736842105
1 0.15533625730994152 0.572094298245614 0.039473684210526314 0.046600877192982455
1 0.18804824561403508 0.569078947368421 0.031067251461988302 0.05482456140350877
1 0.2498172514619883 0.5633223684210527 0.04057017543859649 0.05646929824561403
1 0.26461988304093564 0.5586622807017544 0.008771929824561403 0.02412280701754386
1 0.3388157894736842 0.5583881578947368 0.04678362573099415 0.07182017543859649
1 0.36239035087719296 0.5762061403508771 0.04130116959064327 0.049342105263157895
1 0.3989400584795321 0.5583881578947368 0.0398391812865497 0.046600877192982455
1 0.42872807017543857 0.5512609649122807 0.03874269005847953 0.06304824561403509
1 0.45906432748538006 0.5622258771929824 0.03216374269005848 0.03782894736842105
1 0.5127923976608186 0.5646929824561403 0.019005847953216373 0.017543859649122806
1 0.4643640350877193 0.6535087719298245 0.01206140350877193 0.021929824561403508
1 0.4301900584795321 0.6661184210526315 0.015350877192982455 0.01206140350877193
1 0.3653143274853801 0.6984649122807017 0.010599415204678362 0.019736842105263157
1 0.20175438596491227 0.662828947368421 0.01608187134502924 0.01864035087719298
1 0.14290935672514618 0.6699561403508771 0.014619883040935672 0.017543859649122806
1 0.03033625730994152 0.7072368421052632 0.012426900584795321 0.01206140350877193
1 0.049707602339181284 0.9246162280701754 0.011695906432748537 0.021381578947368418
1 0.08552631578947367 0.9081688596491228 0.012426900584795321 0.024671052631578948
1 0.11513157894736842 0.906798245614035 0.019005847953216373 0.025219298245614034
1 0.18019005847953215 0.9035087719298245 0.013157894736842105 0.021929824561403508
1 0.14985380116959063 0.9205043859649122 0.011695906432748537 0.025219298245614034
1 0.2134502923976608 0.9026864035087718 0.01608187134502924 0.03125
1 0.25054824561403505 0.8977521929824561 0.01644736842105263 0.022478070175438597
1 0.2894736842105263 0.903782894736842 0.017543859649122806 0.018092105263157895
1 0.3165204678362573 0.9109100877192982 0.02046783625730994 0.0268640350877193
1 0.5219298245614035 0.2094298245614035 0.02046783625730994 0.043859649122807015
1 0.5712719298245613 0.2138157894736842 0.013157894736842105 0.025219298245614034
1 0.6659356725146198 0.20285087719298245 0.01023391812865497 0.021929824561403508
1 0.7850877192982456 0.07428728070175439 0.012426900584795321 0.013706140350877192
1 0.7280701754385964 0.20093201754385964 0.013157894736842105 0.014802631578947368
1 0.785453216374269 0.20586622807017543 0.021929824561403508 0.021381578947368418
1 0.8095760233918128 0.17489035087719298 0.021198830409356724 0.03508771929824561
1 0.8305921052631579 0.17927631578947367 0.02448830409356725 0.03508771929824561
1 0.9173976608187134 0.1806469298245614 0.01608187134502924 0.02905701754385965
1 0.9755116959064327 0.29221491228070173 0.01827485380116959 0.01864035087719298
1 0.6348684210526315 0.43804824561403505 0.015350877192982455 0.01644736842105263
1 0.7207602339181286 0.4237938596491228 0.02046783625730994 0.021929824561403508
1 0.752375730994152 0.41721491228070173 0.0222953216374269 0.019736842105263157
1 0.7141812865497076 0.5537280701754386 0.02046783625730994 0.025219298245614034
1 0.8676900584795321 0.5268640350877193 0.024853801169590642 0.03289473684210526
1 0.9576023391812865 0.5233004385964912 0.02046783625730994 0.03015350877192982
1 0.9839181286549707 0.506578947368421 0.02850877192982456 0.03070175438596491
1 0.9468201754385964 0.6370614035087719 0.025219298245614034 0.020833333333333332
1 0.9053362573099415 0.6348684210526315 0.01608187134502924 0.021929824561403508
1 0.8733552631578947 0.6425438596491228 0.03033625730994152 0.049342105263157895
1 0.7196637426900584 0.6617324561403508 0.051900584795321635 0.05701754385964912
1 0.5864400584795322 0.810032894736842 0.04714912280701754 0.05208333333333333
1 0.6288377192982456 0.8045504385964912 0.02887426900584795 0.019188596491228067
1 0.6445540935672515 0.7911184210526315 0.017909356725146198 0.025219298245614034
1 0.9576023391812865 0.8459429824561403 0.023391812865497075 0.017543859649122806
1 0.9722222222222222 0.856907894736842 0.015350877192982455 0.013157894736842105
1 0.8486842105263157 0.8678728070175438 0.01608187134502924 0.019736842105263157
1 0.8165204678362573 0.8796600877192982 0.011695906432748537 0.015899122807017545
1 0.7832602339181286 0.8887061403508771 0.014619883040935672 0.013157894736842105
1 0.7454312865497076 0.8889802631578947 0.01425438596491228 0.014802631578947368
1 0.6858552631578947 0.8771929824561403 0.01864035087719298 0.020833333333333332
1 0.643640350877193 0.894736842105263 0.013888888888888888 0.017543859649122806
1 0.8218201754385964 0.9936951754385964 0.013523391812865496 0.012609649122807017
