1 0.02540204678362573 0.12719298245614036 0.02887426900584795 0.03070175438596491
1 0.055190058479532164 0.027412280701754384 0.029239766081871343 0.020833333333333332
1 0.19864766081871343 0.022203947368421052 0.02887426900584795 0.041118421052631575
1 0.4950657894736842 0.2250548245614035 0.023757309941520467 0.03782894736842105
1 0.4608918128654971 0.29660087719298245 0.010964912280701754 0.025219298245614034
1 0.42141812865497075 0.3218201754385965 0.013888888888888888 0.019736842105263157
1 0.3951023391812865 0.3075657894736842 0.01608187134502924 0.015350877192982455
1 0.2905701754385965 0.33497807017543857 0.019736842105263157 0.021929824561403508
1 0.22368421052631576 0.25246710526315785 0.02850877192982456 0.024671052631578948
1 0.16758040935672514 0.23300438596491227 0.019371345029239765 0.03070175438596491
1 0.03380847953216374 0.23519736842105263 0.020833333333333332 0.04714912280701754
1 0.1299342105263158 0.3393640350877193 0.023757309941520467 0.015350877192982455
1 0.2046783625730994 0.3574561403508772 0.017543859649122806 0.021929824561403508
1 0.21728801169590642 0.3256578947368421 0.02010233918128655 0.01206140350877193
1 0.5376461988304093 0.5625 0.039473684210526314 0.06469298245614034
1 0.445906432748538 0.5509868421052632 0.02266081871345029 0.03618421052631579
1 0.38029970760233917 0.5493421052631579 0.04130116959064327 0.0668859649122807
1 0.3369883040935672 0.5389254385964912 0.03289473684210526 0.027412280701754384
1 0.314875730994152 0.575657894736842 0.01864035087719298 0.03508771929824561
1 0.2880116959064327 0.5463267543859649 0.033625730994152045 0.04769736842105263
1 0.25529970760233917 0.5901864035087719 0.03691520467836257 0.04769736842105263
1 0.18987573099415203 0.5871710526315789 0.04349415204678363 0.0668859649122807
1 0.15478801169590642 0.5633223684210527 0.03399122807017543 0.05756578947368421
1 0.10873538011695906 0.5644188596491228 0.055190058479532164 0.07401315789473684
1 0.03033625730994152 0.5767543859649122 0.054093567251461985 0.06578947368421052
1 0.03764619883040936 0.6674890350877193 0.015350877192982455 0.021381578947368418
1 0.06944444444444445 0.6548793859649122 0.02850877192982456 0.042214912280701754
1 0.09466374269005848 0.6831140350877193 0.027046783625730993 0.042763157894736836
1 0.2598684210526316 0.6625548245614035 0.031432748538011694 0.021381578947368418
1 0.2803362573099415 0.665844298245614 0.023391812865497075 0.02796052631578947
1 0.3472222222222222 0.6639254385964912 0.021198830409356724 0.04714912280701754
1 0.3296783625730994 0.6737938596491228 0.019736842105263157 0.017543859649122806
1 0.40625 0.6557017543859649 0.019371345029239765 0.01644736842105263
1 0.4853801169590643 0.6609100877192982 0.021198830409356724 0.05646929824561403
1 0.5166301169590642 0.6430921052631579 0.019371345029239765 0.021929824561403508
1 0.5425804093567251 0.7667214912280701 0.014985380116959063 0.015899122807017545
1 0.4097222222222222 0.7746710526315789 0.01608187134502924 0.01425438596491228
1 0.5484283625730993 0.8511513157894737 0.023757309941520467 0.05646929824561403
1 0.5082236842105263 0.8648574561403508 0.03691520467836257 0.05208333333333333
1 0.46929824561403505 0.8665021929824561 0.03289473684210526 0.044407894736842105
1 0.4365862573099415 0.8577302631578947 0.03326023391812866 0.048793859649122806
1 0.37591374269005845 0.8692434210526315 0.025950292397660817 0.0400219298245614
1 0.30957602339181284 0.8665021929824561 0.02850877192982456 0.044407894736842105
1 0.28234649122807015 0.862390350877193 0.023757309941520467 0.05482456140350877
1 0.22807017543859648 0.8703399122807017 0.03070175438596491 0.046600877192982455
1 0.17196637426900585 0.8558114035087718 0.03618421052631579 0.03618421052631579
1 0.13285818713450293 0.8678728070175438 0.028143274853801168 0.038377192982456135
1 0.1067251461988304 0.8621162280701754 0.02631578947368421 0.03125
1 0.07236842105263158 0.8706140350877193 0.029970760233918127 0.03179824561403509
1 0.027412280701754384 0.8684210526315789 0.029239766081871343 0.04824561403508772
1 0.2002923976608187 0.9468201754385964 0.019005847953216373 0.020833333333333332
1 0.6465643274853801 0.01343201754385965 0.016812865497076022 0.02357456140350877
1 0.7090643274853801 0.008497807017543858 0.014619883040935672 0.013706140350877192
1 0.8252923976608186 0.006853070175438596 0.013888888888888888 0.011513157894736841
1 0.7777777777777777 0.02987938596491228 0.008771929824561403 0.013706140350877192
1 0.8998538011695906 0.03125 0.014619883040935672 0.02631578947368421
1 0.8813961988304093 0.5364583333333333 0.0266812865497076 0.0268640350877193
1 0.6454678362573099 0.6565241228070176 0.03435672514619883 0.02905701754385965
1 0.6885964912280701 0.6258223684210525 0.016812865497076022 0.03125
1 0.6860380116959064 0.6743421052631579 0.019005847953216373 0.04057017543859649
1 0.7468932748538011 0.6293859649122807 0.011330409356725146 0.02412280701754386
1 0.91703216374269 0.615953947368421 0.019736842105263157 0.02905701754385965
1 0.9144736842105262 0.6943530701754386 0.027046783625730993 0.02905701754385965
1 0.6445540935672515 0.8752741228070174 0.04714912280701754 0.0762061403508772
1 0.752375730994152 0.9383223684210525 0.01864035087719298 0.02357456140350877
1 0.7695540935672515 0.9427083333333333 0.042763157894736836 0.08388157894736842
1 0.8788377192982456 0.9525767543859649 0.0222953216374269 0.03673245614035087
1 0.9115497076023391 0.9462719298245613 0.024853801169590642 0.03070175438596491
1 0.9276315789473684 0.9196820175438596 0.016812865497076022 0.02357456140350877
1 0.9652777777777777 0.9418859649122806 0.023391812865497075 0.03179824561403509
