1 0.3538011695906432 1 0.027777777777777776 0.0581140350877193
1 0.43457602339181284 1 0.02850877192982456 0.05098684210526316
1 0.19462719298245612 0.75 0.05226608187134503 0.08662280701754385
1 0.36915204678362573 0.7790570175438596 0.027046783625730993 0.05043859649122807
1 0.3223684210526316 0.7650767543859649 0.02266081871345029 0.0356359649122807
1 0.29678362573099415 1 0.02412280701754386 0.041118421052631575
1 0.5232090643274854 1 0.05080409356725146 0.06524122807017543
1 0.5752923976608186 0.9983552631578947 0.024853801169590642 0.06578947368421052
1 0.6197002923976608 1 0.04203216374269006 0.07839912280701754
1 0.6343201754385964 1 0.023026315789473683 0.05537280701754386
1 0.7847222222222222 1 0.04532163742690058 0.06304824561403509
1 0.8916301169590642 0.9958881578947368 0.025219298245614034 0.03125
1 0.9784356725146198 1 0.04239766081871345 0.05537280701754386
1 0.7447002923976608 0.8996710526315789 0.02887426900584795 0.03399122807017543
1 0.7896564327485379 0.7730263157894737 0.038377192982456135 0.05043859649122807
1 0.8384502923976608 0.7697368421052632 0.029239766081871343 0.02631578947368421
1 0.7578581871345029 0.7321820175438596 0.023026315789473683 0.022478070175438597
1 0.6518640350877193 0.7502741228070176 0.0266812865497076 0.048793859649122806
1 0.6078216374269005 0.7371162280701754 0.02412280701754386 0.021381578947368418
1 0.5796783625730993 0.759594298245614 0.029239766081871343 0.043311403508771926
1 0.5615862573099415 0.7563048245614035 0.031067251461988302 0.046600877192982455
1 0.471125730994152 0.7639802631578947 0.023391812865497075 0.041118421052631575
1 0.577485380116959 0.4577850877192982 0.02046783625730994 0.03179824561403509
1 0.7298976608187134 0.4884868421052631 0.031432748538011694 0.03289473684210526
1 0.7730263157894737 0.4728618421052631 0.02850877192982456 0.02576754385964912
1 0.9413377192982456 0.21875 0.03179824561403509 0.03618421052631579
1 0.7430555555555555 0.25219298245614036 0.013157894736842105 0.017543859649122806
1 0.6913377192982456 0.23656798245614033 0.017909356725146198 0.019188596491228067
1 0.30902777777777773 0.14089912280701752 0.02448830409356725 0.021929824561403508
1 0.03216374269005848 0.24835526315789472 0.01023391812865497 0.025219298245614034
1 0.06597222222222222 0.2708333333333333 0.03399122807017543 0.03179824561403509
1 0.11951754385964912 0.25959429824561403 0.01023391812865497 0.021381578947368418
1 0.29989035087719296 0.5296052631578947 0.03033625730994152 0.03179824561403509
