1 0.3422880116959064 0.2631578947368421 0.03764619883040936 0.03399122807017543
1 0.2777777777777778 0.3843201754385965 0.04532163742690058 0.042763157894736836
1 0.22605994152046782 0.3887061403508772 0.0537280701754386 0.0625
1 0.18804824561403508 0.3782894736842105 0.03691520467836257 0.0668859649122807
1 0.1602704678362573 0.39473684210526316 0.058845029239766075 0.08114035087719298
1 0.1074561403508772 0.3939144736842105 0.0402046783625731 0.07291666666666666
1 0.06743421052631579 0.3802083333333333 0.03691520467836257 0.04989035087719298
1 0.028326023391812866 0.3867872807017544 0.03691520467836257 0.06853070175438596
1 0.055190058479532164 0.4553179824561403 0.03435672514619883 0.0268640350877193
1 0.3291301169590643 0.4690241228070175 0.03618421052631579 0.05317982456140351
1 0.3653143274853801 0.6044407894736842 0.02010233918128655 0.021381578947368418
1 0.33790204678362573 0.6921600877192982 0.044956140350877194 0.05427631578947368
1 0.2403143274853801 0.8544407894736842 0.023757309941520467 0.07291666666666666
1 0.044956140350877194 0.9769736842105262 0.01827485380116959 0.046052631578947366
1 0.3188961988304093 0.9821820175438596 0.05226608187134503 0.0356359649122807
1 0.3159722222222222 0.8961074561403508 0.020833333333333332 0.02796052631578947
1 0.42580409356725146 0.01288377192982456 0.02266081871345029 0.012609649122807017
1 0.4725877192982456 0.013980263157894735 0.025584795321637425 0.018092105263157895
1 0.9336622807017544 0.06469298245614034 0.025950292397660817 0.04714912280701754
1 0.8969298245614035 0.0962171052631579 0.03070175438596491 0.0400219298245614
1 0.8417397660818713 0.05317982456140351 0.027046783625730993 0.042763157894736836
1 0.7774122807017544 0.08552631578947367 0.019005847953216373 0.06798245614035087
1 0.7026681286549707 0.1694078947368421 0.02448830409356725 0.03179824561403509
1 0.5963084795321637 0.12527412280701752 0.0222953216374269 0.044407894736842105
1 0.54203216374269 0.12472587719298245 0.03289473684210526 0.06195175438596491
1 0.4947002923976608 0.21052631578947367 0.025950292397660817 0.05921052631578947
1 0.46290204678362573 0.26398026315789475 0.027412280701754384 0.0400219298245614
1 0.6235380116959064 0.25411184210526316 0.016812865497076022 0.024671052631578948
1 0.581140350877193 0.25246710526315785 0.014619883040935672 0.020285087719298246
1 0.721125730994152 0.24561403508771928 0.021198830409356724 0.029605263157894735
1 0.9217836257309941 0.25301535087719296 0.008771929824561403 0.016995614035087717
1 0.8534356725146198 0.4695723684210526 0.029239766081871343 0.03673245614035087
1 0.7432383040935672 0.4169407894736842 0.03326023391812866 0.05646929824561403
1 0.658625730994152 0.3588267543859649 0.03508771929824561 0.041118421052631575
1 0.6597222222222222 0.44243421052631576 0.02850877192982456 0.041666666666666664
1 0.48245614035087714 0.509594298245614 0.023391812865497075 0.03453947368421052
1 0.4228801169590643 0.3558114035087719 0.02046783625730994 0.021929824561403508
1 0.4576023391812865 0.4065241228070175 0.021929824561403508 0.0400219298245614
1 0.4453581871345029 0.5959429824561403 0.014985380116959063 0.01644736842105263
1 0.3951023391812865 0.6981907894736842 0.03728070175438596 0.04989035087719298
1 0.4322002923976608 0.6861293859649122 0.03764619883040936 0.044407894736842105
1 0.46582602339181284 0.7190241228070176 0.035453216374269 0.044407894736842105
1 0.49616228070175433 0.6828399122807017 0.04349415204678363 0.05427631578947368
1 0.5762061403508771 0.6981907894736842 0.028143274853801168 0.042214912280701754
1 0.646016081871345 0.7094298245614035 0.025950292397660817 0.0581140350877193
1 0.6659356725146198 0.6918859649122807 0.023391812865497075 0.038377192982456135
1 0.7406798245614035 0.7012061403508771 0.02887426900584795 0.049342105263157895
1 0.7759502923976608 0.697094298245614 0.02631578947368421 0.016995614035087717
1 0.8209064327485379 0.7182017543859649 0.014619883040935672 0.02850877192982456
1 0.9141081871345029 0.7064144736842105 0.03216374269005848 0.05427631578947368
1 0.9471856725146198 0.6943530701754386 0.03399122807017543 0.06743421052631579
1 0.9892178362573099 0.9821820175438596 0.021564327485380116 0.0356359649122807
1 0.9400584795321637 0.9621710526315789 0.03728070175438596 0.06030701754385964
1 0.9769736842105262 0.8591008771929824 0.019005847953216373 0.044956140350877194
1 0.9071637426900584 0.8722587719298245 0.027046783625730993 0.06578947368421052
1 0.8804824561403508 0.8325109649122806 0.02631578947368421 0.03344298245614035
1 0.8490497076023391 0.8018092105263157 0.014619883040935672 0.024671052631578948
1 0.8417397660818713 0.9761513157894737 0.04532163742690058 0.04769736842105263
1 0.781798245614035 0.9772478070175438 0.0445906432748538 0.045504385964912276
1 0.7949561403508771 0.8706140350877193 0.023391812865497075 0.03618421052631579
1 0.721125730994152 0.8448464912280701 0.023391812865497075 0.043859649122807015
1 0.6509502923976608 0.8300438596491228 0.035818713450292396 0.042763157894736836
1 0.6118421052631579 0.9777960526315789 0.010964912280701754 0.03125
1 0.5738304093567251 0.9616228070175438 0.015350877192982455 0.03399122807017543
1 0.5796783625730993 0.865953947368421 0.012426900584795321 0.0268640350877193
1 0.552266081871345 0.8486842105263157 0.02850877192982456 0.0581140350877193
1 0.5116959064327485 0.988486842105263 0.011695906432748537 0.023026315789473683
1 0.49798976608187134 0.8440241228070176 0.032529239766081866 0.05756578947368421
1 0.4614400584795321 0.8486842105263157 0.03691520467836257 0.0668859649122807
1 0.4100877192982456 0.9756030701754386 0.049707602339181284 0.048793859649122806
1 0.43402777777777773 0.8506030701754386 0.04130116959064327 0.07839912280701754
1 0.37298976608187134 0.856907894736842 0.025950292397660817 0.03399122807017543
1 0.40277777777777773 0.8684210526315789 0.021929824561403508 0.07785087719298245
