1 0.09375 0.005208333333333333 0.009137426900584795 0.00932017543859649
1 0.10014619883040934 0.07346491228070175 0.016812865497076022 0.02850877192982456
1 0.26078216374269003 0.18338815789473684 0.029605263157894735 0.06085526315789473
1 0.16904239766081872 0.2859100877192982 0.011330409356725146 0.018092105263157895
1 0.15533625730994152 0.5227521929824561 0.02631578947368421 0.044407894736842105
1 0.023940058479532164 0.6559758771929824 0.023757309941520467 0.042214912280701754
1 0.09429824561403508 0.6080043859649122 0.017543859649122806 0.03508771929824561
1 0.15314327485380116 0.6025219298245613 0.021929824561403508 0.03399122807017543
1 0.20175438596491227 0.7365679824561403 0.013157894736842105 0.018092105263157895
1 0.02046783625730994 0.9421600877192982 0.021198830409356724 0.03125
1 0.039108187134502925 0.9533991228070174 0.019736842105263157 0.02631578947368421
1 0.07474415204678363 0.938048245614035 0.019371345029239765 0.02850877192982456
1 0.2149122807017544 0.9303728070175438 0.03070175438596491 0.046052631578947366
1 0.4102704678362573 0.024671052631578948 0.021564327485380116 0.02850877192982456
1 0.4512061403508772 0.03865131578947368 0.03033625730994152 0.042214912280701754
1 0.46564327485380114 0.08470394736842105 0.014619883040935672 0.03453947368421052
1 0.5052997076023391 0.09703947368421052 0.017909356725146198 0.03508771929824561
1 0.5893640350877193 0.04742324561403508 0.0266812865497076 0.03234649122807017
1 0.6631944444444444 0.0625 0.023757309941520467 0.03289473684210526
1 0.8477704678362573 0.020285087719298246 0.028143274853801168 0.038377192982456135
1 0.8934576023391813 0.01507675438596491 0.04641812865497076 0.02796052631578947
1 0.9446271929824561 0.015899122807017545 0.025950292397660817 0.03070175438596491
1 0.7563961988304093 0.03645833333333333 0.01864035087719298 0.019188596491228067
1 0.7657163742690059 0.011239035087719298 0.025584795321637425 0.020285087719298246
1 0.9497441520467835 0.2250548245614035 0.025950292397660817 0.03453947368421052
1 0.8574561403508771 0.22341008771929824 0.038011695906432746 0.044407894736842105
1 0.6304824561403508 0.24150219298245612 0.013888888888888888 0.022478070175438597
1 0.5650584795321637 0.25 0.03508771929824561 0.05263157894736842
1 0.5224780701754386 0.2519188596491228 0.023757309941520467 0.03453947368421052
1 0.3475877192982456 0.38651315789473684 0.02412280701754386 0.04714912280701754
1 0.4228801169590643 0.3640350877192982 0.033625730994152045 0.044956140350877194
1 0.5347222222222222 0.35910087719298245 0.02631578947368421 0.03728070175438596
1 0.7715643274853801 0.33908991228070173 0.02631578947368421 0.042214912280701754
1 0.8475877192982456 0.32456140350877194 0.03508771929824561 0.046052631578947366
1 0.9766081871345029 0.444078947368421 0.04093567251461988 0.06359649122807018
1 0.938048245614035 0.5052083333333333 0.03399122807017543 0.043311403508771926
1 0.8563596491228069 0.45175438596491224 0.02850877192982456 0.027412280701754384
1 0.768640350877193 0.4525767543859649 0.029970760233918127 0.0400219298245614
1 0.7383040935672515 0.4772478070175438 0.023391812865497075 0.043311403508771926
1 0.5869883040935672 0.5021929824561403 0.04093567251461988 0.038377192982456135
1 0.5288742690058479 0.46929824561403505 0.031432748538011694 0.04824561403508772
1 0.5 0.4624451754385965 0.02046783625730994 0.03344298245614035
1 0.46673976608187134 0.4950657894736842 0.024853801169590642 0.02850877192982456
1 0.4292763157894737 0.46929824561403505 0.042763157894736836 0.06030701754385964
1 0.40277777777777773 0.5008223684210527 0.027046783625730993 0.03673245614035087
1 0.3609283625730994 0.4928728070175438 0.02887426900584795 0.06030701754385964
1 0.3697002923976608 0.625 0.025950292397660817 0.038377192982456135
1 0.4053362573099415 0.618969298245614 0.02412280701754386 0.03728070175438596
1 0.4576023391812865 0.6137609649122807 0.029239766081871343 0.045504385964912276
1 0.5723684210526315 0.6145833333333333 0.029970760233918127 0.041666666666666664
1 0.6206140350877193 0.603344298245614 0.035818713450292396 0.04769736842105263
1 0.6518640350877193 0.6203399122807017 0.03033625730994152 0.045504385964912276
1 0.6869517543859649 0.5970394736842105 0.0222953216374269 0.03728070175438596
1 0.7266081871345029 0.5986842105263157 0.031432748538011694 0.03508771929824561
1 0.7578581871345029 0.6047149122807017 0.023757309941520467 0.03289473684210526
1 0.7763157894736842 0.6118421052631579 0.01608187134502924 0.021929824561403508
1 0.813048245614035 0.6115679824561403 0.031067251461988302 0.016995614035087717
1 0.8349780701754386 0.6137609649122807 0.025219298245614034 0.02576754385964912
1 0.8574561403508771 0.5948464912280701 0.029239766081871343 0.04057017543859649
1 0.8832236842105262 0.6027960526315789 0.02887426900584795 0.048793859649122806
1 0.9141081871345029 0.6006030701754386 0.021929824561403508 0.0356359649122807
1 0.9488304093567251 0.6074561403508771 0.0445906432748538 0.038377192982456135
1 0.9486476608187134 0.703125 0.023026315789473683 0.018092105263157895
1 0.8501461988304093 0.6896929824561403 0.021929824561403508 0.021929824561403508
1 0.8057383040935672 0.6984649122807017 0.015716374269005847 0.01425438596491228
1 0.7708333333333333 0.6858552631578947 0.014619883040935672 0.019736842105263157
1 0.6567982456140351 0.7143640350877193 0.019736842105263157 0.020833333333333332
1 0.5645102339181286 0.7028508771929824 0.017178362573099414 0.02631578947368421
1 0.5127923976608186 0.7116228070175438 0.019736842105263157 0.01644736842105263
1 0.45705409356725146 0.6877741228070176 0.025950292397660817 0.0400219298245614
1 0.4199561403508772 0.8218201754385964 0.021929824561403508 0.03618421052631579
1 0.45175438596491224 0.8379934210526315 0.01023391812865497 0.020285087719298246
1 0.5040204678362573 0.8456688596491228 0.021929824561403508 0.02357456140350877
1 0.5635964912280701 0.8193530701754386 0.009502923976608187 0.015899122807017545
1 0.6401681286549707 0.8127741228070176 0.015716374269005847 0.020285087719298246
1 0.6626461988304093 0.8314144736842105 0.016812865497076022 0.012609649122807017
1 0.7055921052631579 0.831140350877193 0.01425438596491228 0.020833333333333332
1 0.7666301169590642 0.8462171052631579 0.015716374269005847 0.022478070175438597
1 0.8951023391812865 0.8199013157894737 0.019005847953216373 0.02576754385964912
1 0.956140350877193 0.8245614035087718 0.024853801169590642 0.01864035087719298
1 0.9322002923976608 0.8974780701754386 0.044956140350877194 0.0581140350877193
1 0.8682383040935672 0.915844298245614 0.021564327485380116 0.03015350877192982
1 0.7675438596491228 0.9150219298245613 0.023391812865497075 0.03289473684210526
1 0.6938961988304093 0.9150219298245613 0.03179824561403509 0.03070175438596491
1 0.6688596491228069 0.922423245614035 0.02046783625730994 0.03673245614035087
1 0.5862573099415205 0.9169407894736842 0.027777777777777776 0.03125
1 0.5038377192982456 0.9131030701754386 0.01864035087719298 0.02905701754385965
1 0.4497441520467836 0.9290021929824561 0.019371345029239765 0.03125
1 0.40423976608187134 0.9150219298245613 0.015350877192982455 0.03399122807017543
1 0.37701023391812866 0.9013157894736842 0.044956140350877194 0.039473684210526314
