1 0.4848318713450292 0.11211622807017543 0.03326023391812866 0.0356359649122807
1 0.43951023391812866 0.11156798245614034 0.03326023391812866 0.042214912280701754
1 0.3790204678362573 0.1938048245614035 0.019736842105263157 0.05756578947368421
1 0.2701023391812865 0.21984649122807015 0.029239766081871343 0.03289473684210526
1 0.24616228070175436 0.20038377192982454 0.017178362573099414 0.015899122807017545
1 0.2012061403508772 0.2387609649122807 0.031067251461988302 0.03782894736842105
1 0.18804824561403508 0.22094298245614033 0.03399122807017543 0.038377192982456135
1 0.15679824561403508 0.23739035087719296 0.029239766081871343 0.03070175438596491
1 0.12262426900584794 0.24725877192982454 0.0398391812865497 0.03289473684210526
1 0.10087719298245613 0.2138157894736842 0.029239766081871343 0.04057017543859649
1 0.049342105263157895 0.25493421052631576 0.025584795321637425 0.02631578947368421
1 0.010782163742690058 0.2475328947368421 0.019371345029239765 0.02796052631578947
1 0.42872807017543857 0.36156798245614036 0.041666666666666664 0.07291666666666666
1 0.32383040935672514 0.35718201754385964 0.03728070175438596 0.0762061403508772
1 0.30665204678362573 0.34923245614035087 0.024853801169590642 0.03289473684210526
1 0.258406432748538 0.34429824561403505 0.027046783625730993 0.0625
1 0.20614035087719296 0.3933662280701754 0.03654970760233918 0.05866228070175438
1 0.1284722222222222 0.36622807017543857 0.04641812865497076 0.0625
1 0.3125 0.7609649122807017 0.03874269005847953 0.06140350877192982
1 0.3110380116959064 0.9890350877192982 0.017543859649122806 0.021929824561403508
1 0.3843201754385965 0.987390350877193 0.01864035087719298 0.025219298245614034
1 0.43804824561403505 0.987390350877193 0.01644736842105263 0.025219298245614034
1 0.7953216374269005 0.19407894736842105 0.031432748538011694 0.03618421052631579
1 0.6059941520467836 0.8928179824561403 0.03289473684210526 0.04989035087719298
1 0.7777777777777777 0.9621710526315789 0.039473684210526314 0.0537280701754386
1 0.7938596491228069 0.9024122807017544 0.014619883040935672 0.027412280701754384
1 0.9623538011695906 0.844298245614035 0.039473684210526314 0.07456140350877193
1 0.9354897660818713 0.7521929824561403 0.03033625730994152 0.042763157894736836
