1 0.11330409356725146 0.5948464912280701 0.016812865497076022 0.03618421052631579
1 0.044407894736842105 0.06277412280701754 0.05592105263157894 0.0805921052631579
1 0.14016812865497075 0.0893640350877193 0.054459064327485374 0.07785087719298245
1 0.17489035087719298 0.08525219298245613 0.04130116959064327 0.06304824561403509
1 0.2525584795321637 0.0537280701754386 0.059941520467836254 0.0668859649122807
1 0.2847222222222222 0.08086622807017543 0.04239766081871345 0.08278508771929824
1 0.30957602339181284 0.07648026315789473 0.046052631578947366 0.0762061403508772
1 0.3516081871345029 0.09237938596491227 0.049707602339181284 0.08388157894736842
1 0.4292763157894737 0.06716008771929824 0.04568713450292397 0.0805921052631579
1 0.4815423976608187 0.07209429824561403 0.048611111111111105 0.04989035087719298
1 0.5347222222222222 0.078125 0.046052631578947366 0.0893640350877193
1 0.6938961988304093 0.06716008771929824 0.05007309941520467 0.07182017543859649
1 0.7549342105263157 0.07346491228070175 0.06469298245614034 0.08552631578947367
1 0.9497441520467835 0.23053728070175436 0.07200292397660818 0.0805921052631579
1 0.7781432748538011 0.19709429824561403 0.05263157894736842 0.07072368421052631
1 0.7026681286549707 0.2064144736842105 0.0398391812865497 0.07730263157894736
1 0.6065423976608186 0.23163377192982454 0.042763157894736836 0.02796052631578947
1 0.570906432748538 0.3081140350877193 0.01827485380116959 0.02850877192982456
1 0.42470760233918126 0.30098684210526316 0.021198830409356724 0.03728070175438596
1 0.39747807017543857 0.25219298245614036 0.034722222222222224 0.049342105263157895
1 0.32766812865497075 0.20778508771929824 0.038377192982456135 0.06030701754385964
1 0.2538377192982456 0.25 0.058845029239766075 0.07236842105263158
1 0.18402777777777776 0.20833333333333331 0.034722222222222224 0.04824561403508772
1 0.08698830409356725 0.2319078947368421 0.03435672514619883 0.05482456140350877
1 0.03033625730994152 0.22121710526315788 0.05701754385964912 0.09155701754385964
1 0.14309210526315788 0.4794407894736842 0.02448830409356725 0.02576754385964912
1 0.2671783625730994 0.4928728070175438 0.014619883040935672 0.020833333333333332
1 0.5230263157894737 0.37993421052631576 0.019005847953216373 0.023026315789473683
1 0.8706140350877193 0.49780701754385964 0.04751461988304093 0.05701754385964912
1 0.9243421052631579 0.39309210526315785 0.02046783625730994 0.021929824561403508
1 0.9497441520467835 0.3958333333333333 0.0266812865497076 0.02850877192982456
1 0.9740497076023391 0.35005482456140347 0.014619883040935672 0.014802631578947368
