1 0.011330409356725146 0.07017543859649122 0.021198830409356724 0.043859649122807015
1 0.07766812865497076 0.062225877192982455 0.03399122807017543 0.048793859649122806
1 0.1116593567251462 0.06578947368421052 0.034722222222222224 0.044956140350877194
1 0.14455409356725146 0.06469298245614034 0.03179824561403509 0.03289473684210526
1 0.17196637426900585 0.058936403508771926 0.03326023391812866 0.05208333333333333
1 0.24652777777777776 0.17023026315789472 0.04057017543859649 0.045504385964912276
1 0.05226608187134503 0.2584978070175438 0.021929824561403508 0.019188596491228067
1 0.03618421052631579 0.46984649122807015 0.027046783625730993 0.03508771929824561
1 0.09758771929824561 0.4786184210526315 0.03508771929824561 0.041666666666666664
1 0.13176169590643275 0.4786184210526315 0.025219298245614034 0.020833333333333332
1 0.2627923976608187 0.4709429824561403 0.023391812865497075 0.04057017543859649
1 0.1387061403508772 0.6669407894736842 0.025219298245614034 0.038925438596491224
1 0.04842836257309941 0.6674890350877193 0.017909356725146198 0.0268640350877193
1 0.16410818713450293 0.8700657894736842 0.03289473684210526 0.03399122807017543
1 0.23391812865497075 0.912828947368421 0.024853801169590642 0.044956140350877194
1 0.7158260233918128 0.01864035087719298 0.0222953216374269 0.029605263157894735
1 0.8008040935672515 0.10361842105263157 0.014619883040935672 0.05263157894736842
1 0.3530701754385965 0.058936403508771926 0.021198830409356724 0.038925438596491224
1 0.4471856725146199 0.04468201754385965 0.025950292397660817 0.02357456140350877
1 0.4809941520467836 0.0649671052631579 0.023391812865497075 0.0356359649122807
1 0.5082236842105263 0.07428728070175439 0.023026315789473683 0.02576754385964912
1 0.5467836257309941 0.06716008771929824 0.01827485380116959 0.0268640350877193
1 0.6348684210526315 0.08991228070175439 0.03289473684210526 0.04057017543859649
1 0.6778143274853801 0.06661184210526315 0.01644736842105263 0.02796052631578947
1 0.8340643274853801 0.15652412280701752 0.013888888888888888 0.022478070175438597
1 0.7309941520467835 0.1425438596491228 0.023391812865497075 0.041666666666666664
1 0.7108918128654971 0.171875 0.02046783625730994 0.03782894736842105
1 0.6288377192982456 0.15679824561403508 0.020833333333333332 0.04057017543859649
1 0.5111476608187134 0.15186403508771928 0.02448830409356725 0.03399122807017543
1 0.4265350877192982 0.1683114035087719 0.01608187134502924 0.02850877192982456
1 0.3706140350877193 0.17160087719298245 0.02266081871345029 0.03179824561403509
1 0.29276315789473684 0.2664473684210526 0.023391812865497075 0.017543859649122806
1 0.39309210526315785 0.28125 0.0266812865497076 0.043859649122807015
1 0.7552997076023391 0.24287280701754385 0.031067251461988302 0.03289473684210526
1 0.7807017543859649 0.2450657894736842 0.029239766081871343 0.03618421052631579
1 0.8163377192982456 0.2590460526315789 0.02010233918128655 0.02905701754385965
1 0.5259502923976608 0.375 0.014619883040935672 0.019736842105263157
1 0.8177997076023391 0.45614035087719296 0.02448830409356725 0.03618421052631579
1 0.7861842105263157 0.45997807017543857 0.015350877192982455 0.013157894736842105
1 0.7485380116959064 0.45997807017543857 0.021198830409356724 0.03728070175438596
1 0.6913377192982456 0.45751096491228066 0.012792397660818713 0.024671052631578948
1 0.6542397660818713 0.4462719298245614 0.024853801169590642 0.03070175438596491
1 0.46637426900584794 0.47368421052631576 0.016812865497076022 0.03070175438596491
1 0.42141812865497075 0.46737938596491224 0.016812865497076022 0.03673245614035087
1 0.3965643274853801 0.4720394736842105 0.014619883040935672 0.03179824561403509
1 0.3574561403508772 0.46600877192982454 0.027777777777777776 0.03399122807017543
1 0.2911184210526316 0.4728618421052631 0.028143274853801168 0.038925438596491224
1 0.24269005847953215 0.6513157894736842 0.023391812865497075 0.025219298245614034
1 0.2598684210526316 0.6609100877192982 0.02046783625730994 0.022478070175438597
1 0.2940423976608187 0.6433662280701754 0.025219298245614034 0.0268640350877193
1 0.3501461988304093 0.6458333333333333 0.012426900584795321 0.020833333333333332
1 0.3828581871345029 0.6384320175438596 0.01864035087719298 0.015899122807017545
1 0.5146198830409356 0.6447368421052632 0.011695906432748537 0.02850877192982456
1 0.5645102339181286 0.65625 0.01206140350877193 0.020833333333333332
1 0.5888157894736842 0.6535087719298245 0.02046783625730994 0.03728070175438596
1 0.6458333333333333 0.640625 0.01608187134502924 0.016995614035087717
1 0.79203216374269 0.6587171052631579 0.01608187134502924 0.03125
1 0.7584064327485379 0.6450109649122807 0.01827485380116959 0.015899122807017545
1 0.7266081871345029 0.6392543859649122 0.02266081871345029 0.020833333333333332
1 0.2708333333333333 0.781798245614035 0.038011695906432746 0.03399122807017543
1 0.3574561403508772 0.7543859649122806 0.016812865497076022 0.03618421052631579
1 0.4954312865497076 0.7524671052631579 0.02448830409356725 0.022478070175438597
1 0.5338084795321637 0.747532894736842 0.014985380116959063 0.03673245614035087
1 0.6337719298245613 0.7741228070175438 0.013157894736842105 0.03289473684210526
1 0.552266081871345 0.78125 0.02266081871345029 0.02631578947368421
1 0.66703216374269 0.7590460526315789 0.029239766081871343 0.03125
1 0.72953216374269 0.7702850877192982 0.016812865497076022 0.049342105263157895
1 0.768640350877193 0.7774122807017544 0.014619883040935672 0.042763157894736836
1 0.8086622807017544 0.7653508771929824 0.020833333333333332 0.05921052631578947
1 0.82328216374269 0.8752741228070174 0.017178362573099414 0.048793859649122806
1 0.6387061403508771 0.8771929824561403 0.020833333333333332 0.03070175438596491
1 0.4857456140350877 0.9059758771929824 0.017543859649122806 0.03015350877192982
1 0.3530701754385965 0.8796600877192982 0.021198830409356724 0.0268640350877193
1 0.31341374269005845 0.8662280701754386 0.02448830409356725 0.03618421052631579
1 0.9409722222222222 0.0381030701754386 0.0062134502923976605 0.018092105263157895
1 0.9972587719298245 0.04906798245614035 0.005482456140350877 0.014802631578947368
1 0.9292763157894737 0.14994517543859648 0.013523391812865496 0.020285087719298246
1 0.9395102339181286 0.42817982456140347 0.017909356725146198 0.020833333333333332
1 0.9941520467836257 0.4427083333333333 0.010964912280701754 0.019188596491228067
1 0.9937865497076023 0.5734649122807017 0.012426900584795321 0.029605263157894735
1 0.9672880116959064 0.5778508771929824 0.019371345029239765 0.03070175438596491
1 0.9336622807017544 0.5896381578947368 0.015716374269005847 0.0268640350877193
1 0.9649122807017543 0.8824013157894737 0.013157894736842105 0.02796052631578947
1 0.9950657894736842 0.888157894736842 0.009868421052631578 0.029605263157894735
1 0.9842836257309941 0.9904057017543859 0.008771929824561403 0.019188596491228067
