1 0.6030701754385964 0.049342105263157895 0.0489766081871345 0.0712719298245614
1 0.5645102339181286 0.05592105263157894 0.05007309941520467 0.07346491228070175
1 0.5093201754385964 0.05208333333333333 0.0442251461988304 0.039473684210526314
1 0.4809941520467836 0.06058114035087719 0.03289473684210526 0.042214912280701754
1 0.4442616959064327 0.05537280701754386 0.042763157894736836 0.07017543859649122
1 0.46290204678362573 0.1069078947368421 0.04203216374269006 0.043859649122807015
1 0.39345760233918126 0.0800438596491228 0.0442251461988304 0.07236842105263158
1 0.3565423976608187 0.05756578947368421 0.03399122807017543 0.017543859649122806
1 0.3203581871345029 0.08662280701754385 0.028143274853801168 0.046052631578947366
1 0.2744883040935672 0.07154605263157894 0.04824561403508772 0.05208333333333333
1 0.20705409356725146 0.0693530701754386 0.042763157894736836 0.06085526315789473
1 0.2317251461988304 0.07099780701754385 0.03508771929824561 0.02576754385964912
1 0.18603801169590642 0.0644188596491228 0.029239766081871343 0.046600877192982455
1 0.03399122807017543 0.07593201754385964 0.03216374269005848 0.06853070175438596
1 0.09375 0.06030701754385964 0.0625 0.06798245614035087
1 0.1557017543859649 0.2162828947368421 0.024853801169590642 0.03782894736842105
1 0.21929824561403508 0.21600877192982454 0.025584795321637425 0.027412280701754384
1 0.3877923976608187 0.19736842105263158 0.023391812865497075 0.023026315789473683
1 0.4672880116959064 0.18996710526315788 0.019371345029239765 0.020285087719298246
1 0.3877923976608187 0.30372807017543857 0.010964912280701754 0.017543859649122806
1 0.34502923976608185 0.3218201754385965 0.011695906432748537 0.013157894736842105
1 0.26169590643274854 0.29742324561403505 0.009502923976608187 0.015899122807017545
1 0.20266812865497075 0.2859100877192982 0.01425438596491228 0.018092105263157895
1 0.04203216374269006 0.4734100877192982 0.029239766081871343 0.0400219298245614
1 0.08406432748538012 0.4396929824561403 0.039473684210526314 0.021929824561403508
1 0.12262426900584794 0.4629934210526315 0.034722222222222224 0.03344298245614035
1 0.17964181286549707 0.44243421052631576 0.025219298245614034 0.023026315789473683
1 0.2178362573099415 0.4290021929824561 0.03070175438596491 0.0356359649122807
1 0.25529970760233917 0.4377741228070175 0.032529239766081866 0.044407894736842105
1 0.3399122807017544 0.4514802631578947 0.021929824561403508 0.0356359649122807
1 0.3740862573099415 0.4605263157894737 0.0398391812865497 0.05482456140350877
1 0.42854532163742687 0.45942982456140347 0.034722222222222224 0.04057017543859649
1 0.5040204678362573 0.43338815789473684 0.016812865497076022 0.03125
1 0.539656432748538 0.4336622807017544 0.027412280701754384 0.03618421052631579
1 0.5855263157894737 0.4358552631578947 0.029239766081871343 0.05153508771929824
1 0.6763523391812866 0.4202302631578947 0.04057017543859649 0.06304824561403509
1 0.6617324561403508 0.5076754385964912 0.03179824561403509 0.03179824561403509
1 0.6244517543859649 0.5586622807017544 0.025219298245614034 0.027412280701754384
1 0.6306652046783625 0.603344298245614 0.01864035087719298 0.02357456140350877
1 0.54203216374269 0.5446820175438596 0.014619883040935672 0.015899122807017545
1 0.46929824561403505 0.5575657894736842 0.016812865497076022 0.020833333333333332
1 0.3636695906432748 0.5496162280701754 0.016812865497076022 0.018092105263157895
1 0.283625730994152 0.5622258771929824 0.019736842105263157 0.020285087719298246
1 0.20906432748538012 0.5627741228070176 0.021929824561403508 0.022478070175438597
1 0.17708333333333331 0.546875 0.02448830409356725 0.024671052631578948
1 0.1299342105263158 0.5581140350877193 0.021564327485380116 0.025219298245614034
1 0.06451023391812866 0.5479714912280701 0.025950292397660817 0.022478070175438597
1 0.01425438596491228 0.5474232456140351 0.02412280701754386 0.020285087719298246
1 0.05610380116959064 0.6491228070175439 0.03326023391812866 0.03289473684210526
1 0.12701023391812866 0.6384320175438596 0.032529239766081866 0.03125
1 0.16703216374269006 0.640625 0.029970760233918127 0.021381578947368418
1 0.11677631578947367 0.6746162280701754 0.0398391812865497 0.04989035087719298
1 0.023026315789473683 0.7461622807017544 0.029970760233918127 0.04057017543859649
1 0.059027777777777776 0.787828947368421 0.032529239766081866 0.04057017543859649
1 0.15679824561403508 0.7549342105263157 0.025584795321637425 0.02631578947368421
1 0.36184210526315785 0.731907894736842 0.033625730994152045 0.05263157894736842
1 0.4292763157894737 0.6962719298245613 0.029605263157894735 0.03070175438596491
1 0.4950657894736842 0.6652960526315789 0.025950292397660817 0.03782894736842105
1 0.49707602339181284 0.7639802631578947 0.01827485380116959 0.05756578947368421
1 0.5557383040935672 0.6987390350877193 0.0266812865497076 0.0400219298245614
1 0.6968201754385964 0.6790021929824561 0.029605263157894735 0.042214912280701754
1 0.7108918128654971 0.8075657894736842 0.01608187134502924 0.03618421052631579
1 0.7198464912280701 0.6595394736842105 0.015716374269005847 0.04057017543859649
1 0.750548245614035 0.7264254385964912 0.0222953216374269 0.02850877192982456
1 0.8051900584795321 0.6853070175438596 0.014619883040935672 0.038377192982456135
1 0.8188961988304093 0.6959978070175438 0.020833333333333332 0.0400219298245614
1 0.8516081871345029 0.6792763157894737 0.025584795321637425 0.043859649122807015
1 0.8901681286549707 0.054002192982456135 0.03399122807017543 0.05427631578947368
1 0.7838084795321637 0.0693530701754386 0.01425438596491228 0.018092105263157895
1 0.7567616959064327 0.0712719298245614 0.04203216374269006 0.02850877192982456
1 0.814875730994152 0.07154605263157894 0.009868421052631578 0.010416666666666666
1 0.8051900584795321 0.18996710526315788 0.01023391812865497 0.022478070175438597
1 0.8930921052631579 0.15186403508771928 0.038377192982456135 0.049342105263157895
1 0.7552997076023391 0.2593201754385965 0.032529239766081866 0.04057017543859649
1 0.9919590643274854 0.3157894736842105 0.01608187134502924 0.049342105263157895
1 0.939875730994152 0.2900219298245614 0.02887426900584795 0.03728070175438596
1 0.8735380116959064 0.32839912280701755 0.027046783625730993 0.042763157894736836
1 0.8095760233918128 0.48876096491228066 0.024853801169590642 0.0268640350877193
1 0.7598684210526315 0.5723684210526315 0.021929824561403508 0.039473684210526314
1 0.7847222222222222 0.5855263157894737 0.015350877192982455 0.03179824561403509
1 0.9369517543859649 0.5433114035087719 0.03179824561403509 0.039473684210526314
1 0.993969298245614 0.6872258771929824 0.01206140350877193 0.0400219298245614
1 0.9605263157894737 0.7483552631578947 0.019005847953216373 0.0537280701754386
1 0.9214181286549707 0.6683114035087719 0.02631578947368421 0.0537280701754386
1 0.08881578947368421 0.3275767543859649 0.019736842105263157 0.014802631578947368
