1 0.04057017543859649 0.41063596491228066 0.027046783625730993 0.04057017543859649
1 0.18165204678362573 0.3881578947368421 0.015350877192982455 0.02850877192982456
1 0.06304824561403509 0.4553179824561403 0.02010233918128655 0.022478070175438597
1 0.012244152046783625 0.47313596491228066 0.023026315789473683 0.019736842105263157
1 0.3086622807017544 0.397203947368421 0.0266812865497076 0.04769736842105263
1 0.31048976608187134 0.46600877192982454 0.019371345029239765 0.038377192982456135
1 0.3790204678362573 0.37033991228070173 0.021198830409356724 0.02796052631578947
1 0.14364035087719298 0.6030701754385964 0.03289473684210526 0.027412280701754384
1 0.10891812865497075 0.6474780701754386 0.02266081871345029 0.03728070175438596
1 0.12408625730994151 0.7160087719298245 0.025219298245614034 0.02850877192982456
1 0.25201023391812866 0.5901864035087719 0.0222953216374269 0.019188596491228067
1 0.23391812865497075 0.6359649122807017 0.021929824561403508 0.03728070175438596
1 0.3653143274853801 0.6011513157894737 0.017178362573099414 0.0356359649122807
1 0.3516081871345029 0.7190241228070176 0.02412280701754386 0.03125
1 0.34082602339181284 0.7955043859649122 0.023757309941520467 0.03289473684210526
1 0.04824561403508772 0.8289473684210525 0.021929824561403508 0.020833333333333332
1 0.06597222222222222 0.9375 0.034722222222222224 0.03179824561403509
1 0.12298976608187134 0.9383223684210525 0.034722222222222224 0.043311403508771926
1 0.22423245614035087 0.8802083333333333 0.0222953216374269 0.041118421052631575
1 0.2622441520467836 0.8527960526315789 0.0222953216374269 0.03125
1 0.3682383040935672 0.8308662280701754 0.01864035087719298 0.0356359649122807
1 0.39309210526315785 0.8215460526315789 0.028143274853801168 0.044407894736842105
1 0.44828216374269003 0.6705043859649122 0.0222953216374269 0.03508771929824561
1 0.5195540935672515 0.6255482456140351 0.019371345029239765 0.03070175438596491
1 0.5449561403508771 0.6165021929824561 0.019736842105263157 0.03344298245614035
1 0.45303362573099415 0.9262609649122806 0.035453216374269 0.05537280701754386
1 0.4932383040935672 0.9013157894736842 0.0266812865497076 0.03289473684210526
1 0.5195540935672515 0.9021381578947368 0.014985380116959063 0.018092105263157895
1 0.33479532163742687 0.9492872807017544 0.023391812865497075 0.03234649122807017
1 0.3046418128654971 0.9295504385964912 0.025950292397660817 0.0268640350877193
1 0.24415204678362573 0.956140350877193 0.021198830409356724 0.039473684210526314
1 0.19462719298245612 0.9712171052631579 0.023026315789473683 0.0400219298245614
1 0.47368421052631576 0.3418311403508772 0.025584795321637425 0.0400219298245614
1 0.5215643274853801 0.28344298245614036 0.031432748538011694 0.05592105263157894
1 0.5297880116959064 0.33223684210526316 0.02010233918128655 0.023026315789473683
1 0.5829678362573099 0.4109100877192982 0.02266081871345029 0.03125
1 0.6259137426900584 0.4024122807017544 0.017909356725146198 0.0537280701754386
1 0.6675804093567251 0.34402412280701755 0.031067251461988302 0.022478070175438597
1 0.6761695906432749 0.4884868421052631 0.021198830409356724 0.038377192982456135
1 0.7309941520467835 0.4629934210526315 0.016812865497076022 0.0400219298245614
1 0.6407163742690059 0.7012061403508771 0.021198830409356724 0.03618421052631579
1 0.7441520467836257 0.7086074561403508 0.014619883040935672 0.02905701754385965
1 0.6346856725146198 1 0.04714912280701754 0.06195175438596491
1 0.7865497076023391 0.9155701754385964 0.0489766081871345 0.0581140350877193
1 0.9261695906432748 0.915844298245614 0.019005847953216373 0.03453947368421052
1 0.7964181286549707 0.37088815789473684 0.015350877192982455 0.0356359649122807
1 0.8618421052631579 0.33497807017543857 0.013888888888888888 0.017543859649122806
1 0.8305921052631579 0.5046600877192983 0.01425438596491228 0.044407894736842105
1 0.8603801169590642 0.4564144736842105 0.015350877192982455 0.02796052631578947
1 0.9126461988304093 0.39364035087719296 0.02412280701754386 0.027412280701754384
1 0.9279970760233918 0.37554824561403505 0.01608187134502924 0.044956140350877194
1 0.9700292397660818 0.3752741228070175 0.02631578947368421 0.0356359649122807
1 0.9535818713450291 0.4487390350877193 0.021198830409356724 0.020285087719298246
1 0.9424342105263157 0.4827302631578947 0.017178362573099414 0.0400219298245614
1 1 0.5940241228070176 0.014985380116959063 0.018092105263157895
