1 0.06505847953216373 0.08799342105263157 0.03654970760233918 0.02796052631578947
1 0.03326023391812866 0.1537828947368421 0.03728070175438596 0.06304824561403509
1 0.0935672514619883 0.2182017543859649 0.04239766081871345 0.044956140350877194
1 0.12609649122807018 0.17653508771929824 0.038011695906432746 0.0625
1 0.1822002923976608 0.07346491228070175 0.01864035087719298 0.020833333333333332
1 0.22277046783625729 0.09018640350877193 0.025219298245614034 0.021381578947368418
1 0.3534356725146199 0.10773026315789473 0.03216374269005848 0.06195175438596491
1 0.3788377192982456 0.078125 0.025950292397660817 0.038925438596491224
1 0.23775584795321636 0.2637061403508772 0.03326023391812866 0.044956140350877194
1 0.10800438596491227 0.3588267543859649 0.029605263157894735 0.02357456140350877
1 0.17141812865497075 0.3352521929824561 0.033625730994152045 0.0268640350877193
1 0.316703216374269 0.3555372807017544 0.05226608187134503 0.0893640350877193
1 0.039108187134502925 0.5712719298245613 0.03435672514619883 0.027412280701754384
1 0.26133040935672514 0.5540021929824561 0.02412280701754386 0.0356359649122807
1 0.2094298245614035 0.6965460526315789 0.008771929824561403 0.012609649122807017
1 0.19279970760233917 0.8237390350877193 0.03399122807017543 0.05537280701754386
1 0.12554824561403508 0.7924890350877193 0.03326023391812866 0.06524122807017543
1 0.08150584795321637 0.7861842105263157 0.03728070175438596 0.039473684210526314
1 0.19755116959064326 0.9487390350877193 0.023026315789473683 0.0268640350877193
1 0.15826023391812866 0.9503837719298245 0.027777777777777776 0.05317982456140351
1 0.13486842105263158 0.9427083333333333 0.023391812865497075 0.041118421052631575
1 0.07072368421052631 0.9629934210526315 0.03764619883040936 0.07072368421052631
1 0.4184941520467836 0.06798245614035087 0.031432748538011694 0.041666666666666664
1 0.4926900584795321 0.08525219298245613 0.03070175438596491 0.0356359649122807
1 0.539656432748538 0.0868969298245614 0.02887426900584795 0.044407894736842105
1 0.5650584795321637 0.04906798245614035 0.021929824561403508 0.038925438596491224
1 0.6048976608187134 0.07017543859649122 0.017543859649122806 0.02631578947368421
1 0.664656432748538 0.07593201754385964 0.04788011695906433 0.06743421052631579
1 0.7017543859649122 0.08442982456140351 0.023391812865497075 0.04714912280701754
1 0.7426900584795322 0.06716008771929824 0.016812865497076022 0.03125
1 0.7646198830409356 0.06277412280701754 0.027046783625730993 0.05756578947368421
1 0.8406432748538011 0.0644188596491228 0.02046783625730994 0.03453947368421052
1 0.9184941520467835 0.0800438596491228 0.04239766081871345 0.03618421052631579
1 0.9788011695906432 0.08717105263157894 0.029239766081871343 0.0581140350877193
1 0.9468201754385964 0.18804824561403508 0.02448830409356725 0.04057017543859649
1 0.9126461988304093 0.21463815789473684 0.023391812865497075 0.0356359649122807
1 0.8945540935672515 0.2590460526315789 0.019371345029239765 0.0356359649122807
1 0.8340643274853801 0.23300438596491227 0.019005847953216373 0.03289473684210526
1 0.7774122807017544 0.203125 0.029970760233918127 0.0356359649122807
1 0.6235380116959064 0.21463815789473684 0.014619883040935672 0.013706140350877192
1 0.5752923976608186 0.20531798245614033 0.023391812865497075 0.0356359649122807
1 0.5332602339181286 0.2151864035087719 0.02631578947368421 0.03234649122807017
1 0.4755116959064327 0.19051535087719298 0.024853801169590642 0.045504385964912276
1 0.42434210526315785 0.22176535087719296 0.024853801169590642 0.02357456140350877
1 0.5049342105263157 0.23218201754385964 0.011330409356725146 0.013706140350877192
1 0.3828581871345029 0.22779605263157893 0.01864035087719298 0.0268640350877193
1 0.35928362573099415 0.21025219298245612 0.011695906432748537 0.018092105263157895
1 0.33442982456140347 0.24588815789473684 0.02046783625730994 0.0356359649122807
1 0.3603801169590643 0.26781798245614036 0.016812865497076022 0.019188596491228067
1 0.34173976608187134 0.48053728070175433 0.02266081871345029 0.042214912280701754
1 0.38029970760233917 0.47313596491228066 0.01206140350877193 0.017543859649122806
1 0.3790204678362573 0.3665021929824561 0.05116959064327485 0.0805921052631579
1 0.47934941520467833 0.3771929824561403 0.05226608187134503 0.03179824561403509
1 0.4301900584795321 0.46929824561403505 0.012426900584795321 0.03070175438596491
1 0.4471856725146199 0.4865679824561403 0.05080409356725146 0.07510964912280702
1 0.5449561403508771 0.3514254385964912 0.033625730994152045 0.041666666666666664
1 0.6602704678362573 0.3939144736842105 0.05738304093567251 0.05208333333333333
1 0.7240497076023391 0.39309210526315785 0.04824561403508772 0.0625
1 0.8364400584795321 0.3796600877192982 0.05153508771929824 0.05756578947368421
1 0.9243421052631579 0.31798245614035087 0.056286549707602336 0.08223684210526315
1 0.9756944444444444 0.34594298245614036 0.025219298245614034 0.0668859649122807
1 0.8408260233918128 0.4602521929824561 0.035453216374269 0.05098684210526316
1 0.7286184210526315 0.5087719298245614 0.020833333333333332 0.038377192982456135
1 0.6074561403508771 0.4682017543859649 0.03874269005847953 0.06578947368421052
1 0.5347222222222222 0.48684210526315785 0.03070175438596491 0.042763157894736836
1 0.508406432748538 0.48410087719298245 0.012426900584795321 0.010964912280701754
1 0.32383040935672514 0.5635964912280701 0.02046783625730994 0.01864035087719298
1 0.33790204678362573 0.5567434210526315 0.023026315789473683 0.018092105263157895
1 0.42434210526315785 0.5737390350877193 0.01827485380116959 0.00932017543859649
1 0.5434941520467836 0.5625 0.021198830409356724 0.020833333333333332
1 0.5782163742690059 0.5515350877192983 0.016812865497076022 0.021929824561403508
1 0.7964181286549707 0.5759320175438596 0.005116959064327485 0.015899122807017545
1 0.8651315789473684 0.5649671052631579 0.014619883040935672 0.013706140350877192
1 0.9387792397660818 0.6540570175438596 0.03764619883040936 0.05043859649122807
1 0.9937865497076023 0.7190241228070176 0.012426900584795321 0.03125
1 0.7403143274853801 0.6995614035087719 0.025950292397660817 0.043859649122807015
1 0.6270102339181286 0.7140899122807017 0.027412280701754384 0.02796052631578947
1 0.5844298245614035 0.6885964912280701 0.025584795321637425 0.039473684210526314
1 0.5557383040935672 0.7297149122807017 0.0266812865497076 0.039473684210526314
1 0.5137061403508771 0.7902960526315789 0.034722222222222224 0.06853070175438596
1 0.5244883040935672 0.8303179824561403 0.03289473684210526 0.06414473684210525
1 0.40625 0.6674890350877193 0.031067251461988302 0.03782894736842105
1 0.333516081871345 0.7171052631578947 0.031067251461988302 0.046052631578947366
1 0.314875730994152 0.8040021929824561 0.04130116959064327 0.05756578947368421
1 0.34576023391812866 0.8078399122807017 0.031432748538011694 0.07291666666666666
1 0.41447368421052627 0.8262061403508771 0.02631578947368421 0.0625
1 0.4409722222222222 0.8344298245614035 0.01864035087719298 0.03179824561403509
1 0.4707602339181286 0.8149671052631579 0.0402046783625731 0.0849780701754386
1 0.5977704678362573 0.8218201754385964 0.025219298245614034 0.03618421052631579
1 0.6299342105263157 0.8237390350877193 0.0398391812865497 0.05756578947368421
1 0.6763523391812866 0.8234649122807017 0.04714912280701754 0.08333333333333333
1 0.72953216374269 0.7946820175438596 0.03654970760233918 0.06524122807017543
1 0.7658991228070176 0.8470394736842105 0.034722222222222224 0.042763157894736836
1 0.8115862573099415 0.8368969298245613 0.0398391812865497 0.06304824561403509
1 0.8965643274853801 0.8135964912280701 0.038011695906432746 0.0668859649122807
1 0.9488304093567251 0.8368969298245613 0.02850877192982456 0.05098684210526316
1 0.9809941520467835 0.8218201754385964 0.038011695906432746 0.044956140350877194
