1 0.07529239766081872 0.07867324561403509 0.019736842105263157 0.03125
1 0.1162280701754386 0.054002192982456135 0.015350877192982455 0.03125
1 0.2406798245614035 0.1762609649122807 0.03618421052631579 0.038925438596491224
1 0.19535818713450293 0.1869517543859649 0.01644736842105263 0.027412280701754384
1 0.19298245614035087 0.031524122807017545 0.009502923976608187 0.018092105263157895
1 0.2850877192982456 0.04303728070175438 0.014619883040935672 0.03234649122807017
1 0.356359649122807 0.03782894736842105 0.029239766081871343 0.02850877192982456
1 0.3159722222222222 0.23300438596491227 0.021564327485380116 0.025219298245614034
1 0.1611842105263158 0.2587719298245614 0.014619883040935672 0.025219298245614034
1 0.4360380116959064 0.20093201754385964 0.024853801169590642 0.018092105263157895
1 0.4413377192982456 0.2675438596491228 0.02887426900584795 0.044956140350877194
1 0.4932383040935672 0.26206140350877194 0.01644736842105263 0.020833333333333332
1 0.4766081871345029 0.15652412280701752 0.027046783625730993 0.046600877192982455
1 0.39016812865497075 0.3621162280701754 0.025219298245614034 0.022478070175438597
1 0.24762426900584794 0.3867872807017544 0.0222953216374269 0.02905701754385965
1 0.09137426900584794 0.3914473684210526 0.01608187134502924 0.03179824561403509
1 0.04093567251461988 0.35663377192982454 0.01608187134502924 0.03015350877192982
1 0.034722222222222224 0.2587719298245614 0.02631578947368421 0.02631578947368421
1 0.06451023391812866 0.2944078947368421 0.015716374269005847 0.044956140350877194
1 0.23282163742690057 0.59375 0.013157894736842105 0.02850877192982456
1 0.17434210526315788 0.6184210526315789 0.019005847953216373 0.02850877192982456
1 0.11385233918128654 0.6066337719298245 0.01864035087719298 0.021381578947368418
1 0.09502923976608187 0.6387061403508771 0.03070175438596491 0.03618421052631579
1 0.011330409356725146 0.5992324561403508 0.015350877192982455 0.027412280701754384
1 0.24762426900584794 0.7149122807017544 0.021564327485380116 0.021929824561403508
1 0.22368421052631576 0.7294407894736842 0.025584795321637425 0.045504385964912276
1 0.13559941520467836 0.7568530701754386 0.013157894736842105 0.03344298245614035
1 0.054641812865497075 0.6768092105263157 0.021564327485380116 0.03782894736842105
1 0.03216374269005848 0.915844298245614 0.02046783625730994 0.05317982456140351
1 0.10635964912280702 0.8552631578947368 0.02046783625730994 0.021929824561403508
1 0.21052631578947367 0.8259320175438596 0.02631578947368421 0.04769736842105263
1 0.2905701754385965 0.8177083333333333 0.03435672514619883 0.06853070175438596
1 0.596125730994152 0.013980263157894735 0.010964912280701754 0.016995614035087717
1 0.9943347953216374 0.07593201754385964 0.011330409356725146 0.02905701754385965
1 0.9292763157894737 0.11677631578947367 0.0222953216374269 0.027412280701754384
1 0.6176900584795322 0.13157894736842105 0.015350877192982455 0.025219298245614034
1 0.6524122807017544 0.1450109649122807 0.01608187134502924 0.03234649122807017
1 0.7032163742690059 0.22998903508771928 0.02850877192982456 0.03125
1 0.8399122807017544 0.26343201754385964 0.021198830409356724 0.03125
1 0.8744517543859649 0.23711622807017543 0.021564327485380116 0.022478070175438597
1 0.9707602339181286 0.21600877192982454 0.02412280701754386 0.021929824561403508
1 0.9053362573099415 0.34484649122807015 0.02412280701754386 0.027412280701754384
1 0.8402777777777777 0.31688596491228066 0.01827485380116959 0.021929824561403508
1 0.7666301169590642 0.38130482456140347 0.023757309941520467 0.0356359649122807
1 0.7032163742690059 0.3706140350877193 0.024853801169590642 0.03618421052631579
1 0.6875 0.3484100877192982 0.025584795321637425 0.048793859649122806
1 0.6211622807017544 0.3621162280701754 0.015716374269005847 0.0268640350877193
1 0.5391081871345029 0.36485745614035087 0.016812865497076022 0.03782894736842105
1 0.5840643274853801 0.5010964912280701 0.03728070175438596 0.05921052631578947
1 0.8198099415204678 0.4416118421052631 0.013157894736842105 0.02357456140350877
1 0.7156432748538011 0.5633223684210527 0.02046783625730994 0.021381578947368418
1 0.6600877192982456 0.5419407894736842 0.021198830409356724 0.022478070175438597
1 0.6006944444444444 0.6022478070175439 0.05153508771929824 0.05975877192982456
1 0.549890350877193 0.5537280701754386 0.013523391812865496 0.021929824561403508
1 0.5166301169590642 0.6515899122807017 0.05226608187134503 0.06414473684210525
1 0.43402777777777773 0.625 0.04641812865497076 0.0756578947368421
1 0.570906432748538 0.6869517543859649 0.019736842105263157 0.03289473684210526
1 0.614766081871345 0.6759868421052632 0.021198830409356724 0.042763157894736836
1 0.7143640350877193 0.6918859649122807 0.019371345029239765 0.02631578947368421
1 0.752375730994152 0.6869517543859649 0.025219298245614034 0.029605263157894735
1 0.7730263157894737 0.6625548245614035 0.015350877192982455 0.019188596491228067
1 0.8362573099415205 0.6702302631578947 0.03216374269005848 0.0356359649122807
1 0.9117324561403508 0.6672149122807017 0.023026315789473683 0.027412280701754384
1 0.6074561403508771 0.7650767543859649 0.013888888888888888 0.02576754385964912
1 0.521016081871345 0.8459429824561403 0.048611111111111105 0.0756578947368421
1 0.7309941520467835 0.8149671052631579 0.027046783625730993 0.03344298245614035
1 0.9459064327485379 0.8149671052631579 0.02850877192982456 0.0356359649122807
