1 0.24122807017543857 0.09895833333333333 0.01827485380116959 0.038925438596491224
1 0.2838084795321637 0.0668859649122807 0.025950292397660817 0.044956140350877194
1 0.35964912280701755 0.07346491228070175 0.023391812865497075 0.02850877192982456
1 0.3872441520467836 0.07593201754385964 0.019371345029239765 0.03125
1 0.4228801169590643 0.06195175438596491 0.016812865497076022 0.03289473684210526
1 0.3326023391812865 0.18146929824561403 0.035818713450292396 0.05043859649122807
1 0.2876461988304093 0.20175438596491227 0.021929824561403508 0.05482456140350877
1 0.24616228070175436 0.1836622807017544 0.029605263157894735 0.039473684210526314
1 0.1734283625730994 0.1924342105263158 0.04714912280701754 0.0712719298245614
1 0.13139619883040934 0.1918859649122807 0.04641812865497076 0.05153508771929824
1 0.10361842105263157 0.17214912280701752 0.048611111111111105 0.0712719298245614
1 0.05281432748538011 0.1894188596491228 0.04203216374269006 0.04989035087719298
1 0.01516812865497076 0.20531798245614033 0.0222953216374269 0.04989035087719298
1 0.48008040935672514 0.9558662280701754 0.02010233918128655 0.0400219298245614
1 0.44883040935672514 0.9512061403508771 0.016812865497076022 0.03618421052631579
1 0.34466374269005845 0.9550438596491228 0.024853801169590642 0.03618421052631579
1 0.302266081871345 0.9243421052631579 0.015350877192982455 0.04057017543859649
1 0.2593201754385965 0.981907894736842 0.03033625730994152 0.03399122807017543
1 0.2534722222222222 0.9205043859649122 0.017178362573099414 0.025219298245614034
1 0.12152777777777778 0.9172149122807017 0.014985380116959063 0.039473684210526314
1 0.09466374269005848 0.9311951754385964 0.008771929824561403 0.02905701754385965
1 0.03380847953216374 0.9383223684210525 0.01206140350877193 0.03015350877192982
1 0.5487938596491228 0.17900219298245612 0.03179824561403509 0.0268640350877193
1 0.5776681286549707 0.1581688596491228 0.042763157894736836 0.03673245614035087
1 0.6226242690058479 0.1981907894736842 0.03399122807017543 0.0268640350877193
1 0.6801900584795322 0.1825657894736842 0.03728070175438596 0.04714912280701754
1 0.706140350877193 0.15158991228070173 0.035818713450292396 0.0356359649122807
1 0.7640716374269005 0.16036184210526314 0.029605263157894735 0.04769736842105263
1 0.8145102339181286 0.23547149122807015 0.017909356725146198 0.0268640350877193
1 0.831140350877193 0.18037280701754385 0.029239766081871343 0.05043859649122807
1 0.8519736842105262 0.1611842105263158 0.035818713450292396 0.03399122807017543
1 0.9027777777777777 0.15597587719298245 0.03654970760233918 0.038925438596491224
1 0.9331140350877193 0.1762609649122807 0.035818713450292396 0.048793859649122806
1 0.9888523391812865 0.1694078947368421 0.0222953216374269 0.02850877192982456
1 0.9530336257309941 0.22341008771929824 0.039108187134502925 0.05537280701754386
1 0.9751461988304093 0.28234649122807015 0.029239766081871343 0.05482456140350877
1 0.9365862573099415 0.2900219298245614 0.023757309941520467 0.04057017543859649
1 0.9190423976608186 0.29550438596491224 0.025219298245614034 0.03070175438596491
1 0.8505116959064327 0.2730263157894737 0.024853801169590642 0.03289473684210526
1 0.7909356725146198 0.31085526315789475 0.02266081871345029 0.02631578947368421
1 0.8026315789473684 0.28563596491228066 0.016812865497076022 0.020833333333333332
1 0.7509137426900584 0.3001644736842105 0.027412280701754384 0.03125
1 0.5942982456140351 0.3045504385964912 0.031432748538011694 0.043311403508771926
1 0.6299342105263157 0.2900219298245614 0.03326023391812866 0.03728070175438596
1 0.6617324561403508 0.3366228070175438 0.023757309941520467 0.03508771929824561
1 0.6938961988304093 0.3212719298245614 0.021564327485380116 0.04057017543859649
1 0.5546418128654971 0.42872807017543857 0.04714912280701754 0.0756578947368421
1 0.6109283625730993 0.37938596491228066 0.03764619883040936 0.03728070175438596
1 0.6884137426900584 0.44435307017543857 0.025219298245614034 0.03344298245614035
1 0.8291301169590642 0.40625 0.0537280701754386 0.07456140350877193
1 0.8907163742690059 0.4709429824561403 0.024853801169590642 0.07346491228070175
1 0.8919956140350876 0.46408991228070173 0.03618421052631579 0.03125
1 0.9682017543859649 0.43530701754385964 0.03654970760233918 0.05701754385964912
1 0.8989400584795321 0.6112938596491228 0.02448830409356725 0.02850877192982456
1 0.8516081871345029 0.634594298245614 0.031432748538011694 0.046600877192982455
1 0.7861842105263157 0.6650219298245613 0.0402046783625731 0.03289473684210526
1 0.7485380116959064 0.6526864035087719 0.03508771929824561 0.05975877192982456
1 0.6573464912280701 0.6702302631578947 0.038377192982456135 0.05756578947368421
1 0.6873172514619883 0.5359100877192983 0.023026315789473683 0.0268640350877193
1 0.5765716374269005 0.6447368421052632 0.04203216374269006 0.06469298245614034
1 0.5455043859649122 0.8769188596491228 0.034722222222222224 0.05317982456140351
1 0.6127558479532164 0.9117324561403508 0.03179824561403509 0.04824561403508772
1 0.6567982456140351 0.9059758771929824 0.03508771929824561 0.043311403508771926
1 0.7152777777777778 0.8887061403508771 0.03216374269005848 0.04057017543859649
1 0.7353801169590642 0.8566337719298245 0.03289473684210526 0.03673245614035087
1 0.8086622807017544 0.8928179824561403 0.02010233918128655 0.03015350877192982
1 0.8355263157894737 0.8933662280701754 0.019005847953216373 0.0268640350877193
1 0.8965643274853801 0.9004934210526315 0.04093567251461988 0.05317982456140351
1 0.9214181286549707 0.8889802631578947 0.03289473684210526 0.0400219298245614
1 0.9672880116959064 0.8840460526315789 0.023757309941520467 0.022478070175438597
