1 0.41703216374269003 0.07154605263157894 0.03070175438596491 0.0268640350877193
1 0.5093201754385964 0.11485745614035087 0.032529239766081866 0.0268640350877193
1 0.3567251461988304 0.0512609649122807 0.014619883040935672 0.03125
1 0.2852704678362573 0.04029605263157895 0.01425438596491228 0.022478070175438597
1 0.21929824561403508 0.10663377192982455 0.021198830409356724 0.03125
1 0.19682017543859648 0.13898026315789472 0.008406432748538011 0.022478070175438597
1 0.1162280701754386 0.05016447368421052 0.017543859649122806 0.03234649122807017
1 0.034722222222222224 0.11705043859649122 0.019736842105263157 0.03453947368421052
1 0.03654970760233918 0.0556469298245614 0.010964912280701754 0.0268640350877193
1 0.41118421052631576 0.3215460526315789 0.011695906432748537 0.022478070175438597
1 0.5180921052631579 0.3119517543859649 0.020833333333333332 0.03179824561403509
1 0.35453216374269003 0.33223684210526316 0.017543859649122806 0.025219298245614034
1 0.29678362573099415 0.3366228070175438 0.012426900584795321 0.021929824561403508
1 0.2622441520467836 0.32675438596491224 0.014985380116959063 0.027412280701754384
1 0.2309941520467836 0.34155701754385964 0.014619883040935672 0.025219298245614034
1 0.1997441520467836 0.32648026315789475 0.017178362573099414 0.022478070175438597
1 0.15387426900584794 0.35060307017543857 0.014619883040935672 0.03125
1 0.10307017543859648 0.3484100877192982 0.019005847953216373 0.020285087719298246
1 0.09722222222222221 0.32593201754385964 0.015350877192982455 0.018092105263157895
1 0.5376461988304093 0.45942982456140347 0.01827485380116959 0.029605263157894735
1 0.4925073099415204 0.4794407894736842 0.04788011695906433 0.06414473684210525
1 0.4780701754385965 0.5446820175438596 0.01608187134502924 0.022478070175438597
1 0.4413377192982456 0.5309758771929824 0.025950292397660817 0.03344298245614035
1 0.4184941520467836 0.5309758771929824 0.009502923976608187 0.019188596491228067
1 0.396016081871345 0.5603070175438596 0.031067251461988302 0.041666666666666664
1 0.37554824561403505 0.5531798245614035 0.010599415204678362 0.017543859649122806
1 0.3505116959064327 0.48930921052631576 0.021929824561403508 0.03125
1 0.3013523391812865 0.5202850877192983 0.029605263157894735 0.039473684210526314
1 0.271016081871345 0.534265350877193 0.017909356725146198 0.042214912280701754
1 0.23391812865497075 0.5298793859649122 0.027777777777777776 0.042214912280701754
1 0.20211988304093567 0.46655701754385964 0.02850877192982456 0.044956140350877194
1 0.17470760233918128 0.484375 0.014619883040935672 0.044407894736842105
1 0.12554824561403508 0.46847587719298245 0.007675438596491228 0.022478070175438597
1 0.16739766081871343 0.5463267543859649 0.011695906432748537 0.02796052631578947
1 0.14455409356725146 0.5866228070175439 0.03399122807017543 0.06359649122807018
1 0.02010233918128655 0.4915021929824561 0.035818713450292396 0.0400219298245614
1 0.04788011695906433 0.5586622807017544 0.021198830409356724 0.05263157894736842
1 0.03399122807017543 0.29523026315789475 0.011695906432748537 0.022478070175438597
1 0.25237573099415206 0.5992324561403508 0.023026315789473683 0.02412280701754386
1 0.2852704678362573 0.6362390350877193 0.04057017543859649 0.048793859649122806
1 0.33790204678362573 0.6247258771929824 0.027412280701754384 0.03782894736842105
1 0.41118421052631576 0.615953947368421 0.0402046783625731 0.046600877192982455
1 0.5361842105263157 0.7264254385964912 0.014619883040935672 0.021929824561403508
1 0.49652777777777773 0.7395833333333333 0.014985380116959063 0.01644736842105263
1 0.2978801169590643 0.7234100877192982 0.009502923976608187 0.013706140350877192
1 0.20175438596491227 0.7302631578947368 0.015350877192982455 0.019736842105263157
1 0.22807017543859648 0.7341008771929824 0.017543859649122806 0.020833333333333332
1 0.17580409356725146 0.750548245614035 0.017543859649122806 0.021929824561403508
1 0.11038011695906433 0.7236842105263157 0.009502923976608187 0.017543859649122806
1 0.04239766081871345 0.7275219298245613 0.012426900584795321 0.025219298245614034
1 0.09722222222222221 0.9265350877192982 0.035818713450292396 0.03508771929824561
1 0.12353801169590642 0.9328399122807017 0.019736842105263157 0.03015350877192982
1 0.17927631578947367 0.9361293859649122 0.0222953216374269 0.03782894736842105
1 0.15332602339181287 0.8793859649122806 0.007675438596491228 0.02850877192982456
1 0.22423245614035087 0.9399671052631579 0.02448830409356725 0.03782894736842105
1 0.33114035087719296 0.9226973684210525 0.033625730994152045 0.029605263157894735
1 0.3788377192982456 0.9152960526315789 0.020833333333333332 0.03125
1 0.43804824561403505 0.8662280701754386 0.023757309941520467 0.03289473684210526
1 0.5259502923976608 0.9018640350877193 0.02631578947368421 0.03399122807017543
1 0.5464181286549707 0.5331688596491228 0.02266081871345029 0.0356359649122807
1 0.6407163742690059 0.1425438596491228 0.029970760233918127 0.03399122807017543
1 0.993969298245614 0.10005482456140351 0.01206140350877193 0.02796052631578947
1 0.9740497076023391 0.1006030701754386 0.02046783625730994 0.024671052631578948
1 0.9769736842105262 0.09375 0.019005847953216373 0.02412280701754386
1 0.939875730994152 0.09895833333333333 0.02448830409356725 0.03673245614035087
1 0.9131944444444444 0.10224780701754385 0.03691520467836257 0.0400219298245614
1 0.8636695906432748 0.07648026315789473 0.021929824561403508 0.018092105263157895
1 0.7436038011695906 0.0825109649122807 0.027412280701754384 0.044407894736842105
1 0.706140350877193 0.0893640350877193 0.024853801169590642 0.042763157894736836
1 0.708516081871345 0.18969298245614033 0.009868421052631578 0.013157894736842105
1 0.7967836257309941 0.20148026315789472 0.008771929824561403 0.012609649122807017
1 0.9409722222222222 0.29989035087719296 0.023757309941520467 0.03508771929824561
1 0.8760964912280701 0.29906798245614036 0.027046783625730993 0.03015350877192982
1 0.8578216374269005 0.31798245614035087 0.027777777777777776 0.03179824561403509
1 0.8046418128654971 0.296875 0.017909356725146198 0.020285087719298246
1 0.7070540935672515 0.3171600877192982 0.020833333333333332 0.0268640350877193
1 0.6860380116959064 0.3059210526315789 0.021929824561403508 0.021929824561403508
1 0.65625 0.45422149122807015 0.019371345029239765 0.043311403508771926
1 0.6968201754385964 0.40679824561403505 0.017909356725146198 0.023026315789473683
1 0.7708333333333333 0.4024122807017544 0.017543859649122806 0.02412280701754386
1 0.8315058479532164 0.4070723684210526 0.014619883040935672 0.02357456140350877
1 0.9234283625730993 0.4213267543859649 0.017909356725146198 0.021381578947368418
1 0.9512061403508771 0.39747807017543857 0.011330409356725146 0.027412280701754384
1 0.8095760233918128 0.5128837719298245 0.043859649122807015 0.041118421052631575
1 0.7134502923976608 0.6222587719298245 0.01023391812865497 0.020833333333333332
1 0.6875 0.7242324561403508 0.029239766081871343 0.03179824561403509
1 0.7934941520467835 0.6992872807017544 0.02631578947368421 0.05098684210526316
1 0.9115497076023391 0.6896929824561403 0.013157894736842105 0.010964912280701754
1 0.927266081871345 0.7996162280701754 0.01827485380116959 0.03782894736842105
1 0.8516081871345029 0.7609649122807017 0.017543859649122806 0.013157894736842105
1 0.8145102339181286 0.7639802631578947 0.02010233918128655 0.014802631578947368
1 0.7525584795321637 0.7664473684210525 0.015350877192982455 0.015350877192982455
1 0.7377558479532164 0.8174342105263157 0.025219298245614034 0.03179824561403509
1 0.6792763157894737 0.7930372807017544 0.02010233918128655 0.020285087719298246
1 0.6410818713450293 0.78125 0.010964912280701754 0.015350877192982455
1 0.6938961988304093 0.9665570175438596 0.034722222222222224 0.046052631578947366
1 0.7280701754385964 0.9865679824561403 0.02412280701754386 0.0268640350877193
1 0.7642543859649122 0.9923245614035087 0.019005847953216373 0.015350877192982455
1 0.8177997076023391 0.9934210526315789 0.015716374269005847 0.013157894736842105
1 0.8667763157894737 0.9813596491228069 0.0266812865497076 0.03728070175438596
1 0.6509502923976608 0.9947916666666666 0.02412280701754386 0.010416666666666666
