1 0.03618421052631579 0.28097587719298245 0.03874269005847953 0.05208333333333333
1 0.1602704678362573 0.685032894736842 0.04714912280701754 0.04769736842105263
1 0.2567616959064327 0.8103070175438596 0.028143274853801168 0.05482456140350877
1 0.7041301169590642 0.19709429824561403 0.03399122807017543 0.06195175438596491
1 0.7733918128654971 0.1981907894736842 0.02412280701754386 0.022478070175438597
1 0.6493055555555555 0.48985745614035087 0.05007309941520467 0.06414473684210525
1 0.5248538011695906 0.5759320175438596 0.019005847953216373 0.0356359649122807
1 0.8101242690058479 0.5646929824561403 0.011330409356725146 0.021929824561403508
1 0.9097222222222222 0.638157894736842 0.03654970760233918 0.06469298245614034
1 0.9921418128654971 0.6831140350877193 0.015716374269005847 0.044956140350877194
1 0.5078581871345029 0.7683662280701754 0.017909356725146198 0.024671052631578948
1 0.6547880116959064 0.7658991228070176 0.010599415204678362 0.02412280701754386
1 0.9696637426900584 0.8352521929824561 0.017543859649122806 0.044407894736842105
1 0.9444444444444444 0.8415570175438596 0.019736842105263157 0.021929824561403508
1 0.8832236842105262 0.8336074561403508 0.020833333333333332 0.02576754385964912
1 0.8516081871345029 0.8571820175438596 0.025584795321637425 0.05208333333333333
1 0.8218201754385964 0.8237390350877193 0.0222953216374269 0.05427631578947368
1 0.7520102339181286 0.8577302631578947 0.01644736842105263 0.0356359649122807
1 0.7328216374269005 0.8621162280701754 0.025584795321637425 0.04989035087719298
1 0.7070540935672515 0.856907894736842 0.01206140350877193 0.03728070175438596
1 0.6737938596491228 0.8484100877192982 0.02887426900584795 0.044407894736842105
1 0.6220760233918128 0.8393640350877193 0.013157894736842105 0.021929824561403508
1 0.5855263157894737 0.868969298245614 0.03070175438596491 0.03508771929824561
1 0.5615862573099415 0.8484100877192982 0.01644736842105263 0.044407894736842105
