1 0.17763157894736842 0.027412280701754384 0.017543859649122806 0.03399122807017543
1 0.3653143274853801 0.1337719298245614 0.017178362573099414 0.025219298245614034
1 0.27192982456140347 0.1543311403508772 0.017543859649122806 0.0268640350877193
1 0.25493421052631576 0.17598684210526314 0.01644736842105263 0.03179824561403509
1 0.1699561403508772 0.18996710526315788 0.017543859649122806 0.02905701754385965
1 0.12298976608187134 0.125 0.017178362573099414 0.019736842105263157
1 0.14510233918128654 0.13404605263157893 0.008771929824561403 0.014802631578947368
1 0.0710891812865497 0.2162828947368421 0.01864035087719298 0.024671052631578948
1 0.07675438596491227 0.1737938596491228 0.012426900584795321 0.020833333333333332
1 0.10069444444444443 0.3075657894736842 0.01206140350877193 0.03289473684210526
1 0.1381578947368421 0.25 0.014619883040935672 0.03179824561403509
1 0.2774122807017544 0.3053728070175438 0.014619883040935672 0.027412280701754384
1 0.3196271929824561 0.2631578947368421 0.01864035087719298 0.029605263157894735
1 0.3159722222222222 0.350328947368421 0.0222953216374269 0.041666666666666664
1 0.3422880116959064 0.3796600877192982 0.031067251461988302 0.05975877192982456
1 0.24762426900584794 0.40487938596491224 0.01864035087719298 0.02796052631578947
1 0.17726608187134502 0.42489035087719296 0.027046783625730993 0.07456140350877193
1 0.08150584795321637 0.4139254385964912 0.014619883040935672 0.021929824561403508
1 0.019554093567251463 0.3621162280701754 0.017909356725146198 0.041118421052631575
1 0.035270467836257306 0.5068530701754386 0.04568713450292397 0.06195175438596491
1 0.06451023391812866 0.5164473684210527 0.04641812865497076 0.07675438596491227
1 0.125 0.5120614035087719 0.035818713450292396 0.05263157894736842
1 0.15533625730994152 0.5112390350877193 0.03070175438596491 0.06524122807017543
1 0.15625 0.47971491228070173 0.028143274853801168 0.06469298245614034
1 0.20595760233918128 0.5 0.052997076023391806 0.05482456140350877
1 0.2940423976608187 0.5019188596491228 0.04714912280701754 0.08168859649122806
1 0.35508040935672514 0.5890899122807017 0.03399122807017543 0.04989035087719298
1 0.271016081871345 0.5893640350877193 0.03033625730994152 0.03070175438596491
1 0.2490862573099415 0.6211622807017544 0.013523391812865496 0.023026315789473683
1 0.2273391812865497 0.6165021929824561 0.029239766081871343 0.05427631578947368
1 0.17726608187134502 0.6140350877192982 0.029239766081871343 0.044956140350877194
1 0.14948830409356725 0.6074561403508771 0.029239766081871343 0.04057017543859649
1 0.07474415204678363 0.6362390350877193 0.03326023391812866 0.044407894736842105
1 0.029788011695906433 0.6258223684210525 0.031067251461988302 0.05427631578947368
1 0.01516812865497076 0.8681469298245613 0.028143274853801168 0.05317982456140351
1 0.04989035087719298 0.8415570175438596 0.028143274853801168 0.03399122807017543
1 0.07328216374269006 0.8349780701754386 0.028143274853801168 0.044956140350877194
1 0.11038011695906433 0.8349780701754386 0.01827485380116959 0.043859649122807015
1 0.17635233918128654 0.8336074561403508 0.027412280701754384 0.045504385964912276
1 0.20906432748538012 0.856907894736842 0.03216374269005848 0.03289473684210526
1 0.31451023391812866 0.828125 0.02887426900584795 0.06304824561403509
1 0.3534356725146199 0.8262061403508771 0.02631578947368421 0.042763157894736836
1 0.2178362573099415 0.947094298245614 0.029970760233918127 0.041118421052631575
1 0.08095760233918128 0.9734100877192982 0.04349415204678363 0.05317982456140351
1 0.49762426900584794 0.024396929824561403 0.011330409356725146 0.015899122807017545
1 0.554093567251462 0.018092105263157895 0.01608187134502924 0.017543859649122806
1 0.633406432748538 0.022478070175438597 0.025584795321637425 0.02850877192982456
1 0.7949561403508771 0.028782894736842105 0.01827485380116959 0.019188596491228067
1 0.9700292397660818 0.016721491228070175 0.024853801169590642 0.03125
1 0.938048245614035 0.06743421052631579 0.028143274853801168 0.043859649122807015
1 0.8653143274853801 0.08963815789473684 0.02448830409356725 0.0356359649122807
1 0.7651681286549707 0.12088815789473684 0.032529239766081866 0.05646929824561403
1 0.6953581871345029 0.12088815789473684 0.025219298245614034 0.048793859649122806
1 0.6675804093567251 0.11842105263157894 0.023757309941520467 0.044956140350877194
1 0.6235380116959064 0.12554824561403508 0.033625730994152045 0.04714912280701754
1 0.5977704678362573 0.12801535087719298 0.017178362573099414 0.02796052631578947
1 0.5566520467836257 0.12445175438596491 0.023391812865497075 0.041666666666666664
1 0.5166301169590642 0.1299342105263158 0.025219298245614034 0.038377192982456135
1 0.4784356725146199 0.11595394736842105 0.03508771929824561 0.038925438596491224
1 0.7185672514619883 0.22615131578947367 0.043859649122807015 0.048793859649122806
1 0.8017178362573099 0.25219298245614036 0.025950292397660817 0.03289473684210526
1 0.8209064327485379 0.2574013157894737 0.021929824561403508 0.0400219298245614
1 0.896016081871345 0.2149122807017544 0.05007309941520467 0.043859649122807015
1 0.9234283625730993 0.32346491228070173 0.014985380116959063 0.019736842105263157
1 0.7955043859649122 0.34868421052631576 0.020833333333333332 0.02850877192982456
1 0.9614400584795321 0.40350877192982454 0.019371345029239765 0.03508771929824561
1 0.94828216374269 0.4295504385964912 0.03691520467836257 0.05208333333333333
1 0.9340277777777777 0.4577850877192982 0.02010233918128655 0.02850877192982456
1 0.8636695906432748 0.33059210526315785 0.016812865497076022 0.021929824561403508
1 0.7534722222222222 0.3574561403508772 0.02010233918128655 0.021929824561403508
1 0.6721491228070176 0.3640350877192982 0.014619883040935672 0.021929824561403508
1 0.627375730994152 0.3530701754385965 0.020833333333333332 0.02412280701754386
1 0.5391081871345029 0.3667763157894737 0.019005847953216373 0.021929824561403508
1 0.5169956140350876 0.4994517543859649 0.039108187134502925 0.046052631578947366
1 0.5601242690058479 0.5120614035087719 0.04714912280701754 0.07675438596491227
1 0.5840643274853801 0.48492324561403505 0.021198830409356724 0.0356359649122807
1 0.6162280701754386 0.4643640350877193 0.041666666666666664 0.03618421052631579
1 0.6573464912280701 0.49725877192982454 0.032529239766081866 0.038377192982456135
1 0.7017543859649122 0.5139802631578947 0.023391812865497075 0.03673245614035087
1 0.7192982456140351 0.47313596491228066 0.01827485380116959 0.03070175438596491
1 0.7432383040935672 0.4695723684210526 0.02448830409356725 0.038925438596491224
1 0.7969663742690059 0.4983552631578947 0.042763157894736836 0.03289473684210526
1 0.8145102339181286 0.4950657894736842 0.023026315789473683 0.043859649122807015
1 0.8550804093567251 0.484375 0.035453216374269 0.046600877192982455
1 0.8819444444444444 0.4651864035087719 0.025584795321637425 0.02796052631578947
1 0.9638157894736842 0.5734649122807017 0.038011695906432746 0.05153508771929824
1 0.9060672514619883 0.5134320175438596 0.014619883040935672 0.02576754385964912
1 0.9009502923976608 0.5402960526315789 0.02046783625730994 0.03125
1 0.8729897660818713 0.5455043859649122 0.03033625730994152 0.025219298245614034
1 0.8550804093567251 0.5734649122807017 0.0442251461988304 0.041666666666666664
1 0.8848684210526315 0.6203399122807017 0.043859649122807015 0.06085526315789473
1 0.8031798245614035 0.5635964912280701 0.03326023391812866 0.04714912280701754
1 0.7744883040935672 0.5712719298245613 0.02850877192982456 0.042763157894736836
1 0.7348318713450293 0.5487938596491228 0.034722222222222224 0.05701754385964912
1 0.7032163742690059 0.5762061403508771 0.024853801169590642 0.02631578947368421
1 0.6469298245614035 0.5490679824561403 0.038011695906432746 0.05098684210526316
1 0.6244517543859649 0.5715460526315789 0.03764619883040936 0.05646929824561403
1 0.5838815789473684 0.5827850877192983 0.049342105263157895 0.0625
1 0.49031432748538006 0.5718201754385964 0.029605263157894735 0.03618421052631579
1 0.533625730994152 0.5852521929824561 0.038011695906432746 0.06304824561403509
1 0.5467836257309941 0.6751644736842105 0.016812865497076022 0.021381578947368418
1 0.5659722222222222 0.6787280701754386 0.010599415204678362 0.017543859649122806
1 0.5986842105263157 0.6916118421052632 0.010964912280701754 0.02796052631578947
1 0.6840277777777778 0.6477521929824561 0.01644736842105263 0.018092105263157895
1 0.7832602339181286 0.6650219298245613 0.019005847953216373 0.019736842105263157
1 0.8863304093567251 0.671875 0.014619883040935672 0.0268640350877193
1 0.9755116959064327 0.8020833333333333 0.02631578947368421 0.03289473684210526
1 0.9214181286549707 0.7763157894736842 0.02850877192982456 0.03399122807017543
1 0.9155701754385964 0.7993421052631579 0.031432748538011694 0.03399122807017543
1 0.8910818713450291 0.8231907894736842 0.027777777777777776 0.043311403508771926
1 0.8505116959064327 0.8127741228070176 0.023391812865497075 0.044407894736842105
1 0.8072002923976608 0.7867324561403508 0.020833333333333332 0.03289473684210526
1 0.75 0.803453947368421 0.021929824561403508 0.0356359649122807
1 0.7134502923976608 0.8081140350877193 0.02266081871345029 0.03179824561403509
1 0.6884137426900584 0.8067434210526315 0.027412280701754384 0.042214912280701754
1 0.6557017543859649 0.7941337719298245 0.02631578947368421 0.03782894736842105
1 0.6421783625730993 0.8262061403508771 0.016812865497076022 0.03618421052631579
1 0.6006944444444444 0.8168859649122806 0.023757309941520467 0.04057017543859649
1 0.53125 0.8245614035087718 0.03399122807017543 0.046052631578947366
1 0.49104532163742687 0.8097587719298245 0.025950292397660817 0.043859649122807015
1 0.5615862573099415 0.8958333333333333 0.010599415204678362 0.023026315789473683
1 0.6094663742690059 0.8837719298245613 0.02887426900584795 0.03179824561403509
1 0.5741959064327485 0.9021381578947368 0.01608187134502924 0.018092105263157895
1 0.6553362573099415 0.9333881578947368 0.038011695906432746 0.042214912280701754
1 0.7178362573099415 0.9169407894736842 0.013157894736842105 0.03673245614035087
1 0.7368421052631579 0.881578947368421 0.013888888888888888 0.021929824561403508
1 0.7797880116959064 0.90625 0.025950292397660817 0.046052631578947366
1 0.9345760233918128 0.9808114035087718 0.016812865497076022 0.020833333333333332
