1 0.1419956140350877 0.07236842105263158 0.0537280701754386 0.06578947368421052
1 0.08260233918128654 0.043311403508771926 0.05847953216374269 0.06798245614035087
1 0.012244152046783625 0.15679824561403508 0.0222953216374269 0.0668859649122807
1 0.13285818713450293 0.1768092105263158 0.017178362573099414 0.03344298245614035
1 0.16703216374269006 0.1474780701754386 0.019736842105263157 0.019736842105263157
1 0.2447002923976608 0.14610745614035087 0.023757309941520467 0.015899122807017545
1 0.3472222222222222 0.12362938596491227 0.013157894736842105 0.0268640350877193
1 0.15277777777777776 0.37033991228070173 0.02412280701754386 0.02905701754385965
1 0.33205409356725146 0.4777960526315789 0.028143274853801168 0.03125
1 0.31798245614035087 0.7072368421052632 0.02266081871345029 0.02412280701754386
1 0.2534722222222222 0.8530701754385964 0.035453216374269 0.0537280701754386
1 0.3326023391812865 0.915844298245614 0.024853801169590642 0.02576754385964912
1 0.13176169590643275 0.9492872807017544 0.05153508771929824 0.08168859649122806
1 0.6270102339181286 0.01507675438596491 0.02010233918128655 0.02796052631578947
1 0.9936038011695906 0.09594298245614034 0.012792397660818713 0.03399122807017543
1 0.9546783625730993 0.14144736842105263 0.027777777777777776 0.03508771929824561
1 0.9188596491228069 0.08360745614035087 0.01608187134502924 0.03673245614035087
1 0.8921783625730993 0.14089912280701752 0.03216374269005848 0.03179824561403509
1 0.9047880116959064 0.1337719298245614 0.01864035087719298 0.038377192982456135
1 0.8686038011695906 0.09100877192982455 0.027412280701754384 0.041666666666666664
1 0.8251096491228069 0.12527412280701752 0.03326023391812866 0.0400219298245614
1 0.7880116959064327 0.08908991228070175 0.03508771929824561 0.046600877192982455
1 0.7388523391812865 0.09320175438596491 0.029605263157894735 0.04057017543859649
1 0.7090643274853801 0.14309210526315788 0.027777777777777776 0.0581140350877193
1 0.6836622807017544 0.15186403508771928 0.01864035087719298 0.03728070175438596
1 0.6332236842105263 0.11184210526315788 0.028143274853801168 0.049342105263157895
1 0.6109283625730993 0.1381578947368421 0.013523391812865496 0.020833333333333332
1 0.5645102339181286 0.1137609649122807 0.025950292397660817 0.048793859649122806
1 0.5283260233918128 0.16721491228070173 0.032529239766081866 0.04714912280701754
1 0.5637792397660818 0.2664473684210526 0.04203216374269006 0.08333333333333333
1 0.6065423976608186 0.25685307017543857 0.0442251461988304 0.07401315789473684
1 0.6644736842105263 0.2475328947368421 0.033625730994152045 0.06962719298245613
1 0.7017543859649122 0.24150219298245612 0.046052631578947366 0.07730263157894736
1 0.737390350877193 0.26096491228070173 0.044956140350877194 0.07675438596491227
1 0.7768640350877193 0.24396929824561403 0.03764619883040936 0.05701754385964912
1 0.8066520467836257 0.2362938596491228 0.046052631578947366 0.06359649122807018
1 0.8422880116959064 0.23218201754385964 0.035453216374269 0.05537280701754386
1 0.8735380116959064 0.24122807017543857 0.05701754385964912 0.0712719298245614
1 0.9141081871345029 0.23958333333333331 0.04093567251461988 0.06140350877192982
1 0.9413377192982456 0.24122807017543857 0.05080409356725146 0.0756578947368421
1 0.9773391812865496 0.22807017543859648 0.04532163742690058 0.06907894736842105
1 0.988486842105263 0.22423245614035087 0.023026315789473683 0.06578947368421052
1 0.9974415204678362 0.34813596491228066 0.005116959064327485 0.03070175438596491
1 0.9652777777777777 0.34676535087719296 0.014619883040935672 0.022478070175438597
1 0.8983918128654971 0.3399122807017544 0.02046783625730994 0.027412280701754384
1 0.7823464912280701 0.34429824561403505 0.010599415204678362 0.017543859649122806
1 0.6801900584795322 0.36622807017543857 0.01023391812865497 0.019736842105263157
1 0.5747441520467836 0.3744517543859649 0.01864035087719298 0.03289473684210526
1 0.5625 0.48876096491228066 0.02266081871345029 0.05427631578947368
1 0.6092836257309941 0.5032894736842105 0.025584795321637425 0.03508771929824561
1 0.614766081871345 0.4643640350877193 0.02266081871345029 0.04824561403508772
1 0.6997441520467836 0.4651864035087719 0.025219298245614034 0.02796052631578947
1 0.71875 0.4780701754385965 0.019371345029239765 0.03508771929824561
1 0.8735380116959064 0.47560307017543857 0.019005847953216373 0.03344298245614035
1 0.8921783625730993 0.4169407894736842 0.03070175438596491 0.020285087719298246
1 0.9634502923976608 0.4375 0.027046783625730993 0.039473684210526314
1 0.9950657894736842 0.5745614035087719 0.009868421052631578 0.03618421052631579
1 0.9555921052631579 0.5674342105263157 0.012792397660818713 0.03728070175438596
1 0.8885233918128654 0.5992324561403508 0.017543859649122806 0.042763157894736836
1 0.8592836257309941 0.5890899122807017 0.01827485380116959 0.0356359649122807
1 0.65625 0.6036184210526315 0.019371345029239765 0.043859649122807015
1 0.6176900584795322 0.572094298245614 0.014619883040935672 0.05756578947368421
1 0.5752923976608186 0.5825109649122807 0.014619883040935672 0.02357456140350877
1 0.5469663742690059 0.6047149122807017 0.017909356725146198 0.044956140350877194
1 0.5025584795321637 0.6014254385964912 0.01827485380116959 0.039473684210526314
1 0.5601242690058479 0.7042214912280701 0.0222953216374269 0.02576754385964912
1 0.7344663742690059 0.7256030701754386 0.013523391812865496 0.020285087719298246
1 0.7622441520467835 0.7428728070175438 0.01864035087719298 0.025219298245614034
1 0.8181652046783625 0.7009320175438596 0.017178362573099414 0.0268640350877193
1 0.8296783625730993 0.6973684210526315 0.017543859649122806 0.025219298245614034
1 0.8711622807017544 0.7190241228070176 0.019371345029239765 0.03125
1 0.9427997076023391 0.662828947368421 0.01864035087719298 0.03289473684210526
1 0.9941520467836257 0.7250548245614035 0.011695906432748537 0.0356359649122807
1 0.9336622807017544 0.7815241228070176 0.009868421052631578 0.018092105263157895
1 0.781798245614035 0.7966008771929824 0.009502923976608187 0.03179824561403509
1 0.6913377192982456 0.8349780701754386 0.02010233918128655 0.044956140350877194
1 0.6714181286549707 0.8440241228070176 0.008771929824561403 0.03125
1 0.5409356725146198 0.8201754385964912 0.019005847953216373 0.03508771929824561
1 0.6162280701754386 0.9369517543859649 0.014619883040935672 0.02412280701754386
