1 0.1924342105263158 0.08552631578947367 0.014985380116959063 0.03070175438596491
1 0.17470760233918128 0.3201754385964912 0.017543859649122806 0.020833333333333332
1 0.12207602339181287 0.4662828947368421 0.03289473684210526 0.05756578947368421
1 0.18019005847953215 0.5381030701754386 0.02046783625730994 0.03344298245614035
1 0.2640716374269006 0.6573464912280701 0.04568713450292397 0.06578947368421052
1 0.2094298245614035 0.6255482456140351 0.013157894736842105 0.020833333333333332
1 0.18859649122807015 0.6337719298245613 0.023391812865497075 0.03399122807017543
1 0.03965643274853801 0.6428179824561403 0.019371345029239765 0.038925438596491224
1 0.012244152046783625 0.9273574561403508 0.017178362573099414 0.0268640350877193
1 0.43512426900584794 0.1025219298245614 0.02448830409356725 0.042763157894736836
1 0.4917763157894737 0.11184210526315788 0.031067251461988302 0.03179824561403509
1 0.49762426900584794 0.07456140350877193 0.0266812865497076 0.046052631578947366
1 0.5826023391812866 0.07099780701754385 0.023391812865497075 0.0400219298245614
1 0.5942982456140351 0.08031798245614034 0.02046783625730994 0.043311403508771926
1 0.6854897660818713 0.09375 0.017178362573099414 0.03070175438596491
1 0.7456140350877193 0.08278508771929824 0.025584795321637425 0.03618421052631579
1 0.8013523391812865 0.0712719298245614 0.025950292397660817 0.019736842105263157
1 0.8506944444444444 0.05427631578947368 0.03179824561403509 0.027412280701754384
1 0.8879751461988303 0.07154605263157894 0.027412280701754384 0.0268640350877193
1 0.9033260233918128 0.056743421052631575 0.027412280701754384 0.04989035087719298
1 0.9658260233918128 0.05098684210526316 0.04641812865497076 0.044956140350877194
1 0.9914108187134503 0.05646929824561403 0.017178362573099414 0.043859649122807015
1 0.9707602339181286 0.1683114035087719 0.03508771929824561 0.029605263157894735
1 0.9340277777777777 0.17461622807017543 0.025219298245614034 0.0268640350877193
1 0.7730263157894737 0.1981907894736842 0.02850877192982456 0.04769736842105263
1 0.5380116959064327 0.20531798245614033 0.017543859649122806 0.03673245614035087
1 0.4956140350877193 0.19407894736842105 0.021929824561403508 0.021929824561403508
1 0.43165204678362573 0.21655701754385964 0.021198830409356724 0.03508771929824561
1 0.4453581871345029 0.3059210526315789 0.025219298245614034 0.03179824561403509
1 0.5127923976608186 0.31496710526315785 0.01608187134502924 0.03125
1 0.6304824561403508 0.3223684210526316 0.02046783625730994 0.021929824561403508
1 0.6617324561403508 0.3371710526315789 0.025950292397660817 0.03070175438596491
1 0.7123538011695906 0.30838815789473684 0.023391812865497075 0.03125
1 0.7353801169590642 0.29934210526315785 0.021929824561403508 0.029605263157894735
1 0.7582236842105263 0.32675438596491224 0.021564327485380116 0.03070175438596491
1 0.7701023391812865 0.31304824561403505 0.01827485380116959 0.025219298245614034
1 0.8218201754385964 0.2664473684210526 0.02448830409356725 0.03289473684210526
1 0.8876096491228069 0.3327850877192982 0.027412280701754384 0.03179824561403509
1 0.8972953216374269 0.26973684210526316 0.021929824561403508 0.029605263157894735
1 0.950657894736842 0.2902960526315789 0.025584795321637425 0.024671052631578948
1 0.9864766081871345 0.25493421052631576 0.027046783625730993 0.03070175438596491
1 0.9910453216374269 0.3015350877192982 0.017909356725146198 0.03289473684210526
1 0.8115862573099415 0.3834978070175438 0.02010233918128655 0.014802631578947368
1 0.6630116959064327 0.4046052631578947 0.019005847953216373 0.019736842105263157
1 0.5650584795321637 0.4358552631578947 0.010964912280701754 0.04057017543859649
1 0.5054824561403508 0.3870614035087719 0.012426900584795321 0.020833333333333332
1 0.4100877192982456 0.43146929824561403 0.011695906432748537 0.029605263157894735
1 0.6001461988304093 0.5233004385964912 0.02412280701754386 0.021381578947368418
1 0.906798245614035 0.5112390350877193 0.01827485380116959 0.013706140350877192
1 0.9870248538011696 0.6343201754385964 0.025950292397660817 0.0668859649122807
1 0.9530336257309941 0.659265350877193 0.044956140350877194 0.05866228070175438
1 0.9117324561403508 0.6387061403508771 0.04130116959064327 0.0668859649122807
1 0.8682383040935672 0.6324013157894737 0.042763157894736836 0.07072368421052631
1 0.8399122807017544 0.653782894736842 0.043859649122807015 0.0400219298245614
1 0.7832602339181286 0.65625 0.05043859649122807 0.06578947368421052
1 0.7129020467836257 0.6625548245614035 0.042763157894736836 0.06962719298245613
1 0.6524122807017544 0.6611842105263157 0.03435672514619883 0.04714912280701754
1 0.4672880116959064 0.6567982456140351 0.03326023391812866 0.044956140350877194
1 0.43110380116959063 0.6587171052631579 0.04057017543859649 0.03782894736842105
1 0.42141812865497075 0.790844298245614 0.038011695906432746 0.0400219298245614
1 0.4947002923976608 0.7543859649122806 0.0398391812865497 0.05482456140350877
1 0.5239400584795322 0.7798793859649122 0.042763157894736836 0.06085526315789473
1 0.5292397660818713 0.8615679824561403 0.025584795321637425 0.042214912280701754
1 0.5776681286549707 0.8566337719298245 0.03179824561403509 0.04769736842105263
1 0.6763523391812866 0.7190241228070176 0.039108187134502925 0.0400219298245614
1 0.799890350877193 0.7598684210526315 0.05226608187134503 0.046052631578947366
1 0.90625 0.7390350877192982 0.049342105263157895 0.04714912280701754
1 0.9409722222222222 0.9517543859649122 0.032529239766081866 0.05482456140350877
1 0.6030701754385964 0.9865679824561403 0.043859649122807015 0.0268640350877193
1 0.6465643274853801 0.9709429824561403 0.041666666666666664 0.0581140350877193
1 0.7803362573099415 0.9893092105263157 0.031432748538011694 0.021381578947368418
1 0.41758040935672514 0.9747807017543859 0.058845029239766075 0.05043859649122807
1 0.6284722222222222 0.8708881578947368 0.032529239766081866 0.03782894736842105
