1 0.07474415204678363 0.272203947368421 0.027412280701754384 0.041118421052631575
1 0.12207602339181287 0.27658991228070173 0.027046783625730993 0.02796052631578947
1 0.16703216374269006 0.26589912280701755 0.031432748538011694 0.02850877192982456
1 0.2315423976608187 0.27110745614035087 0.020833333333333332 0.03015350877192982
1 0.25548245614035087 0.28755482456140347 0.021929824561403508 0.024671052631578948
1 0.28654970760233917 0.27110745614035087 0.019005847953216373 0.02357456140350877
1 0.3676900584795321 0.29084429824561403 0.014619883040935672 0.019188596491228067
1 0.42434210526315785 0.26206140350877194 0.027046783625730993 0.043859649122807015
1 0.45559210526315785 0.25 0.023026315789473683 0.03618421052631579
1 0.481359649122807 0.34923245614035087 0.03070175438596491 0.0537280701754386
1 0.5513523391812866 0.34594298245614036 0.031067251461988302 0.0537280701754386
1 0.5513523391812866 0.19709429824561403 0.04788011695906433 0.048793859649122806
1 0.377375730994152 0.3667763157894737 0.02448830409356725 0.04057017543859649
1 0.31304824561403505 0.34402412280701755 0.023026315789473683 0.03125
1 0.15826023391812866 0.34868421052631576 0.023391812865497075 0.027412280701754384
1 0.1288377192982456 0.3574561403508772 0.02010233918128655 0.021929824561403508
1 0.06633771929824561 0.3640350877192982 0.02010233918128655 0.019736842105263157
1 0.10014619883040934 0.46847587719298245 0.02266081871345029 0.0268640350877193
1 0.1421783625730994 0.4605263157894737 0.01827485380116959 0.023026315789473683
1 0.17726608187134502 0.48053728070175433 0.01827485380116959 0.02576754385964912
1 0.21929824561403508 0.475328947368421 0.02046783625730994 0.03179824561403509
1 0.25054824561403505 0.45614035087719296 0.01864035087719298 0.027412280701754384
1 0.3501461988304093 0.4512061403508772 0.015350877192982455 0.021929824561403508
1 0.3921783625730994 0.46463815789473684 0.02046783625730994 0.0268640350877193
1 0.42068713450292394 0.4709429824561403 0.019005847953216373 0.03070175438596491
1 0.445906432748538 0.4649122807017544 0.017543859649122806 0.03618421052631579
1 0.35453216374269003 0.6836622807017544 0.012426900584795321 0.029605263157894735
1 0.012792397660818713 0.6924342105263157 0.02412280701754386 0.044956140350877194
1 0.05317982456140351 0.8952850877192982 0.0222953216374269 0.015350877192982455
1 0.1474780701754386 0.8939144736842105 0.025219298245614034 0.02796052631578947
1 0.17288011695906433 0.9013157894736842 0.021929824561403508 0.019736842105263157
1 0.21144005847953215 0.8826754385964912 0.017909356725146198 0.039473684210526314
1 0.24323830409356723 0.8859649122807017 0.0222953216374269 0.021929824561403508
1 0.36275584795321636 0.9035087719298245 0.02887426900584795 0.03179824561403509
1 0.44279970760233917 0.8774671052631579 0.023757309941520467 0.0268640350877193
1 0.5009137426900585 0.8961074561403508 0.014985380116959063 0.03125
1 0.5723684210526315 0.9862938596491228 0.035818713450292396 0.027412280701754384
1 0.5707236842105263 0.008771929824561403 0.0222953216374269 0.01425438596491228
1 0.6445540935672515 0.009868421052631578 0.015716374269005847 0.01864035087719298
1 0.706140350877193 0.024671052631578948 0.014619883040935672 0.019736842105263157
1 0.7578581871345029 0.015625 0.01644736842105263 0.02905701754385965
1 0.8501461988304093 0.02631578947368421 0.014619883040935672 0.020833333333333332
1 0.9926900584795321 0.011239035087719298 0.00804093567251462 0.020285087719298246
1 0.9696637426900584 0.1683114035087719 0.011695906432748537 0.020833333333333332
1 0.9409722222222222 0.16557017543859648 0.007675438596491228 0.017543859649122806
1 0.8877923976608186 0.13048245614035087 0.013888888888888888 0.019736842105263157
1 0.8715277777777777 0.16091008771929824 0.008406432748538011 0.018092105263157895
1 0.7598684210526315 0.1400767543859649 0.01608187134502924 0.02357456140350877
1 0.6973684210526315 0.15652412280701752 0.01608187134502924 0.022478070175438597
1 0.6454678362573099 0.1557017543859649 0.01023391812865497 0.02412280701754386
1 0.6074561403508771 0.1337719298245614 0.021929824561403508 0.038377192982456135
1 0.6016081871345029 0.23300438596491227 0.014619883040935672 0.03289473684210526
1 0.6337719298245613 0.2376644736842105 0.012426900584795321 0.0268640350877193
1 0.6971856725146198 0.22341008771929824 0.021564327485380116 0.02905701754385965
1 0.8651315789473684 0.23656798245614033 0.01608187134502924 0.024671052631578948
1 0.7744883040935672 0.22368421052631576 0.02631578947368421 0.03508771929824561
1 0.9004020467836257 0.2464364035087719 0.03399122807017543 0.03015350877192982
1 0.9532163742690059 0.22724780701754385 0.02412280701754386 0.0356359649122807
1 0.8057383040935672 0.35964912280701755 0.020833333333333332 0.021929824561403508
1 0.7401315789473684 0.3640350877192982 0.013888888888888888 0.03070175438596491
1 0.6763523391812866 0.34621710526315785 0.031067251461988302 0.020285087719298246
1 0.6167763157894737 0.4270833333333333 0.03764619883040936 0.05592105263157894
1 0.9925073099415204 0.4421600877192982 0.014985380116959063 0.05537280701754386
1 0.8379020467836257 0.42050438596491224 0.0266812865497076 0.046052631578947366
1 0.7447002923976608 0.43722587719298245 0.05665204678362573 0.07291666666666666
1 0.6421783625730993 0.4492872807017544 0.02046783625730994 0.03782894736842105
1 0.9809941520467835 0.5411184210526315 0.019736842105263157 0.029605263157894735
1 0.9155701754385964 0.5515350877192983 0.014619883040935672 0.015350877192982455
1 0.8349780701754386 0.5915570175438596 0.02010233918128655 0.02631578947368421
1 0.7240497076023391 0.5515350877192983 0.01827485380116959 0.03289473684210526
1 0.5805921052631579 0.5805921052631579 0.010599415204678362 0.02412280701754386
1 0.5840643274853801 0.6792763157894737 0.03435672514619883 0.02631578947368421
1 0.6567982456140351 0.6650219298245613 0.02046783625730994 0.03399122807017543
1 0.7280701754385964 0.6858552631578947 0.013157894736842105 0.020833333333333332
1 0.8209064327485379 0.6674890350877193 0.013157894736842105 0.0356359649122807
1 0.8892543859649122 0.6625548245614035 0.021929824561403508 0.02576754385964912
1 0.9634502923976608 0.6565241228070176 0.007309941520467836 0.013706140350877192
1 0.9798976608187134 0.8681469298245613 0.014619883040935672 0.02905701754385965
1 0.9177631578947368 0.8656798245614035 0.014619883040935672 0.020833333333333332
1 0.8885233918128654 0.8684210526315789 0.01608187134502924 0.02850877192982456
1 0.8552631578947368 0.884594298245614 0.011695906432748537 0.02357456140350877
1 0.8159722222222222 0.8643092105263157 0.02010233918128655 0.02905701754385965
1 0.7744883040935672 0.8733552631578947 0.01608187134502924 0.04057017543859649
1 0.7149122807017544 0.8662280701754386 0.013888888888888888 0.021929824561403508
1 0.7149122807017544 0.8837719298245613 0.019736842105263157 0.019736842105263157
1 0.638157894736842 0.7864583333333333 0.013157894736842105 0.018092105263157895
1 0.6197002923976608 0.9901315789473684 0.035453216374269 0.019736842105263157
1 0.7861842105263157 0.988486842105263 0.01608187134502924 0.023026315789473683
1 0.8192616959064327 0.9879385964912281 0.031067251461988302 0.02412280701754386
1 0.8744517543859649 0.9827302631578947 0.025950292397660817 0.03453947368421052
1 0.900219298245614 0.9868421052631579 0.03508771929824561 0.02631578947368421
1 0.9612573099415204 0.9898574561403508 0.023391812865497075 0.020285087719298246
