1 0.24762426900584794 0.06277412280701754 0.023026315789473683 0.0268640350877193
1 0.3653143274853801 0.0400219298245614 0.029605263157894735 0.02631578947368421
1 0.6504020467836257 0.22532894736842105 0.009868421052631578 0.017543859649122806
1 0.7445175438596491 0.23053728070175436 0.009502923976608187 0.016995614035087717
1 0.8051900584795321 0.2149122807017544 0.01608187134502924 0.03070175438596491
1 0.8633040935672515 0.4325657894736842 0.031432748538011694 0.03289473684210526
1 0.8188961988304093 0.4292763157894737 0.031067251461988302 0.044956140350877194
1 0.7657163742690059 0.53125 0.021198830409356724 0.08223684210526315
1 0.6611842105263157 0.5466008771929824 0.025584795321637425 0.03508771929824561
1 0.6176900584795322 0.4915021929824561 0.013888888888888888 0.022478070175438597
1 0.5946637426900584 0.5668859649122807 0.029970760233918127 0.044956140350877194
1 0.57328216374269 0.5446820175438596 0.029605263157894735 0.0356359649122807
1 0.5365497076023391 0.5622258771929824 0.019005847953216373 0.0268640350877193
1 0.5052997076023391 0.5709978070175439 0.03618421052631579 0.02905701754385965
1 0.4932383040935672 0.5375548245614035 0.017178362573099414 0.03673245614035087
1 0.4444444444444444 0.575657894736842 0.029239766081871343 0.03179824561403509
1 0.3850511695906432 0.5644188596491228 0.04641812865497076 0.041118421052631575
1 0.32364766081871343 0.5709978070175439 0.03618421052631579 0.05098684210526316
1 0.24561403508771928 0.4468201754385965 0.029970760233918127 0.039473684210526314
1 0.26425438596491224 0.5542763157894737 0.025584795321637425 0.029605263157894735
1 0.2450657894736842 0.7009320175438596 0.021564327485380116 0.044407894736842105
1 0.3072002923976608 0.6861293859649122 0.04130116959064327 0.05866228070175438
1 0.3916301169590643 0.6480263157894737 0.031067251461988302 0.046052631578947366
1 0.5180921052631579 0.6894188596491228 0.04130116959064327 0.06414473684210525
1 0.59375 0.7140899122807017 0.03399122807017543 0.05537280701754386
1 0.6509502923976608 0.6680372807017544 0.02850877192982456 0.06085526315789473
1 0.6858552631578947 0.6702302631578947 0.02448830409356725 0.0400219298245614
1 0.7090643274853801 0.6795504385964912 0.03728070175438596 0.07291666666666666
1 0.8110380116959064 0.6833881578947368 0.03435672514619883 0.0762061403508772
1 0.10343567251461988 0.8889802631578947 0.01827485380116959 0.015899122807017545
