1 0.8093932748538011 0.11211622807017543 0.02010233918128655 0.03125
1 0.7934941520467835 0.3401864035087719 0.021929824561403508 0.03673245614035087
1 0.8877923976608186 0.11896929824561403 0.023391812865497075 0.039473684210526314
1 0.8622076023391813 0.20531798245614033 0.024853801169590642 0.0400219298245614
1 0.8417397660818713 0.29906798245614036 0.027777777777777776 0.03015350877192982
1 0.32072368421052627 0.12335526315789473 0.03033625730994152 0.05263157894736842
1 0.49707602339181284 0.18530701754385964 0.01827485380116959 0.015350877192982455
1 0.5239400584795322 0.19298245614035087 0.025219298245614034 0.03179824561403509
1 0.5469663742690059 0.2012061403508772 0.013523391812865496 0.021929824561403508
1 0.15186403508771928 0.3333333333333333 0.029605263157894735 0.05153508771929824
1 0.18110380116959063 0.303453947368421 0.03033625730994152 0.038925438596491224
1 0.2178362573099415 0.30975877192982454 0.029239766081871343 0.044956140350877194
1 0.2744883040935672 0.3086622807017544 0.03216374269005848 0.039473684210526314
1 0.31743421052631576 0.3212719298245614 0.028143274853801168 0.04714912280701754
1 0.38029970760233917 0.2987938596491228 0.017178362573099414 0.019736842105263157
1 0.41447368421052627 0.3144188596491228 0.02631578947368421 0.045504385964912276
1 0.4415204678362573 0.31359649122807015 0.03216374269005848 0.046052631578947366
1 0.48684210526315785 0.2949561403508772 0.021198830409356724 0.02850877192982456
1 0.5347222222222222 0.3144188596491228 0.02266081871345029 0.0356359649122807
1 0.5590277777777778 0.31496710526315785 0.025950292397660817 0.0356359649122807
1 0.6138523391812866 0.3045504385964912 0.025219298245614034 0.048793859649122806
1 0.6472953216374269 0.31880482456140347 0.029239766081871343 0.03673245614035087
1 0.6807383040935672 0.2976973684210526 0.019371345029239765 0.03070175438596491
1 0.7967836257309941 0.397203947368421 0.017543859649122806 0.0268640350877193
1 0.8501461988304093 0.43338815789473684 0.016812865497076022 0.018092105263157895
1 0.8115862573099415 0.5446820175438596 0.029605263157894735 0.03782894736842105
1 0.71875 0.5446820175438596 0.03764619883040936 0.05317982456140351
1 0.6895102339181286 0.5202850877192983 0.009137426900584795 0.013157894736842105
1 0.6533260233918128 0.5183662280701754 0.02448830409356725 0.0268640350877193
1 0.6275584795321637 0.5202850877192983 0.016812865497076022 0.013157894736842105
1 0.5449561403508771 0.5290570175438596 0.01023391812865497 0.010964912280701754
1 0.45211988304093564 0.5315241228070176 0.013157894736842105 0.0268640350877193
1 0.4228801169590643 0.5471491228070176 0.008771929824561403 0.03070175438596491
1 0.39364035087719296 0.5211074561403508 0.013157894736842105 0.016995614035087717
1 0.3651315789473684 0.5359100877192983 0.014619883040935672 0.018092105263157895
1 0.31341374269005845 0.5178179824561403 0.008406432748538011 0.014802631578947368
1 0.25493421052631576 0.5189144736842105 0.023757309941520467 0.014802631578947368
1 0.2149122807017544 0.5375548245614035 0.01608187134502924 0.010416666666666666
1 0.20211988304093567 0.5158991228070176 0.008771929824561403 0.021929824561403508
1 0.1611842105263158 0.5296052631578947 0.014619883040935672 0.019736842105263157
1 0.10142543859649122 0.5361842105263157 0.0537280701754386 0.06469298245614034
1 0.025219298245614034 0.6477521929824561 0.04678362573099415 0.05098684210526316
1 0.012244152046783625 0.9465460526315789 0.023026315789473683 0.06085526315789473
1 0.1913377192982456 0.6450109649122807 0.02448830409356725 0.042214912280701754
1 0.2309941520467836 0.6439144736842105 0.019736842105263157 0.03453947368421052
1 0.2701023391812865 0.6359649122807017 0.01608187134502924 0.020833333333333332
1 0.3081140350877193 0.6631030701754386 0.03070175438596491 0.044407894736842105
1 0.3506944444444444 0.6400767543859649 0.017909356725146198 0.02796052631578947
1 0.34173976608187134 0.8456688596491228 0.03435672514619883 0.04769736842105263
1 0.37298976608187134 0.8218201754385964 0.02448830409356725 0.049342105263157895
1 0.4155701754385965 0.7308114035087719 0.03070175438596491 0.043859649122807015
1 0.4722222222222222 0.7354714912280701 0.03289473684210526 0.044407894736842105
1 0.45614035087719296 0.6433662280701754 0.021198830409356724 0.042214912280701754
1 0.5283260233918128 0.6474780701754386 0.01425438596491228 0.020833333333333332
1 0.5071271929824561 0.734375 0.01864035087719298 0.02905701754385965
1 0.554093567251462 0.7198464912280701 0.01608187134502924 0.03289473684210526
1 0.5537280701754386 0.6433662280701754 0.013888888888888888 0.0268640350877193
1 0.6240862573099415 0.6570723684210525 0.01206140350877193 0.0268640350877193
1 0.6167763157894737 0.7341008771929824 0.011330409356725146 0.043859649122807015
1 0.6504020467836257 0.6496710526315789 0.013523391812865496 0.025219298245614034
1 0.6885964912280701 0.6387061403508771 0.014619883040935672 0.021929824561403508
1 0.7298976608187134 0.647203947368421 0.010964912280701754 0.019188596491228067
1 0.7286184210526315 0.7192982456140351 0.0222953216374269 0.03618421052631579
1 0.552266081871345 0.822094298245614 0.03508771929824561 0.0400219298245614
1 0.6142178362573099 0.8349780701754386 0.0266812865497076 0.02850877192982456
1 0.674890350877193 0.9152960526315789 0.039108187134502925 0.0400219298245614
1 0.7105263157894737 0.9155701754385964 0.012426900584795321 0.049342105263157895
1 0.7447002923976608 0.9202302631578947 0.011330409356725146 0.03673245614035087
1 0.5361842105263157 0.9109100877192982 0.010964912280701754 0.0400219298245614
1 0.5127923976608186 0.9407894736842105 0.02850877192982456 0.044956140350877194
1 0.48739035087719296 0.9528508771929824 0.03326023391812866 0.04057017543859649
1 0.4415204678362573 0.947094298245614 0.03435672514619883 0.045504385964912276
1 0.41447368421052627 0.9638157894736842 0.021198830409356724 0.039473684210526314
1 0.38029970760233917 0.9503837719298245 0.017178362573099414 0.043311403508771926
1 0.26078216374269003 0.9449013157894737 0.020833333333333332 0.016995614035087717
1 0.19005847953216373 0.9503837719298245 0.013888888888888888 0.041118421052631575
1 0.8051900584795321 0.775219298245614 0.015350877192982455 0.044956140350877194
1 0.8095760233918128 0.8388157894736842 0.029239766081871343 0.03508771929824561
1 0.8177997076023391 0.9643640350877193 0.034722222222222224 0.03070175438596491
1 0.8300438596491228 0.8706140350877193 0.021929824561403508 0.038377192982456135
1 0.8379020467836257 0.9347587719298245 0.009868421052631578 0.01864035087719298
1 0.8872441520467835 0.9484649122807017 0.025950292397660817 0.046052631578947366
1 0.8846856725146198 0.8908991228070174 0.023026315789473683 0.03618421052631579
1 0.8910818713450291 0.8536184210526315 0.012426900584795321 0.04057017543859649
1 0.8633040935672515 0.7727521929824561 0.02046783625730994 0.0268640350877193
1 0.908625730994152 0.7853618421052632 0.01827485380116959 0.04989035087719298
1 0.9331140350877193 0.7859100877192982 0.027777777777777776 0.0400219298245614
1 0.9307383040935672 0.8459429824561403 0.04203216374269006 0.0668859649122807
1 0.9497441520467835 0.872532894736842 0.0222953216374269 0.03234649122807017
1 0.9961622807017543 0.8525219298245613 0.01425438596491228 0.044956140350877194
1 0.9307383040935672 0.6477521929824561 0.03764619883040936 0.0356359649122807
1 0.9722222222222222 0.6557017543859649 0.03728070175438596 0.043859649122807015
1 0.9947002923976608 0.990953947368421 0.009868421052631578 0.020285087719298246
1 0.9292763157894737 0.4558662280701754 0.019371345029239765 0.03125
1 0.924890350877193 0.4975328947368421 0.02448830409356725 0.05975877192982456
1 0.9409722222222222 0.5523574561403508 0.023026315789473683 0.02796052631578947
1 0.9888523391812865 0.5142543859649122 0.03179824561403509 0.046052631578947366
1 0.9232456140350876 0.3119517543859649 0.02266081871345029 0.03179824561403509
1 0.9766081871345029 0.35800438596491224 0.03070175438596491 0.03289473684210526
1 1 0.33442982456140347 0.021564327485380116 0.03508771929824561
1 0.9161184210526315 0.2151864035087719 0.01206140350877193 0.02357456140350877
1 0.9751461988304093 0.20531798245614033 0.013157894736842105 0.02576754385964912
1 0.9296418128654971 0.12445175438596491 0.023757309941520467 0.03179824561403509
1 0.9766081871345029 0.08470394736842105 0.03070175438596491 0.06195175438596491
1 1 0.0762061403508772 0.011330409356725146 0.017543859649122806
