1 0.09576023391812866 0.6036184210526315 0.019736842105263157 0.023026315789473683
1 0.0977704678362573 0.6233552631578947 0.028143274853801168 0.021929824561403508
1 0.09758771929824561 0.7431469298245613 0.024853801169590642 0.0356359649122807
1 0.09173976608187134 0.8083881578947368 0.01827485380116959 0.024671052631578948
1 0.14546783625730994 0.8448464912280701 0.02046783625730994 0.025219298245614034
1 0.18804824561403508 0.8514254385964912 0.02448830409356725 0.023026315789473683
1 0.23318713450292397 0.640625 0.013157894736842105 0.022478070175438597
1 0.3671418128654971 0.6258223684210525 0.017178362573099414 0.03673245614035087
1 0.39016812865497075 0.6066337719298245 0.02010233918128655 0.022478070175438597
1 0.39016812865497075 0.7116228070175438 0.017909356725146198 0.03070175438596491
1 0.32383040935672514 0.8462171052631579 0.009502923976608187 0.024671052631578948
1 0.2631578947368421 0.8275767543859649 0.021929824561403508 0.014802631578947368
1 0.06012426900584795 0.9577850877192982 0.02010233918128655 0.03399122807017543
1 0.4444444444444444 0.8168859649122806 0.027046783625730993 0.01864035087719298
1 0.3821271929824561 0.9465460526315789 0.01864035087719298 0.0268640350877193
1 0.15387426900584794 0.987390350877193 0.04093567251461988 0.025219298245614034
1 0.47697368421052627 0.5712719298245613 0.010964912280701754 0.02631578947368421
1 0.508406432748538 0.6200657894736842 0.01827485380116959 0.03618421052631579
1 0.4707602339181286 0.7231359649122807 0.015350877192982455 0.019736842105263157
1 0.6153143274853801 0.546875 0.035453216374269 0.06195175438596491
1 0.6377923976608186 0.6006030701754386 0.02412280701754386 0.020285087719298246
1 0.6048976608187134 0.674890350877193 0.017543859649122806 0.02631578947368421
1 0.6655701754385964 0.6949013157894737 0.009502923976608187 0.016995614035087717
1 0.7207602339181286 0.6880482456140351 0.01608187134502924 0.03070175438596491
1 0.6924342105263157 0.5657894736842105 0.015716374269005847 0.03179824561403509
1 0.7417763157894737 0.5989583333333333 0.01864035087719298 0.021381578947368418
1 0.7768640350877193 0.5805921052631579 0.014985380116959063 0.03399122807017543
1 0.7825292397660818 0.6962719298245613 0.02046783625730994 0.03399122807017543
1 0.7807017543859649 0.7815241228070176 0.013888888888888888 0.0268640350877193
1 0.6096491228070176 0.9317434210526315 0.02046783625730994 0.0400219298245614
1 0.5259502923976608 0.9281798245614035 0.012426900584795321 0.017543859649122806
1 0.46875 0.931469298245614 0.01644736842105263 0.03618421052631579
1 0.6474780701754386 0.9945175438596491 0.020833333333333332 0.010964912280701754
1 0.6112938596491228 0.9865679824561403 0.038377192982456135 0.0268640350877193
1 0.48245614035087714 0.9906798245614035 0.024853801169590642 0.01864035087719298
1 0.41154970760233917 0.9887609649122806 0.02412280701754386 0.022478070175438597
1 0.2666301169590643 0.9876644736842105 0.039108187134502925 0.024671052631578948
1 0.6807383040935672 0.9901315789473684 0.03326023391812866 0.019736842105263157
1 0.7563961988304093 0.9846491228070174 0.03399122807017543 0.03070175438596491
1 0.8422880116959064 0.9923245614035087 0.017909356725146198 0.015350877192982455
1 0.8486842105263157 0.78125 0.02412280701754386 0.020833333333333332
1 0.8770102339181286 0.8432017543859649 0.019371345029239765 0.021929824561403508
1 0.8609283625730993 0.872532894736842 0.02010233918128655 0.02796052631578947
1 0.9415204678362572 0.9087171052631579 0.021929824561403508 0.0400219298245614
1 0.8534356725146198 0.5608552631578947 0.013157894736842105 0.03179824561403509
1 0.9526681286549707 0.5625 0.0222953216374269 0.029605263157894735
1 0.9932383040935672 0.5334429824561403 0.013523391812865496 0.03070175438596491
1 0.906798245614035 0.6880482456140351 0.01827485380116959 0.021929824561403508
1 0.9839181286549707 0.7741228070175438 0.03216374269005848 0.03618421052631579
1 0.9956140350877193 0.7415021929824561 0.008771929824561403 0.0356359649122807
