1 0.012244152046783625 0.20833333333333331 0.0222953216374269 0.021929824561403508
1 0.14455409356725146 0.17900219298245612 0.028143274853801168 0.03125
1 0.20413011695906433 0.21025219298245612 0.023757309941520467 0.044407894736842105
1 0.35526315789473684 0.16365131578947367 0.029239766081871343 0.03344298245614035
1 0.3046418128654971 0.31304824561403505 0.0266812865497076 0.03508771929824561
1 0.017178362573099414 0.33497807017543857 0.033625730994152045 0.0581140350877193
1 0.10508040935672514 0.44188596491228066 0.0442251461988304 0.03728070175438596
1 0.2733918128654971 0.46463815789473684 0.029970760233918127 0.0356359649122807
1 0.3260233918128655 0.475328947368421 0.024853801169590642 0.044956140350877194
1 0.4360380116959064 0.4533991228070175 0.03289473684210526 0.03070175438596491
1 0.3296783625730994 0.5981359649122807 0.02631578947368421 0.038377192982456135
1 0.2225877192982456 0.5981359649122807 0.027777777777777776 0.042763157894736836
1 0.3744517543859649 0.6938048245614035 0.039108187134502925 0.05098684210526316
1 0.48739035087719296 0.6792763157894737 0.04057017543859649 0.05701754385964912
1 0.2309941520467836 0.6567982456140351 0.027046783625730993 0.03179824561403509
1 0.20559210526315788 0.6606359649122807 0.0266812865497076 0.038377192982456135
1 0.17196637426900585 0.671875 0.0266812865497076 0.02905701754385965
1 0.14053362573099415 0.6521381578947368 0.034722222222222224 0.0400219298245614
1 0.10635964912280702 0.6611842105263157 0.02266081871345029 0.03070175438596491
1 0.05171783625730994 0.6765350877192982 0.04203216374269006 0.049342105263157895
1 0.3609283625730994 0.7990679824561403 0.020833333333333332 0.02796052631578947
1 0.325109649122807 0.8127741228070176 0.03326023391812866 0.048793859649122806
1 0.289656432748538 0.8149671052631579 0.032529239766081866 0.03125
1 0.014619883040935672 0.8245614035087718 0.027046783625730993 0.042763157894736836
1 0.05171783625730994 0.8056469298245613 0.0581140350877193 0.05756578947368421
1 0.28216374269005845 0.8462171052631579 0.029239766081871343 0.024671052631578948
1 0.023940058479532164 0.9281798245614035 0.03618421052631579 0.05153508771929824
1 0.051352339181286545 0.9004934210526315 0.028143274853801168 0.044407894736842105
1 0.07364766081871345 0.9240679824561403 0.04714912280701754 0.03782894736842105
1 0.1248172514619883 0.9065241228070174 0.05080409356725146 0.05317982456140351
1 0.12591374269005848 0.940515350877193 0.04130116959064327 0.038925438596491224
1 0.14656432748538012 0.972861842105263 0.025584795321637425 0.03782894736842105
1 0.24323830409356723 0.8996710526315789 0.01644736842105263 0.017543859649122806
1 0.3119517543859649 0.8996710526315789 0.04349415204678363 0.046052631578947366
1 0.3609283625730994 0.8774671052631579 0.03691520467836257 0.042214912280701754
1 0.377375730994152 0.912828947368421 0.01864035087719298 0.042763157894736836
1 0.4634502923976608 0.8993969298245613 0.016812865497076022 0.02796052631578947
1 0.4859283625730994 0.9333881578947368 0.025950292397660817 0.0400219298245614
1 0.47368421052631576 0.26864035087719296 0.021198830409356724 0.01864035087719298
1 0.49067982456140347 0.2025767543859649 0.025950292397660817 0.0356359649122807
1 0.5350877192982456 0.1943530701754386 0.019005847953216373 0.0400219298245614
1 0.6001461988304093 0.18530701754385964 0.029970760233918127 0.042763157894736836
1 0.7569444444444444 0.19161184210526314 0.015350877192982455 0.03673245614035087
1 0.8163377192982456 0.22807017543859648 0.021564327485380116 0.025219298245614034
1 0.9179459064327485 0.1474780701754386 0.05665204678362573 0.09429824561403508
1 0.8642178362573099 0.3042763157894737 0.028143274853801168 0.039473684210526314
1 0.6571637426900584 0.3059210526315789 0.023391812865497075 0.03618421052631579
1 0.7108918128654971 0.30372807017543857 0.023391812865497075 0.03399122807017543
1 0.9956140350877193 0.1439144736842105 0.008771929824561403 0.016995614035087717
1 0.9766081871345029 0.44435307017543857 0.027046783625730993 0.0356359649122807
1 0.8965643274853801 0.3484100877192982 0.02412280701754386 0.0400219298245614
1 0.9325657894736842 0.4109100877192982 0.017178362573099414 0.0268640350877193
1 0.8994883040935672 0.45038377192982454 0.029239766081871343 0.04989035087719298
1 0.8516081871345029 0.5024671052631579 0.01827485380116959 0.046600877192982455
1 0.7715643274853801 0.45093201754385964 0.027046783625730993 0.046600877192982455
1 0.7810672514619883 0.48218201754385964 0.019005847953216373 0.05866228070175438
1 0.7436038011695906 0.44298245614035087 0.020833333333333332 0.03289473684210526
1 0.6290204678362573 0.46655701754385964 0.03289473684210526 0.04057017543859649
1 0.6078216374269005 0.45805921052631576 0.01608187134502924 0.03344298245614035
1 0.5663377192982456 0.453125 0.019371345029239765 0.05208333333333333
1 0.5005482456140351 0.4383223684210526 0.0222953216374269 0.03125
1 0.481359649122807 0.4336622807017544 0.03216374269005848 0.04824561403508772
1 0.5581140350877193 0.6091008771929824 0.021198830409356724 0.05043859649122807
1 0.6001461988304093 0.6025219298245613 0.01827485380116959 0.039473684210526314
1 0.8974780701754386 0.6115679824561403 0.023026315789473683 0.048793859649122806
1 0.9427997076023391 0.575657894736842 0.03179824561403509 0.04057017543859649
1 0.9678362573099415 0.6836622807017544 0.01023391812865497 0.03070175438596491
1 0.9535818713450291 0.768640350877193 0.02046783625730994 0.03508771929824561
1 0.8501461988304093 0.796875 0.012426900584795321 0.03782894736842105
1 0.8093932748538011 0.7886513157894737 0.023026315789473683 0.03344298245614035
1 0.7549342105263157 0.7971491228070176 0.021564327485380116 0.03070175438596491
1 0.7222222222222222 0.8081140350877193 0.013888888888888888 0.038377192982456135
1 0.6944444444444444 0.790844298245614 0.013157894736842105 0.03453947368421052
1 0.629203216374269 0.7831688596491228 0.02448830409356725 0.024671052631578948
1 0.5274122807017544 0.6853070175438596 0.021929824561403508 0.023026315789473683
1 0.5542763157894737 0.9152960526315789 0.012792397660818713 0.0268640350877193
1 0.5990497076023391 0.915844298245614 0.019736842105263157 0.03453947368421052
1 0.6567982456140351 0.9106359649122806 0.01827485380116959 0.02850877192982456
1 0.6895102339181286 0.9358552631578947 0.020833333333333332 0.03289473684210526
1 0.7368421052631579 0.9723135964912281 0.0489766081871345 0.05537280701754386
1 0.8115862573099415 0.9306469298245613 0.013523391812865496 0.03125
1 0.7792397660818713 0.903782894736842 0.01608187134502924 0.022478070175438597
1 0.8369883040935672 0.9503837719298245 0.017543859649122806 0.03344298245614035
1 0.8603801169590642 0.9418859649122806 0.015350877192982455 0.02850877192982456
1 0.9042397660818713 0.9021381578947368 0.013157894736842105 0.022478070175438597
1 0.938048245614035 0.8996710526315789 0.010599415204678362 0.023026315789473683
1 0.9766081871345029 0.940515350877193 0.016812865497076022 0.03234649122807017
