1 0.23282163742690057 0.7406798245614035 0.011695906432748537 0.023026315789473683
1 0.10069444444444443 0.8547149122807017 0.034722222222222224 0.039473684210526314
1 0.1421783625730994 0.8456688596491228 0.03654970760233918 0.05866228070175438
1 0.2046783625730994 0.8262061403508771 0.013888888888888888 0.029605263157894735
1 0.2563961988304093 0.8462171052631579 0.020833333333333332 0.05756578947368421
1 0.3958333333333333 0.06332236842105263 0.01608187134502924 0.041118421052631575
1 0.4365862573099415 0.058388157894736836 0.03399122807017543 0.0400219298245614
1 0.46235380116959063 0.05235745614035087 0.014619883040935672 0.020285087719298246
1 0.5190058479532164 0.056195175438596486 0.023391812865497075 0.046600877192982455
1 0.5526315789473684 0.06880482456140351 0.015350877192982455 0.02357456140350877
1 0.5849780701754386 0.06661184210526315 0.029605263157894735 0.05098684210526316
1 0.6641081871345029 0.04029605263157895 0.029970760233918127 0.05317982456140351
1 0.6997441520467836 0.06962719298245613 0.031067251461988302 0.0581140350877193
1 0.7269736842105263 0.05317982456140351 0.01827485380116959 0.019736842105263157
1 0.8017178362573099 0.045504385964912276 0.023757309941520467 0.023026315789473683
1 0.8188961988304093 0.04057017543859649 0.021564327485380116 0.04057017543859649
1 0.8550804093567251 0.018092105263157895 0.019371345029239765 0.017543859649122806
1 0.8835891812865496 0.035910087719298246 0.023026315789473683 0.0268640350877193
1 0.377375730994152 0.31798245614035087 0.01425438596491228 0.02631578947368421
