1 0.08205409356725146 0.0581140350877193 0.009868421052631578 0.025219298245614034
1 0.1387061403508772 0.07593201754385964 0.013523391812865496 0.016995614035087717
1 0.16264619883040934 0.06770833333333333 0.01608187134502924 0.02357456140350877
1 0.21235380116959063 0.06469298245614034 0.02046783625730994 0.04057017543859649
1 0.26133040935672514 0.08141447368421052 0.021198830409356724 0.038925438596491224
1 0.3435672514619883 0.05537280701754386 0.033625730994152045 0.03179824561403509
1 0.3965643274853801 0.09429824561403508 0.01608187134502924 0.021929824561403508
1 0.4453581871345029 0.08991228070175439 0.021564327485380116 0.03508771929824561
1 0.5025584795321637 0.054002192982456135 0.02266081871345029 0.015899122807017545
1 0.5736476608187134 0.05208333333333333 0.0266812865497076 0.04057017543859649
1 0.6248172514619883 0.06058114035087719 0.017178362573099414 0.011513157894736841
1 0.3428362573099415 0.21957236842105263 0.016812865497076022 0.012609649122807017
1 0.2876461988304093 0.22807017543859648 0.011695906432748537 0.017543859649122806
1 0.23866959064327484 0.18585526315789472 0.011695906432748537 0.01864035087719298
1 0.17068713450292397 0.31469298245614036 0.01023391812865497 0.02412280701754386
1 0.21875 0.35910087719298245 0.0222953216374269 0.027412280701754384
1 0.29550438596491224 0.3401864035087719 0.020833333333333332 0.02576754385964912
1 0.3435672514619883 0.34429824561403505 0.017543859649122806 0.02631578947368421
1 0.6480263157894737 0.33908991228070173 0.025584795321637425 0.05756578947368421
1 0.7178362573099415 0.3218201754385965 0.021929824561403508 0.03070175438596491
1 0.7346491228070176 0.5625 0.021929824561403508 0.03179824561403509
1 0.6927997076023391 0.5633223684210527 0.017178362573099414 0.021381578947368418
1 0.6611842105263157 0.5805921052631579 0.029239766081871343 0.05153508771929824
1 0.627375730994152 0.575657894736842 0.019371345029239765 0.03399122807017543
1 0.5990497076023391 0.5910087719298245 0.027777777777777776 0.03289473684210526
1 0.5796783625730993 0.6030701754385964 0.031432748538011694 0.0537280701754386
1 0.4917763157894737 0.5718201754385964 0.020833333333333332 0.029605263157894735
1 0.3921783625730994 0.5803179824561403 0.021198830409356724 0.022478070175438597
1 0.2940423976608187 0.5731907894736842 0.017909356725146198 0.03015350877192982
1 0.19682017543859648 0.5901864035087719 0.023757309941520467 0.03015350877192982
1 0.12298976608187134 0.5775767543859649 0.015716374269005847 0.016995614035087717
1 0.09173976608187134 0.5942982456140351 0.01608187134502924 0.02412280701754386
1 0.09576023391812866 0.7009320175438596 0.013888888888888888 0.022478070175438597
1 0.0849780701754386 0.7711074561403508 0.023026315789473683 0.03673245614035087
1 0.1153143274853801 0.7875548245614035 0.025219298245614034 0.0400219298245614
1 0.14948830409356725 0.796875 0.025584795321637425 0.0400219298245614
1 0.18658625730994152 0.7976973684210525 0.023757309941520467 0.03728070175438596
1 0.21582602339181287 0.7845394736842105 0.02448830409356725 0.02850877192982456
1 0.22807017543859648 0.6927083333333333 0.02631578947368421 0.03673245614035087
1 0.28179824561403505 0.7234100877192982 0.01827485380116959 0.042214912280701754
1 0.2774122807017544 0.7905701754385964 0.008771929824561403 0.023026315789473683
1 0.29239766081871343 0.9026864035087718 0.03070175438596491 0.05646929824561403
1 0.35453216374269003 0.6949013157894737 0.017543859649122806 0.024671052631578948
1 0.4163011695906432 0.7261513157894737 0.013157894736842105 0.043311403508771926
1 0.45175438596491224 0.7209429824561403 0.02266081871345029 0.038377192982456135
1 0.49122807017543857 0.796875 0.021198830409356724 0.0400219298245614
1 0.581140350877193 0.9065241228070174 0.024853801169590642 0.03125
1 0.6860380116959064 0.9205043859649122 0.03289473684210526 0.02631578947368421
1 0.7324561403508771 0.8059210526315789 0.027777777777777776 0.039473684210526314
1 0.49762426900584794 0.7118969298245613 0.0266812865497076 0.02905701754385965
1 0.5274122807017544 0.6924342105263157 0.029239766081871343 0.046052631578947366
1 0.564875730994152 0.7996162280701754 0.025219298245614034 0.0356359649122807
1 0.5946637426900584 0.703125 0.013157894736842105 0.02796052631578947
1 0.6346856725146198 0.6959978070175438 0.03399122807017543 0.05756578947368421
1 0.6631944444444444 0.6839364035087719 0.023757309941520467 0.03125
1 0.7163742690058479 0.7371162280701754 0.07748538011695906 0.10032894736842105
1 0.7563961988304093 0.7039473684210525 0.020833333333333332 0.019736842105263157
1 0.7788742690058479 0.7151864035087719 0.033625730994152045 0.05646929824561403
1 0.91703216374269 0.056743421052631575 0.029239766081871343 0.020285087719298246
1 0.8616593567251462 0.19298245614035087 0.04057017543859649 0.06359649122807018
1 0.9888523391812865 0.27658991228070173 0.0222953216374269 0.016995614035087717
1 0.9097222222222222 0.35910087719298245 0.04678362573099415 0.09868421052631579
1 0.927266081871345 0.4558662280701754 0.03216374269005848 0.044407894736842105
1 0.991593567251462 0.4449013157894737 0.016812865497076022 0.041118421052631575
1 0.9570540935672515 0.5471491228070176 0.03179824561403509 0.02631578947368421
1 0.9872076023391813 0.8020833333333333 0.025584795321637425 0.043859649122807015
1 0.88578216374269 0.9281798245614035 0.03399122807017543 0.04057017543859649
1 0.9133771929824561 0.9602521929824561 0.021929824561403508 0.0400219298245614
1 0.9535818713450291 0.9196820175438596 0.017543859649122806 0.03782894736842105
