1 0.1109283625730994 0.07182017543859649 0.035453216374269 0.04057017543859649
1 0.2222222222222222 0.18174342105263158 0.01827485380116959 0.038925438596491224
1 0.4267178362573099 0.15597587719298245 0.03326023391812866 0.0400219298245614
1 0.5146198830409356 0.18311403508771928 0.02046783625730994 0.029605263157894735
1 0.164656432748538 0.37280701754385964 0.029605263157894735 0.041666666666666664
1 0.20175438596491227 0.5400219298245613 0.02046783625730994 0.03618421052631579
1 0.5595760233918128 0.9583333333333333 0.02850877192982456 0.03289473684210526
1 0.6600877192982456 0.20093201754385964 0.009502923976608187 0.018092105263157895
1 0.677266081871345 0.1836622807017544 0.015350877192982455 0.021929824561403508
1 0.9943347953216374 0.15186403508771928 0.011330409356725146 0.021929824561403508
1 0.9502923976608186 0.25246710526315785 0.013157894736842105 0.018092105263157895
1 0.7032163742690059 0.2464364035087719 0.010964912280701754 0.03673245614035087
1 0.9899488304093567 0.5764802631578947 0.02010233918128655 0.05756578947368421
1 0.9468201754385964 0.5764802631578947 0.042763157894736836 0.05756578947368421
1 0.9082602339181286 0.5901864035087719 0.03654970760233918 0.048793859649122806
1 0.8653143274853801 0.6148574561403508 0.034722222222222224 0.04989035087719298
1 0.8413742690058479 0.5896381578947368 0.01608187134502924 0.048793859649122806
1 0.7622441520467835 0.6126644736842105 0.05007309941520467 0.05646929824561403
1 0.6988304093567251 0.5945723684210525 0.04312865497076023 0.04769736842105263
1 0.6708698830409356 0.6066337719298245 0.04349415204678363 0.06962719298245613
1 0.7637061403508771 0.7105263157894737 0.04057017543859649 0.0668859649122807
1 0.8125 0.6987390350877193 0.035818713450292396 0.06195175438596491
1 0.9027777777777777 0.6724232456140351 0.03216374269005848 0.07072368421052631
1 0.7563961988304093 0.8119517543859649 0.029605263157894735 0.039473684210526314
1 0.7934941520467835 0.810032894736842 0.029239766081871343 0.038925438596491224
1 0.6822002923976608 0.9564144736842105 0.025950292397660817 0.020285087719298246
1 0.8192616959064327 0.9361293859649122 0.02010233918128655 0.02796052631578947
1 0.9013157894736842 0.9065241228070174 0.02266081871345029 0.0268640350877193
1 0.9550438596491228 0.9265350877192982 0.014619883040935672 0.023026315789473683
