1 0.10307017543859648 0.06277412280701754 0.024853801169590642 0.03125
1 0.2099780701754386 0.054002192982456135 0.021564327485380116 0.0400219298245614
1 0.3369883040935672 0.1894188596491228 0.016812865497076022 0.024671052631578948
1 0.21966374269005848 0.1737938596491228 0.02631578947368421 0.03289473684210526
1 0.2094298245614035 0.2587719298245614 0.024853801169590642 0.03508771929824561
1 0.3252923976608187 0.2949561403508772 0.03216374269005848 0.04057017543859649
1 0.283625730994152 0.3067434210526316 0.02412280701754386 0.02796052631578947
1 0.22130847953216373 0.3133223684210526 0.027412280701754384 0.03015350877192982
1 0.1737938596491228 0.2996162280701754 0.029605263157894735 0.03782894736842105
1 0.12701023391812866 0.31743421052631576 0.025950292397660817 0.03070175438596491
1 0.07182017543859649 0.3086622807017544 0.039108187134502925 0.039473684210526314
1 0.029605263157894735 0.31935307017543857 0.03508771929824561 0.022478070175438597
1 0.2733918128654971 0.4024122807017544 0.027777777777777776 0.02412280701754386
1 0.2359283625730994 0.4103618421052631 0.034722222222222224 0.03453947368421052
1 0.2046783625730994 0.4246162280701754 0.03289473684210526 0.06743421052631579
1 0.1873172514619883 0.4084429824561403 0.034722222222222224 0.043859649122807015
1 0.10946637426900584 0.4629934210526315 0.04788011695906433 0.04989035087719298
1 0.046966374269005844 0.4739583333333333 0.01864035087719298 0.038925438596491224
1 0.3574561403508772 0.5397478070175439 0.029239766081871343 0.05098684210526316
1 0.3291301169590643 0.5271381578947368 0.017909356725146198 0.0268640350877193
1 0.195906432748538 0.5630482456140351 0.010964912280701754 0.01425438596491228
1 0.021564327485380116 0.5455043859649122 0.041666666666666664 0.07017543859649122
1 0.05665204678362573 0.6526864035087719 0.03654970760233918 0.03234649122807017
1 0.11823830409356724 0.6493969298245613 0.0266812865497076 0.04769736842105263
1 0.2138157894736842 0.6573464912280701 0.02412280701754386 0.03508771929824561
1 0.25201023391812866 0.6518640350877193 0.038377192982456135 0.0581140350877193
1 0.2839912280701754 0.6359649122807017 0.02046783625730994 0.04714912280701754
1 0.320906432748538 0.6403508771929824 0.031432748538011694 0.041666666666666664
1 0.36330409356725146 0.6480263157894737 0.051900584795321635 0.043859649122807015
1 0.34466374269005845 0.7809758771929824 0.02631578947368421 0.041118421052631575
1 0.27887426900584794 0.7741228070175438 0.023391812865497075 0.03399122807017543
1 0.008406432748538011 0.7859100877192982 0.015350877192982455 0.018092105263157895
1 0.08114035087719298 0.7919407894736842 0.015350877192982455 0.015899122807017545
1 0.08351608187134503 0.8752741228070174 0.0398391812865497 0.044407894736842105
1 0.22807017543859648 0.9287280701754386 0.031432748538011694 0.049342105263157895
1 0.31743421052631576 0.919407894736842 0.0398391812865497 0.03399122807017543
1 0.34466374269005845 0.9213267543859649 0.03070175438596491 0.04769736842105263
1 0.3965643274853801 0.9292763157894737 0.0577485380116959 0.021929824561403508
1 0.49616228070175433 0.14281798245614033 0.025950292397660817 0.03782894736842105
1 0.4682017543859649 0.18338815789473684 0.02631578947368421 0.0356359649122807
1 0.5449561403508771 0.16091008771929824 0.013157894736842105 0.022478070175438597
1 0.581140350877193 0.16282894736842105 0.016812865497076022 0.03179824561403509
1 0.7178362573099415 0.15158991228070173 0.019736842105263157 0.03234649122807017
1 0.7748538011695906 0.1918859649122807 0.03654970760233918 0.044956140350877194
1 0.8086622807017544 0.15707236842105263 0.02448830409356725 0.038925438596491224
1 0.9281798245614035 0.15679824561403508 0.04203216374269006 0.03728070175438596
1 0.96875 0.14172149122807018 0.025219298245614034 0.02905701754385965
1 0.9906798245614035 0.15652412280701752 0.01864035087719298 0.0400219298245614
1 0.9442616959064327 0.28125 0.02887426900584795 0.03399122807017543
1 0.908625730994152 0.2689144736842105 0.01827485380116959 0.03782894736842105
1 0.8559941520467835 0.2727521929824561 0.016812865497076022 0.022478070175438597
1 0.8110380116959064 0.3015350877192982 0.023391812865497075 0.02412280701754386
1 0.781798245614035 0.2593201754385965 0.01827485380116959 0.02631578947368421
1 0.7695540935672515 0.28179824561403505 0.02448830409356725 0.03399122807017543
1 0.7313596491228069 0.2683662280701754 0.011695906432748537 0.0356359649122807
1 0.6747076023391813 0.2746710526315789 0.017543859649122806 0.029605263157894735
1 0.7012061403508771 0.28563596491228066 0.010599415204678362 0.019736842105263157
1 0.60453216374269 0.28563596491228066 0.015350877192982455 0.02850877192982456
1 0.5899122807017544 0.29221491228070173 0.019736842105263157 0.02631578947368421
1 0.48245614035087714 0.31112938596491224 0.027777777777777776 0.038925438596491224
1 0.5248538011695906 0.30126096491228066 0.012426900584795321 0.0268640350877193
1 0.4643640350877193 0.4690241228070175 0.04788011695906433 0.05537280701754386
1 0.549890350877193 0.4325657894736842 0.044956140350877194 0.06578947368421052
1 0.5899122807017544 0.375 0.04751461988304093 0.05153508771929824
1 0.6220760233918128 0.41063596491228066 0.016812865497076022 0.03728070175438596
1 0.6717836257309941 0.4152960526315789 0.019005847953216373 0.022478070175438597
1 0.8221856725146198 0.4013157894736842 0.039108187134502925 0.05043859649122807
1 0.8821271929824561 0.37362938596491224 0.039108187134502925 0.0268640350877193
1 0.9824561403508771 0.5137061403508771 0.021198830409356724 0.021929824561403508
1 0.956140350877193 0.49396929824561403 0.016812865497076022 0.029605263157894735
1 0.906798245614035 0.490953947368421 0.014619883040935672 0.02905701754385965
1 0.4780701754385965 0.5523574561403508 0.02850877192982456 0.038925438596491224
1 0.5288742690058479 0.6428179824561403 0.00804093567251462 0.011513157894736841
1 0.5762061403508771 0.6469298245614035 0.017909356725146198 0.03399122807017543
1 0.6151315789473684 0.6408991228070176 0.012426900584795321 0.008771929824561403
1 0.6690423976608186 0.6356907894736842 0.011330409356725146 0.015899122807017545
1 0.6973684210526315 0.5984100877192983 0.014619883040935672 0.03782894736842105
1 0.8247441520467835 0.6260964912280701 0.0062134502923976605 0.01644736842105263
1 0.8726242690058479 0.622532894736842 0.011330409356725146 0.013706140350877192
1 0.9126461988304093 0.6324013157894737 0.005116959064327485 0.013706140350877192
1 0.9941520467836257 0.725328947368421 0.011695906432748537 0.046052631578947366
1 0.9532163742690059 0.725328947368421 0.01608187134502924 0.029605263157894735
1 0.8638523391812865 0.7450657894736842 0.01425438596491228 0.03508771929824561
1 0.7911184210526315 0.747532894736842 0.013523391812865496 0.014802631578947368
1 0.7236842105263157 0.7590460526315789 0.019736842105263157 0.0356359649122807
1 0.6887792397660818 0.759594298245614 0.025950292397660817 0.05427631578947368
1 0.6538742690058479 0.7741228070175438 0.03435672514619883 0.03728070175438596
1 0.5171783625730993 0.7606907894736842 0.027046783625730993 0.03673245614035087
1 0.5277777777777778 0.9106359649122806 0.01827485380116959 0.019736842105263157
1 0.6167763157894737 0.9035087719298245 0.01864035087719298 0.03399122807017543
1 0.6489400584795322 0.850328947368421 0.023026315789473683 0.02850877192982456
1 0.7852704678362573 0.8470394736842105 0.01864035087719298 0.03179824561403509
1 0.8848684210526315 0.8728070175438596 0.027046783625730993 0.043859649122807015
1 0.9141081871345029 0.8933662280701754 0.02631578947368421 0.0356359649122807
1 0.9438961988304093 0.8686951754385964 0.023757309941520467 0.042214912280701754
1 0.9943347953216374 0.8837719298245613 0.011330409356725146 0.038377192982456135
1 0.9917763157894737 0.9871162280701754 0.01644736842105263 0.02576754385964912
1 0.9270833333333333 0.9797149122807017 0.03033625730994152 0.04057017543859649
1 0.9027777777777777 0.9857456140350876 0.013157894736842105 0.02850877192982456
1 0.7494517543859649 0.9912280701754386 0.0222953216374269 0.017543859649122806
1 0.5751096491228069 0.9862938596491228 0.03618421052631579 0.027412280701754384
