1 0.03673245614035087 0.04029605263157895 0.04568713450292397 0.07839912280701754
1 0.1197002923976608 0.028782894736842105 0.042763157894736836 0.05537280701754386
1 0.07236842105263158 0.14994517543859648 0.021929824561403508 0.0356359649122807
1 0.3212719298245614 0.01343201754385965 0.016812865497076022 0.02357456140350877
1 0.34576023391812866 0.01425438596491228 0.031432748538011694 0.027412280701754384
1 0.40040204678362573 0.04468201754385965 0.0222953216374269 0.038925438596491224
1 0.42032163742690054 0.15213815789473684 0.02266081871345029 0.0268640350877193
1 0.45906432748538006 0.030975877192982455 0.01608187134502924 0.02576754385964912
1 0.833516081871345 0.12362938596491227 0.0222953216374269 0.02905701754385965
1 0.8241959064327485 0.25109649122807015 0.02046783625730994 0.025219298245614034
1 0.9345760233918128 0.3626644736842105 0.021929824561403508 0.03673245614035087
1 0.9722222222222222 0.33908991228070173 0.021929824561403508 0.03015350877192982
1 0.061586257309941515 0.5227521929824561 0.009868421052631578 0.022478070175438597
1 0.09137426900584794 0.5323464912280701 0.013888888888888888 0.017543859649122806
1 0.14437134502923976 0.5427631578947368 0.017543859649122806 0.021929824561403508
1 0.15716374269005848 0.5677083333333333 0.01827485380116959 0.019188596491228067
1 0.47404970760233917 0.5493421052631579 0.01827485380116959 0.02850877192982456
1 0.5383771929824561 0.5441337719298245 0.017543859649122806 0.03782894736842105
1 0.7032163742690059 0.518640350877193 0.02046783625730994 0.023026315789473683
1 0.6089181286549707 0.6348684210526315 0.03654970760233918 0.041666666666666664
1 0.9097222222222222 0.669407894736842 0.046052631578947366 0.04057017543859649
1 0.09904970760233918 0.7417763157894737 0.03508771929824561 0.049342105263157895
1 0.04349415204678363 0.844298245614035 0.016812865497076022 0.021929824561403508
1 0.0800438596491228 0.8492324561403508 0.02046783625730994 0.025219298245614034
1 0.14985380116959063 0.8218201754385964 0.024853801169590642 0.03070175438596491
1 0.20175438596491227 0.7875548245614035 0.021929824561403508 0.03234649122807017
1 0.2891081871345029 0.7009320175438596 0.029239766081871343 0.0356359649122807
1 0.3152412280701754 0.7420504385964912 0.039108187134502925 0.06414473684210525
1 0.32766812865497075 0.8300438596491228 0.03033625730994152 0.043859649122807015
1 0.3642178362573099 0.8045504385964912 0.03399122807017543 0.0268640350877193
1 0.3846856725146199 0.7151864035087719 0.03179824561403509 0.05208333333333333
1 0.4473684210526315 0.6981907894736842 0.029970760233918127 0.04769736842105263
1 0.4365862573099415 0.8218201754385964 0.028143274853801168 0.03179824561403509
1 0.49360380116959063 0.7275219298245613 0.025219298245614034 0.03289473684210526
1 0.5113304093567251 0.8009868421052632 0.0489766081871345 0.04057017543859649
1 0.5263157894736842 0.697094298245614 0.021198830409356724 0.03125
1 0.5986842105263157 0.6768092105263157 0.021929824561403508 0.03125
1 0.5990497076023391 0.8089364035087719 0.013888888888888888 0.0356359649122807
1 0.6454678362573099 0.7256030701754386 0.023391812865497075 0.0356359649122807
1 0.7251461988304093 0.6965460526315789 0.017543859649122806 0.03125
1 0.6705043859649122 0.784265350877193 0.023026315789473683 0.0268640350877193
1 0.708516081871345 0.778782894736842 0.01644736842105263 0.02796052631578947
1 0.9082602339181286 0.721765350877193 0.027046783625730993 0.06414473684210525
1 0.9322002923976608 0.9309210526315789 0.05007309941520467 0.05592105263157894
1 0.9117324561403508 0.9756030701754386 0.05226608187134503 0.048793859649122806
1 0.8563596491228069 0.941611842105263 0.029970760233918127 0.05208333333333333
1 0.7286184210526315 0.9865679824561403 0.034722222222222224 0.0268640350877193
1 0.7055921052631579 0.9931469298245613 0.031067251461988302 0.013706140350877192
1 0.6211622807017544 0.9528508771929824 0.021564327485380116 0.021929824561403508
1 0.5762061403508771 0.940515350877193 0.023757309941520467 0.021381578947368418
1 0.5601242690058479 0.9777960526315789 0.025219298245614034 0.0356359649122807
1 0.4985380116959064 0.9605263157894737 0.033625730994152045 0.029605263157894735
1 0.4325657894736842 0.9462719298245613 0.01206140350877193 0.019736842105263157
1 0.33442982456140347 0.96875 0.023391812865497075 0.03399122807017543
1 0.2631578947368421 0.9643640350877193 0.021929824561403508 0.03070175438596491
1 0.20266812865497075 0.9841008771929824 0.02010233918128655 0.03179824561403509
1 0.16593567251461988 0.9832785087719298 0.017543859649122806 0.03344298245614035
1 0.10782163742690058 0.9917763157894737 0.01827485380116959 0.01644736842105263
1 0.05665204678362573 0.9925986842105262 0.02850877192982456 0.014802631578947368
