1 0.17196637426900585 0.5241228070175439 0.01864035087719298 0.025219298245614034
1 0.26425438596491224 0.5137061403508771 0.019736842105263157 0.02631578947368421
1 0.6255482456140351 0.46847587719298245 0.013523391812865496 0.018092105263157895
1 0.6589912280701754 0.45093201754385964 0.019005847953216373 0.022478070175438597
1 0.689875730994152 0.459703947368421 0.023026315789473683 0.016995614035087717
1 0.21290204678362573 0.8939144736842105 0.03691520467836257 0.05427631578947368
1 0.2225877192982456 0.9846491228070174 0.02412280701754386 0.03070175438596491
1 0.4365862573099415 0.9385964912280701 0.03326023391812866 0.046052631578947366
1 0.5723684210526315 0.9528508771929824 0.02850877192982456 0.05263157894736842
1 0.5511695906432749 0.8111293859649122 0.019736842105263157 0.024671052631578948
1 0.60453216374269 0.8662280701754386 0.03654970760233918 0.0581140350877193
1 0.9097222222222222 0.25 0.05116959064327485 0.07346491228070175
1 0.9424342105263157 0.29934210526315785 0.042763157894736836 0.04057017543859649
1 0.977704678362573 0.2774122807017544 0.0445906432748538 0.0712719298245614
1 0.8676900584795321 0.33031798245614036 0.05555555555555555 0.06962719298245613
1 0.8165204678362573 0.8621162280701754 0.03070175438596491 0.0400219298245614
