1 0.05226608187134503 0.0712719298245614 0.019736842105263157 0.025219298245614034
1 0.04989035087719298 0.1992872807017544 0.027412280701754384 0.03453947368421052
1 0.09283625730994152 0.20339912280701752 0.02412280701754386 0.03179824561403509
1 0.20851608187134502 0.09155701754385964 0.02448830409356725 0.041666666666666664
1 0.24177631578947367 0.07428728070175439 0.023026315789473683 0.03344298245614035
1 0.29934210526315785 0.09375 0.027046783625730993 0.043859649122807015
1 0.2450657894736842 0.1875 0.03326023391812866 0.03289473684210526
1 0.24360380116959063 0.24150219298245612 0.032529239766081866 0.03782894736842105
1 0.1909722222222222 0.29989035087719296 0.03179824561403509 0.039473684210526314
1 0.25201023391812866 0.34100877192982454 0.01425438596491228 0.03070175438596491
1 0.20321637426900585 0.4221491228070175 0.021198830409356724 0.02412280701754386
1 0.2403143274853801 0.4317434210526316 0.02448830409356725 0.03125
1 0.10489766081871345 0.5586622807017544 0.02046783625730994 0.041666666666666664
1 0.1997441520467836 0.5923793859649122 0.03033625730994152 0.038925438596491224
1 0.06944444444444445 0.6726973684210525 0.02412280701754386 0.02631578947368421
1 0.04532163742690058 0.6924342105263157 0.015350877192982455 0.027412280701754384
1 0.11860380116959064 0.6992872807017544 0.027412280701754384 0.041118421052631575
1 0.16739766081871343 0.6938048245614035 0.023391812865497075 0.042214912280701754
1 0.19389619883040934 0.6518640350877193 0.01864035087719298 0.02850877192982456
1 0.21875 0.6557017543859649 0.023026315789473683 0.02631578947368421
1 0.2582236842105263 0.6631030701754386 0.028143274853801168 0.042214912280701754
1 0.28234649122807015 0.7362938596491228 0.021564327485380116 0.03618421052631579
1 0.2563961988304093 0.8125 0.0222953216374269 0.02631578947368421
1 0.20796783625730994 0.8168859649122806 0.025584795321637425 0.02850877192982456
1 0.10891812865497075 0.7963267543859649 0.02631578947368421 0.024671052631578948
1 0.07913011695906433 0.8193530701754386 0.023757309941520467 0.03344298245614035
1 0.04239766081871345 0.9462719298245613 0.024853801169590642 0.03399122807017543
1 0.012244152046783625 0.9980811403508771 0.0222953216374269 0.05098684210526316
1 0.1644736842105263 1 0.02631578947368421 0.0356359649122807
1 0.20614035087719296 0.9824561403508771 0.035818713450292396 0.04057017543859649
1 0.2627923976608187 0.9336622807017544 0.019005847953216373 0.029605263157894735
1 0.18512426900584794 0.8887061403508771 0.025219298245614034 0.03179824561403509
1 0.36330409356725146 0.6924342105263157 0.029970760233918127 0.02850877192982456
1 0.3887061403508772 0.700657894736842 0.025219298245614034 0.03070175438596491
1 0.40332602339181284 0.8125 0.023757309941520467 0.03179824561403509
1 0.4438961988304093 0.7837171052631579 0.025219298245614034 0.0356359649122807
1 0.48008040935672514 0.8037280701754386 0.021564327485380116 0.03399122807017543
1 0.5224780701754386 0.7190241228070176 0.0222953216374269 0.0356359649122807
1 0.5718201754385964 0.685032894736842 0.025219298245614034 0.038925438596491224
1 0.5376461988304093 0.8009868421052632 0.012426900584795321 0.01644736842105263
1 0.5020102339181286 0.8818530701754386 0.025219298245614034 0.022478070175438597
1 0.5484283625730993 0.8774671052631579 0.02448830409356725 0.0268640350877193
1 0.6118421052631579 0.9191337719298245 0.02631578947368421 0.043311403508771926
1 0.7141812865497076 0.794407894736842 0.04678362573099415 0.04824561403508772
1 0.7552997076023391 0.806469298245614 0.035453216374269 0.043859649122807015
1 0.796235380116959 0.7859100877192982 0.039108187134502925 0.06743421052631579
1 0.8408260233918128 0.8177083333333333 0.031067251461988302 0.05317982456140351
1 0.5140716374269005 1 0.05153508771929824 0.06304824561403509
1 0.46527777777777773 0.988486842105263 0.014619883040935672 0.02631578947368421
1 0.3788377192982456 1 0.023026315789473683 0.03125
1 0.3358918128654971 0.5364583333333333 0.029970760233918127 0.02796052631578947
1 0.40679824561403505 0.5537280701754386 0.017543859649122806 0.03070175438596491
1 0.5 0.578125 0.02850877192982456 0.03344298245614035
1 0.539656432748538 0.475328947368421 0.020833333333333332 0.044956140350877194
1 0.5171783625730993 0.4377741228070175 0.017543859649122806 0.02905701754385965
1 0.44279970760233917 0.4325657894736842 0.0222953216374269 0.02850877192982456
1 0.39071637426900585 0.4481907894736842 0.019005847953216373 0.021381578947368418
1 0.33497807017543857 0.44709429824561403 0.019371345029239765 0.0268640350877193
1 0.42032163742690054 0.32922149122807015 0.016812865497076022 0.02576754385964912
1 0.4926900584795321 0.2820723684210526 0.021198830409356724 0.03015350877192982
1 0.5513523391812866 0.1943530701754386 0.02448830409356725 0.03344298245614035
1 0.5718201754385964 0.1694078947368421 0.019371345029239765 0.02850877192982456
1 0.5347222222222222 0.0644188596491228 0.027777777777777776 0.048793859649122806
1 0.46966374269005845 0.04468201754385965 0.02631578947368421 0.0356359649122807
1 0.45266812865497075 0.09375 0.0222953216374269 0.02850877192982456
1 0.4131944444444444 0.09155701754385964 0.028143274853801168 0.04714912280701754
1 0.38029970760233917 0.07675438596491227 0.023757309941520467 0.029605263157894735
1 0.8720760233918128 0.6546052631578947 0.06286549707602339 0.07675438596491227
1 0.9004020467836257 0.784265350877193 0.027412280701754384 0.041118421052631575
1 0.9471856725146198 0.7724780701754386 0.049342105263157895 0.07785087719298245
1 0.9848318713450291 0.8305921052631579 0.04349415204678363 0.0668859649122807
