1 0.8501461988304093 0.04468201754385965 0.016812865497076022 0.020285087719298246
1 0.47953216374269003 0.06030701754385964 0.01608187134502924 0.019736842105263157
1 0.43165204678362573 0.08086622807017543 0.013888888888888888 0.03125
1 0.3676900584795321 0.08031798245614034 0.013888888888888888 0.011513157894736841
1 0.2978801169590643 0.044956140350877194 0.019005847953216373 0.021929824561403508
1 0.293859649122807 0.14775219298245612 0.019005847953216373 0.0268640350877193
1 0.2982456140350877 0.18283991228070173 0.025584795321637425 0.02905701754385965
1 0.3711622807017544 0.1381578947368421 0.01206140350877193 0.02850877192982456
1 0.48282163742690054 0.15186403508771928 0.017543859649122806 0.02412280701754386
1 0.54203216374269 0.18311403508771928 0.010964912280701754 0.02412280701754386
1 0.6407163742690059 0.17434210526315788 0.021929824561403508 0.02850877192982456
1 0.8735380116959064 0.1299342105263158 0.02412280701754386 0.01864035087719298
1 0.9497441520467835 0.11211622807017543 0.032529239766081866 0.0268640350877193
1 0.9155701754385964 0.3536184210526316 0.023391812865497075 0.029605263157894735
1 0.8715277777777777 0.3612938596491228 0.0266812865497076 0.02850877192982456
1 0.7660818713450293 0.3612938596491228 0.014619883040935672 0.01864035087719298
1 0.7284356725146198 0.36622807017543857 0.021929824561403508 0.023026315789473683
1 0.6801900584795322 0.36622807017543857 0.021929824561403508 0.027412280701754384
1 0.6509502923976608 0.3601973684210526 0.02850877192982456 0.03179824561403509
1 0.5127923976608186 0.3714364035087719 0.016812865497076022 0.02576754385964912
1 0.4307383040935672 0.37801535087719296 0.0266812865497076 0.0356359649122807
1 0.38669590643274854 0.37472587719298245 0.010964912280701754 0.015899122807017545
1 0.3671418128654971 0.3914473684210526 0.02448830409356725 0.03070175438596491
1 0.32821637426900585 0.4004934210526316 0.015350877192982455 0.02905701754385965
1 0.3057383040935672 0.4037828947368421 0.0222953216374269 0.0268640350877193
1 0.3203581871345029 0.4838267543859649 0.017909356725146198 0.05208333333333333
1 0.3740862573099415 0.4851973684210526 0.017178362573099414 0.03070175438596491
1 0.42141812865497075 0.490953947368421 0.021929824561403508 0.02905701754385965
1 0.48684210526315785 0.48245614035087714 0.023391812865497075 0.044956140350877194
1 0.5052997076023391 0.4928728070175438 0.01644736842105263 0.043859649122807015
1 0.6546052631578947 0.453125 0.03070175438596491 0.03782894736842105
1 0.7222222222222222 0.4739583333333333 0.014619883040935672 0.021381578947368418
1 0.7490862573099415 0.4651864035087719 0.014985380116959063 0.03234649122807017
1 0.8227339181286549 0.48684210526315785 0.019005847953216373 0.03508771929824561
1 0.8492324561403508 0.4350328947368421 0.019371345029239765 0.05208333333333333
1 0.9300073099415204 0.4583333333333333 0.025950292397660817 0.03728070175438596
1 0.9179459064327485 0.5934758771929824 0.0442251461988304 0.044407894736842105
1 0.8101242690058479 0.6260964912280701 0.04788011695906433 0.0668859649122807
1 0.3877923976608187 0.6299342105263157 0.01827485380116959 0.03179824561403509
1 0.32675438596491224 0.6025219298245613 0.011695906432748537 0.02631578947368421
1 0.45614035087719296 0.756578947368421 0.021929824561403508 0.03508771929824561
1 0.566703216374269 0.7456140350877193 0.03764619883040936 0.046052631578947366
1 0.7701023391812865 0.7124451754385964 0.021198830409356724 0.0268640350877193
1 0.48391812865497075 0.8577302631578947 0.027046783625730993 0.03673245614035087
1 0.33150584795321636 0.9004934210526315 0.027046783625730993 0.04769736842105263
1 0.3603801169590643 0.8950109649122806 0.02412280701754386 0.041118421052631575
1 0.4409722222222222 0.9065241228070174 0.034722222222222224 0.0356359649122807
1 0.8486842105263157 0.8848684210526315 0.013888888888888888 0.01864035087719298
