1 0.18146929824561403 0.08908991228070175 0.02010233918128655 0.022478070175438597
1 0.16264619883040934 0.078125 0.013888888888888888 0.02576754385964912
1 0.12554824561403508 0.06030701754385964 0.017909356725146198 0.02412280701754386
1 0.09228801169590643 0.061129385964912276 0.025950292397660817 0.03234649122807017
1 0.17964181286549707 0.5402960526315789 0.03764619883040936 0.07401315789473684
1 0.10508040935672514 0.5446820175438596 0.020833333333333332 0.044407894736842105
1 0.044956140350877194 0.5441337719298245 0.03070175438596491 0.0400219298245614
1 0.1332236842105263 0.6145833333333333 0.028143274853801168 0.0537280701754386
1 0.1602704678362573 0.6389802631578947 0.04349415204678363 0.045504385964912276
1 0.08406432748538012 0.7524671052631579 0.016812865497076022 0.02905701754385965
1 0.08552631578947367 0.9690241228070174 0.02046783625730994 0.0356359649122807
1 0.09649122807017543 0.8848684210526315 0.013157894736842105 0.025219298245614034
1 0.09576023391812866 0.7883771929824561 0.005116959064327485 0.013157894736842105
1 0.3159722222222222 0.11211622807017543 0.04714912280701754 0.05866228070175438
1 0.3819444444444444 0.07319078947368421 0.025584795321637425 0.05646929824561403
1 0.42580409356725146 0.06469298245614034 0.02412280701754386 0.044956140350877194
1 0.44828216374269003 0.0537280701754386 0.0398391812865497 0.03179824561403509
1 0.502375730994152 0.07017543859649122 0.039108187134502925 0.04824561403508772
1 0.6299342105263157 0.04468201754385965 0.038377192982456135 0.04769736842105263
1 0.6611842105263157 0.0268640350877193 0.019736842105263157 0.029605263157894735
1 0.7344663742690059 0.022752192982456138 0.023026315789473683 0.02905701754385965
1 0.8676900584795321 0.015625 0.013157894736842105 0.020285087719298246
1 0.9384137426900584 0.13157894736842105 0.0222953216374269 0.02631578947368421
1 0.8506944444444444 0.14583333333333331 0.020833333333333332 0.02412280701754386
1 0.8079312865497076 0.14775219298245612 0.023026315789473683 0.022478070175438597
1 0.6778143274853801 0.14309210526315788 0.019371345029239765 0.027412280701754384
1 0.6494883040935672 0.1450109649122807 0.021198830409356724 0.02576754385964912
1 0.6317616959064327 0.17050438596491227 0.014985380116959063 0.021929824561403508
1 0.5869883040935672 0.15213815789473684 0.013888888888888888 0.022478070175438597
1 0.5526315789473684 0.15350877192982454 0.01827485380116959 0.023026315789473683
1 0.5093201754385964 0.1513157894736842 0.017909356725146198 0.02412280701754386
1 0.45705409356725146 0.1469298245614035 0.01864035087719298 0.027412280701754384
1 0.41154970760233917 0.1713267543859649 0.019005847953216373 0.022478070175438597
1 0.3463084795321637 0.17050438596491227 0.014985380116959063 0.021929824561403508
1 0.4541301169590643 0.2793311403508772 0.01644736842105263 0.018092105263157895
1 0.9526681286549707 0.37911184210526316 0.031067251461988302 0.03125
1 0.8428362573099415 0.36567982456140347 0.021929824561403508 0.03179824561403509
1 0.8090277777777777 0.3796600877192982 0.031067251461988302 0.024671052631578948
1 0.7744883040935672 0.3514254385964912 0.031432748538011694 0.03399122807017543
1 0.7050438596491228 0.37280701754385964 0.02266081871345029 0.02850877192982456
1 0.6836622807017544 0.3837719298245614 0.023757309941520467 0.029605263157894735
1 0.6284722222222222 0.36376096491228066 0.01864035087719298 0.0268640350877193
1 0.5855263157894737 0.39309210526315785 0.023391812865497075 0.03289473684210526
1 0.5659722222222222 0.37938596491228066 0.02010233918128655 0.03289473684210526
1 0.5297880116959064 0.3826754385964912 0.02448830409356725 0.042763157894736836
1 0.48720760233918126 0.3840460526315789 0.019005847953216373 0.0268640350877193
1 0.4546783625730994 0.3933662280701754 0.019005847953216373 0.0268640350877193
1 0.427266081871345 0.41255482456140347 0.02266081871345029 0.03125
1 0.39455409356725146 0.40350877192982454 0.0222953216374269 0.03508771929824561
1 0.35891812865497075 0.40871710526315785 0.024853801169590642 0.0268640350877193
1 0.35489766081871343 0.5265899122807017 0.03508771929824561 0.06304824561403509
1 0.4270833333333333 0.5074013157894737 0.02887426900584795 0.07072368421052631
1 0.5005482456140351 0.5074013157894737 0.025950292397660817 0.0268640350877193
1 0.5254020467836257 0.4920504385964912 0.049342105263157895 0.06195175438596491
1 0.5376461988304093 0.46408991228070173 0.03508771929824561 0.06085526315789473
1 0.5824195906432749 0.5093201754385964 0.048611111111111105 0.08662280701754385
1 0.6302997076023391 0.48218201754385964 0.05007309941520467 0.07730263157894736
1 0.6611842105263157 0.4838267543859649 0.043859649122807015 0.07401315789473684
1 0.7538377192982456 0.4621710526315789 0.02010233918128655 0.044956140350877194
1 0.7905701754385964 0.4942434210526315 0.05263157894736842 0.07839912280701754
1 0.8358918128654971 0.4942434210526315 0.03874269005847953 0.07072368421052631
1 0.8943713450292398 0.4583333333333333 0.021929824561403508 0.03508771929824561
1 0.9351242690058479 0.4512061403508772 0.04568713450292397 0.0668859649122807
1 0.9453581871345029 0.6269188596491228 0.0266812865497076 0.03673245614035087
1 0.8863304093567251 0.5896381578947368 0.011695906432748537 0.015899122807017545
1 0.8603801169590642 0.615953947368421 0.017543859649122806 0.020285087719298246
1 0.8207236842105262 0.6192434210526315 0.017178362573099414 0.02576754385964912
1 0.799890350877193 0.5852521929824561 0.0222953216374269 0.0268640350877193
1 0.7730263157894737 0.6192434210526315 0.021198830409356724 0.018092105263157895
1 0.7315423976608186 0.5852521929824561 0.020833333333333332 0.0268640350877193
1 0.65625 0.6313048245614035 0.020833333333333332 0.0400219298245614
1 0.6343201754385964 0.6318530701754386 0.019371345029239765 0.03125
1 0.6136695906432749 0.6524122807017544 0.021929824561403508 0.025219298245614034
1 0.5464181286549707 0.6428179824561403 0.019005847953216373 0.03015350877192982
1 0.5224780701754386 0.6047149122807017 0.0222953216374269 0.020833333333333332
1 0.48282163742690054 0.6433662280701754 0.015350877192982455 0.03125
1 0.408625730994152 0.6247258771929824 0.02046783625730994 0.02796052631578947
1 0.37701023391812866 0.6356907894736842 0.019371345029239765 0.02905701754385965
1 0.36220760233918126 0.6474780701754386 0.021929824561403508 0.03289473684210526
1 0.3125 0.6428179824561403 0.019005847953216373 0.02576754385964912
1 0.3364400584795321 0.9026864035087718 0.023757309941520467 0.043311403508771926
1 0.3744517543859649 0.8884320175438596 0.028143274853801168 0.043311403508771926
1 0.42470760233918126 0.8974780701754386 0.01608187134502924 0.03399122807017543
1 0.4576023391812865 0.8930921052631579 0.01608187134502924 0.03179824561403509
1 0.5972222222222222 0.8900767543859649 0.02266081871345029 0.038925438596491224
1 0.5899122807017544 0.962719298245614 0.019005847953216373 0.042763157894736836
1 0.7328216374269005 0.9882127192982456 0.02631578947368421 0.02357456140350877
1 0.7934941520467835 0.9912280701754386 0.03289473684210526 0.017543859649122806
1 0.646016081871345 0.9046052631578947 0.032529239766081866 0.046052631578947366
1 0.6851242690058479 0.8889802631578947 0.020833333333333332 0.0356359649122807
1 0.7934941520467835 0.8678728070175438 0.04239766081871345 0.042763157894736836
1 0.84375 0.8730811403508771 0.027412280701754384 0.03125
1 0.8638523391812865 0.8774671052631579 0.025219298245614034 0.0356359649122807
1 0.9285453216374269 0.8358004385964912 0.034722222222222224 0.038925438596491224
1 0.9577850877192982 0.9690241228070174 0.044956140350877194 0.0356359649122807
1 0.9336622807017544 0.9835526315789473 0.04788011695906433 0.03289473684210526
