1 0.03764619883040936 0.12527412280701752 0.013157894736842105 0.018092105263157895
1 0.20906432748538012 0.12088815789473684 0.017543859649122806 0.0356359649122807
1 0.3355263157894737 0.11650219298245613 0.025584795321637425 0.0268640350877193
1 0.3667763157894737 0.09868421052631579 0.023026315789473683 0.02631578947368421
1 0.43165204678362573 0.10964912280701754 0.021929824561403508 0.021929824561403508
1 0.15679824561403508 0.6121162280701754 0.03289473684210526 0.03125
1 0.1875 0.5986842105263157 0.016812865497076022 0.017543859649122806
1 0.22130847953216373 0.5942982456140351 0.023026315789473683 0.021929824561403508
1 0.43951023391812866 0.6299342105263157 0.01206140350877193 0.03070175438596491
1 0.49707602339181284 0.5989583333333333 0.017543859649122806 0.03015350877192982
1 0.28179824561403505 0.7212171052631579 0.029239766081871343 0.042214912280701754
1 0.1109283625730994 0.768640350877193 0.03326023391812866 0.0537280701754386
1 0.11239035087719297 0.947094298245614 0.03691520467836257 0.08826754385964912
1 0.7026681286549707 0.21710526315789472 0.042763157894736836 0.06578947368421052
1 0.7324561403508771 0.21408991228070173 0.049707602339181284 0.06962719298245613
1 0.9497441520467835 0.3237390350877193 0.03691520467836257 0.020285087719298246
1 0.6860380116959064 0.3527960526315789 0.01608187134502924 0.0268640350877193
1 0.7269736842105263 0.3612938596491228 0.03216374269005848 0.015350877192982455
1 0.7825292397660818 0.35992324561403505 0.02631578947368421 0.014802631578947368
1 0.96875 0.569078947368421 0.02448830409356725 0.03179824561403509
1 0.6363304093567251 0.8215460526315789 0.02046783625730994 0.024671052631578948
1 0.7158260233918128 0.8292214912280701 0.019371345029239765 0.02576754385964912
1 0.7441520467836257 0.8199013157894737 0.02412280701754386 0.03453947368421052
1 0.6463815789473684 0.9468201754385964 0.05153508771929824 0.0712719298245614
1 0.79203216374269 0.9237938596491228 0.04678362573099415 0.07236842105263158
1 0.7372076023391813 0.9147478070175438 0.02046783625730994 0.03234649122807017
1 0.8413742690058479 0.9216008771929824 0.02631578947368421 0.04824561403508772
1 0.8828581871345029 0.9152960526315789 0.03618421052631579 0.04769736842105263
1 0.9325657894736842 0.897203947368421 0.0442251461988304 0.07182017543859649
1 0.9649122807017543 0.9180372807017544 0.049707602339181284 0.05975877192982456
1 0.9899488304093567 0.9125548245614035 0.02010233918128655 0.048793859649122806
