1 0.049707602339181284 0.05153508771929824 0.016812865497076022 0.03618421052631579
1 0.10361842105263157 0.8612938596491228 0.04057017543859649 0.02631578947368421
1 0.12627923976608185 0.850328947368421 0.01864035087719298 0.03508771929824561
1 0.1644736842105263 0.08991228070175439 0.017543859649122806 0.03179824561403509
1 0.20796783625730994 0.08799342105263157 0.02046783625730994 0.038925438596491224
1 0.42489035087719296 0.04057017543859649 0.03326023391812866 0.044956140350877194
1 0.5601242690058479 0.058388157894736836 0.028143274853801168 0.044407894736842105
1 0.9263523391812865 0.21902412280701752 0.0398391812865497 0.03125
1 0.993969298245614 0.20422149122807015 0.01206140350877193 0.02905701754385965
1 0.19024122807017543 0.5402960526315789 0.034722222222222224 0.06414473684210525
1 0.23008040935672514 0.5427631578947368 0.044956140350877194 0.0756578947368421
1 0.3159722222222222 0.5090460526315789 0.05592105263157894 0.06962719298245613
1 0.37993421052631576 0.5178179824561403 0.042763157894736836 0.07072368421052631
1 0.4234283625730994 0.5010964912280701 0.03033625730994152 0.0668859649122807
1 0.477156432748538 0.49862938596491224 0.055190058479532164 0.06085526315789473
1 0.49616228070175433 0.45997807017543857 0.049342105263157895 0.05592105263157894
1 0.5478801169590642 0.49533991228070173 0.03728070175438596 0.06195175438596491
1 0.5794956140350876 0.47560307017543857 0.044956140350877194 0.07510964912280702
1 0.6376096491228069 0.4649122807017544 0.048611111111111105 0.0625
1 0.6675804093567251 0.4739583333333333 0.03326023391812866 0.044407894736842105
1 0.69828216374269 0.47423245614035087 0.039108187134502925 0.06140350877192982
1 0.7788742690058479 0.47971491228070173 0.04239766081871345 0.06469298245614034
1 0.8115862573099415 0.5537280701754386 0.02448830409356725 0.023026315789473683
1 0.7271564327485379 0.5649671052631579 0.019371345029239765 0.018092105263157895
1 0.6765350877192982 0.5792214912280701 0.014619883040935672 0.0268640350877193
1 0.6440058479532164 0.5855263157894737 0.027046783625730993 0.02412280701754386
1 0.5858918128654971 0.5901864035087719 0.014619883040935672 0.02357456140350877
1 0.45997807017543857 0.6000548245614035 0.013523391812865496 0.019188596491228067
1 0.25 0.6118421052631579 0.017543859649122806 0.021929824561403508
1 0.21673976608187134 0.6200657894736842 0.010964912280701754 0.021929824561403508
1 0.1913377192982456 0.8089364035087719 0.0266812865497076 0.05317982456140351
1 0.21527777777777776 0.8352521929824561 0.027046783625730993 0.0356359649122807
1 0.26571637426900585 0.84375 0.03874269005847953 0.029605263157894735
1 0.289656432748538 0.8212719298245613 0.023757309941520467 0.0537280701754386
1 0.3218201754385965 0.8015350877192982 0.0266812865497076 0.04714912280701754
1 0.3534356725146199 0.8352521929824561 0.033625730994152045 0.044407894736842105
1 0.3788377192982456 0.8303179824561403 0.021564327485380116 0.044407894736842105
1 0.4300073099415204 0.7897478070175438 0.03179824561403509 0.04989035087719298
1 0.45942982456140347 0.8218201754385964 0.031432748538011694 0.04057017543859649
1 0.5288742690058479 0.7955043859649122 0.0489766081871345 0.0537280701754386
1 0.5725511695906432 0.7785087719298245 0.027412280701754384 0.042763157894736836
1 0.6059941520467836 0.7724780701754386 0.035818713450292396 0.03070175438596491
1 0.6728801169590642 0.7820723684210525 0.04312865497076023 0.03453947368421052
1 0.7105263157894737 0.7886513157894737 0.02850877192982456 0.05098684210526316
1 0.737390350877193 0.7606907894736842 0.025950292397660817 0.03453947368421052
1 0.799890350877193 0.768640350877193 0.04057017543859649 0.0581140350877193
1 0.8095760233918128 0.893640350877193 0.02266081871345029 0.027412280701754384
1 0.7783260233918128 0.8752741228070174 0.019371345029239765 0.044407894736842105
1 0.7079678362573099 0.8930921052631579 0.019736842105263157 0.021929824561403508
1 0.6690423976608186 0.8925438596491228 0.05153508771929824 0.08881578947368421
1 0.6319444444444444 0.8799342105263157 0.02850877192982456 0.03508771929824561
1 0.602156432748538 0.8925438596491228 0.020833333333333332 0.023026315789473683
1 0.57328216374269 0.909265350877193 0.0222953216374269 0.046600877192982455
1 0.502375730994152 0.9292763157894737 0.023757309941520467 0.03179824561403509
1 0.4619883040935672 0.9046052631578947 0.02266081871345029 0.02631578947368421
1 0.43859649122807015 0.9139254385964912 0.02412280701754386 0.03289473684210526
1 0.39016812865497075 0.9331140350877193 0.03179824561403509 0.03618421052631579
1 0.36184210526315785 0.919407894736842 0.02046783625730994 0.02412280701754386
1 0.3247441520467836 0.9199561403508771 0.025950292397660817 0.03618421052631579
1 0.289656432748538 0.9336622807017544 0.0222953216374269 0.025219298245614034
1 0.26425438596491224 0.9396929824561403 0.02266081871345029 0.019736842105263157
1 0.23739035087719296 0.9462719298245613 0.02448830409356725 0.042763157894736836
1 0.19517543859649122 0.9555921052631579 0.01023391812865497 0.017543859649122806
1 0.9809941520467835 0.9901315789473684 0.025584795321637425 0.019736842105263157
