1 0.038011695906432746 0.24122807017543857 0.01608187134502924 0.03289473684210526
1 0.09283625730994152 0.4416118421052631 0.0402046783625731 0.05537280701754386
1 0.03764619883040936 0.5112390350877193 0.021929824561403508 0.02905701754385965
1 0.06341374269005848 0.7993421052631579 0.03179824561403509 0.044956140350877194
1 0.023940058479532164 0.7996162280701754 0.028143274853801168 0.05317982456140351
1 0.07657163742690058 0.9396929824561403 0.02887426900584795 0.023026315789473683
1 0.19426169590643275 0.01507675438596491 0.019371345029239765 0.02796052631578947
1 0.2309941520467836 0.01425438596491228 0.02631578947368421 0.027412280701754384
1 0.2222222222222222 0.0912828947368421 0.04093567251461988 0.06304824561403509
1 0.15332602339181287 0.13459429824561403 0.044956140350877194 0.06304824561403509
1 0.16557017543859648 0.21162280701754385 0.041666666666666664 0.07456140350877193
1 0.30025584795321636 0.09786184210526315 0.03033625730994152 0.06195175438596491
1 0.3559941520467836 0.008497807017543858 0.02046783625730994 0.013706140350877192
1 0.3327850877192982 0.09594298245614034 0.04349415204678363 0.0581140350877193
1 0.3667763157894737 0.09868421052631579 0.049342105263157895 0.0581140350877193
1 0.408625730994152 0.10142543859649122 0.03216374269005848 0.06359649122807018
1 0.4400584795321637 0.11156798245614034 0.03216374269005848 0.05317982456140351
1 0.4634502923976608 0.14035087719298245 0.04751461988304093 0.06359649122807018
1 0.5096856725146198 0.1282894736842105 0.04641812865497076 0.05701754385964912
1 0.5824195906432749 0.09457236842105263 0.0442251461988304 0.05208333333333333
1 0.6854897660818713 0.09895833333333333 0.04641812865497076 0.05427631578947368
1 0.7339181286549707 0.0893640350877193 0.04093567251461988 0.04824561403508772
1 0.6816520467836257 0.22286184210526314 0.03508771929824561 0.024671052631578948
1 0.5946637426900584 0.23300438596491227 0.024853801169590642 0.01864035087719298
1 0.5531798245614035 0.23492324561403508 0.02448830409356725 0.019188596491228067
1 0.737390350877193 0.22286184210526314 0.0266812865497076 0.018092105263157895
1 0.4932383040935672 0.21902412280701752 0.023026315789473683 0.0268640350877193
1 0.31012426900584794 0.234375 0.0222953216374269 0.0400219298245614
1 0.17635233918128654 0.3522478070175438 0.035453216374269 0.06633771929824561
1 0.20413011695906433 0.3511513157894737 0.017909356725146198 0.021381578947368418
1 0.2744883040935672 0.35526315789473684 0.029239766081871343 0.06907894736842105
1 0.30080409356725146 0.34347587719298245 0.01608187134502924 0.0356359649122807
1 0.3384502923976608 0.3549890350877193 0.0445906432748538 0.05208333333333333
1 0.38943713450292394 0.34621710526315785 0.04057017543859649 0.046600877192982455
1 0.4322002923976608 0.3366228070175438 0.05080409356725146 0.049342105263157895
1 0.5586622807017544 0.33114035087719296 0.0222953216374269 0.023026315789473683
1 0.5986842105263157 0.3393640350877193 0.027777777777777776 0.041666666666666664
1 0.6348684210526315 0.3352521929824561 0.03508771929824561 0.04989035087719298
1 0.658625730994152 0.3558114035087719 0.04093567251461988 0.041666666666666664
1 0.6924342105263157 0.3171600877192982 0.03691520467836257 0.044407894736842105
1 0.7490862573099415 0.34100877192982454 0.03179824561403509 0.03618421052631579
1 0.7657163742690059 0.3061951754385965 0.05043859649122807 0.0849780701754386
1 0.8075657894736842 0.33114035087719296 0.034722222222222224 0.05043859649122807
1 0.8026315789473684 0.42242324561403505 0.019005847953216373 0.05317982456140351
1 0.6988304093567251 0.4358552631578947 0.029970760233918127 0.03289473684210526
1 0.583516081871345 0.4377741228070175 0.04203216374269006 0.046600877192982455
1 0.7690058479532164 0.4481907894736842 0.019005847953216373 0.03125
1 0.5491593567251462 0.4139254385964912 0.03764619883040936 0.039473684210526314
1 0.5296052631578947 0.42626096491228066 0.029239766081871343 0.05537280701754386
1 0.46582602339181284 0.45175438596491224 0.03326023391812866 0.039473684210526314
1 0.3925438596491228 0.4465460526315789 0.025584795321637425 0.0400219298245614
1 0.302266081871345 0.4495614035087719 0.0533625730994152 0.0537280701754386
1 0.24543128654970758 0.4533991228070175 0.03326023391812866 0.042763157894736836
1 0.20650584795321636 0.46463815789473684 0.023391812865497075 0.042214912280701754
1 0.16885964912280702 0.4690241228070175 0.03070175438596491 0.044407894736842105
1 0.1372441520467836 0.46463815789473684 0.029605263157894735 0.05756578947368421
1 0.15880847953216373 0.575657894736842 0.011330409356725146 0.01864035087719298
1 0.1909722222222222 0.5764802631578947 0.009868421052631578 0.018092105263157895
1 0.2578581871345029 0.5701754385964912 0.023757309941520467 0.03508771929824561
1 0.30080409356725146 0.5449561403508771 0.019736842105263157 0.04057017543859649
1 0.33150584795321636 0.5386513157894737 0.013888888888888888 0.024671052631578948
1 0.3835891812865497 0.5630482456140351 0.021564327485380116 0.017543859649122806
1 0.41739766081871343 0.5619517543859649 0.01608187134502924 0.01864035087719298
1 0.4413377192982456 0.5668859649122807 0.020833333333333332 0.021929824561403508
1 0.4322002923976608 0.6491228070175439 0.035453216374269 0.03399122807017543
1 0.5201023391812866 0.5537280701754386 0.029239766081871343 0.013157894736842105
1 0.5508040935672515 0.5556469298245613 0.01608187134502924 0.016995614035087717
1 0.6005116959064327 0.5501644736842105 0.021198830409356724 0.0268640350877193
1 0.6240862573099415 0.534265350877193 0.01864035087719298 0.015899122807017545
1 0.7236842105263157 0.5134320175438596 0.015350877192982455 0.022478070175438597
1 0.79203216374269 0.5293311403508771 0.027046783625730993 0.018092105263157895
1 0.8066520467836257 0.5496162280701754 0.015350877192982455 0.012609649122807017
1 0.7701023391812865 0.6702302631578947 0.03435672514619883 0.04989035087719298
1 0.706140350877193 0.6609100877192982 0.027777777777777776 0.03125
1 0.6611842105263157 0.6792763157894737 0.021198830409356724 0.03070175438596491
1 0.6328581871345029 0.6696820175438596 0.023026315789473683 0.03125
1 0.5963084795321637 0.6617324561403508 0.023026315789473683 0.05263157894736842
1 0.5550073099415205 0.6809210526315789 0.023026315789473683 0.015350877192982455
1 0.5201023391812866 0.6647478070175438 0.035818713450292396 0.04769736842105263
1 0.44883040935672514 0.6987390350877193 0.019736842105263157 0.020285087719298246
1 0.4131944444444444 0.6853070175438596 0.028143274853801168 0.03070175438596491
1 0.37993421052631576 0.6858552631578947 0.023026315789473683 0.039473684210526314
1 0.35197368421052627 0.6899671052631579 0.013157894736842105 0.022478070175438597
1 0.30372807017543857 0.6973684210526315 0.025584795321637425 0.029605263157894735
1 0.28326023391812866 0.7028508771929824 0.025584795321637425 0.021929824561403508
1 0.23866959064327484 0.6872258771929824 0.014619883040935672 0.022478070175438597
1 0.2002923976608187 0.665844298245614 0.0402046783625731 0.05208333333333333
1 0.22112573099415203 0.8157894736842105 0.013888888888888888 0.02850877192982456
1 0.2567616959064327 0.7993421052631579 0.01425438596491228 0.013157894736842105
1 0.3252923976608187 0.7900219298245613 0.012426900584795321 0.03070175438596491
1 0.38925438596491224 0.7927631578947368 0.01827485380116959 0.015350877192982455
1 0.4502923976608187 0.7990679824561403 0.019736842105263157 0.016995614035087717
1 0.518640350877193 0.7889254385964912 0.016812865497076022 0.013157894736842105
1 0.5434941520467836 0.7996162280701754 0.016812865497076022 0.0268640350877193
1 0.57328216374269 0.7976973684210525 0.020833333333333332 0.021929824561403508
1 0.6118421052631579 0.7919407894736842 0.01827485380116959 0.019188596491228067
1 0.6401681286549707 0.7949561403508771 0.017909356725146198 0.021929824561403508
1 0.7192982456140351 0.7946820175438596 0.019736842105263157 0.024671052631578948
1 0.7905701754385964 0.8865131578947368 0.029970760233918127 0.0537280701754386
1 0.6690423976608186 0.8714364035087718 0.0442251461988304 0.03673245614035087
1 0.6235380116959064 0.9169407894736842 0.03508771929824561 0.042214912280701754
1 0.3788377192982456 0.90625 0.039108187134502925 0.07017543859649122
1 0.302266081871345 0.8930921052631579 0.03728070175438596 0.05153508771929824
1 0.24415204678362573 0.9226973684210525 0.0402046783625731 0.06030701754385964
1 0.1875 0.9136513157894737 0.03874269005847953 0.06853070175438596
1 0.15679824561403508 0.906798245614035 0.03216374269005848 0.05482456140350877
1 0.7905701754385964 0.9802631578947368 0.03874269005847953 0.039473684210526314
1 0.8042763157894737 0.9923245614035087 0.021564327485380116 0.015350877192982455
