1 0.14163011695906433 0.5008223684210527 0.039108187134502925 0.048793859649122806
1 0.20760233918128654 0.4871162280701754 0.035818713450292396 0.05756578947368421
1 0.3057383040935672 0.6833881578947368 0.0442251461988304 0.07182017543859649
1 0.2596856725146199 0.6883223684210525 0.038377192982456135 0.043311403508771926
1 0.23830409356725146 0.6803728070175438 0.021929824561403508 0.01425438596491228
1 0.20760233918128654 0.7003837719298245 0.021929824561403508 0.046600877192982455
1 0.17288011695906433 0.6968201754385964 0.021929824561403508 0.02631578947368421
1 0.13139619883040934 0.7094298245614035 0.025219298245614034 0.042763157894736836
1 0.0849780701754386 0.7277960526315789 0.03179824561403509 0.06195175438596491
1 0.06012426900584795 0.6921600877192982 0.023026315789473683 0.0268640350877193
1 0.13212719298245612 0.6918859649122807 0.01864035087719298 0.015350877192982455
1 0.7905701754385964 0.023300438596491228 0.016812865497076022 0.02357456140350877
1 0.4605263157894737 0.1669407894736842 0.027046783625730993 0.045504385964912276
1 0.5069444444444444 0.1669407894736842 0.029970760233918127 0.0400219298245614
1 0.5409356725146198 0.125 0.019005847953216373 0.02412280701754386
1 0.5721856725146198 0.19599780701754385 0.025950292397660817 0.05098684210526316
1 0.6167763157894737 0.1924342105263158 0.039108187134502925 0.03728070175438596
1 0.6509502923976608 0.17406798245614033 0.02631578947368421 0.042214912280701754
1 0.7563961988304093 0.13459429824561403 0.025950292397660817 0.044407894736842105
1 0.7759502923976608 0.12801535087719298 0.019736842105263157 0.0400219298245614
1 0.846125730994152 0.11184210526315788 0.021198830409356724 0.03179824561403509
1 0.8174342105263157 0.15158991228070173 0.011330409356725146 0.015899122807017545
1 0.8834064327485379 0.15049342105263158 0.021198830409356724 0.024671052631578948
1 0.9203216374269005 0.1699561403508772 0.03070175438596491 0.044956140350877194
1 0.989766081871345 0.1381578947368421 0.02046783625730994 0.03508771929824561
1 0.9848318713450291 0.20531798245614033 0.03033625730994152 0.042214912280701754
1 0.9539473684210525 0.2338267543859649 0.008771929824561403 0.020285087719298246
1 0.9097222222222222 0.265625 0.019005847953216373 0.02357456140350877
1 0.8428362573099415 0.2606907894736842 0.013888888888888888 0.013706140350877192
1 0.7978801169590642 0.2650767543859649 0.013157894736842105 0.014802631578947368
1 0.6078216374269005 0.2606907894736842 0.011695906432748537 0.015899122807017545
1 0.5537280701754386 0.24424342105263155 0.010964912280701754 0.014802631578947368
1 0.5093201754385964 0.2631578947368421 0.010599415204678362 0.01206140350877193
1 0.47423245614035087 0.27521929824561403 0.01206140350877193 0.013157894736842105
1 0.7178362573099415 0.3527960526315789 0.029970760233918127 0.04769736842105263
1 0.5266812865497076 0.3843201754385965 0.023391812865497075 0.044956140350877194
1 0.8413742690058479 0.359375 0.03435672514619883 0.04769736842105263
1 0.9844663742690057 0.34484649122807015 0.015716374269005847 0.03179824561403509
1 0.6538742690058479 0.5561951754385964 0.02046783625730994 0.024671052631578948
1 0.5625 0.46929824561403505 0.014619883040935672 0.025219298245614034
1 0.4462719298245614 0.4956140350877193 0.01608187134502924 0.017543859649122806
1 0.42489035087719296 0.6877741228070176 0.02010233918128655 0.03125
1 0.6323099415204678 0.685032894736842 0.013157894736842105 0.0268640350877193
1 0.7671783625730993 0.6729714912280701 0.01023391812865497 0.012609649122807017
1 0.7934941520467835 0.6565241228070176 0.010964912280701754 0.013706140350877192
1 0.8393640350877193 0.697094298245614 0.009868421052631578 0.019188596491228067
1 0.9400584795321637 0.7014802631578947 0.010964912280701754 0.016995614035087717
1 0.9756944444444444 0.6839364035087719 0.01206140350877193 0.019188596491228067
1 0.9141081871345029 0.7807017543859649 0.01023391812865497 0.01425438596491228
1 0.8479532163742689 0.7837171052631579 0.011695906432748537 0.018092105263157895
1 0.7461622807017544 0.7845394736842105 0.01206140350877193 0.015350877192982455
1 0.6765350877192982 0.7861842105263157 0.011695906432748537 0.01425438596491228
1 0.583516081871345 0.7853618421052632 0.01644736842105263 0.015899122807017545
1 0.5160818713450293 0.7820723684210525 0.011695906432748537 0.019188596491228067
1 0.46875 0.7861842105263157 0.01644736842105263 0.01425438596491228
1 0.43457602339181284 0.8119517543859649 0.015350877192982455 0.020833333333333332
1 0.46984649122807015 0.922423245614035 0.013523391812865496 0.02576754385964912
1 0.5049342105263157 0.9087171052631579 0.017909356725146198 0.020285087719298246
1 0.5303362573099415 0.9131030701754386 0.011695906432748537 0.022478070175438597
1 0.570906432748538 0.90625 0.013157894736842105 0.017543859649122806
1 0.6006944444444444 0.9240679824561403 0.009868421052631578 0.013706140350877192
1 0.627375730994152 0.9152960526315789 0.007675438596491228 0.013706140350877192
1 0.6820175438596491 0.9095394736842105 0.007309941520467836 0.01425438596491228
1 0.7114400584795322 0.8977521929824561 0.014985380116959063 0.0268640350877193
1 0.7386695906432749 0.8939144736842105 0.011695906432748537 0.015899122807017545
1 0.7978801169590642 0.8925438596491228 0.013157894736842105 0.020833333333333332
1 0.8618421052631579 0.8974780701754386 0.008771929824561403 0.017543859649122806
1 0.950657894736842 0.888157894736842 0.014619883040935672 0.02412280701754386
1 0.9815423976608186 0.897203947368421 0.013523391812865496 0.03015350877192982
1 0.9663742690058479 0.9846491228070174 0.03874269005847953 0.03070175438596491
1 0.8472222222222222 0.9862938596491228 0.033625730994152045 0.027412280701754384
1 0.7724780701754386 0.9901315789473684 0.020833333333333332 0.019736842105263157
1 0.6288377192982456 0.9912280701754386 0.023026315789473683 0.017543859649122806
1 0.5645102339181286 0.9898574561403508 0.02448830409356725 0.020285087719298246
1 0.49707602339181284 0.9890350877192982 0.029239766081871343 0.021929824561403508
1 0.46929824561403505 0.987390350877193 0.03289473684210526 0.025219298245614034
