1 0.0805921052631579 0.5496162280701754 0.035453216374269 0.03125
1 0.04641812865497076 0.5032894736842105 0.021198830409356724 0.02850877192982456
1 0.01864035087719298 0.6477521929824561 0.021929824561403508 0.018092105263157895
1 0.07072368421052631 0.7316337719298245 0.02010233918128655 0.02357456140350877
1 0.19864766081871343 0.8390899122807017 0.05153508771929824 0.06743421052631579
1 0.03033625730994152 0.9004934210526315 0.025584795321637425 0.05208333333333333
1 0.01023391812865497 0.9106359649122806 0.01827485380116959 0.05263157894736842
1 0.20595760233918128 0.694078947368421 0.04349415204678363 0.06578947368421052
1 0.32766812865497075 0.08223684210526315 0.015716374269005847 0.021929824561403508
1 0.5493421052631579 0.06030701754385964 0.013888888888888888 0.019736842105263157
1 0.5869883040935672 0.0581140350877193 0.013888888888888888 0.017543859649122806
1 0.7178362573099415 0.03536184210526316 0.014619883040935672 0.024671052631578948
1 0.7719298245614035 0.16036184210526314 0.0402046783625731 0.05208333333333333
1 0.7359283625730993 0.1631030701754386 0.04568713450292397 0.05975877192982456
1 0.6960891812865496 0.171875 0.04057017543859649 0.05317982456140351
1 0.6421783625730993 0.1543311403508772 0.03070175438596491 0.048793859649122806
1 0.5972222222222222 0.1787280701754386 0.035818713450292396 0.05592105263157894
1 0.5677997076023391 0.16145833333333331 0.03618421052631579 0.05646929824561403
1 0.5350877192982456 0.15350877192982454 0.03216374269005848 0.05482456140350877
1 0.5 0.15625 0.029970760233918127 0.041666666666666664
1 0.4331140350877193 0.1474780701754386 0.0445906432748538 0.042763157894736836
1 0.3819444444444444 0.14473684210526316 0.041666666666666664 0.05592105263157894
1 0.33059210526315785 0.17023026315789472 0.049342105263157895 0.05756578947368421
1 0.26882309941520466 0.18174342105263158 0.04203216374269006 0.05427631578947368
1 0.21527777777777776 0.18804824561403508 0.03654970760233918 0.06469298245614034
1 0.34137426900584794 0.28755482456140347 0.019736842105263157 0.02576754385964912
1 0.3821271929824561 0.26809210526315785 0.01864035087719298 0.021929824561403508
1 0.4413377192982456 0.28125 0.015716374269005847 0.021929824561403508
1 0.471125730994152 0.26809210526315785 0.01023391812865497 0.017543859649122806
1 0.5204678362573099 0.2543859649122807 0.01023391812865497 0.015350877192982455
1 0.5601242690058479 0.27713815789473684 0.0266812865497076 0.018092105263157895
1 0.5946637426900584 0.2631578947368421 0.017543859649122806 0.019736842105263157
1 0.63578216374269 0.26781798245614036 0.013523391812865496 0.02357456140350877
1 0.7138157894736842 0.27247807017543857 0.011695906432748537 0.017543859649122806
1 0.7476242690058479 0.26151315789473684 0.010599415204678362 0.017543859649122806
1 0.7783260233918128 0.26096491228070173 0.009137426900584795 0.020833333333333332
1 0.814875730994152 0.25 0.008406432748538011 0.01425438596491228
1 0.8516081871345029 0.34594298245614036 0.031432748538011694 0.05153508771929824
1 0.8046418128654971 0.3725328947368421 0.0222953216374269 0.03673245614035087
1 0.7768640350877193 0.34868421052631576 0.01644736842105263 0.027412280701754384
1 0.739766081871345 0.3665021929824561 0.02850877192982456 0.0356359649122807
1 0.7143640350877193 0.3530701754385965 0.021564327485380116 0.03070175438596491
1 0.6673976608187134 0.37033991228070173 0.03070175438596491 0.041118421052631575
1 0.6182383040935672 0.3733552631578947 0.019371345029239765 0.03399122807017543
1 0.57328216374269 0.3692434210526316 0.017178362573099414 0.02576754385964912
1 0.5455043859649122 0.3577302631578947 0.0222953216374269 0.05756578947368421
1 0.5093201754385964 0.3706140350877193 0.020833333333333332 0.03399122807017543
1 0.48245614035087714 0.3549890350877193 0.025584795321637425 0.06195175438596491
1 0.4278143274853801 0.3744517543859649 0.025950292397660817 0.043859649122807015
1 0.3989400584795321 0.38048245614035087 0.03326023391812866 0.041666666666666664
1 0.3369883040935672 0.39501096491228066 0.027046783625730993 0.03782894736842105
1 0.314875730994152 0.3824013157894737 0.0222953216374269 0.038925438596491224
1 0.26461988304093564 0.4057017543859649 0.024853801169590642 0.029605263157894735
1 0.21728801169590642 0.3881578947368421 0.028143274853801168 0.038377192982456135
1 0.2309941520467836 0.5323464912280701 0.03508771929824561 0.043859649122807015
1 0.3192616959064327 0.5164473684210527 0.03033625730994152 0.043859649122807015
1 0.39747807017543857 0.5098684210526315 0.035453216374269 0.05482456140350877
1 0.43859649122807015 0.48876096491228066 0.041666666666666664 0.044407894736842105
1 0.48684210526315785 0.49780701754385964 0.01827485380116959 0.046052631578947366
1 0.5180921052631579 0.4865679824561403 0.03691520467836257 0.05975877192982456
1 0.5361842105263157 0.4956140350877193 0.021198830409356724 0.044956140350877194
1 0.570906432748538 0.4920504385964912 0.03508771929824561 0.03234649122807017
1 0.6089181286549707 0.484375 0.03070175438596491 0.05098684210526316
1 0.6407163742690059 0.49616228070175433 0.03654970760233918 0.042763157894736836
1 0.7108918128654971 0.5024671052631579 0.027046783625730993 0.048793859649122806
1 0.7432383040935672 0.48410087719298245 0.03179824561403509 0.05482456140350877
1 0.7832602339181286 0.4734100877192982 0.027777777777777776 0.048793859649122806
1 0.8291301169590642 0.4794407894736842 0.0266812865497076 0.043311403508771926
1 0.7271564327485379 0.6458333333333333 0.04714912280701754 0.08662280701754385
1 0.7839912280701754 0.7012061403508771 0.03654970760233918 0.0581140350877193
1 0.7105263157894737 0.7190241228070176 0.03654970760233918 0.044407894736842105
1 0.5917397660818713 0.7171052631578947 0.024853801169590642 0.03618421052631579
1 0.42580409356725146 0.6340460526315789 0.06578947368421052 0.09375
1 0.4365862573099415 0.7675438596491228 0.05153508771929824 0.06798245614035087
1 0.43165204678362573 0.9602521929824561 0.027777777777777776 0.044407894736842105
1 0.8015350877192982 0.9424342105263157 0.014619883040935672 0.03508771929824561
1 0.8589181286549707 0.7867324561403508 0.008771929824561403 0.023026315789473683
1 0.950657894736842 0.9081688596491228 0.010964912280701754 0.016995614035087717
1 0.9888523391812865 0.6765350877192982 0.0222953216374269 0.0581140350877193
1 0.9649122807017543 0.5942982456140351 0.031432748538011694 0.05921052631578947
1 0.9910453216374269 0.6088267543859649 0.017909356725146198 0.05317982456140351
1 0.9097222222222222 0.25685307017543857 0.01608187134502924 0.02905701754385965
1 0.9329312865497076 0.3522478070175438 0.01864035087719298 0.024671052631578948
1 0.9771564327485379 0.3432017543859649 0.023757309941520467 0.04057017543859649
1 0.9925073099415204 0.4572368421052631 0.014985380116959063 0.03070175438596491
