1 0.5537280701754386 0.049342105263157895 0.013888888888888888 0.017543859649122806
1 0.48830409356725146 0.06304824561403509 0.012426900584795321 0.009868421052631578
1 0.4415204678362573 0.0800438596491228 0.012426900584795321 0.017543859649122806
1 0.3559941520467836 0.0737390350877193 0.019736842105263157 0.015899122807017545
1 0.3326023391812865 0.0644188596491228 0.02046783625730994 0.012609649122807017
1 0.19864766081871343 0.07182017543859649 0.023026315789473683 0.013157894736842105
1 0.13633040935672514 0.06770833333333333 0.02046783625730994 0.013706140350877192
1 0.03965643274853801 0.08717105263157894 0.020833333333333332 0.015350877192982455
1 0.022478070175438597 0.07236842105263158 0.02010233918128655 0.01425438596491228
1 0.31779970760233917 0.28810307017543857 0.021564327485380116 0.03344298245614035
1 0.34941520467836257 0.31304824561403505 0.038011695906432746 0.038377192982456135
1 0.023940058479532164 0.40625 0.020833333333333332 0.02631578947368421
1 0.07383040935672514 0.4057017543859649 0.021198830409356724 0.029605263157894735
1 0.1597222222222222 0.40158991228070173 0.017543859649122806 0.019188596491228067
1 0.17927631578947367 0.3848684210526316 0.0222953216374269 0.025219298245614034
1 0.19682017543859648 0.4136513157894737 0.052997076023391806 0.03344298245614035
1 0.271016081871345 0.3887061403508772 0.02010233918128655 0.021929824561403508
1 0.34484649122807015 0.3983004385964912 0.017909356725146198 0.019188596491228067
1 0.4755116959064327 0.38185307017543857 0.008771929824561403 0.013706140350877192
1 0.4941520467836257 0.3887061403508772 0.01827485380116959 0.017543859649122806
1 0.5268640350877193 0.3782894736842105 0.017909356725146198 0.03070175438596491
1 0.5171783625730993 0.5180921052631579 0.027777777777777776 0.04714912280701754
1 0.49360380116959063 0.5246710526315789 0.023757309941520467 0.04057017543859649
1 0.4097222222222222 0.5115131578947368 0.023391812865497075 0.04057017543859649
1 0.39071637426900585 0.513157894736842 0.021929824561403508 0.03728070175438596
1 0.33059210526315785 0.5106907894736842 0.028143274853801168 0.03673245614035087
1 0.2807017543859649 0.5093201754385964 0.021198830409356724 0.02631578947368421
1 0.20358187134502922 0.5315241228070176 0.02850877192982456 0.0356359649122807
1 0.17927631578947367 0.525219298245614 0.03033625730994152 0.041666666666666664
1 0.14016812865497075 0.5112390350877193 0.025219298245614034 0.048793859649122806
1 0.07218567251461988 0.5098684210526315 0.031067251461988302 0.03728070175438596
1 0.03380847953216374 0.5367324561403508 0.04349415204678363 0.046052631578947366
1 0.04239766081871345 0.6162280701754386 0.023391812865497075 0.020833333333333332
1 0.10818713450292397 0.6178728070175439 0.024853801169590642 0.02850877192982456
1 0.20358187134502922 0.6066337719298245 0.019736842105263157 0.03453947368421052
1 0.3223684210526316 0.5783991228070176 0.016812865497076022 0.019736842105263157
1 0.3355263157894737 0.5986842105263157 0.017543859649122806 0.01864035087719298
1 0.4057017543859649 0.5981359649122807 0.010964912280701754 0.019736842105263157
1 0.43512426900584794 0.5833333333333333 0.019371345029239765 0.03289473684210526
1 0.5237573099415205 0.6071820175438596 0.011695906432748537 0.018092105263157895
1 0.5601242690058479 0.5986842105263157 0.019371345029239765 0.03179824561403509
1 0.43951023391812866 0.747532894736842 0.01425438596491228 0.019188596491228067
1 0.37207602339181284 0.7546600877192982 0.02412280701754386 0.03125
1 0.32383040935672514 0.7650767543859649 0.008771929824561403 0.02357456140350877
1 0.14163011695906433 0.7458881578947368 0.020833333333333332 0.022478070175438597
1 0.10160818713450293 0.728344298245614 0.017543859649122806 0.02576754385964912
1 0.009868421052631578 0.7774122807017544 0.019005847953216373 0.020833333333333332
1 0.09466374269005848 0.9443530701754386 0.027046783625730993 0.042214912280701754
1 0.15277777777777776 0.9673793859649122 0.016812865497076022 0.0268640350877193
1 0.3432017543859649 0.9095394736842105 0.011695906432748537 0.01864035087719298
1 0.4296418128654971 0.938048245614035 0.03326023391812866 0.05701754385964912
1 0.45705409356725146 0.9213267543859649 0.017178362573099414 0.03015350877192982
1 0.5151681286549707 0.925986842105263 0.01206140350877193 0.025219298245614034
1 0.5449561403508771 0.7351973684210525 0.01023391812865497 0.023026315789473683
1 0.9663742690058479 0.03782894736842105 0.02412280701754386 0.03399122807017543
1 0.8691520467836257 0.04632675438596491 0.019005847953216373 0.019188596491228067
1 0.7905701754385964 0.07182017543859649 0.02850877192982456 0.03399122807017543
1 0.7616959064327485 0.060032894736842105 0.021198830409356724 0.043311403508771926
1 0.708516081871345 0.0537280701754386 0.03033625730994152 0.038377192982456135
1 0.6800073099415205 0.171875 0.021564327485380116 0.022478070175438597
1 0.7035818713450293 0.171875 0.019736842105263157 0.022478070175438597
1 0.737390350877193 0.1606359649122807 0.021564327485380116 0.03070175438596491
1 0.9031432748538011 0.14610745614035087 0.023391812865497075 0.03125
1 0.9424342105263157 0.1318530701754386 0.015716374269005847 0.020285087719298246
1 0.9736842105263157 0.15186403508771928 0.01608187134502924 0.02412280701754386
1 0.827485380116959 0.37746710526315785 0.024853801169590642 0.048793859649122806
1 0.7470760233918128 0.3640350877192982 0.02266081871345029 0.02850877192982456
1 0.7076023391812865 0.3843201754385965 0.019736842105263157 0.044956140350877194
1 0.660453216374269 0.3711622807017544 0.023391812865497075 0.03618421052631579
1 0.9780701754385964 0.5668859649122807 0.010964912280701754 0.025219298245614034
1 0.9965277777777777 0.5553728070175439 0.006944444444444444 0.03070175438596491
1 0.6938961988304093 0.8012609649122806 0.019371345029239765 0.03673245614035087
1 0.9974415204678362 0.9901315789473684 0.005116959064327485 0.019736842105263157
1 0.8227339181286549 0.9851973684210525 0.011695906432748537 0.029605263157894735
