1 0.039473684210526314 0.013706140350877192 0.03289473684210526 0.02631578947368421
1 0.09612573099415204 0.11677631578947367 0.01608187134502924 0.023026315789473683
1 0.1284722222222222 0.10992324561403508 0.013523391812865496 0.024671052631578948
1 0.32675438596491224 0.10471491228070175 0.01827485380116959 0.027412280701754384
1 0.35453216374269003 0.48218201754385964 0.027046783625730993 0.04989035087719298
1 0.2708333333333333 0.46875 0.03508771929824561 0.07346491228070175
1 0.19535818713450293 0.45614035087719296 0.017909356725146198 0.021929824561403508
1 0.1109283625730994 0.5836074561403508 0.01644736842105263 0.03453947368421052
1 0.20321637426900585 0.6208881578947368 0.016812865497076022 0.018092105263157895
1 0.40277777777777773 0.71875 0.04532163742690058 0.08223684210526315
1 0.1387061403508772 0.8390899122807017 0.031067251461988302 0.044407894736842105
1 0.5020102339181286 0.09155701754385964 0.025950292397660817 0.043859649122807015
1 0.5586622807017544 0.07538377192982455 0.038377192982456135 0.05756578947368421
1 0.6690423976608186 0.06798245614035087 0.048611111111111105 0.06359649122807018
1 0.712719298245614 0.07648026315789473 0.029239766081871343 0.0400219298245614
1 0.7724780701754386 0.06030701754385964 0.048611111111111105 0.05153508771929824
1 0.8236476608187134 0.04468201754385965 0.03033625730994152 0.05317982456140351
1 0.919407894736842 0.0644188596491228 0.04203216374269006 0.05646929824561403
1 0.9643640350877193 0.05866228070175438 0.03764619883040936 0.05701754385964912
1 0.9672880116959064 0.16145833333333331 0.020833333333333332 0.03673245614035087
1 0.5190058479532164 0.3333333333333333 0.021198830409356724 0.027412280701754384
1 0.5820540935672515 0.31469298245614036 0.025950292397660817 0.019736842105263157
1 0.6553362573099415 0.30180921052631576 0.021198830409356724 0.0356359649122807
1 0.6980994152046783 0.3056469298245614 0.02046783625730994 0.02357456140350877
1 0.7832602339181286 0.3042763157894737 0.019736842105263157 0.025219298245614034
1 0.8428362573099415 0.29989035087719296 0.019736842105263157 0.023026315789473683
1 0.8916301169590642 0.30838815789473684 0.027412280701754384 0.0268640350877193
1 0.9177631578947368 0.3042763157894737 0.01608187134502924 0.02850877192982456
1 0.893640350877193 0.4339364035087719 0.05847953216374269 0.08388157894736842
1 0.8267543859649122 0.4259868421052631 0.04312865497076023 0.06469298245614034
1 0.7783260233918128 0.4407894736842105 0.049342105263157895 0.043859649122807015
1 0.7412280701754386 0.41063596491228066 0.0533625730994152 0.0581140350877193
1 0.7012061403508771 0.43859649122807015 0.035453216374269 0.07785087719298245
1 0.6626461988304093 0.43475877192982454 0.05116959064327485 0.08771929824561403
1 0.6372441520467836 0.4155701754385965 0.044956140350877194 0.0668859649122807
1 0.6080043859649122 0.43859649122807015 0.0398391812865497 0.07236842105263158
1 0.59375 0.4246162280701754 0.035453216374269 0.042214912280701754
1 0.5352704678362573 0.4306469298245614 0.034722222222222224 0.07291666666666666
1 0.5440423976608186 0.1918859649122807 0.012792397660818713 0.02850877192982456
1 0.5986842105263157 0.5537280701754386 0.02046783625730994 0.025219298245614034
1 0.6392543859649122 0.5578399122807017 0.02631578947368421 0.03015350877192982
1 0.6714181286549707 0.5537280701754386 0.021929824561403508 0.019736842105263157
1 0.7041301169590642 0.5540021929824561 0.017178362573099414 0.018092105263157895
1 0.7695540935672515 0.572094298245614 0.0266812865497076 0.03453947368421052
1 0.9894005847953216 0.6705043859649122 0.021198830409356724 0.021929824561403508
1 0.9497441520467835 0.6573464912280701 0.0222953216374269 0.02631578947368421
1 0.8848684210526315 0.6825657894736842 0.01827485380116959 0.015350877192982455
1 0.7392178362573099 0.6770833333333333 0.029605263157894735 0.015350877192982455
1 0.7456140350877193 0.6699561403508771 0.009502923976608187 0.03618421052631579
1 0.6957236842105263 0.6987390350877193 0.021564327485380116 0.016995614035087717
1 0.6385233918128654 0.6652960526315789 0.02046783625730994 0.022478070175438597
1 0.5771198830409356 0.697094298245614 0.02046783625730994 0.018092105263157895
1 0.533625730994152 0.7050438596491228 0.019005847953216373 0.023026315789473683
1 0.5899122807017544 0.6959978070175438 0.011695906432748537 0.020285087719298246
1 0.7074195906432749 0.8086622807017544 0.058845029239766075 0.05701754385964912
1 0.5615862573099415 0.9339364035087718 0.019371345029239765 0.012609649122807017
1 0.6109283625730993 0.9199561403508771 0.01206140350877193 0.013157894736842105
1 0.6801900584795322 0.8977521929824561 0.01023391812865497 0.012609649122807017
1 0.7436038011695906 0.9564144736842105 0.02010233918128655 0.03015350877192982
1 0.8192616959064327 0.9665570175438596 0.021564327485380116 0.021929824561403508
1 0.8817616959064327 0.9292763157894737 0.019371345029239765 0.01644736842105263
1 0.9159356725146198 0.8993969298245613 0.019005847953216373 0.024671052631578948
1 0.9736842105263157 0.8928179824561403 0.021929824561403508 0.020285087719298246
1 0.9431652046783625 0.9512061403508771 0.015716374269005847 0.013157894736842105
