1 0.043859649122807015 0.15213815789473684 0.015350877192982455 0.0268640350877193
1 0.049342105263157895 0.05016447368421052 0.010964912280701754 0.019188596491228067
1 0.10197368421052631 0.06277412280701754 0.008771929824561403 0.013706140350877192
1 0.1600877192982456 0.04989035087719298 0.02412280701754386 0.03179824561403509
1 0.18165204678362573 0.049342105263157895 0.012426900584795321 0.008771929824561403
1 0.14948830409356725 0.15597587719298245 0.02266081871345029 0.019188596491228067
1 0.21966374269005848 0.1474780701754386 0.01827485380116959 0.02412280701754386
1 0.26608187134502925 0.0668859649122807 0.015350877192982455 0.021929824561403508
1 0.31451023391812866 0.16145833333333331 0.012792397660818713 0.019188596491228067
1 0.3393640350877193 0.15405701754385964 0.012792397660818713 0.021929824561403508
1 0.38066520467836257 0.14364035087719298 0.012792397660818713 0.02631578947368421
1 0.5288742690058479 0.07456140350877193 0.027046783625730993 0.04057017543859649
1 0.5067616959064327 0.14830043859649122 0.01864035087719298 0.03234649122807017
1 0.5438596491228069 0.16145833333333331 0.019736842105263157 0.02796052631578947
1 0.6235380116959064 0.13432017543859648 0.012426900584795321 0.02631578947368421
1 0.7065058479532164 0.14281798245614033 0.009502923976608187 0.020285087719298246
1 0.6008771929824561 0.2746710526315789 0.013157894736842105 0.021929824561403508
1 0.4336622807017544 0.2543859649122807 0.03179824561403509 0.044956140350877194
1 0.39455409356725146 0.2543859649122807 0.010599415204678362 0.015350877192982455
1 0.364766081871345 0.26425438596491224 0.012426900584795321 0.023026315789473683
1 0.24561403508771928 0.2543859649122807 0.007309941520467836 0.010964912280701754
1 0.1779970760233918 0.25 0.005847953216374269 0.006578947368421052
1 0.014619883040935672 0.2574013157894737 0.007309941520467836 0.018092105263157895
1 0.03033625730994152 0.4775219298245614 0.013157894736842105 0.021929824561403508
1 0.10928362573099415 0.47176535087719296 0.013157894736842105 0.02576754385964912
1 0.12701023391812866 0.5449561403508771 0.0222953216374269 0.04057017543859649
1 0.15186403508771928 0.5230263157894737 0.009137426900584795 0.017543859649122806
1 0.0625 0.36485745614035087 0.03289473684210526 0.038925438596491224
1 0.09576023391812866 0.3530701754385965 0.03435672514619883 0.044956140350877194
1 0.1332236842105263 0.37801535087719296 0.02887426900584795 0.04769736842105263
1 0.1611842105263158 0.36239035087719296 0.029239766081871343 0.043859649122807015
1 0.2002923976608187 0.37088815789473684 0.01827485380116959 0.018092105263157895
1 0.22989766081871343 0.37033991228070173 0.031432748538011694 0.041118421052631575
1 0.19828216374269006 0.4915021929824561 0.017909356725146198 0.0400219298245614
1 0.21673976608187134 0.5200109649122807 0.021929824561403508 0.020285087719298246
1 0.23885233918128654 0.6044407894736842 0.01864035087719298 0.04989035087719298
1 0.2949561403508772 0.5298793859649122 0.02850877192982456 0.02796052631578947
1 0.2540204678362573 0.4838267543859649 0.02046783625730994 0.02357456140350877
1 0.29276315789473684 0.39747807017543857 0.03654970760233918 0.0581140350877193
1 0.3218201754385965 0.5087719298245614 0.027412280701754384 0.03728070175438596
1 0.3536184210526316 0.556469298245614 0.020833333333333332 0.041666666666666664
1 0.39071637426900585 0.5866228070175439 0.016812865497076022 0.041666666666666664
1 0.32383040935672514 0.34484649122807015 0.008771929824561403 0.021929824561403508
1 0.3711622807017544 0.3837719298245614 0.028143274853801168 0.041666666666666664
1 0.41703216374269003 0.37033991228070173 0.03289473684210526 0.05646929824561403
1 0.43951023391812866 0.3887061403508772 0.029605263157894735 0.0668859649122807
1 0.5052997076023391 0.37472587719298245 0.03399122807017543 0.04989035087719298
1 0.3817616959064327 0.5178179824561403 0.017909356725146198 0.038925438596491224
1 0.4133771929824561 0.5545504385964912 0.029239766081871343 0.06524122807017543
1 0.4497441520467836 0.5002741228070176 0.017909356725146198 0.0400219298245614
1 0.49652777777777773 0.5090460526315789 0.025950292397660817 0.0400219298245614
1 0.5067616959064327 0.5630482456140351 0.028143274853801168 0.03728070175438596
1 0.6504020467836257 0.2787828947368421 0.017178362573099414 0.016995614035087717
1 0.6109283625730993 0.46875 0.025950292397660817 0.03618421052631579
1 0.6376096491228069 0.41063596491228066 0.025950292397660817 0.02412280701754386
1 0.6547880116959064 0.5805921052631579 0.027412280701754384 0.044956140350877194
1 0.8344298245614035 0.13404605263157893 0.01827485380116959 0.011513157894736841
1 0.8145102339181286 0.15186403508771928 0.01644736842105263 0.019736842105263157
1 0.9859283625730993 0.23848684210526314 0.01864035087719298 0.02412280701754386
1 0.8457602339181286 0.2231359649122807 0.017543859649122806 0.01644736842105263
1 0.6986476608187134 0.28563596491228066 0.029605263157894735 0.03508771929824561
1 0.7754020467836257 0.2702850877192982 0.013523391812865496 0.019736842105263157
1 0.9119152046783625 0.35800438596491224 0.01608187134502924 0.020833333333333332
1 0.8050073099415205 0.37609649122807015 0.017178362573099414 0.01644736842105263
1 0.7372076023391813 0.3725328947368421 0.011695906432748537 0.016995614035087717
1 0.7032163742690059 0.37554824561403505 0.01827485380116959 0.021929824561403508
1 0.7090643274853801 0.4643640350877193 0.021198830409356724 0.03618421052631579
1 0.7850877192982456 0.46463815789473684 0.016812865497076022 0.0268640350877193
1 0.827485380116959 0.4690241228070175 0.01608187134502924 0.0268640350877193
1 0.8870614035087718 0.46929824561403505 0.021929824561403508 0.017543859649122806
1 0.7076023391812865 0.569078947368421 0.03070175438596491 0.05043859649122807
1 0.7993421052631579 0.5753837719298245 0.027046783625730993 0.042214912280701754
1 0.813048245614035 0.5852521929824561 0.017909356725146198 0.048793859649122806
1 0.8631213450292398 0.575657894736842 0.02448830409356725 0.04714912280701754
1 0.9115497076023391 0.553453947368421 0.024853801169590642 0.03673245614035087
1 0.9828216374269005 0.5734649122807017 0.019736842105263157 0.02850877192982456
