1 0.08991228070175439 0.08552631578947367 0.027046783625730993 0.043859649122807015
1 0.13998538011695905 0.09320175438596491 0.019005847953216373 0.03070175438596491
1 0.20321637426900585 0.2902960526315789 0.016812865497076022 0.03125
1 0.08260233918128654 0.41173245614035087 0.03654970760233918 0.046052631578947366
1 0.5425804093567251 0.020285087719298246 0.03326023391812866 0.038377192982456135
1 0.5902777777777778 0.02631578947368421 0.01827485380116959 0.049342105263157895
1 0.6361476608187134 0.020833333333333332 0.025950292397660817 0.039473684210526314
1 0.6602704678362573 0.03426535087719298 0.02010233918128655 0.02796052631578947
1 0.6885964912280701 0.015350877192982455 0.019005847953216373 0.02850877192982456
1 0.7105263157894737 0.044956140350877194 0.03728070175438596 0.03179824561403509
1 0.7563961988304093 0.013706140350877192 0.023026315789473683 0.02631578947368421
1 0.8115862573099415 0.01781798245614035 0.025950292397660817 0.03234649122807017
1 0.8282163742690059 0.022478070175438597 0.02046783625730994 0.02850877192982456
1 0.8574561403508771 0.0268640350877193 0.03654970760233918 0.021929824561403508
1 0.5248538011695906 0.24177631578947367 0.03216374269005848 0.0668859649122807
1 0.5484283625730993 0.2563048245614035 0.02448830409356725 0.03453947368421052
1 0.6299342105263157 0.2546600877192982 0.023757309941520467 0.022478070175438597
1 0.6615497076023391 0.2606907894736842 0.023391812865497075 0.04989035087719298
1 0.7167397660818713 0.26973684210526316 0.01827485380116959 0.03399122807017543
1 0.8667763157894737 0.2431469298245614 0.023757309941520467 0.02905701754385965
1 0.893640350877193 0.2387609649122807 0.027777777777777776 0.03015350877192982
1 0.9786184210526315 0.2376644736842105 0.017178362573099414 0.03453947368421052
1 0.7934941520467835 0.3769188596491228 0.014619883040935672 0.016995614035087717
1 0.6451023391812866 0.3993969298245614 0.01827485380116959 0.03015350877192982
1 0.5928362573099415 0.3796600877192982 0.03435672514619883 0.0400219298245614
1 0.8618421052631579 0.4739583333333333 0.025584795321637425 0.0268640350877193
1 0.8037280701754386 0.4720394736842105 0.013888888888888888 0.021929824561403508
