1 0.6458333333333333 0.01343201754385965 0.01608187134502924 0.019188596491228067
1 0.06597222222222222 0.044956140350877194 0.032529239766081866 0.03618421052631579
1 0.09576023391812866 0.11156798245614034 0.03508771929824561 0.045504385964912276
1 0.11677631578947367 0.13020833333333331 0.025950292397660817 0.04989035087719298
1 0.13907163742690057 0.13404605263157893 0.0398391812865497 0.048793859649122806
1 0.18073830409356725 0.11239035087719297 0.029605263157894735 0.046052631578947366
1 0.20851608187134502 0.10910087719298245 0.032529239766081866 0.046052631578947366
1 0.23830409356725146 0.09375 0.02850877192982456 0.042763157894736836
1 0.2949561403508772 0.09375 0.029970760233918127 0.042763157894736836
1 0.3079312865497076 0.10773026315789473 0.027412280701754384 0.0268640350877193
1 0.3682383040935672 0.09018640350877193 0.032529239766081866 0.05866228070175438
1 0.4307383040935672 0.11156798245614034 0.03326023391812866 0.03015350877192982
1 0.34576023391812866 0.09402412280701754 0.01827485380116959 0.03125
1 0.4678362573099415 0.09868421052631579 0.025584795321637425 0.0537280701754386
1 0.502375730994152 0.0893640350877193 0.04057017543859649 0.03179824561403509
1 0.5551900584795322 0.08662280701754385 0.025584795321637425 0.05263157894736842
1 0.5707236842105263 0.11211622807017543 0.017178362573099414 0.05866228070175438
1 0.5950292397660818 0.0981359649122807 0.021929824561403508 0.03289473684210526
1 0.6401681286549707 0.1025219298245614 0.048611111111111105 0.05592105263157894
1 0.6807383040935672 0.109375 0.039108187134502925 0.06085526315789473
1 0.6317616959064327 0.21408991228070173 0.05007309941520467 0.06195175438596491
1 0.5855263157894737 0.2151864035087719 0.03728070175438596 0.04769736842105263
1 0.4634502923976608 0.2138157894736842 0.0445906432748538 0.0668859649122807
1 0.3951023391812865 0.203125 0.03289473684210526 0.05866228070175438
1 0.3218201754385965 0.2149122807017544 0.035453216374269 0.0712719298245614
1 0.29934210526315785 0.21217105263157893 0.033625730994152045 0.0625
1 0.27485380116959063 0.21957236842105263 0.03216374269005848 0.06304824561403509
1 0.24177631578947367 0.20614035087719296 0.0398391812865497 0.06140350877192982
1 0.16904239766081872 0.22368421052631576 0.04788011695906433 0.0537280701754386
1 0.09320175438596491 0.21929824561403508 0.04093567251461988 0.0625
1 0.057200292397660814 0.23218201754385964 0.03691520467836257 0.046600877192982455
1 0.10105994152046784 0.32538377192982454 0.05080409356725146 0.07072368421052631
1 0.26955409356725146 0.3456688596491228 0.04788011695906433 0.05098684210526316
1 0.3994883040935672 0.33360745614035087 0.03654970760233918 0.038925438596491224
1 0.5513523391812866 0.3218201754385965 0.03179824561403509 0.0537280701754386
1 0.60453216374269 0.3231907894736842 0.04312865497076023 0.06962719298245613
1 0.6822002923976608 0.3133223684210526 0.055190058479532164 0.06853070175438596
1 0.7640716374269005 0.3527960526315789 0.03764619883040936 0.05756578947368421
1 0.8028143274853801 0.31880482456140347 0.03691520467836257 0.05098684210526316
1 0.49798976608187134 0.39610745614035087 0.013523391812865496 0.018092105263157895
1 0.37993421052631576 0.397203947368421 0.017909356725146198 0.02905701754385965
1 0.07766812865497076 0.5202850877192983 0.019371345029239765 0.044956140350877194
1 0.14948830409356725 0.6252741228070176 0.016812865497076022 0.03125
1 0.7163742690058479 0.5452302631578947 0.027777777777777776 0.03453947368421052
1 0.7701023391812865 0.45285087719298245 0.012426900584795321 0.02631578947368421
1 0.9914108187134503 0.01781798245614035 0.017178362573099414 0.02796052631578947
1 0.9214181286549707 0.018914473684210526 0.023391812865497075 0.02796052631578947
1 0.8760964912280701 0.022478070175438597 0.02266081871345029 0.03289473684210526
1 0.8364400584795321 0.21875 0.01206140350877193 0.020833333333333332
1 0.9155701754385964 0.2508223684210526 0.009502923976608187 0.02796052631578947
1 0.8490497076023391 0.34237938596491224 0.029970760233918127 0.06195175438596491
1 0.8174342105263157 0.41913377192982454 0.004751461988304093 0.016995614035087717
1 0.91703216374269 0.43612938596491224 0.006578947368421052 0.018092105263157895
1 0.9903143274853801 0.34621710526315785 0.019371345029239765 0.06743421052631579
1 0.9926900584795321 0.5625 0.009502923976608187 0.03289473684210526
1 0.9742324561403508 0.5337171052631579 0.013523391812865496 0.018092105263157895
1 0.8282163742690059 0.640625 0.014619883040935672 0.05098684210526316
1 0.8603801169590642 0.6324013157894737 0.02266081871345029 0.042214912280701754
1 0.8594663742690059 0.4309210526315789 0.009137426900584795 0.017543859649122806
