1 0.10599415204678361 0.34868421052631576 0.05116959064327485 0.0668859649122807
1 0.009868421052631578 0.5542763157894737 0.01827485380116959 0.043859649122807015
1 0.1509502923976608 0.5674342105263157 0.029239766081871343 0.039473684210526314
1 0.11476608187134502 0.6606359649122807 0.025584795321637425 0.03289473684210526
1 0.14071637426900585 0.6521381578947368 0.019736842105263157 0.03125
1 0.17781432748538012 0.6548793859649122 0.03033625730994152 0.03782894736842105
1 0.11896929824561403 0.7634320175438596 0.025950292397660817 0.03125
1 0.14894005847953215 0.7612390350877193 0.025219298245614034 0.03344298245614035
1 0.18603801169590642 0.7708333333333333 0.025584795321637425 0.03070175438596491
1 0.21966374269005848 0.7708333333333333 0.02046783625730994 0.03289473684210526
1 0.2631578947368421 0.7776864035087719 0.014619883040935672 0.0356359649122807
1 0.293859649122807 0.7746710526315789 0.029239766081871343 0.038377192982456135
1 0.22660818713450293 0.6447368421052632 0.021929824561403508 0.017543859649122806
1 0.25237573099415206 0.6611842105263157 0.027412280701754384 0.03179824561403509
1 0.28216374269005845 0.6518640350877193 0.023391812865497075 0.02631578947368421
1 0.23391812865497075 0.5411184210526315 0.027777777777777776 0.044956140350877194
1 0.17635233918128654 0.40625 0.019371345029239765 0.025219298245614034
1 0.18859649122807015 0.3289473684210526 0.03435672514619883 0.06578947368421052
1 0.11677631578947367 0.11595394736842105 0.031067251461988302 0.06195175438596491
1 0.15679824561403508 0.10032894736842105 0.021929824561403508 0.021929824561403508
1 0.3388157894736842 0.14035087719298245 0.02631578947368421 0.043859649122807015
1 0.21637426900584794 0.08991228070175439 0.02266081871345029 0.06578947368421052
1 0.24177631578947367 0.12280701754385964 0.01864035087719298 0.03508771929824561
1 0.13029970760233917 0.22807017543859648 0.03326023391812866 0.049342105263157895
1 0.26955409356725146 0.572094298245614 0.03326023391812866 0.048793859649122806
1 0.29934210526315785 0.5586622807017544 0.023391812865497075 0.027412280701754384
1 0.3607456140350877 0.5575657894736842 0.024853801169590642 0.03179824561403509
1 0.38048245614035087 0.5808662280701754 0.02046783625730994 0.048793859649122806
1 0.34466374269005845 0.6614583333333333 0.024853801169590642 0.03015350877192982
1 0.36220760233918126 0.7683662280701754 0.013157894736842105 0.020285087719298246
1 0.3983918128654971 0.7724780701754386 0.017543859649122806 0.03070175438596491
1 0.43512426900584794 0.7628837719298245 0.017909356725146198 0.02796052631578947
1 0.4126461988304093 0.647203947368421 0.02046783625730994 0.04769736842105263
1 0.4512061403508772 0.5712719298245613 0.0266812865497076 0.041666666666666664
1 0.4638157894736842 0.6606359649122807 0.016812865497076022 0.03399122807017543
1 0.48245614035087714 0.6609100877192982 0.021929824561403508 0.0356359649122807
1 0.4788011695906432 0.756578947368421 0.029239766081871343 0.017543859649122806
1 0.5078581871345029 0.7867324561403508 0.013523391812865496 0.041666666666666664
1 0.5405701754385964 0.7743969298245613 0.02412280701754386 0.02576754385964912
1 0.5703581871345029 0.7587719298245613 0.01644736842105263 0.02631578947368421
1 0.533625730994152 0.6513157894736842 0.01827485380116959 0.03618421052631579
1 0.6233552631578947 0.7563048245614035 0.009868421052631578 0.015899122807017545
1 0.6504020467836257 0.768640350877193 0.017909356725146198 0.029605263157894735
1 0.6845760233918128 0.7776864035087719 0.008771929824561403 0.03015350877192982
1 0.7158260233918128 0.7464364035087719 0.023757309941520467 0.019188596491228067
1 0.4998172514619883 0.53125 0.02448830409356725 0.03070175438596491
1 0.5493421052631579 0.5381030701754386 0.00804093567251462 0.03344298245614035
1 0.5659722222222222 0.572094298245614 0.025219298245614034 0.038925438596491224
1 0.6355994152046783 0.578125 0.014619883040935672 0.024671052631578948
1 0.7152777777777778 0.5833333333333333 0.025584795321637425 0.05701754385964912
1 0.7225877192982456 0.4237938596491228 0.009502923976608187 0.021929824561403508
1 0.5864400584795322 0.4292763157894737 0.019371345029239765 0.02631578947368421
1 0.40277777777777773 0.4259868421052631 0.01608187134502924 0.03070175438596491
1 0.21290204678362573 0.4375 0.01206140350877193 0.01644736842105263
1 0.23336988304093567 0.34621710526315785 0.03691520467836257 0.048793859649122806
1 0.26078216374269003 0.34594298245614036 0.028143274853801168 0.03399122807017543
1 0.29934210526315785 0.4487390350877193 0.01608187134502924 0.016995614035087717
1 0.24762426900584794 0.4325657894736842 0.01644736842105263 0.020833333333333332
1 0.32383040935672514 0.3834978070175438 0.025584795321637425 0.048793859649122806
1 0.3221856725146199 0.34813596491228066 0.034722222222222224 0.04714912280701754
1 0.3369883040935672 0.42242324561403505 0.02046783625730994 0.018092105263157895
1 0.3910818713450292 0.31880482456140347 0.025584795321637425 0.03782894736842105
1 0.4097222222222222 0.3522478070175438 0.02266081871345029 0.045504385964912276
1 0.4301900584795321 0.35471491228070173 0.016812865497076022 0.041666666666666664
1 0.46929824561403505 0.33031798245614036 0.03435672514619883 0.05098684210526316
1 0.502375730994152 0.30783991228070173 0.03764619883040936 0.038925438596491224
1 0.2099780701754386 0.20586622807017543 0.03179824561403509 0.0356359649122807
1 0.24122807017543857 0.1992872807017544 0.023391812865497075 0.02576754385964912
1 0.27540204678362573 0.2099780701754386 0.025219298245614034 0.0625
1 0.2909356725146199 0.20093201754385964 0.02412280701754386 0.043311403508771926
1 0.283625730994152 0.10005482456140351 0.015350877192982455 0.014802631578947368
1 0.36622807017543857 0.2220394736842105 0.029970760233918127 0.046052631578947366
1 0.4024122807017544 0.12746710526315788 0.03874269005847953 0.05756578947368421
1 0.45906432748538006 0.20970394736842105 0.029970760233918127 0.03782894736842105
1 0.48428362573099415 0.22121710526315788 0.02631578947368421 0.05756578947368421
1 0.5020102339181286 0.21162280701754385 0.01864035087719298 0.03070175438596491
1 0.5381944444444444 0.2294407894736842 0.0266812865497076 0.05098684210526316
1 0.5557383040935672 0.20422149122807015 0.0222953216374269 0.0400219298245614
1 0.5946637426900584 0.21984649122807015 0.02631578947368421 0.05482456140350877
1 0.6092836257309941 0.2182017543859649 0.02412280701754386 0.042763157894736836
1 0.6445540935672515 0.2324561403508772 0.020833333333333332 0.049342105263157895
1 0.677266081871345 0.21600877192982454 0.029970760233918127 0.05592105263157894
1 0.6973684210526315 0.19873903508771928 0.01827485380116959 0.044407894736842105
1 0.6167763157894737 0.3067434210526316 0.019371345029239765 0.04989035087719298
1 0.5635964912280701 0.34786184210526316 0.029239766081871343 0.048793859649122806
1 0.6778143274853801 0.3237390350877193 0.031067251461988302 0.042214912280701754
1 0.7114400584795322 0.31688596491228066 0.03399122807017543 0.04057017543859649
1 0.7744883040935672 0.3484100877192982 0.02850877192982456 0.048793859649122806
1 0.7940423976608186 0.5455043859649122 0.01864035087719298 0.03179824561403509
1 0.8008040935672515 0.5734649122807017 0.027046783625730993 0.03289473684210526
1 0.7978801169590642 0.9070723684210525 0.021198830409356724 0.05427631578947368
1 0.8026315789473684 0.8040021929824561 0.01608187134502924 0.0268640350877193
1 0.8638523391812865 0.7697368421052632 0.013523391812865496 0.020833333333333332
1 0.8548976608187134 0.6702302631578947 0.021929824561403508 0.03453947368421052
1 0.8987573099415204 0.6573464912280701 0.029239766081871343 0.043859649122807015
1 0.8711622807017544 0.919407894736842 0.017909356725146198 0.046052631578947366
1 0.9173976608187134 0.9287280701754386 0.02046783625730994 0.04057017543859649
1 0.9576023391812865 0.8878837719298245 0.021198830409356724 0.05098684210526316
1 0.9888523391812865 0.8884320175438596 0.015716374269005847 0.02576754385964912
1 0.96875 0.6603618421052632 0.038377192982456135 0.04989035087719298
1 0.9234283625730993 0.5603070175438596 0.017909356725146198 0.03618421052631579
1 1 0.4350328947368421 0.02887426900584795 0.038925438596491224
1 0.9608918128654971 0.4295504385964912 0.013157894736842105 0.0268640350877193
1 0.9488304093567251 0.4539473684210526 0.016812865497076022 0.03508771929824561
1 0.8804824561403508 0.46271929824561403 0.01827485380116959 0.044956140350877194
1 0.833516081871345 0.4739583333333333 0.014985380116959063 0.03015350877192982
1 0.8369883040935672 0.3881578947368421 0.019736842105263157 0.041666666666666664
1 0.8855994152046783 0.34868421052631576 0.013157894736842105 0.04057017543859649
1 0.9141081871345029 0.3412828947368421 0.03874269005847953 0.07072368421052631
1 0.9663742690058479 0.31688596491228066 0.015350877192982455 0.025219298245614034
1 0.8110380116959064 0.26343201754385964 0.021198830409356724 0.044407894736842105
1 0.8580043859649122 0.24150219298245612 0.020833333333333332 0.0400219298245614
1 0.814875730994152 0.13267543859649122 0.0222953216374269 0.03289473684210526
1 0.9038742690058479 0.22807017543859648 0.02266081871345029 0.04057017543859649
1 0.9097222222222222 0.12006578947368421 0.016812865497076022 0.019736842105263157
1 0.9409722222222222 0.1924342105263158 0.01864035087719298 0.021929824561403508
1 0.9475511695906432 0.23848684210526314 0.025950292397660817 0.03508771929824561
1 0.9941520467836257 0.32648026315789475 0.0402046783625731 0.07291666666666666
1 0.9828216374269005 0.1943530701754386 0.029239766081871343 0.03344298245614035
1 0.991593567251462 0.21902412280701752 0.011695906432748537 0.0268640350877193
