1 0.1684941520467836 0.3314144736842105 0.04312865497076023 0.05756578947368421
1 0.22551169590643275 0.34237938596491224 0.04239766081871345 0.05646929824561403
1 0.7348318713450293 0.29906798245614036 0.05007309941520467 0.07510964912280702
1 0.706140350877193 0.6713267543859649 0.0577485380116959 0.06414473684210525
1 0.6714181286549707 0.7055921052631579 0.04532163742690058 0.0712719298245614
1 0.5566520467836257 0.6833881578947368 0.021929824561403508 0.0268640350877193
1 0.49031432748538006 0.6669407894736842 0.025950292397660817 0.04769736842105263
1 0.45266812865497075 0.6875 0.052997076023391806 0.07675438596491227
1 0.4126461988304093 0.6762609649122807 0.04312865497076023 0.09594298245614034
1 0.6430921052631579 0.9799890350877193 0.038377192982456135 0.0400219298245614
1 0.5619517543859649 0.987390350877193 0.044956140350877194 0.025219298245614034
1 0.8505116959064327 0.29906798245614036 0.021929824561403508 0.02796052631578947
1 0.88578216374269 0.29714912280701755 0.03179824561403509 0.04714912280701754
1 0.9930555555555555 0.2897478070175438 0.013888888888888888 0.02905701754385965
1 0.958516081871345 0.5446820175438596 0.028143274853801168 0.05537280701754386
1 0.9292763157894737 0.6652960526315789 0.01864035087719298 0.018092105263157895
1 0.9682017543859649 0.6469298245614035 0.01608187134502924 0.017543859649122806
1 0.8775584795321637 0.5263157894736842 0.013888888888888888 0.05043859649122807
