1 0.9173976608187134 0.7212171052631579 0.039473684210526314 0.06524122807017543
1 0.8892543859649122 0.7453399122807017 0.038011695906432746 0.06853070175438596
1 0.8305921052631579 0.7324561403508771 0.02887426900584795 0.049342105263157895
1 0.7666301169590642 0.7456140350877193 0.04203216374269006 0.0581140350877193
1 0.7149122807017544 0.7519188596491228 0.038011695906432746 0.043311403508771926
1 0.6575292397660818 0.7324561403508771 0.029239766081871343 0.049342105263157895
1 0.6346856725146198 0.7494517543859649 0.031067251461988302 0.05043859649122807
1 0.5650584795321637 0.7395833333333333 0.04239766081871345 0.0581140350877193
1 0.5169956140350876 0.7461622807017544 0.038377192982456135 0.0712719298245614
1 0.4932383040935672 0.7412280701754386 0.023757309941520467 0.0537280701754386
1 0.4576023391812865 0.7165570175438596 0.02631578947368421 0.043859649122807015
1 0.4375 0.7297149122807017 0.021198830409356724 0.03618421052631579
1 0.3989400584795321 0.7327302631578947 0.04057017543859649 0.06085526315789473
1 0.35800438596491224 0.7442434210526315 0.023757309941520467 0.03782894736842105
1 0.29989035087719296 0.7590460526315789 0.049342105263157895 0.06414473684210525
1 0.14510233918128654 0.3100328947368421 0.02412280701754386 0.022478070175438597
