1 0.2563961988304093 0.0625 0.015716374269005847 0.02412280701754386
1 0.22514619883040934 0.0556469298245614 0.021929824561403508 0.0268640350877193
1 0.19682017543859648 0.0712719298245614 0.015716374269005847 0.020833333333333332
1 0.1509502923976608 0.45942982456140347 0.03289473684210526 0.0581140350877193
1 0.3530701754385965 0.4451754385964912 0.041666666666666664 0.06578947368421052
1 0.102156432748538 0.40405701754385964 0.02010233918128655 0.027412280701754384
1 0.05756578947368421 0.9643640350877193 0.04568713450292397 0.0712719298245614
1 0.1074561403508772 0.988486842105263 0.03289473684210526 0.023026315789473683
1 0.1419956140350877 0.9706688596491228 0.04641812865497076 0.05866228070175438
1 0.1915204678362573 0.9734100877192982 0.0445906432748538 0.05317982456140351
1 0.22843567251461988 0.96875 0.03070175438596491 0.05921052631578947
1 0.2596856725146199 0.9706688596491228 0.03764619883040936 0.05866228070175438
1 0.3355263157894737 0.9791666666666666 0.043859649122807015 0.041666666666666664
1 0.3676900584795321 0.906798245614035 0.024853801169590642 0.03179824561403509
1 0.12591374269005848 0.5501644736842105 0.023026315789473683 0.05208333333333333
1 0.48245614035087714 0.7324561403508771 0.01827485380116959 0.03179824561403509
1 0.5482456140350876 0.743969298245614 0.027777777777777776 0.03179824561403509
1 0.5855263157894737 0.7543859649122806 0.021929824561403508 0.03399122807017543
1 0.6197002923976608 0.7327302631578947 0.0266812865497076 0.0400219298245614
1 0.65625 0.7434210526315789 0.025219298245614034 0.03508771929824561
1 0.6829312865497076 0.7415021929824561 0.027412280701754384 0.044407894736842105
1 0.7255116959064327 0.7398574561403508 0.024853801169590642 0.03782894736842105
1 0.7534722222222222 0.7415021929824561 0.023757309941520467 0.0400219298245614
1 0.7876461988304093 0.7338267543859649 0.021929824561403508 0.043311403508771926
1 0.813048245614035 0.7198464912280701 0.025950292397660817 0.041666666666666664
1 0.9555921052631579 0.7239583333333333 0.031067251461988302 0.043311403508771926
1 0.9908625730994152 0.7192982456140351 0.01827485380116959 0.029605263157894735
1 0.9634502923976608 0.8174342105263157 0.021198830409356724 0.043859649122807015
1 0.9047880116959064 0.8105811403508771 0.019371345029239765 0.03782894736842105
1 0.8494152046783625 0.822094298245614 0.03216374269005848 0.05756578947368421
1 0.8188961988304093 0.8168859649122806 0.028143274853801168 0.05482456140350877
1 0.7719298245614035 0.8305921052631579 0.04093567251461988 0.0625
1 0.7222222222222222 0.8218201754385964 0.021198830409356724 0.04057017543859649
1 0.664656432748538 0.844298245614035 0.03764619883040936 0.042763157894736836
