1 0.07035818713450293 0.14473684210526316 0.01206140350877193 0.023026315789473683
1 0.25201023391812866 0.027412280701754384 0.03399122807017543 0.03728070175438596
1 0.29696637426900585 0.11677631578947367 0.012792397660818713 0.021929824561403508
1 0.1732456140350877 0.24616228070175436 0.021198830409356724 0.029605263157894735
1 0.1153143274853801 0.22615131578947367 0.029605263157894735 0.03673245614035087
1 0.03618421052631579 0.25 0.03508771929824561 0.03289473684210526
1 0.2362938596491228 0.3555372807017544 0.03691520467836257 0.05208333333333333
1 0.2766812865497076 0.33031798245614036 0.03654970760233918 0.043311403508771926
1 0.3051900584795321 0.37225877192982454 0.027046783625730993 0.03179824561403509
1 0.254203216374269 0.5361842105263157 0.0537280701754386 0.0581140350877193
1 0.3110380116959064 0.5424890350877193 0.04824561403508772 0.06524122807017543
1 0.23135964912280702 0.6252741228070176 0.016812865497076022 0.018092105263157895
1 0.13925438596491227 0.6504934210526315 0.01827485380116959 0.018092105263157895
1 0.22843567251461988 0.7428728070175438 0.02266081871345029 0.0668859649122807
1 0.1284722222222222 0.8292214912280701 0.028143274853801168 0.0268640350877193
1 0.23739035087719296 0.8648574561403508 0.028143274853801168 0.0356359649122807
1 0.2715643274853801 0.8547149122807017 0.021929824561403508 0.043859649122807015
1 0.3221856725146199 0.016721491228070175 0.019371345029239765 0.03125
1 0.39747807017543857 0.0356359649122807 0.009137426900584795 0.02412280701754386
1 0.48684210526315785 0.018366228070175437 0.02412280701754386 0.0356359649122807
1 0.6284722222222222 0.0200109649122807 0.010599415204678362 0.016995614035087717
1 0.6953581871345029 0.07182017543859649 0.017178362573099414 0.02631578947368421
1 0.7923976608187134 0.01288377192982456 0.029239766081871343 0.022478070175438597
1 0.7850877192982456 0.1049890350877193 0.003654970760233918 0.013706140350877192
1 0.7978801169590642 0.2168311403508772 0.021929824561403508 0.042214912280701754
1 0.7090643274853801 0.24561403508771928 0.016812865497076022 0.023026315789473683
1 0.7447002923976608 0.31222587719298245 0.0442251461988304 0.05975877192982456
1 0.6801900584795322 0.33497807017543857 0.03216374269005848 0.043859649122807015
1 0.6445540935672515 0.22724780701754385 0.01206140350877193 0.02576754385964912
1 0.7196637426900584 0.1370614035087719 0.009502923976608187 0.01425438596491228
1 0.38029970760233917 0.22121710526315788 0.021564327485380116 0.0268640350877193
1 0.4360380116959064 0.21436403508771928 0.016812865497076022 0.042763157894736836
1 0.47953216374269003 0.2094298245614035 0.019736842105263157 0.027412280701754384
1 0.5222953216374269 0.2324561403508772 0.013157894736842105 0.02631578947368421
1 0.5542763157894737 0.21984649122807015 0.014985380116959063 0.03070175438596491
1 0.5844298245614035 0.22176535087719296 0.014619883040935672 0.020285087719298246
1 0.4009502923976608 0.37746710526315785 0.041666666666666664 0.05537280701754386
1 0.4462719298245614 0.3289473684210526 0.01608187134502924 0.044956140350877194
1 0.48300438596491224 0.34155701754385964 0.035453216374269 0.0537280701754386
1 0.5137061403508771 0.3379934210526316 0.01644736842105263 0.043311403508771926
1 0.5493421052631579 0.32675438596491224 0.035818713450292396 0.06140350877192982
1 0.6162280701754386 0.3256578947368421 0.02266081871345029 0.03070175438596491
1 0.6451023391812866 0.359375 0.029970760233918127 0.04769736842105263
1 0.813048245614035 0.36047149122807015 0.013523391812865496 0.03015350877192982
1 0.445906432748538 0.42872807017543857 0.013888888888888888 0.017543859649122806
1 0.32766812865497075 0.4295504385964912 0.010599415204678362 0.018092105263157895
1 0.7573099415204678 0.45559210526315785 0.013157894736842105 0.02631578947368421
1 0.8276681286549707 0.4421600877192982 0.020833333333333332 0.03125
1 0.6191520467836257 0.45093201754385964 0.010964912280701754 0.015899122807017545
1 0.6900584795321637 0.4292763157894737 0.011695906432748537 0.01864035087719298
1 0.7090643274853801 0.5449561403508771 0.039473684210526314 0.0537280701754386
1 0.6167763157894737 0.5263157894736842 0.025950292397660817 0.03618421052631579
1 0.5751096491228069 0.5581140350877193 0.04349415204678363 0.041666666666666664
1 0.5467836257309941 0.5241228070175439 0.01608187134502924 0.021929824561403508
1 0.2733918128654971 0.6430921052631579 0.008771929824561403 0.013157894736842105
1 0.3221856725146199 0.6392543859649122 0.02010233918128655 0.027412280701754384
1 0.3848684210526316 0.618969298245614 0.009502923976608187 0.020833333333333332
1 0.4550438596491228 0.6518640350877193 0.019005847953216373 0.021929824561403508
1 0.48245614035087714 0.6343201754385964 0.013157894736842105 0.017543859649122806
1 0.5052997076023391 0.6318530701754386 0.01425438596491228 0.020285087719298246
1 0.5796783625730993 0.6304824561403508 0.013888888888888888 0.01864035087719298
1 0.6860380116959064 0.7412280701754386 0.029970760233918127 0.03508771929824561
1 0.4221491228070175 0.7546600877192982 0.029239766081871343 0.013706140350877192
1 0.375 0.8355263157894737 0.04312865497076023 0.02631578947368421
1 0.4947002923976608 0.8415570175438596 0.02010233918128655 0.023026315789473683
1 0.5762061403508771 0.8327850877192982 0.01425438596491228 0.02631578947368421
1 0.60453216374269 0.8300438596491228 0.025584795321637425 0.020833333333333332
1 0.6328581871345029 0.8212719298245613 0.01644736842105263 0.03179824561403509
1 0.6615497076023391 0.8253837719298245 0.014619883040935672 0.042214912280701754
1 0.7669956140350876 0.9355811403508771 0.03764619883040936 0.042214912280701754
1 0.814875730994152 0.8349780701754386 0.020833333333333332 0.03070175438596491
1 0.9161184210526315 0.02850877192982456 0.025219298245614034 0.03179824561403509
1 0.9930555555555555 0.013706140350877192 0.013888888888888888 0.02631578947368421
1 0.9926900584795321 0.09429824561403508 0.00804093567251462 0.01425438596491228
1 0.9663742690058479 0.21655701754385964 0.015350877192982455 0.023026315789473683
1 0.9934210526315789 0.2324561403508772 0.013157894736842105 0.027412280701754384
1 0.9809941520467835 0.3262061403508772 0.019736842105263157 0.021929824561403508
1 0.9751461988304093 0.4150219298245614 0.019736842105263157 0.042763157894736836
1 0.9700292397660818 0.6425438596491228 0.03654970760233918 0.044956140350877194
1 0.9369517543859649 0.544407894736842 0.020833333333333332 0.03399122807017543
1 0.9638157894736842 0.8514254385964912 0.04093567251461988 0.06907894736842105
1 0.9429824561403508 0.9462719298245613 0.029970760233918127 0.03618421052631579
