1 0.059393274853801165 0.15625 0.025950292397660817 0.020833333333333332
1 0.033625730994152045 0.2987938596491228 0.014619883040935672 0.027412280701754384
1 0.05756578947368421 0.2944078947368421 0.0222953216374269 0.03289473684210526
1 0.10160818713450293 0.2275219298245614 0.029970760233918127 0.02850877192982456
1 0.1875 0.20148026315789472 0.027046783625730993 0.02576754385964912
1 0.1924342105263158 0.22341008771929824 0.02010233918128655 0.0356359649122807
1 0.21198830409356723 0.28371710526315785 0.01827485380116959 0.03782894736842105
1 0.33479532163742687 0.24095394736842105 0.029239766081871343 0.03673245614035087
1 0.3362573099415205 0.27768640350877194 0.027777777777777776 0.038925438596491224
1 0.3711622807017544 0.3105811403508772 0.019371345029239765 0.042214912280701754
1 0.4541301169590643 0.30317982456140347 0.03326023391812866 0.043859649122807015
1 0.3828581871345029 0.1875 0.023026315789473683 0.029605263157894735
1 0.45906432748538006 0.1875 0.02412280701754386 0.029605263157894735
1 0.49762426900584794 0.1894188596491228 0.025219298245614034 0.03782894736842105
1 0.5752923976608186 0.1962719298245614 0.02412280701754386 0.038377192982456135
1 0.5615862573099415 0.32346491228070173 0.01206140350877193 0.0581140350877193
1 0.7629751461988303 0.3177083333333333 0.04641812865497076 0.05756578947368421
1 0.7392178362573099 0.19654605263157893 0.02448830409356725 0.022478070175438597
1 0.8123172514619883 0.2324561403508772 0.02448830409356725 0.04057017543859649
1 0.9071637426900584 0.2944078947368421 0.019005847953216373 0.04824561403508772
1 0.9696637426900584 0.16392543859649122 0.04093567251461988 0.039473684210526314
1 0.9914108187134503 0.14364035087719298 0.017178362573099414 0.043859649122807015
1 0.8252923976608186 0.13048245614035087 0.027046783625730993 0.029605263157894735
1 0.8013523391812865 0.1513157894736842 0.028143274853801168 0.03289473684210526
1 0.7733918128654971 0.16091008771929824 0.03728070175438596 0.0268640350877193
