1 0.12445175438596491 1 0.023757309941520467 0.03344298245614035
1 0.18402777777777776 0.9756030701754386 0.028143274853801168 0.0268640350877193
1 0.20266812865497075 0.990953947368421 0.017178362573099414 0.03673245614035087
1 0.21966374269005848 0.9199561403508771 0.005847953216374269 0.03070175438596491
1 0.29258040935672514 0.9898574561403508 0.0222953216374269 0.02576754385964912
1 0.27887426900584794 0.925986842105263 0.007309941520467836 0.019736842105263157
1 0.32328216374269003 0.9125548245614035 0.01864035087719298 0.03125
1 0.3355263157894737 0.9862938596491228 0.027777777777777776 0.021929824561403508
1 0.3559941520467836 1 0.008771929824561403 0.022478070175438597
1 0.38669590643274854 0.9915021929824561 0.014619883040935672 0.0356359649122807
1 0.3607456140350877 0.9240679824561403 0.01608187134502924 0.020285087719298246
1 0.46582602339181284 0.8843201754385964 0.010599415204678362 0.013157894736842105
1 0.4815423976608187 0.9205043859649122 0.014985380116959063 0.029605263157894735
1 0.4453581871345029 0.9961622807017543 0.025219298245614034 0.029605263157894735
1 0.47404970760233917 1 0.01827485380116959 0.0268640350877193
1 0.5009137426900585 1 0.012792397660818713 0.015899122807017545
1 0.5405701754385964 1 0.02850877192982456 0.03125
1 0.5688961988304093 1 0.027412280701754384 0.044407894736842105
1 0.6136695906432749 1 0.019005847953216373 0.0400219298245614
1 0.646016081871345 1 0.015716374269005847 0.022478070175438597
1 0.6840277777777778 1 0.0222953216374269 0.02576754385964912
1 0.7236842105263157 1 0.011695906432748537 0.024671052631578948
1 0.6602704678362573 0.9174890350877193 0.017909356725146198 0.02905701754385965
1 0.6822002923976608 0.9109100877192982 0.017178362573099414 0.015899122807017545
1 0.7273391812865496 0.9114583333333333 0.014619883040935672 0.013706140350877192
1 0.8530701754385964 0.9418859649122806 0.016812865497076022 0.042763157894736836
1 0.8759137426900584 0.8793859649122806 0.049342105263157895 0.05482456140350877
1 0.9053362573099415 0.9026864035087718 0.016812865497076022 0.02576754385964912
1 0.938048245614035 0.9059758771929824 0.011330409356725146 0.016995614035087717
1 0.31451023391812866 0.7700109649122806 0.01864035087719298 0.019188596491228067
1 0.01425438596491228 0.6885964912280701 0.02631578947368421 0.03728070175438596
1 0.12591374269005848 0.671875 0.04203216374269006 0.05537280701754386
1 0.23135964912280702 0.6803728070175438 0.03216374269005848 0.042763157894736836
1 0.2640716374269006 0.6737938596491228 0.029605263157894735 0.044956140350877194
1 0.36239035087719296 0.6631030701754386 0.031067251461988302 0.05537280701754386
1 0.4047880116959064 0.7993421052631579 0.015716374269005847 0.013157894736842105
1 0.4815423976608187 0.7593201754385964 0.017909356725146198 0.0625
1 0.4954312865497076 0.6647478070175438 0.044956140350877194 0.038925438596491224
1 0.5248538011695906 0.6606359649122807 0.01827485380116959 0.025219298245614034
1 0.6865862573099415 0.6496710526315789 0.028143274853801168 0.049342105263157895
1 0.8110380116959064 0.7765899122807017 0.02266081871345029 0.03673245614035087
1 0.8735380116959064 0.7831688596491228 0.023391812865497075 0.0268640350877193
1 0.91703216374269 0.8108552631578947 0.02046783625730994 0.03508771929824561
1 0.9409722222222222 0.7905701754385964 0.017178362573099414 0.029605263157894735
1 0.11823830409356724 0.07593201754385964 0.025950292397660817 0.0268640350877193
1 0.11769005847953215 0.2162828947368421 0.021929824561403508 0.02796052631578947
1 0.14802631578947367 0.2138157894736842 0.03435672514619883 0.03399122807017543
1 0.15625 0.31743421052631576 0.025219298245614034 0.03179824561403509
1 0.18841374269005848 0.3081140350877193 0.027412280701754384 0.044956140350877194
1 0.1284722222222222 0.44243421052631576 0.035453216374269 0.0581140350877193
1 0.11567982456140351 0.5422149122807017 0.021564327485380116 0.029605263157894735
1 0.14510233918128654 0.5402960526315789 0.035818713450292396 0.03782894736842105
1 0.17123538011695905 0.5320723684210527 0.03326023391812866 0.03453947368421052
1 0.17525584795321636 0.43612938596491224 0.058845029239766075 0.05317982456140351
1 0.22368421052631576 0.4331140350877193 0.033625730994152045 0.05153508771929824
1 0.26864035087719296 0.4383223684210526 0.035818713450292396 0.041118421052631575
1 0.25201023391812866 0.5556469298245613 0.01864035087719298 0.02905701754385965
1 0.26955409356725146 0.5490679824561403 0.02448830409356725 0.043311403508771926
1 0.2894736842105263 0.5471491228070176 0.025584795321637425 0.03399122807017543
1 0.3223684210526316 0.5578399122807017 0.01608187134502924 0.0356359649122807
1 0.3559941520467836 0.5611293859649122 0.025584795321637425 0.0356359649122807
1 0.3813961988304093 0.5512609649122807 0.025950292397660817 0.0356359649122807
1 0.4018640350877193 0.5422149122807017 0.025219298245614034 0.03179824561403509
1 0.3516081871345029 0.4550438596491228 0.043859649122807015 0.0537280701754386
1 0.3949195906432748 0.421875 0.04203216374269006 0.05537280701754386
1 0.2534722222222222 0.30838815789473684 0.020833333333333332 0.044407894736842105
1 0.283625730994152 0.31743421052631576 0.017543859649122806 0.0537280701754386
1 0.24762426900584794 0.2151864035087719 0.01644736842105263 0.0268640350877193
1 0.2598684210526316 0.19736842105263158 0.021198830409356724 0.023026315789473683
1 0.3477704678362573 0.07675438596491227 0.020833333333333332 0.03070175438596491
1 0.40734649122807015 0.05866228070175438 0.02010233918128655 0.03508771929824561
1 0.35891812865497075 0.19490131578947367 0.019736842105263157 0.02905701754385965
1 0.3358918128654971 0.21957236842105263 0.02046783625730994 0.021381578947368418
1 0.39364035087719296 0.3119517543859649 0.02266081871345029 0.03289473684210526
1 0.43457602339181284 0.31469298245614036 0.029239766081871343 0.04714912280701754
1 0.46290204678362573 0.3086622807017544 0.027412280701754384 0.042763157894736836
1 0.408625730994152 0.19846491228070173 0.02631578947368421 0.046052631578947366
1 0.4375 0.20093201754385964 0.019736842105263157 0.0400219298245614
1 0.46966374269005845 0.1938048245614035 0.02412280701754386 0.05098684210526316
1 0.5526315789473684 0.3081140350877193 0.017543859649122806 0.03070175438596491
1 0.47423245614035087 0.444078947368421 0.025950292397660817 0.044956140350877194
1 0.4990862573099415 0.4377741228070175 0.02010233918128655 0.048793859649122806
1 0.5369152046783625 0.4290021929824561 0.03508771929824561 0.05756578947368421
1 0.5917397660818713 0.534265350877193 0.019005847953216373 0.03015350877192982
1 0.5248538011695906 0.5509868421052632 0.019736842105263157 0.029605263157894735
1 0.4453581871345029 0.5323464912280701 0.025219298245614034 0.03070175438596491
1 0.477156432748538 0.5625 0.01864035087719298 0.020833333333333332
1 0.6546052631578947 0.5487938596491228 0.019005847953216373 0.02631578947368421
1 0.6801900584795322 0.44243421052631576 0.04239766081871345 0.0712719298245614
1 0.6348684210526315 0.4396929824561403 0.041666666666666664 0.043859649122807015
1 0.5946637426900584 0.42817982456140347 0.038011695906432746 0.0581140350877193
1 0.6747076023391813 0.31661184210526316 0.015350877192982455 0.03015350877192982
1 0.6317616959064327 0.3053728070175438 0.03033625730994152 0.044956140350877194
1 0.581140350877193 0.328125 0.023391812865497075 0.0356359649122807
1 0.5703581871345029 0.20093201754385964 0.01206140350877193 0.03782894736842105
1 0.6136695906432749 0.22286184210526314 0.021929824561403508 0.0400219298245614
1 0.6363304093567251 0.2099780701754386 0.029970760233918127 0.043859649122807015
1 0.6781798245614035 0.21080043859649122 0.02887426900584795 0.04769736842105263
1 0.6988304093567251 0.20093201754385964 0.021198830409356724 0.03125
1 0.7192982456140351 0.01644736842105263 0.014619883040935672 0.03070175438596491
1 0.8086622807017544 0.08717105263157894 0.014985380116959063 0.03289473684210526
1 0.8315058479532164 0.08717105263157894 0.019005847953216373 0.025219298245614034
1 0.9047880116959064 0.049342105263157895 0.009137426900584795 0.03179824561403509
1 0.8726242690058479 0.07839912280701754 0.009868421052631578 0.02631578947368421
1 0.846125730994152 0.1962719298245614 0.01023391812865497 0.020833333333333332
1 0.8247441520467835 0.42050438596491224 0.013523391812865496 0.027412280701754384
1 0.8596491228070176 0.5109649122807017 0.027777777777777776 0.05263157894736842
1 0.8516081871345029 0.6318530701754386 0.021929824561403508 0.03344298245614035
1 0.9565058479532164 0.6743421052631579 0.019005847953216373 0.02850877192982456
1 0.950657894736842 0.5567434210526315 0.023391812865497075 0.03453947368421052
1 0.8921783625730993 0.5263157894736842 0.021929824561403508 0.023026315789473683
1 0.8559941520467835 0.4306469298245614 0.013157894736842105 0.03015350877192982
1 0.906798245614035 0.43146929824561403 0.009502923976608187 0.01206140350877193
1 0.8998538011695906 0.20038377192982454 0.014619883040935672 0.024671052631578948
1 0.91703216374269 0.17845394736842105 0.013888888888888888 0.019188596491228067
1 0.9502923976608186 0.06880482456140351 0.013157894736842105 0.045504385964912276
1 0.9742324561403508 0.20559210526315788 0.03033625730994152 0.049342105263157895
1 0.9459064327485379 0.31935307017543857 0.021929824561403508 0.042214912280701754
1 0.9696637426900584 0.29934210526315785 0.024853801169590642 0.02850877192982456
1 0.9888523391812865 0.28810307017543857 0.017178362573099414 0.0356359649122807
1 0.9813596491228069 0.4421600877192982 0.019005847953216373 0.03125
1 1 0.5540021929824561 0.028143274853801168 0.0356359649122807
