1 0.059576023391812866 0.010690789473684209 0.029239766081871343 0.019188596491228067
1 0.08260233918128654 0.12362938596491227 0.029970760233918127 0.044407894736842105
1 0.0625 0.25411184210526316 0.00804093567251462 0.018092105263157895
1 0.03819444444444444 0.47121710526315785 0.0266812865497076 0.044407894736842105
1 0.08735380116959064 0.4761513157894737 0.027777777777777776 0.04989035087719298
1 0.029239766081871343 0.7173793859649122 0.027046783625730993 0.05208333333333333
1 0.06451023391812866 0.844298245614035 0.02010233918128655 0.03179824561403509
1 0.07474415204678363 0.9660087719298245 0.019371345029239765 0.03070175438596491
1 0.17032163742690057 0.14364035087719298 0.025584795321637425 0.03618421052631579
1 0.3296783625730994 0.1337719298245614 0.021198830409356724 0.06359649122807018
1 0.3612938596491228 0.11019736842105263 0.029605263157894735 0.043859649122807015
1 0.42141812865497075 0.09923245614035087 0.02850877192982456 0.03508771929824561
1 0.46929824561403505 0.13020833333333331 0.024853801169590642 0.07072368421052631
1 0.5586622807017544 0.13432017543859648 0.029605263157894735 0.029605263157894735
1 0.7097953216374269 0.08717105263157894 0.04239766081871345 0.049342105263157895
1 0.7476242690058479 0.03782894736842105 0.035453216374269 0.05482456140350877
1 0.7642543859649122 0.08086622807017543 0.023391812865497075 0.0356359649122807
1 0.8075657894736842 0.11156798245614034 0.025950292397660817 0.018092105263157895
1 0.8203581871345029 0.21902412280701752 0.0266812865497076 0.05317982456140351
1 0.7470760233918128 0.22642543859649122 0.021929824561403508 0.03289473684210526
1 0.7242324561403508 0.22807017543859648 0.025219298245614034 0.029605263157894735
1 0.564875730994152 0.23930921052631576 0.01644736842105263 0.0268640350877193
1 0.20413011695906433 0.26781798245614036 0.019371345029239765 0.015899122807017545
1 0.2563961988304093 0.34923245614035087 0.025219298245614034 0.041666666666666664
1 0.2891081871345029 0.33908991228070173 0.038011695906432746 0.045504385964912276
1 0.33497807017543857 0.32675438596491224 0.0266812865497076 0.03508771929824561
1 0.35928362573099415 0.3577302631578947 0.02631578947368421 0.0400219298245614
1 0.39747807017543857 0.32648026315789475 0.028143274853801168 0.048793859649122806
1 0.42489035087719296 0.3368969298245614 0.031067251461988302 0.05317982456140351
1 0.5005482456140351 0.32209429824561403 0.029605263157894735 0.044407894736842105
1 0.5511695906432749 0.3314144736842105 0.021929824561403508 0.044407894736842105
1 0.5879020467836257 0.34868421052631576 0.0222953216374269 0.03618421052631579
1 0.6270102339181286 0.3371710526315789 0.025219298245614034 0.04714912280701754
1 0.6547880116959064 0.33059210526315785 0.034722222222222224 0.049342105263157895
1 0.7196637426900584 0.31277412280701755 0.023391812865497075 0.0356359649122807
1 0.7520102339181286 0.3081140350877193 0.03764619883040936 0.042763157894736836
1 0.8163377192982456 0.31030701754385964 0.029605263157894735 0.049342105263157895
1 0.8550804093567251 0.2963267543859649 0.03179824561403509 0.04769736842105263
1 0.8887061403508771 0.29934210526315785 0.03691520467836257 0.04057017543859649
1 0.8876096491228069 0.4487390350877193 0.03618421052631579 0.024671052631578948
1 0.8428362573099415 0.4468201754385965 0.021198830409356724 0.02631578947368421
1 0.8174342105263157 0.41063596491228066 0.009137426900584795 0.019736842105263157
1 0.8013523391812865 0.48547149122807015 0.0625 0.07072368421052631
1 0.7642543859649122 0.43804824561403505 0.027046783625730993 0.03070175438596491
1 0.7236842105263157 0.47834429824561403 0.021198830409356724 0.018092105263157895
1 0.6953581871345029 0.4462719298245614 0.012792397660818713 0.023026315789473683
1 0.6299342105263157 0.46271929824561403 0.0266812865497076 0.020833333333333332
1 0.5964912280701754 0.4690241228070175 0.021929824561403508 0.0268640350877193
1 0.5528143274853801 0.48163377192982454 0.023757309941520467 0.03015350877192982
1 0.5190058479532164 0.4690241228070175 0.013888888888888888 0.0268640350877193
1 0.4755116959064327 0.4577850877192982 0.01608187134502924 0.015350877192982455
1 0.4322002923976608 0.4720394736842105 0.017178362573099414 0.027412280701754384
1 0.40826023391812866 0.46463815789473684 0.016812865497076022 0.0268640350877193
1 0.3881578947368421 0.4671052631578947 0.02046783625730994 0.029605263157894735
1 0.3516081871345029 0.46655701754385964 0.019005847953216373 0.03728070175438596
1 0.31451023391812866 0.46655701754385964 0.0266812865497076 0.03728070175438596
1 0.2739400584795321 0.4671052631578947 0.01644736842105263 0.03179824561403509
1 0.23008040935672514 0.4775219298245614 0.019371345029239765 0.02631578947368421
1 0.24415204678362573 0.5825109649122807 0.035818713450292396 0.04989035087719298
1 0.4576023391812865 0.5910087719298245 0.027777777777777776 0.07017543859649122
1 0.4848318713450292 0.5984100877192983 0.05226608187134503 0.05975877192982456
1 0.5688961988304093 0.6006030701754386 0.04714912280701754 0.06414473684210525
1 0.6259137426900584 0.6022478070175439 0.02887426900584795 0.0400219298245614
1 0.78125 0.5855263157894737 0.04203216374269006 0.07456140350877193
1 0.8358918128654971 0.6853070175438596 0.02412280701754386 0.03179824561403509
1 0.768640350877193 0.7072368421052632 0.03070175438596491 0.03618421052631579
1 0.6792763157894737 0.7532894736842105 0.025950292397660817 0.03179824561403509
1 0.7171052631578947 0.7009320175438596 0.013157894736842105 0.02357456140350877
1 0.5593932748538012 0.7105263157894737 0.025950292397660817 0.01864035087719298
1 0.5738304093567251 0.7417763157894737 0.016812865497076022 0.021929824561403508
1 0.5005482456140351 0.7143640350877193 0.027412280701754384 0.03399122807017543
1 0.43110380116959063 0.7149122807017544 0.021564327485380116 0.03179824561403509
1 0.40387426900584794 0.6987390350877193 0.0402046783625731 0.06085526315789473
1 0.3653143274853801 0.7368421052631579 0.023757309941520467 0.029605263157894735
1 0.2807017543859649 0.8212719298245613 0.038011695906432746 0.0756578947368421
1 0.24415204678362573 0.8574561403508771 0.027046783625730993 0.03618421052631579
1 0.33114035087719296 0.8511513157894737 0.031432748538011694 0.03673245614035087
1 0.4184941520467836 0.8393640350877193 0.023391812865497075 0.03618421052631579
1 0.9038742690058479 0.8215460526315789 0.03874269005847953 0.06195175438596491
1 0.7797880116959064 0.8355263157894737 0.032529239766081866 0.04824561403508772
1 0.29276315789473684 0.9640899122807017 0.02046783625730994 0.04989035087719298
1 0.3682383040935672 0.9550438596491228 0.017909356725146198 0.06359649122807018
1 0.4102704678362573 0.9473684210526315 0.031067251461988302 0.05921052631578947
1 0.4809941520467836 0.9490131578947368 0.02266081871345029 0.04057017543859649
1 0.5581140350877193 0.9462719298245613 0.029239766081871343 0.03618421052631579
1 0.6743421052631579 0.9331140350877193 0.039473684210526314 0.07346491228070175
1 0.7192982456140351 0.9361293859649122 0.03874269005847953 0.06085526315789473
1 0.7461622807017544 0.9564144736842105 0.03691520467836257 0.021381578947368418
1 0.7969663742690059 0.950657894736842 0.03326023391812866 0.05482456140350877
1 0.8799342105263157 0.9336622807017544 0.042763157894736836 0.044956140350877194
1 0.9901315789473684 0.8125 0.019736842105263157 0.049342105263157895
1 0.96875 0.41968201754385964 0.0398391812865497 0.05646929824561403
1 0.9932383040935672 0.43146929824561403 0.013523391812865496 0.0668859649122807
1 0.9643640350877193 0.22368421052631576 0.029605263157894735 0.02631578947368421
1 0.989766081871345 0.30975877192982454 0.01827485380116959 0.009868421052631578
1 0.989766081871345 0.3577302631578947 0.01827485380116959 0.013706140350877192
1 0.9442616959064327 0.09018640350877193 0.023026315789473683 0.021381578947368418
1 0.9932383040935672 0.08333333333333333 0.013523391812865496 0.021929824561403508
