1 0.7881944444444444 0.8818530701754386 0.019371345029239765 0.05756578947368421
1 0.8042763157894737 0.7946820175438596 0.023026315789473683 0.02576754385964912
1 0.8384502923976608 0.027412280701754384 0.02631578947368421 0.03728070175438596
1 0.8159722222222222 0.01343201754385965 0.02448830409356725 0.02357456140350877
1 0.7739400584795321 0.0268640350877193 0.020833333333333332 0.041666666666666664
1 0.6663011695906432 0.05427631578947368 0.021929824561403508 0.03070175438596491
1 0.6376096491228069 0.01781798245614035 0.03033625730994152 0.03234649122807017
1 0.6074561403508771 0.027412280701754384 0.021929824561403508 0.04057017543859649
1 0.5317982456140351 0.031524122807017545 0.023391812865497075 0.0400219298245614
1 0.46290204678362573 0.031524122807017545 0.027412280701754384 0.0356359649122807
1 0.4360380116959064 0.05098684210526316 0.019736842105263157 0.03070175438596491
1 0.37591374269005845 0.028782894736842105 0.01864035087719298 0.03673245614035087
1 0.4088084795321637 0.03207236842105263 0.029605263157894735 0.0400219298245614
1 0.34429824561403505 0.05345394736842105 0.019736842105263157 0.03125
1 0.3075657894736842 0.05016447368421052 0.017178362573099414 0.03453947368421052
1 0.09722222222222221 0.1992872807017544 0.03070175438596491 0.038925438596491224
1 0.05226608187134503 0.20422149122807015 0.015350877192982455 0.014802631578947368
1 0.03070175438596491 0.3100328947368421 0.033625730994152045 0.03453947368421052
1 0.0625 0.34402412280701755 0.013157894736842105 0.02905701754385965
1 0.05317982456140351 0.4057017543859649 0.027412280701754384 0.03399122807017543
1 0.03234649122807017 0.4251644736842105 0.017178362573099414 0.041118421052631575
1 0.04093567251461988 0.5164473684210527 0.019005847953216373 0.025219298245614034
1 0.03764619883040936 0.6293859649122807 0.02412280701754386 0.03399122807017543
1 0.06195175438596491 0.6521381578947368 0.023026315789473683 0.03125
1 0.06743421052631579 0.7521929824561403 0.025219298245614034 0.04824561403508772
1 0.043859649122807015 0.7541118421052632 0.01608187134502924 0.024671052631578948
