1 0.3152412280701754 0.23492324561403508 0.03326023391812866 0.048793859649122806
1 0.2911184210526316 0.34621710526315785 0.032529239766081866 0.0268640350877193
1 0.3887061403508772 0.33251096491228066 0.017909356725146198 0.02905701754385965
1 0.4141081871345029 0.2118969298245614 0.02412280701754386 0.03125
1 0.48282163742690054 0.09402412280701754 0.027777777777777776 0.05756578947368421
1 0.4892178362573099 0.20339912280701752 0.023026315789473683 0.03179824561403509
1 0.518640350877193 0.32922149122807015 0.019736842105263157 0.0356359649122807
1 0.4184941520467836 0.3714364035087719 0.016812865497076022 0.0400219298245614
1 0.3506944444444444 0.46737938596491224 0.032529239766081866 0.044407894736842105
1 0.3384502923976608 0.6055372807017544 0.04312865497076023 0.06195175438596491
1 0.4535818713450292 0.5 0.017543859649122806 0.03179824561403509
1 0.44243421052631576 0.5578399122807017 0.03179824561403509 0.04989035087719298
1 0.5321637426900585 0.4621710526315789 0.03216374269005848 0.06030701754385964
1 0.5367324561403508 0.5712719298245613 0.023026315789473683 0.02850877192982456
1 0.581140350877193 0.3733552631578947 0.019736842105263157 0.038377192982456135
1 0.6387061403508771 0.4558662280701754 0.0222953216374269 0.0356359649122807
1 0.6927997076023391 0.5866228070175439 0.03033625730994152 0.041666666666666664
1 0.7386695906432749 0.5049342105263157 0.015350877192982455 0.02631578947368421
1 0.8203581871345029 0.3432017543859649 0.0398391812865497 0.046052631578947366
1 0.7997076023391813 0.4739583333333333 0.013157894736842105 0.02796052631578947
1 0.8711622807017544 0.34621710526315785 0.03033625730994152 0.05098684210526316
1 0.8567251461988303 0.2612390350877193 0.02631578947368421 0.03344298245614035
1 0.9173976608187134 0.31743421052631576 0.01827485380116959 0.027412280701754384
1 0.9278143274853801 0.31359649122807015 0.025219298245614034 0.03618421052631579
1 0.7222222222222222 0.07456140350877193 0.015350877192982455 0.021929824561403508
1 0.8289473684210525 0.10032894736842105 0.021929824561403508 0.039473684210526314
1 0.9565058479532164 0.10279605263157894 0.01827485380116959 0.0356359649122807
1 0.9853801169590642 0.3711622807017544 0.019005847953216373 0.03618421052631579
1 0.9159356725146198 0.4764254385964912 0.023391812865497075 0.03399122807017543
1 0.9784356725146198 0.4890350877192982 0.027777777777777776 0.03508771929824561
1 0.9912280701754386 0.5523574561403508 0.02850877192982456 0.03673245614035087
1 0.8972953216374269 0.5553728070175439 0.017543859649122806 0.038377192982456135
1 0.8548976608187134 0.5674342105263157 0.017543859649122806 0.03618421052631579
1 0.8037280701754386 0.5759320175438596 0.021198830409356724 0.024671052631578948
1 0.9219663742690059 0.7055921052631579 0.019371345029239765 0.017543859649122806
1 0.9281798245614035 0.844298245614035 0.03399122807017543 0.04824561403508772
1 0.7934941520467835 0.7138157894736842 0.03289473684210526 0.04714912280701754
1 0.7426900584795322 0.6836622807017544 0.01608187134502924 0.02631578947368421
1 0.8877923976608186 0.6790021929824561 0.014619883040935672 0.03125
1 0.9278143274853801 0.944078947368421 0.01425438596491228 0.017543859649122806
1 0.8574561403508771 0.9712171052631579 0.012426900584795321 0.024671052631578948
1 0.66703216374269 0.8144188596491228 0.016812865497076022 0.03125
1 0.7090643274853801 0.6962719298245613 0.017543859649122806 0.021929824561403508
1 0.6059941520467836 0.6858552631578947 0.017543859649122806 0.029605263157894735
1 0.5663377192982456 0.6817434210526315 0.015716374269005847 0.0356359649122807
1 0.5151681286549707 0.731907894736842 0.027412280701754384 0.03070175438596491
1 0.4141081871345029 0.8432017543859649 0.031432748538011694 0.042763157894736836
1 0.36184210526315785 0.950657894736842 0.027777777777777776 0.029605263157894735
1 0.4707602339181286 0.9465460526315789 0.03289473684210526 0.05427631578947368
1 0.5782163742690059 0.9339364035087718 0.027046783625730993 0.021381578947368418
1 0.5946637426900584 0.944078947368421 0.014619883040935672 0.01864035087719298
