1 0.059576023391812866 0.06578947368421052 0.019736842105263157 0.039473684210526314
1 0.0849780701754386 0.06332236842105263 0.019371345029239765 0.021381578947368418
1 0.12207602339181287 0.044407894736842105 0.021198830409356724 0.03399122807017543
1 0.28179824561403505 0.044956140350877194 0.02412280701754386 0.03618421052631579
1 0.3192616959064327 0.04194078947368421 0.015716374269005847 0.02576754385964912
1 0.3505116959064327 0.058388157894736836 0.013157894736842105 0.022478070175438597
1 0.4161184210526316 0.049342105263157895 0.019371345029239765 0.03179824561403509
1 0.4453581871345029 0.029605263157894735 0.021564327485380116 0.03508771929824561
1 0.5069444444444444 0.043311403508771926 0.013157894736842105 0.019736842105263157
1 0.5630482456140351 0.015899122807017545 0.019371345029239765 0.021929824561403508
1 0.5692616959064327 0.0400219298245614 0.01425438596491228 0.02412280701754386
1 0.6197002923976608 0.03426535087719298 0.021564327485380116 0.03782894736842105
1 0.6451023391812866 0.0268640350877193 0.01608187134502924 0.03070175438596491
1 0.6714181286549707 0.1293859649122807 0.02046783625730994 0.02850877192982456
1 0.5233918128654971 0.256578947368421 0.021929824561403508 0.02412280701754386
1 0.04349415204678363 0.2590460526315789 0.017543859649122806 0.0400219298245614
1 0.0891812865497076 0.2754934210526316 0.017543859649122806 0.03782894736842105
1 0.12335526315789473 0.26809210526315785 0.023026315789473683 0.02631578947368421
1 0.21290204678362573 0.2741228070175438 0.02448830409356725 0.041666666666666664
1 0.21984649122807015 0.47368421052631576 0.013523391812865496 0.019736842105263157
1 0.31743421052631576 0.46984649122807015 0.017909356725146198 0.02850877192982456
1 0.38633040935672514 0.45093201754385964 0.01827485380116959 0.04769736842105263
1 0.41703216374269003 0.4602521929824561 0.014619883040935672 0.022478070175438597
1 0.4994517543859649 0.4649122807017544 0.01644736842105263 0.017543859649122806
1 0.5484283625730993 0.46847587719298245 0.025219298245614034 0.03125
1 0.6290204678362573 0.44243421052631576 0.024853801169590642 0.029605263157894735
1 0.6831140350877193 0.45614035087719296 0.02631578947368421 0.03179824561403509
1 0.5244883040935672 0.5759320175438596 0.01608187134502924 0.014802631578947368
1 0.408625730994152 0.584703947368421 0.01608187134502924 0.013706140350877192
1 0.07675438596491227 0.6883223684210525 0.019736842105263157 0.02796052631578947
1 0.2567616959064327 0.6702302631578947 0.020833333333333332 0.019188596491228067
1 0.6573464912280701 0.8662280701754386 0.013523391812865496 0.010964912280701754
1 0.6220760233918128 0.8722587719298245 0.015350877192982455 0.01206140350877193
1 0.3843201754385965 0.8736293859649122 0.014985380116959063 0.013706140350877192
1 0.14802631578947367 0.8843201754385964 0.015350877192982455 0.017543859649122806
1 0.10928362573099415 0.9070723684210525 0.01023391812865497 0.019188596491228067
1 0.6392543859649122 0.953125 0.010964912280701754 0.013706140350877192
1 0.8163377192982456 0.01425438596491228 0.017909356725146198 0.025219298245614034
1 0.9515716374269005 0.0893640350877193 0.03033625730994152 0.041666666666666664
1 0.8654970760233918 0.11924342105263157 0.01608187134502924 0.014802631578947368
1 0.8046418128654971 0.125 0.025950292397660817 0.020833333333333332
1 0.7788742690058479 0.24177631578947367 0.023391812865497075 0.03179824561403509
1 0.8486842105263157 0.22532894736842105 0.023391812865497075 0.03399122807017543
1 0.9057017543859649 0.24122807017543857 0.014619883040935672 0.017543859649122806
1 0.8163377192982456 0.3275767543859649 0.017178362573099414 0.02357456140350877
1 0.8603801169590642 0.3388157894736842 0.01608187134502924 0.025219298245614034
1 0.9004020467836257 0.4226973684210526 0.020833333333333332 0.02412280701754386
1 0.9115497076023391 0.4331140350877193 0.021198830409356724 0.021929824561403508
1 0.9758771929824561 0.42050438596491224 0.019005847953216373 0.04057017543859649
1 0.7880116959064327 0.5701754385964912 0.02631578947368421 0.05043859649122807
1 0.8583698830409356 0.5493421052631579 0.03764619883040936 0.04057017543859649
1 0.8930921052631579 0.5940241228070176 0.025950292397660817 0.03125
1 0.985562865497076 0.5899122807017544 0.02887426900584795 0.05263157894736842
1 0.9713084795321637 0.6384320175438596 0.014985380116959063 0.018092105263157895
1 0.8607456140350876 0.6378837719298245 0.015350877192982455 0.018092105263157895
1 0.771016081871345 0.6765350877192982 0.0266812865497076 0.02412280701754386
1 0.7569444444444444 0.7502741228070176 0.0445906432748538 0.05317982456140351
1 0.8008040935672515 0.750548245614035 0.0445906432748538 0.0625
1 0.7556652046783625 0.8432017543859649 0.015716374269005847 0.01644736842105263
1 0.8081140350877193 0.8591008771929824 0.014619883040935672 0.019736842105263157
1 0.8369883040935672 0.8459429824561403 0.021198830409356724 0.02631578947368421
1 0.8691520467836257 0.8481359649122806 0.013888888888888888 0.013157894736842105
1 0.9199561403508771 0.8275767543859649 0.013888888888888888 0.018092105263157895
1 0.9800804093567251 0.8591008771929824 0.017178362573099414 0.019736842105263157
1 0.9643640350877193 0.9695723684210525 0.017178362573099414 0.010416666666666666
1 0.9088084795321637 0.9712171052631579 0.013523391812865496 0.011513157894736841
1 0.7739400584795321 0.9794407894736842 0.023026315789473683 0.03673245614035087
