1 0.2631578947368421 0.19682017543859648 0.008771929824561403 0.03070175438596491
1 0.3188961988304093 0.19682017543859648 0.0222953216374269 0.025219298245614034
1 0.31798245614035087 0.2763157894736842 0.03070175438596491 0.04714912280701754
1 0.1997441520467836 0.21984649122807015 0.014985380116959063 0.029605263157894735
1 0.6133040935672515 0.34594298245614036 0.02266081871345029 0.04057017543859649
1 0.6860380116959064 0.3714364035087719 0.017543859649122806 0.02576754385964912
1 0.3671418128654971 0.5540021929824561 0.03399122807017543 0.0400219298245614
1 0.10380116959064327 0.41310307017543857 0.023391812865497075 0.044407894736842105
1 0.28179824561403505 0.6869517543859649 0.03070175438596491 0.0581140350877193
1 0.13614766081871343 0.8758223684210525 0.04057017543859649 0.05427631578947368
1 0.6074561403508771 0.8015350877192982 0.03289473684210526 0.025219298245614034
1 0.794407894736842 0.7354714912280701 0.05080409356725146 0.07072368421052631
1 0.8432017543859649 0.75 0.035818713450292396 0.0581140350877193
1 0.9007675438596491 0.7653508771929824 0.054459064327485374 0.04824561403508772
1 0.9263523391812865 0.825657894736842 0.0398391812865497 0.05263157894736842
1 0.8828581871345029 0.8278508771929824 0.03399122807017543 0.05482456140350877
1 0.8930921052631579 0.9443530701754386 0.03033625730994152 0.02905701754385965
1 0.9311038011695906 0.9509320175438596 0.0222953216374269 0.02905701754385965
