1 0.023026315789473683 0.0668859649122807 0.021198830409356724 0.03289473684210526
1 0.049342105263157895 0.0762061403508772 0.021198830409356724 0.03070175438596491
1 0.07529239766081872 0.0737390350877193 0.016812865497076022 0.00932017543859649
1 0.11823830409356724 0.07648026315789473 0.035453216374269 0.03673245614035087
1 0.14601608187134502 0.08717105263157894 0.023757309941520467 0.04057017543859649
1 0.1869517543859649 0.08963815789473684 0.025219298245614034 0.03125
1 0.2269736842105263 0.07456140350877193 0.024853801169590642 0.02631578947368421
1 0.2596856725146199 0.08086622807017543 0.02448830409356725 0.018092105263157895
1 0.29678362573099415 0.0762061403508772 0.01827485380116959 0.02631578947368421
1 0.2099780701754386 0.17489035087719298 0.02887426900584795 0.03508771929824561
1 0.10307017543859648 0.2012061403508772 0.0402046783625731 0.038377192982456135
1 0.06597222222222222 0.2741228070175438 0.034722222222222224 0.01644736842105263
1 0.06103801169590643 0.29934210526315785 0.019736842105263157 0.044956140350877194
1 0.03380847953216374 0.28426535087719296 0.032529239766081866 0.03015350877192982
1 0.11476608187134502 0.3001644736842105 0.031432748538011694 0.05098684210526316
1 0.13285818713450293 0.2743969298245614 0.03764619883040936 0.03782894736842105
1 0.1699561403508772 0.29084429824561403 0.03289473684210526 0.05756578947368421
1 0.20559210526315788 0.3020833333333333 0.04057017543859649 0.04714912280701754
1 0.24616228070175436 0.2845394736842105 0.04788011695906433 0.043859649122807015
1 0.271016081871345 0.26809210526315785 0.025219298245614034 0.03618421052631579
1 0.011330409356725146 0.4246162280701754 0.021198830409356724 0.046600877192982455
1 0.044956140350877194 0.3977521929824561 0.041666666666666664 0.04989035087719298
1 0.07474415204678363 0.38048245614035087 0.04349415204678363 0.039473684210526314
1 0.14400584795321636 0.41310307017543857 0.029970760233918127 0.05756578947368421
1 0.20175438596491227 0.37554824561403505 0.016812865497076022 0.04714912280701754
1 0.2403143274853801 0.40405701754385964 0.02448830409356725 0.03179824561403509
1 0.2768640350877193 0.3889802631578947 0.0398391812865497 0.043311403508771926
1 0.33114035087719296 0.4270833333333333 0.031432748538011694 0.043859649122807015
1 0.2905701754385965 0.4865679824561403 0.011695906432748537 0.02357456140350877
1 0.19736842105263158 0.6461074561403508 0.021929824561403508 0.03015350877192982
1 0.13285818713450293 0.6452850877192982 0.0266812865497076 0.04714912280701754
1 0.12701023391812866 0.6088267543859649 0.017909356725146198 0.038925438596491224
1 0.07913011695906433 0.5948464912280701 0.028143274853801168 0.03399122807017543
1 0.0222953216374269 0.6362390350877193 0.04093567251461988 0.0400219298245614
1 0.03179824561403509 0.725328947368421 0.02266081871345029 0.03508771929824561
1 0.04641812865497076 0.7299890350877193 0.03654970760233918 0.03125
1 0.10343567251461988 0.7173793859649122 0.02046783625730994 0.03125
1 0.14510233918128654 0.7108004385964912 0.029970760233918127 0.045504385964912276
1 0.1924342105263158 0.7102521929824561 0.03399122807017543 0.03125
1 0.008406432748538011 0.8231907894736842 0.014619883040935672 0.019188596491228067
1 0.04349415204678363 0.8212719298245613 0.03216374269005848 0.02412280701754386
1 0.07748538011695906 0.8525219298245613 0.021929824561403508 0.04057017543859649
1 0.10599415204678361 0.8423793859649122 0.024853801169590642 0.024671052631578948
1 0.1372441520467836 0.8264802631578947 0.019371345029239765 0.022478070175438597
1 0.18951023391812866 0.8209978070175438 0.012792397660818713 0.012609649122807017
1 0.22368421052631576 0.8333333333333333 0.02266081871345029 0.021929824561403508
1 0.2534722222222222 0.8459429824561403 0.02010233918128655 0.03399122807017543
1 0.2905701754385965 0.8133223684210525 0.02266081871345029 0.0356359649122807
1 0.35928362573099415 0.8736293859649122 0.01827485380116959 0.02357456140350877
1 0.3559941520467836 0.9742324561403508 0.024853801169590642 0.042763157894736836
1 0.42470760233918126 0.8371710526315789 0.02046783625730994 0.027412280701754384
1 0.41703216374269003 0.7417763157894737 0.027777777777777776 0.03728070175438596
1 0.45614035087719296 0.7256030701754386 0.027777777777777776 0.042214912280701754
1 0.3559941520467836 0.6206140350877193 0.021929824561403508 0.03070175438596491
1 0.35453216374269003 0.6474780701754386 0.027046783625730993 0.03179824561403509
1 0.2891081871345029 0.6557017543859649 0.04824561403508772 0.0800438596491228
1 0.3711622807017544 0.3371710526315789 0.02010233918128655 0.038377192982456135
1 0.41173245614035087 0.31277412280701755 0.023757309941520467 0.0400219298245614
1 0.445906432748538 0.4169407894736842 0.021198830409356724 0.03125
1 0.47404970760233917 0.41118421052631576 0.03508771929824561 0.06469298245614034
1 0.40679824561403505 0.45997807017543857 0.027046783625730993 0.03289473684210526
1 0.39071637426900585 0.5402960526315789 0.019736842105263157 0.03782894736842105
1 0.43951023391812866 0.5334429824561403 0.023026315789473683 0.03289473684210526
1 0.5078581871345029 0.5243969298245613 0.01644736842105263 0.02796052631578947
1 0.49360380116959063 0.6340460526315789 0.01864035087719298 0.0268640350877193
1 0.5171783625730993 0.725328947368421 0.013888888888888888 0.03508771929824561
1 0.42909356725146197 0.9816337719298245 0.015350877192982455 0.038925438596491224
1 0.46984649122807015 0.9851973684210525 0.020833333333333332 0.03070175438596491
1 0.5259502923976608 0.9550438596491228 0.03216374269005848 0.06140350877192982
1 0.5511695906432749 0.9514802631578947 0.013157894736842105 0.020285087719298246
1 0.5767543859649122 0.8506030701754386 0.021198830409356724 0.05975877192982456
1 0.6063596491228069 0.7711074561403508 0.03216374269005848 0.048793859649122806
1 0.614766081871345 0.856907894736842 0.017543859649122806 0.03399122807017543
1 0.6206140350877193 0.915844298245614 0.016812865497076022 0.02576754385964912
1 0.6363304093567251 0.9862938596491228 0.027046783625730993 0.029605263157894735
1 0.6677631578947368 0.9876644736842105 0.01608187134502924 0.02576754385964912
1 0.6571637426900584 0.8352521929824561 0.017543859649122806 0.0356359649122807
1 0.771016081871345 0.8415570175438596 0.013523391812865496 0.03618421052631579
1 0.7256944444444444 0.9805372807017543 0.01644736842105263 0.0400219298245614
1 0.8135964912280701 0.8884320175438596 0.017543859649122806 0.03782894736842105
1 0.7803362573099415 0.7264254385964912 0.02266081871345029 0.04057017543859649
1 0.7412280701754386 0.731907894736842 0.011695906432748537 0.021929824561403508
1 0.7510964912280701 0.6803728070175438 0.017543859649122806 0.03618421052631579
1 0.7309941520467835 0.6387061403508771 0.014619883040935672 0.02631578947368421
1 0.7050438596491228 0.659265350877193 0.027046783625730993 0.041118421052631575
1 0.6240862573099415 0.6546052631578947 0.015716374269005847 0.03728070175438596
1 0.6451023391812866 0.6071820175438596 0.01827485380116959 0.03125
1 0.5805921052631579 0.5134320175438596 0.02448830409356725 0.045504385964912276
1 0.5992324561403508 0.518640350877193 0.020833333333333332 0.03508771929824561
1 0.54203216374269 0.4065241228070175 0.04678362573099415 0.07182017543859649
1 0.4672880116959064 0.29550438596491224 0.023757309941520467 0.043859649122807015
1 0.5069444444444444 0.30975877192982454 0.024853801169590642 0.041666666666666664
1 0.5157163742690059 0.2675438596491228 0.023391812865497075 0.027412280701754384
1 0.5423976608187134 0.27192982456140347 0.035818713450292396 0.039473684210526314
1 0.5595760233918128 0.2859100877192982 0.017543859649122806 0.03125
1 0.6074561403508771 0.2864583333333333 0.014619883040935672 0.016995614035087717
1 0.6206140350877193 0.265625 0.029239766081871343 0.045504385964912276
1 0.6197002923976608 0.4180372807017544 0.023757309941520467 0.03453947368421052
1 0.6430921052631579 0.3574561403508772 0.042763157894736836 0.049342105263157895
1 0.6655701754385964 0.27247807017543857 0.01827485380116959 0.04714912280701754
1 0.6927997076023391 0.29550438596491224 0.02448830409356725 0.027412280701754384
1 0.7300804093567251 0.3075657894736842 0.04057017543859649 0.05263157894736842
1 0.7167397660818713 0.4070723684210526 0.01608187134502924 0.03125
1 0.7596856725146198 0.4265350877192982 0.039108187134502925 0.05153508771929824
1 0.6703216374269005 0.5200109649122807 0.02046783625730994 0.044407894736842105
1 0.6474780701754386 0.5449561403508771 0.020833333333333332 0.02631578947368421
1 0.7138157894736842 0.5389254385964912 0.014619883040935672 0.03508771929824561
1 0.7567616959064327 0.5561951754385964 0.02448830409356725 0.044407894736842105
1 0.813048245614035 0.53125 0.02448830409356725 0.03399122807017543
1 0.7938596491228069 0.33059210526315785 0.027046783625730993 0.044956140350877194
1 0.8402777777777777 0.31112938596491224 0.029239766081871343 0.045504385964912276
1 0.8305921052631579 0.3908991228070175 0.01644736842105263 0.03618421052631579
1 0.8963815789473684 0.4095394736842105 0.042763157894736836 0.0581140350877193
1 0.9047880116959064 0.4514802631578947 0.01644736842105263 0.0356359649122807
1 0.9175804093567251 0.6025219298245613 0.025219298245614034 0.042763157894736836
1 0.9322002923976608 0.5671600877192983 0.020833333333333332 0.0400219298245614
1 0.9565058479532164 0.5364583333333333 0.015350877192982455 0.03453947368421052
1 0.9883040935672514 0.669407894736842 0.025584795321637425 0.04714912280701754
1 0.9234283625730993 0.731907894736842 0.015716374269005847 0.01644736842105263
1 0.8892543859649122 0.7730263157894737 0.021198830409356724 0.038377192982456135
1 0.9217836257309941 0.765625 0.01023391812865497 0.019188596491228067
1 0.9102704678362573 0.8486842105263157 0.009868421052631578 0.021929824561403508
1 0.8804824561403508 0.984375 0.02412280701754386 0.03234649122807017
1 0.9365862573099415 0.8939144736842105 0.017178362573099414 0.044407894736842105
1 0.9672880116959064 0.893640350877193 0.01644736842105263 0.039473684210526314
1 0.9961622807017543 0.8618421052631579 0.017909356725146198 0.044956140350877194
1 0.8384502923976608 0.06716008771929824 0.019005847953216373 0.022478070175438597
1 0.7509137426900584 0.018092105263157895 0.021564327485380116 0.03508771929824561
1 0.5782163742690059 0.09457236842105263 0.02412280701754386 0.03453947368421052
1 0.3828581871345029 0.20175438596491227 0.025219298245614034 0.029605263157894735
1 0.4713084795321637 0.19873903508771928 0.015716374269005847 0.0268640350877193
1 0.5791301169590642 0.18777412280701752 0.023026315789473683 0.013706140350877192
1 0.6167763157894737 0.18777412280701752 0.025219298245614034 0.05756578947368421
1 0.6690423976608186 0.21436403508771928 0.025219298245614034 0.029605263157894735
1 0.7015716374269005 0.15926535087719298 0.029605263157894735 0.042214912280701754
1 0.6469298245614035 0.0868969298245614 0.02631578947368421 0.0400219298245614
1 0.7383040935672515 0.09347587719298245 0.01608187134502924 0.041118421052631575
1 0.7342836257309941 0.20339912280701752 0.02850877192982456 0.044956140350877194
1 0.833516081871345 0.20614035087719296 0.01864035087719298 0.039473684210526314
1 0.888157894736842 0.07922149122807016 0.023391812865497075 0.022478070175438597
1 0.896016081871345 0.14172149122807018 0.0266812865497076 0.02905701754385965
1 0.9614400584795321 0.16584429824561403 0.04203216374269006 0.06304824561403509
1 1 0.2976973684210526 0.034722222222222224 0.05921052631578947
1 0.9468201754385964 0.28371710526315785 0.04641812865497076 0.06195175438596491
1 0.906798245614035 0.2905701754385965 0.02850877192982456 0.03179824561403509
1 0.94828216374269 0.37280701754385964 0.019371345029239765 0.03508771929824561
