1 0.006944444444444444 0.0268640350877193 0.011695906432748537 0.019736842105263157
1 0.05263157894736842 0.02987938596491228 0.019005847953216373 0.020285087719298246
1 0.0893640350877193 0.04797149122807017 0.01864035087719298 0.018092105263157895
1 0.11220760233918128 0.03673245614035087 0.023391812865497075 0.03070175438596491
1 0.12701023391812866 0.03207236842105263 0.01864035087719298 0.021381578947368418
1 0.17489035087719298 0.013980263157894735 0.010599415204678362 0.0268640350877193
1 0.20650584795321636 0.038925438596491224 0.024853801169590642 0.01425438596491228
1 0.23885233918128654 0.0356359649122807 0.012792397660818713 0.017543859649122806
1 0.33059210526315785 0.013980263157894735 0.01864035087719298 0.0268640350877193
1 0.40679824561403505 0.029605263157894735 0.009502923976608187 0.010964912280701754
1 0.3574561403508772 0.027412280701754384 0.013888888888888888 0.01425438596491228
1 0.4261695906432748 0.038925438596491224 0.01023391812865497 0.01206140350877193
1 0.5005482456140351 0.12966008771929824 0.032529239766081866 0.048793859649122806
1 0.5142543859649122 0.0356359649122807 0.03435672514619883 0.038377192982456135
1 0.3642178362573099 0.3358004385964912 0.03618421052631579 0.048793859649122806
1 0.3081140350877193 0.4525767543859649 0.013888888888888888 0.013706140350877192
1 0.3846856725146199 0.4558662280701754 0.02448830409356725 0.03125
1 0.30372807017543857 0.5679824561403508 0.033625730994152045 0.044956140350877194
1 0.20559210526315788 0.5712719298245613 0.03691520467836257 0.03399122807017543
1 0.14455409356725146 0.5855263157894737 0.011330409356725146 0.021929824561403508
1 0.009868421052631578 0.5693530701754386 0.019005847953216373 0.042214912280701754
1 0.03380847953216374 0.6880482456140351 0.03326023391812866 0.029605263157894735
1 0.05427631578947368 0.5627741228070176 0.014985380116959063 0.00932017543859649
1 0.27814327485380114 0.84375 0.02631578947368421 0.021929824561403508
1 0.2578581871345029 0.8086622807017544 0.01864035087719298 0.021929824561403508
1 0.2134502923976608 0.8083881578947368 0.029970760233918127 0.0268640350877193
1 0.14802631578947367 0.7919407894736842 0.03435672514619883 0.03125
1 0.0796783625730994 0.8303179824561403 0.027046783625730993 0.022478070175438597
1 0.5398391812865497 0.1181469298245614 0.03508771929824561 0.04989035087719298
1 0.57328216374269 0.05592105263157894 0.028143274853801168 0.038377192982456135
1 0.6299342105263157 0.03207236842105263 0.03326023391812866 0.03673245614035087
1 0.6927997076023391 0.044956140350877194 0.02448830409356725 0.02631578947368421
1 0.6008771929824561 0.1526864035087719 0.04239766081871345 0.038925438596491224
1 0.6743421052631579 0.1781798245614035 0.029239766081871343 0.0537280701754386
1 0.7680921052631579 0.07154605263157894 0.028143274853801168 0.06524122807017543
1 0.7876461988304093 0.15405701754385964 0.041666666666666664 0.0625
1 0.8364400584795321 0.03755482456140351 0.014985380116959063 0.03015350877192982
1 0.8580043859649122 0.16036184210526314 0.01644736842105263 0.05208333333333333
1 0.8921783625730993 0.05756578947368421 0.023391812865497075 0.04714912280701754
1 0.9130116959064327 0.018914473684210526 0.02046783625730994 0.03673245614035087
1 0.9769736842105262 0.14912280701754385 0.03508771929824561 0.0537280701754386
1 0.9550438596491228 0.03125 0.013157894736842105 0.042763157894736836
1 0.9872076023391813 0.043311403508771926 0.02412280701754386 0.029605263157894735
1 0.9830043859649122 0.29468201754385964 0.013523391812865496 0.02357456140350877
1 0.8285818713450291 0.2900219298245614 0.027777777777777776 0.041666666666666664
1 0.7549342105263157 0.30838815789473684 0.01206140350877193 0.018092105263157895
1 0.7026681286549707 0.2746710526315789 0.031067251461988302 0.03179824561403509
1 0.6822002923976608 0.2574013157894737 0.023026315789473683 0.04989035087719298
1 0.6270102339181286 0.3015350877192982 0.025950292397660817 0.03179824561403509
1 0.5888157894736842 0.26343201754385964 0.023391812865497075 0.05098684210526316
1 0.5361842105263157 0.2746710526315789 0.02266081871345029 0.03728070175438596
1 0.5052997076023391 0.2976973684210526 0.0266812865497076 0.03070175438596491
1 0.5380116959064327 0.42160087719298245 0.04678362573099415 0.07675438596491227
1 0.6030701754385964 0.42434210526315785 0.04678362573099415 0.06030701754385964
1 0.708516081871345 0.4199561403508772 0.05153508771929824 0.0581140350877193
1 0.750548245614035 0.4369517543859649 0.04788011695906433 0.05482456140350877
1 0.8008040935672515 0.4152960526315789 0.05701754385964912 0.0893640350877193
1 0.8530701754385964 0.381578947368421 0.039473684210526314 0.06578947368421052
1 0.8711622807017544 0.4226973684210526 0.0442251461988304 0.06359649122807018
1 0.938048245614035 0.40021929824561403 0.06542397660818713 0.05921052631578947
1 0.9830043859649122 0.44380482456140347 0.03399122807017543 0.04989035087719298
1 0.9438961988304093 0.5202850877192983 0.0266812865497076 0.042763157894736836
1 0.8965643274853801 0.5200109649122807 0.021929824561403508 0.0356359649122807
1 0.8589181286549707 0.5296052631578947 0.03435672514619883 0.05153508771929824
1 0.8135964912280701 0.5309758771929824 0.027777777777777776 0.042214912280701754
1 0.7744883040935672 0.5109649122807017 0.021198830409356724 0.03399122807017543
1 0.7412280701754386 0.5268640350877193 0.03070175438596491 0.029605263157894735
1 0.6957236842105263 0.5271381578947368 0.025950292397660817 0.0356359649122807
1 0.664656432748538 0.5323464912280701 0.023026315789473683 0.043859649122807015
1 0.5796783625730993 0.518640350877193 0.02412280701754386 0.046052631578947366
1 0.5049342105263157 0.5400219298245613 0.03691520467836257 0.043859649122807015
1 0.5367324561403508 0.6737938596491228 0.028143274853801168 0.04824561403508772
1 0.5471491228070176 0.6584429824561403 0.02046783625730994 0.03070175438596491
1 0.5815058479532164 0.6803728070175438 0.03070175438596491 0.019736842105263157
1 0.6229897660818713 0.6831140350877193 0.01425438596491228 0.038377192982456135
1 0.6811038011695906 0.6691337719298245 0.01864035087719298 0.02905701754385965
1 0.7105263157894737 0.6617324561403508 0.025584795321637425 0.027412280701754384
1 0.7898391812865496 0.6650219298245613 0.02631578947368421 0.03399122807017543
1 0.8145102339181286 0.685032894736842 0.03399122807017543 0.043311403508771926
1 0.85453216374269 0.6743421052631579 0.02266081871345029 0.04057017543859649
1 0.9027777777777777 0.6617324561403508 0.017543859649122806 0.039473684210526314
1 0.9517543859649122 0.6702302631578947 0.025584795321637425 0.06195175438596491
1 0.9696637426900584 0.6927083333333333 0.027777777777777776 0.05756578947368421
1 0.9925073099415204 0.7765899122807017 0.014985380116959063 0.046600877192982455
1 0.9278143274853801 0.7955043859649122 0.048611111111111105 0.03728070175438596
1 0.8042763157894737 0.7642543859649122 0.03179824561403509 0.0537280701754386
1 0.6260964912280701 0.7946820175438596 0.039473684210526314 0.03125
1 0.5572002923976608 0.7727521929824561 0.0266812865497076 0.04989035087719298
1 0.4784356725146199 0.9213267543859649 0.025584795321637425 0.041118421052631575
1 0.7456140350877193 0.8991228070175438 0.014619883040935672 0.01425438596491228
1 0.8125 0.9084429824561403 0.011695906432748537 0.020833333333333332
1 0.8349780701754386 0.9152960526315789 0.019371345029239765 0.05756578947368421
1 0.9144736842105262 0.915844298245614 0.03216374269005848 0.0268640350877193
1 0.9930555555555555 0.9084429824561403 0.013888888888888888 0.023026315789473683
1 0.8589181286549707 0.9906798245614035 0.019736842105263157 0.01864035087719298
1 0.7172880116959064 0.9931469298245613 0.01644736842105263 0.013706140350877192
1 0.6494883040935672 0.9923245614035087 0.01608187134502924 0.015350877192982455
1 0.5957602339181286 0.953125 0.029239766081871343 0.03344298245614035
