1 0.14894005847953215 0.057839912280701754 0.03179824561403509 0.0268640350877193
1 0.23464912280701752 0.043311403508771926 0.02631578947368421 0.03070175438596491
1 0.12061403508771928 0.2532894736842105 0.016812865497076022 0.03618421052631579
1 0.054641812865497075 0.2996162280701754 0.03033625730994152 0.044407894736842105
1 0.01608187134502924 0.3001644736842105 0.021929824561403508 0.019188596491228067
1 0.2807017543859649 0.26589912280701755 0.014619883040935672 0.021929824561403508
1 0.25237573099415206 0.397203947368421 0.021564327485380116 0.020285087719298246
1 0.2002923976608187 0.3993969298245614 0.023391812865497075 0.021381578947368418
1 0.13486842105263158 0.4057017543859649 0.05847953216374269 0.05263157894736842
1 0.08114035087719298 0.38130482456140347 0.023391812865497075 0.02576754385964912
1 0.2704678362573099 0.5 0.029239766081871343 0.03728070175438596
1 0.227156432748538 0.4786184210526315 0.02887426900584795 0.043859649122807015
1 0.18457602339181287 0.5049342105263157 0.03508771929824561 0.044956140350877194
1 0.16301169590643275 0.4931469298245614 0.02631578947368421 0.03782894736842105
1 0.13048245614035087 0.5137061403508771 0.02412280701754386 0.03618421052631579
1 0.10197368421052631 0.5090460526315789 0.03435672514619883 0.0400219298245614
1 0.06798245614035087 0.5197368421052632 0.03289473684210526 0.04057017543859649
1 0.007858187134502924 0.5249451754385964 0.01425438596491228 0.042214912280701754
1 0.3028143274853801 0.6118421052631579 0.031067251461988302 0.049342105263157895
1 0.20175438596491227 0.6036184210526315 0.062134502923976605 0.07456140350877193
1 0.1597222222222222 0.6252741228070176 0.024853801169590642 0.03125
1 0.12207602339181287 0.625 0.027046783625730993 0.041666666666666664
1 0.08790204678362573 0.6228070175438596 0.034722222222222224 0.05043859649122807
1 0.048793859649122806 0.6178728070175439 0.03326023391812866 0.042763157894736836
1 0.017178362573099414 0.6504934210526315 0.03216374269005848 0.03234649122807017
1 0.25127923976608185 0.7598684210526315 0.023026315789473683 0.020833333333333332
1 0.06341374269005848 0.875 0.05226608187134503 0.044956140350877194
1 0.17726608187134502 0.8656798245614035 0.02412280701754386 0.04057017543859649
1 0.302266081871345 0.9605263157894737 0.027046783625730993 0.03508771929824561
1 0.24707602339181284 0.9690241228070174 0.024853801169590642 0.0400219298245614
1 0.14364035087719298 0.9780701754385964 0.027046783625730993 0.03618421052631579
1 0.06889619883040936 0.953125 0.02887426900584795 0.043311403508771926
1 0.3843201754385965 0.0805921052631579 0.07273391812865497 0.09539473684210525
1 0.4608918128654971 0.058388157894736836 0.03070175438596491 0.048793859649122806
1 0.5160818713450293 0.03234649122807017 0.024853801169590642 0.044956140350877194
1 0.5869883040935672 0.03536184210526316 0.033625730994152045 0.05646929824561403
1 0.7556652046783625 0.031524122807017545 0.034722222222222224 0.05756578947368421
1 0.8013523391812865 0.0956688596491228 0.03179824561403509 0.045504385964912276
1 0.8662280701754386 0.01864035087719298 0.021198830409356724 0.03508771929824561
1 0.9009502923976608 0.1493969298245614 0.027046783625730993 0.04769736842105263
1 0.9685672514619883 0.1318530701754386 0.03216374269005848 0.044407894736842105
1 0.6451023391812866 0.17434210526315788 0.027777777777777776 0.0537280701754386
1 0.36622807017543857 0.20422149122807015 0.03435672514619883 0.044407894736842105
1 0.4194078947368421 0.26589912280701755 0.0581140350877193 0.06030701754385964
1 0.40040204678362573 0.22341008771929824 0.04568713450292397 0.05756578947368421
1 0.47404970760233917 0.13843201754385964 0.03070175438596491 0.046600877192982455
1 0.4678362573099415 0.15679824561403508 0.03289473684210526 0.04824561403508772
1 0.5067616959064327 0.24095394736842105 0.031067251461988302 0.046600877192982455
1 0.5409356725146198 0.21957236842105263 0.03289473684210526 0.05317982456140351
1 0.5677997076023391 0.22807017543859648 0.0537280701754386 0.0756578947368421
1 0.6167763157894737 0.2859100877192982 0.04714912280701754 0.044407894736842105
1 0.6255482456140351 0.22834429824561403 0.035453216374269 0.045504385964912276
1 0.7222222222222222 0.22176535087719296 0.03435672514619883 0.042214912280701754
1 0.6659356725146198 0.27192982456140347 0.008771929824561403 0.019736842105263157
1 0.8490497076023391 0.2650767543859649 0.01608187134502924 0.03453947368421052
1 0.8744517543859649 0.34868421052631576 0.009868421052631578 0.027412280701754384
1 0.9057017543859649 0.24095394736842105 0.04093567251461988 0.06962719298245613
1 0.9365862573099415 0.25411184210526316 0.0222953216374269 0.0356359649122807
1 0.8720760233918128 0.4651864035087719 0.03654970760233918 0.06414473684210525
1 0.3910818713450292 0.3700657894736842 0.019005847953216373 0.01425438596491228
1 0.46673976608187134 0.38048245614035087 0.013157894736842105 0.025219298245614034
1 0.5113304093567251 0.37088815789473684 0.016812865497076022 0.0356359649122807
1 0.5381944444444444 0.37609649122807015 0.017909356725146198 0.02631578947368421
1 0.771016081871345 0.40679824561403505 0.02010233918128655 0.017543859649122806
1 0.9365862573099415 0.5800438596491228 0.02010233918128655 0.02631578947368421
1 0.9336622807017544 0.5320723684210527 0.03399122807017543 0.05208333333333333
1 0.8965643274853801 0.5808662280701754 0.03289473684210526 0.019188596491228067
1 0.8618421052631579 0.6077302631578947 0.046052631578947366 0.03125
1 0.771016081871345 0.6170504385964912 0.013523391812865496 0.0268640350877193
1 0.6699561403508771 0.48218201754385964 0.031432748538011694 0.05756578947368421
1 0.6430921052631579 0.4602521929824561 0.038377192982456135 0.05098684210526316
1 0.45266812865497075 0.5158991228070176 0.025950292397660817 0.05592105263157894
1 0.5224780701754386 0.6343201754385964 0.020833333333333332 0.0537280701754386
1 0.5590277777777778 0.6055372807017544 0.04203216374269006 0.03453947368421052
1 0.6118421052631579 0.5981359649122807 0.02412280701754386 0.02850877192982456
1 0.6661184210526315 0.6134868421052632 0.014985380116959063 0.027412280701754384
1 0.48720760233918126 0.7341008771929824 0.01827485380116959 0.01864035087719298
1 0.7657163742690059 0.7151864035087719 0.014619883040935672 0.02357456140350877
1 0.8388157894736842 0.7436951754385964 0.01608187134502924 0.018092105263157895
1 0.9111842105263157 0.7239583333333333 0.01023391812865497 0.021381578947368418
1 0.9442616959064327 0.7108004385964912 0.017178362573099414 0.02357456140350877
1 0.9945175438596491 0.7149122807017544 0.010964912280701754 0.049342105263157895
1 0.9894005847953216 0.8078399122807017 0.021198830409356724 0.044407894736842105
1 0.9336622807017544 0.8081140350877193 0.03618421052631579 0.04824561403508772
1 0.8921783625730993 0.8177083333333333 0.03289473684210526 0.045504385964912276
1 0.8364400584795321 0.8193530701754386 0.02887426900584795 0.042214912280701754
1 0.7891081871345029 0.8267543859649122 0.025584795321637425 0.046052631578947366
1 0.7657163742690059 0.8352521929824561 0.02850877192982456 0.0400219298245614
1 0.7236842105263157 0.8292214912280701 0.03070175438596491 0.038925438596491224
1 0.6781798245614035 0.8144188596491228 0.03618421052631579 0.038925438596491224
1 0.6089181286549707 0.834703947368421 0.029970760233918127 0.048793859649122806
1 0.6553362573099415 0.8305921052631579 0.012426900584795321 0.017543859649122806
1 0.5762061403508771 0.8237390350877193 0.023026315789473683 0.041118421052631575
1 0.5464181286549707 0.8547149122807017 0.019005847953216373 0.03618421052631579
1 0.5171783625730993 0.834703947368421 0.02412280701754386 0.03453947368421052
1 0.4722222222222222 0.8423793859649122 0.029239766081871343 0.044407894736842105
1 0.43841374269005845 0.8574561403508771 0.03618421052631579 0.044956140350877194
1 0.4278143274853801 0.9720394736842105 0.015716374269005847 0.02850877192982456
1 0.4682017543859649 0.9649122807017543 0.021929824561403508 0.03618421052631579
1 0.502375730994152 0.9682017543859649 0.025219298245614034 0.044956140350877194
1 0.5347222222222222 0.9731359649122806 0.023391812865497075 0.041666666666666664
1 0.5694444444444444 0.9799890350877193 0.01827485380116959 0.0400219298245614
1 0.5975877192982456 0.9646381578947368 0.019005847953216373 0.022478070175438597
1 0.6259137426900584 0.9616228070175438 0.017178362573099414 0.01864035087719298
1 0.6714181286549707 0.9465460526315789 0.01023391812865497 0.015899122807017545
1 0.7112573099415205 0.9512061403508771 0.011695906432748537 0.013157894736842105
1 0.7470760233918128 0.9594298245614035 0.027046783625730993 0.027412280701754384
1 0.7796052631578947 0.9487390350877193 0.014619883040935672 0.022478070175438597
1 0.8159722222222222 0.9399671052631579 0.017909356725146198 0.020285087719298246
1 0.8759137426900584 0.9317434210526315 0.021564327485380116 0.02576754385964912
1 0.9438961988304093 0.9216008771929824 0.02010233918128655 0.043859649122807015
1 0.9937865497076023 0.9087171052631579 0.012426900584795321 0.0268640350877193
1 0.9859283625730993 0.9616228070175438 0.028143274853801168 0.0625
