1 0.02448830409356725 0.06798245614035087 0.02266081871345029 0.039473684210526314
1 0.05080409356725146 0.09923245614035087 0.02266081871345029 0.03289473684210526
1 0.08790204678362573 0.08470394736842105 0.01864035087719298 0.02357456140350877
1 0.06304824561403509 0.171875 0.028143274853801168 0.0356359649122807
1 0.029788011695906433 0.2900219298245614 0.035453216374269 0.038377192982456135
1 0.07821637426900585 0.28618421052631576 0.024853801169590642 0.01864035087719298
1 0.13048245614035087 0.2464364035087719 0.025584795321637425 0.0400219298245614
1 0.17178362573099415 0.24396929824561403 0.021929824561403508 0.03399122807017543
1 0.18512426900584794 0.18338815789473684 0.025950292397660817 0.0356359649122807
1 0.06451023391812866 0.40679824561403505 0.0266812865497076 0.049342105263157895
1 0.14656432748538012 0.4065241228070175 0.023391812865497075 0.0356359649122807
1 0.061586257309941515 0.528782894736842 0.025950292397660817 0.019188596491228067
1 0.11074561403508772 0.5345394736842105 0.02046783625730994 0.03179824561403509
1 0.18804824561403508 0.5276864035087719 0.025219298245614034 0.019188596491228067
1 0.17050438596491227 0.6356907894736842 0.028143274853801168 0.03782894736842105
1 0.09923245614035087 0.6269188596491228 0.032529239766081866 0.03015350877192982
1 0.0804093567251462 0.6584429824561403 0.023391812865497075 0.021929824561403508
1 0.0442251461988304 0.6526864035087719 0.02631578947368421 0.04769736842105263
1 0.012244152046783625 0.6496710526315789 0.0222953216374269 0.029605263157894735
1 0.20760233918128654 0.737390350877193 0.019005847953216373 0.02631578947368421
1 0.18804824561403508 0.7521929824561403 0.023757309941520467 0.03618421052631579
1 0.13285818713450293 0.84375 0.0222953216374269 0.03070175438596491
1 0.049342105263157895 0.8952850877192982 0.019005847953216373 0.02412280701754386
1 0.06743421052631579 1 0.023757309941520467 0.03125
1 0.03654970760233918 1 0.016812865497076022 0.022478070175438597
1 0.9491959064327485 0.08963815789473684 0.019005847953216373 0.03125
1 0.9526681286549707 0.16474780701754385 0.01425438596491228 0.024671052631578948
1 0.9740497076023391 0.2733004385964912 0.01827485380116959 0.02576754385964912
1 0.8905336257309941 0.17653508771929824 0.04057017543859649 0.0537280701754386
1 0.9336622807017544 0.15625 0.029605263157894735 0.03399122807017543
1 0.9047880116959064 0.3212719298245614 0.0222953216374269 0.038377192982456135
1 0.8799342105263157 0.29550438596491224 0.015716374269005847 0.025219298245614034
1 0.8267543859649122 0.3171600877192982 0.027777777777777776 0.0356359649122807
1 0.7730263157894737 0.296875 0.023391812865497075 0.03782894736842105
1 0.8463084795321637 0.18338815789473684 0.017909356725146198 0.0268640350877193
1 0.8340643274853801 0.0668859649122807 0.027046783625730993 0.038377192982456135
1 0.8066520467836257 0.08305921052631579 0.017543859649122806 0.03125
1 0.763157894736842 0.07319078947368421 0.019005847953216373 0.042214912280701754
1 0.7447002923976608 0.18859649122807015 0.025950292397660817 0.03289473684210526
1 0.7783260233918128 0.20093201754385964 0.013523391812865496 0.022478070175438597
1 0.7271564327485379 0.303453947368421 0.013523391812865496 0.020285087719298246
1 0.7225877192982456 0.397203947368421 0.04239766081871345 0.05427631578947368
1 0.6588084795321637 0.3601973684210526 0.025219298245614034 0.03179824561403509
1 0.6865862573099415 0.28426535087719296 0.038377192982456135 0.03125
1 0.6880482456140351 0.21025219298245612 0.02010233918128655 0.0356359649122807
1 0.7032163742690059 0.11567982456140351 0.019005847953216373 0.029605263157894735
1 0.6597222222222222 0.15734649122807018 0.019736842105263157 0.03728070175438596
1 0.564875730994152 0.05646929824561403 0.011330409356725146 0.02631578947368421
1 0.4780701754385965 0.09841008771929824 0.01827485380116959 0.022478070175438597
1 0.3980263157894737 0.06359649122807018 0.03070175438596491 0.029605263157894735
1 0.3536184210526316 0.06578947368421052 0.013523391812865496 0.020833333333333332
1 0.302266081871345 0.16365131578947367 0.017543859649122806 0.02576754385964912
1 0.2898391812865497 0.19654605263157893 0.027777777777777776 0.03125
1 0.30939327485380114 0.27987938596491224 0.02448830409356725 0.0356359649122807
1 0.37701023391812866 0.19517543859649122 0.0222953216374269 0.01644736842105263
1 0.4009502923976608 0.24150219298245612 0.02412280701754386 0.0400219298245614
1 0.36860380116959063 0.3081140350877193 0.01644736842105263 0.025219298245614034
1 0.42141812865497075 0.31496710526315785 0.02266081871345029 0.03344298245614035
1 0.5067616959064327 0.28179824561403505 0.02887426900584795 0.03070175438596491
1 0.5082236842105263 0.18174342105263158 0.034722222222222224 0.0356359649122807
1 0.5557383040935672 0.19051535087719298 0.0266812865497076 0.05208333333333333
1 0.6255482456140351 0.2376644736842105 0.02448830409356725 0.03782894736842105
1 0.5840643274853801 0.3237390350877193 0.02046783625730994 0.018092105263157895
1 0.5561038011695906 0.3177083333333333 0.025950292397660817 0.03234649122807017
1 0.5160818713450293 0.30893640350877194 0.02266081871345029 0.019188596491228067
