1 0.20175438596491227 0.6787280701754386 0.014619883040935672 0.02850877192982456
1 0.24269005847953215 0.4956140350877193 0.02850877192982456 0.0581140350877193
1 0.4141081871345029 0.5715460526315789 0.03435672514619883 0.06743421052631579
1 0.4766081871345029 0.59375 0.041666666666666664 0.0581140350877193
1 0.5464181286549707 0.5893640350877193 0.021929824561403508 0.025219298245614034
1 0.7015716374269005 0.953125 0.049342105263157895 0.09484649122807016
1 0.7353801169590642 0.9618969298245613 0.05043859649122807 0.07730263157894736
1 0.8188961988304093 0.957236842105263 0.023757309941520467 0.041666666666666664
1 0.9438961988304093 0.9775219298245613 0.058845029239766075 0.04714912280701754
1 0.9800804093567251 0.9698464912280701 0.04130116959064327 0.06140350877192982
