1 0.17288011695906433 0.0424890350877193 0.02631578947368421 0.0400219298245614
1 0.1474780701754386 0.009594298245614034 0.01644736842105263 0.019188596491228067
1 0.13614766081871343 0.14610745614035087 0.025950292397660817 0.03782894736842105
1 0.04349415204678363 0.11924342105263157 0.021198830409356724 0.0268640350877193
1 0.013157894736842105 0.25027412280701755 0.02412280701754386 0.0400219298245614
1 0.02010233918128655 0.2733004385964912 0.033625730994152045 0.03453947368421052
1 0.1600877192982456 0.28234649122807015 0.02850877192982456 0.043859649122807015
1 0.2149122807017544 0.2387609649122807 0.029970760233918127 0.0356359649122807
1 0.11823830409356724 0.36430921052631576 0.025950292397660817 0.0400219298245614
1 0.07913011695906433 0.34868421052631576 0.029605263157894735 0.03508771929824561
1 0.04532163742690058 0.37225877192982454 0.027046783625730993 0.029605263157894735
1 0.1421783625730994 0.4416118421052631 0.03216374269005848 0.03234649122807017
1 0.18658625730994152 0.4377741228070175 0.0266812865497076 0.03125
1 0.2534722222222222 0.4682017543859649 0.034722222222222224 0.04057017543859649
1 0.3501461988304093 0.3527960526315789 0.05116959064327485 0.06195175438596491
1 0.39400584795321636 0.36156798245614036 0.03728070175438596 0.03234649122807017
1 0.48739035087719296 0.2362938596491228 0.0712719298245614 0.08223684210526315
1 0.4296418128654971 0.34594298245614036 0.04568713450292397 0.07236842105263158
1 0.477156432748538 0.38048245614035087 0.03691520467836257 0.05482456140350877
1 0.5347222222222222 0.3484100877192982 0.031432748538011694 0.048793859649122806
1 0.5849780701754386 0.33031798245614036 0.04349415204678363 0.07839912280701754
1 0.6235380116959064 0.38596491228070173 0.04239766081871345 0.06578947368421052
1 0.3813961988304093 0.5671600877192983 0.0222953216374269 0.0356359649122807
1 0.16173245614035087 0.5671600877192983 0.04714912280701754 0.06524122807017543
1 0.1197002923976608 0.5271381578947368 0.017178362573099414 0.022478070175438597
1 0.02448830409356725 0.5668859649122807 0.02266081871345029 0.02412280701754386
1 0.09758771929824561 0.6631030701754386 0.021929824561403508 0.0268640350877193
1 0.03508771929824561 0.7118969298245613 0.03070175438596491 0.041118421052631575
1 0.009868421052631578 0.5803179824561403 0.017543859649122806 0.03234649122807017
1 0.041118421052631575 0.7911184210526315 0.029605263157894735 0.05043859649122807
1 0.1074561403508772 0.7678179824561403 0.023391812865497075 0.046600877192982455
1 0.13139619883040934 0.7834429824561403 0.028143274853801168 0.03399122807017543
1 0.09283625730994152 0.8086622807017544 0.035818713450292396 0.03070175438596491
1 0.1822002923976608 0.8215460526315789 0.021564327485380116 0.0400219298245614
1 0.19389619883040934 0.7774122807017544 0.02448830409356725 0.02850877192982456
1 0.24269005847953215 0.7220394736842105 0.021929824561403508 0.041666666666666664
1 0.1734283625730994 0.7102521929824561 0.029605263157894735 0.044407894736842105
1 0.28234649122807015 0.5553728070175439 0.0222953216374269 0.03728070175438596
1 0.08698830409356725 0.978344298245614 0.016812865497076022 0.038925438596491224
1 0.16885964912280702 0.9081688596491228 0.027777777777777776 0.0356359649122807
1 0.2178362573099415 0.9427083333333333 0.025584795321637425 0.0356359649122807
1 0.7490862573099415 0.5635964912280701 0.05226608187134503 0.06578947368421052
1 0.6942616959064327 0.3171600877192982 0.04203216374269006 0.06195175438596491
1 0.9024122807017544 0.3289473684210526 0.02266081871345029 0.025219298245614034
1 0.9638157894736842 0.32839912280701755 0.021198830409356724 0.02412280701754386
