1 0.33205409356725146 0.8887061403508771 0.04203216374269006 0.0625
1 0.3057383040935672 0.5320723684210527 0.04203216374269006 0.06195175438596491
1 0.3477704678362573 0.5389254385964912 0.048611111111111105 0.05592105263157894
1 0.45157163742690054 0.5644188596491228 0.03691520467836257 0.043311403508771926
1 0.5303362573099415 0.5430372807017544 0.033625730994152045 0.05427631578947368
1 0.5634137426900584 0.5668859649122807 0.03764619883040936 0.05592105263157894
1 0.596125730994152 0.5466008771929824 0.029970760233918127 0.05263157894736842
1 0.6465643274853801 0.5762061403508771 0.031432748538011694 0.0537280701754386
1 0.65625 0.540844298245614 0.0266812865497076 0.048793859649122806
1 0.8095760233918128 0.540844298245614 0.04532163742690058 0.06633771929824561
1 0.6953581871345029 0.08141447368421052 0.0398391812865497 0.05208333333333333
