1 0.4047880116959064 0.02412280701754386 0.01644736842105263 0.029605263157894735
1 0.8667763157894737 0.14336622807017543 0.028143274853801168 0.0356359649122807
1 0.7298976608187134 0.14720394736842105 0.016812865497076022 0.02796052631578947
1 0.6705043859649122 0.1367872807017544 0.019371345029239765 0.021381578947368418
1 0.6451023391812866 0.1387061403508772 0.011695906432748537 0.021929824561403508
1 0.6233552631578947 0.1669407894736842 0.02010233918128655 0.0268640350877193
1 0.5590277777777778 0.1269188596491228 0.015716374269005847 0.02796052631578947
1 0.5137061403508771 0.12911184210526316 0.017178362573099414 0.02796052631578947
1 0.471125730994152 0.12033991228070175 0.01023391812865497 0.014802631578947368
1 0.3163377192982456 0.12746710526315788 0.02010233918128655 0.0268640350877193
1 0.2894736842105263 0.12609649122807018 0.019736842105263157 0.020833333333333332
1 0.25493421052631576 0.14336622807017543 0.012792397660818713 0.014802631578947368
1 0.22587719298245612 0.12061403508771928 0.013157894736842105 0.020833333333333332
1 0.16154970760233917 0.12609649122807018 0.019005847953216373 0.020833333333333332
1 0.11823830409356724 0.15652412280701752 0.02010233918128655 0.022478070175438597
1 0.0847953216374269 0.1469298245614035 0.017543859649122806 0.01864035087719298
1 0.06341374269005848 0.14336622807017543 0.023757309941520467 0.02357456140350877
1 0.07675438596491227 0.24342105263157893 0.027046783625730993 0.017543859649122806
1 0.13468567251461988 0.2949561403508772 0.032529239766081866 0.02631578947368421
1 0.04842836257309941 0.3218201754385965 0.0266812865497076 0.03618421052631579
1 0.23885233918128654 0.2919407894736842 0.023026315789473683 0.03453947368421052
1 0.2744883040935672 0.28371710526315785 0.01608187134502924 0.020285087719298246
1 0.30354532163742687 0.296875 0.01864035087719298 0.03015350877192982
1 0.3697002923976608 0.2631578947368421 0.020833333333333332 0.03399122807017543
1 0.4301900584795321 0.27713815789473684 0.014619883040935672 0.018092105263157895
1 0.5180921052631579 0.26206140350877194 0.023757309941520467 0.03289473684210526
1 0.5964912280701754 0.25246710526315785 0.014619883040935672 0.013706140350877192
1 0.6348684210526315 0.26589912280701755 0.013888888888888888 0.017543859649122806
1 0.7149122807017544 0.30098684210526316 0.02412280701754386 0.03399122807017543
1 0.7666301169590642 0.2859100877192982 0.0266812865497076 0.03125
1 0.7076023391812865 0.40679824561403505 0.021198830409356724 0.044956140350877194
1 0.66703216374269 0.3796600877192982 0.019005847953216373 0.03125
1 0.5765716374269005 0.3952850877192982 0.03618421052631579 0.03179824561403509
1 0.54203216374269 0.3574561403508772 0.031432748538011694 0.049342105263157895
1 0.5093201754385964 0.4194078947368421 0.02887426900584795 0.046052631578947366
1 0.47953216374269003 0.40405701754385964 0.016812865497076022 0.020833333333333332
1 0.43804824561403505 0.3881578947368421 0.020833333333333332 0.02850877192982456
1 0.418859649122807 0.42872807017543857 0.02631578947368421 0.0668859649122807
1 0.3609283625730994 0.4018640350877193 0.02010233918128655 0.02631578947368421
1 0.29970760233918126 0.41584429824561403 0.021929824561403508 0.04989035087719298
1 0.21966374269005848 0.4065241228070175 0.023391812865497075 0.048793859649122806
1 0.15826023391812866 0.3881578947368421 0.03654970760233918 0.049342105263157895
1 0.10599415204678361 0.3983004385964912 0.04093567251461988 0.045504385964912276
1 0.04404239766081871 0.39309210526315785 0.034722222222222224 0.049342105263157895
1 0.022478070175438597 0.5189144736842105 0.042763157894736836 0.06414473684210525
1 0.05665204678362573 0.49588815789473684 0.03654970760233918 0.06085526315789473
1 0.11567982456140351 0.546875 0.05080409356725146 0.048793859649122806
1 0.31359649122807015 0.5134320175438596 0.0402046783625731 0.0400219298245614
1 0.3706140350877193 0.5509868421052632 0.023391812865497075 0.04714912280701754
1 0.4956140350877193 0.5274122807017544 0.03654970760233918 0.0537280701754386
1 0.5809576023391813 0.5452302631578947 0.04203216374269006 0.0849780701754386
1 0.6392543859649122 0.537828947368421 0.027777777777777776 0.039473684210526314
1 0.7554824561403508 0.5405701754385964 0.03435672514619883 0.0581140350877193
1 0.8945540935672515 0.25301535087719296 0.025219298245614034 0.0400219298245614
1 0.9760599415204678 0.2637061403508772 0.04788011695906433 0.11184210526315788
1 0.9473684210526315 0.4994517543859649 0.02412280701754386 0.021929824561403508
1 0.8994883040935672 0.5068530701754386 0.02850877192982456 0.0400219298245614
1 0.8720760233918128 0.4808114035087719 0.029970760233918127 0.04714912280701754
1 0.7923976608187134 0.6792763157894737 0.027046783625730993 0.02850877192982456
1 0.737390350877193 0.6875 0.02448830409356725 0.06030701754385964
1 0.7112573099415205 0.6655701754385964 0.013157894736842105 0.02850877192982456
1 0.6162280701754386 0.65625 0.02631578947368421 0.021929824561403508
1 0.5303362573099415 0.6625548245614035 0.027777777777777776 0.0268640350877193
1 0.49360380116959063 0.6907894736842105 0.023757309941520467 0.05043859649122807
1 0.37993421052631576 0.6716008771929824 0.02448830409356725 0.039473684210526314
1 0.34137426900584794 0.6828399122807017 0.021198830409356724 0.043311403508771926
1 0.22514619883040934 0.6439144736842105 0.029970760233918127 0.03234649122807017
1 0.19718567251461988 0.6384320175438596 0.025950292397660817 0.05098684210526316
1 0.14016812865497075 0.6877741228070176 0.03033625730994152 0.0356359649122807
1 0.038559941520467836 0.6614583333333333 0.06469298245614034 0.05208333333333333
1 0.046966374269005844 0.8231907894736842 0.049342105263157895 0.07510964912280702
1 0.12298976608187134 0.8179824561403508 0.038377192982456135 0.043859649122807015
1 0.23300438596491227 0.7820723684210525 0.055190058479532164 0.06304824561403509
1 0.018092105263157895 0.9377741228070174 0.03399122807017543 0.048793859649122806
1 0.08991228070175439 0.9147478070175438 0.02631578947368421 0.04989035087719298
1 0.26516812865497075 0.8399122807017544 0.038377192982456135 0.06578947368421052
1 0.3110380116959064 0.8015350877192982 0.05701754385964912 0.06907894736842105
1 0.35800438596491224 0.7905701754385964 0.04130116959064327 0.0756578947368421
1 0.3843201754385965 0.8179824561403508 0.03399122807017543 0.06140350877192982
1 0.4512061403508772 0.8144188596491228 0.07200292397660818 0.08826754385964912
1 0.4994517543859649 0.8434758771929824 0.04349415204678363 0.05756578947368421
1 0.6957236842105263 0.7976973684210525 0.055190058479532164 0.09429824561403508
1 0.7300804093567251 0.8396381578947368 0.058845029239766075 0.07182017543859649
1 0.9146564327485379 0.9199561403508771 0.014985380116959063 0.0537280701754386
1 0.9126461988304093 0.6699561403508771 0.03654970760233918 0.03618421052631579
1 0.9515716374269005 0.6743421052631579 0.03691520467836257 0.049342105263157895
1 0.9824561403508771 0.6650219298245613 0.03289473684210526 0.06359649122807018
1 0.9912280701754386 0.6496710526315789 0.017543859649122806 0.04824561403508772
1 0.9961622807017543 0.7727521929824561 0.007675438596491228 0.03125
1 0.9400584795321637 0.9270833333333333 0.035818713450292396 0.05592105263157894
1 0.752375730994152 0.9262609649122806 0.02887426900584795 0.044407894736842105
1 0.7070540935672515 0.9243421052631579 0.02448830409356725 0.044956140350877194
1 0.6630116959064327 0.938048245614035 0.03508771929824561 0.027412280701754384
1 0.6260964912280701 0.9292763157894737 0.029970760233918127 0.046052631578947366
1 0.5820540935672515 0.9226973684210525 0.035453216374269 0.06030701754385964
1 0.5350877192982456 0.9295504385964912 0.03435672514619883 0.041118421052631575
1 0.45614035087719296 0.9180372807017544 0.027046783625730993 0.03673245614035087
1 0.40679824561403505 0.9240679824561403 0.02412280701754386 0.038925438596491224
1 0.37189327485380114 0.9295504385964912 0.03179824561403509 0.0400219298245614
1 0.32693713450292394 0.9303728070175438 0.03033625730994152 0.043859649122807015
1 0.28234649122807015 0.9109100877192982 0.020833333333333332 0.0400219298245614
1 0.25054824561403505 0.931469298245614 0.031067251461988302 0.04057017543859649
1 0.21089181286549707 0.9246162280701754 0.031432748538011694 0.041118421052631575
1 0.1781798245614035 0.9333881578947368 0.03326023391812866 0.044407894736842105
1 0.9926900584795321 0.49616228070175433 0.014619883040935672 0.041666666666666664
