1 0.4018640350877193 0.10279605263157894 0.04130116959064327 0.05098684210526316
1 0.4722222222222222 0.24972587719298245 0.03654970760233918 0.05537280701754386
1 0.5634137426900584 0.09402412280701754 0.013523391812865496 0.022478070175438597
1 0.6792763157894737 0.06716008771929824 0.025950292397660817 0.03344298245614035
1 0.7079678362573099 0.07346491228070175 0.02850877192982456 0.05043859649122807
1 0.7847222222222222 0.08525219298245613 0.025584795321637425 0.0400219298245614
1 0.9427997076023391 0.05866228070175438 0.034722222222222224 0.03399122807017543
1 0.4614400584795321 0.9594298245614035 0.07200292397660818 0.06140350877192982
1 0.57328216374269 0.8371710526315789 0.0266812865497076 0.04057017543859649
1 0.6096491228070176 0.8075657894736842 0.023391812865497075 0.03728070175438596
1 0.6547880116959064 0.8009868421052632 0.0222953216374269 0.03618421052631579
1 0.6900584795321637 0.7963267543859649 0.02850877192982456 0.0400219298245614
1 0.7065058479532164 0.8396381578947368 0.024853801169590642 0.0400219298245614
1 0.7744883040935672 0.7861842105263157 0.024853801169590642 0.041666666666666664
1 0.8347953216374269 0.8042763157894737 0.03070175438596491 0.043859649122807015
1 0.8835891812865496 0.7859100877192982 0.02010233918128655 0.03125
1 0.9766081871345029 0.7837171052631579 0.024853801169590642 0.042214912280701754
