1 0.03125 0.9586074561403508 0.01864035087719298 0.03782894736842105
1 0.051352339181286545 0.9048793859649122 0.03691520467836257 0.03782894736842105
1 0.06798245614035087 0.9775219298245613 0.015350877192982455 0.02412280701754386
1 0.10160818713450293 0.9824561403508771 0.016812865497076022 0.02631578947368421
1 0.1600877192982456 0.9950657894736842 0.019005847953216373 0.009868421052631578
1 0.22514619883040934 0.9594298245614035 0.015350877192982455 0.01864035087719298
1 0.27192982456140347 0.9953399122807017 0.008771929824561403 0.024671052631578948
1 0.36330409356725146 0.9816337719298245 0.02046783625730994 0.016995614035087717
1 0.3925438596491228 1 0.024853801169590642 0.046600877192982455
1 0.427266081871345 1 0.02266081871345029 0.03344298245614035
1 0.4497441520467836 0.981907894736842 0.019371345029239765 0.02850877192982456
1 0.19316520467836257 0.8522478070175438 0.012792397660818713 0.015899122807017545
1 0.23428362573099415 0.853344298245614 0.027046783625730993 0.045504385964912276
1 0.3505116959064327 0.8856907894736842 0.016812865497076022 0.03234649122807017
1 0.375 0.8837719298245613 0.012426900584795321 0.03728070175438596
1 0.38669590643274854 0.8481359649122806 0.02046783625730994 0.02412280701754386
1 0.08260233918128654 0.7637061403508771 0.021198830409356724 0.03618421052631579
1 0.018092105263157895 0.6609100877192982 0.023757309941520467 0.0400219298245614
1 0.06048976608187134 0.6230811403508771 0.025950292397660817 0.044407894736842105
1 0.09429824561403508 0.7286184210526315 0.014619883040935672 0.02412280701754386
1 0.10160818713450293 0.6746162280701754 0.021198830409356724 0.0356359649122807
1 0.13066520467836257 0.640625 0.02448830409356725 0.04769736842105263
1 0.1732456140350877 0.6699561403508771 0.017543859649122806 0.03179824561403509
1 0.21582602339181287 0.6699561403508771 0.023026315789473683 0.042763157894736836
1 0.26425438596491224 0.6614583333333333 0.02266081871345029 0.03234649122807017
1 0.283625730994152 0.7650767543859649 0.023391812865497075 0.045504385964912276
1 0.16301169590643275 0.7820723684210525 0.024853801169590642 0.03673245614035087
1 0.18548976608187134 0.7697368421052632 0.01425438596491228 0.020833333333333332
1 0.2138157894736842 0.8040021929824561 0.013157894736842105 0.03782894736842105
1 0.4453581871345029 0.7845394736842105 0.02887426900584795 0.03728070175438596
1 0.3711622807017544 0.7272478070175438 0.029605263157894735 0.043311403508771926
1 0.39309210526315785 0.6858552631578947 0.02448830409356725 0.03070175438596491
1 0.4228801169590643 0.6469298245614035 0.02412280701754386 0.03618421052631579
1 0.07711988304093567 0.5537280701754386 0.027046783625730993 0.03289473684210526
1 0.17470760233918128 0.5263157894736842 0.014619883040935672 0.03179824561403509
1 0.22807017543859648 0.5183662280701754 0.038011695906432746 0.044407894736842105
1 0.28179824561403505 0.518640350877193 0.021929824561403508 0.044956140350877194
1 0.35891812865497075 0.5767543859649122 0.02412280701754386 0.03289473684210526
1 0.36330409356725146 0.5180921052631579 0.0445906432748538 0.0668859649122807
1 0.40387426900584794 0.49780701754385964 0.025584795321637425 0.041666666666666664
1 0.48775584795321636 0.38925438596491224 0.038377192982456135 0.0625
1 0.41447368421052627 0.4004934210526316 0.03289473684210526 0.05975877192982456
1 0.3676900584795321 0.4057017543859649 0.025584795321637425 0.043859649122807015
1 0.302266081871345 0.43804824561403505 0.02850877192982456 0.05263157894736842
1 0.262609649122807 0.4251644736842105 0.027412280701754384 0.041118421052631575
1 0.19718567251461988 0.43722587719298245 0.03179824561403509 0.038925438596491224
1 0.04641812865497076 0.43859649122807015 0.01827485380116959 0.02631578947368421
1 0.06341374269005848 0.40679824561403505 0.03399122807017543 0.042763157894736836
1 0.11038011695906433 0.4621710526315789 0.038011695906432746 0.0581140350877193
1 0.1111111111111111 0.4013157894736842 0.01608187134502924 0.03508771929824561
1 0.14894005847953215 0.4317434210526316 0.013523391812865496 0.024671052631578948
1 0.03216374269005848 0.30646929824561403 0.01827485380116959 0.02412280701754386
1 0.07821637426900585 0.3081140350877193 0.017543859649122806 0.0537280701754386
1 0.12353801169590642 0.33963815789473684 0.02266081871345029 0.0356359649122807
1 0.1474780701754386 0.2911184210526316 0.028143274853801168 0.039473684210526314
1 0.03326023391812866 0.20148026315789472 0.014619883040935672 0.02796052631578947
1 0.02631578947368421 0.10718201754385964 0.02631578947368421 0.042214912280701754
1 0.09320175438596491 0.10553728070175437 0.023391812865497075 0.0268640350877193
1 0.09576023391812866 0.20339912280701752 0.02266081871345029 0.02850877192982456
1 0.1869517543859649 0.21436403508771928 0.012792397660818713 0.03179824561403509
1 0.13760964912280702 0.08771929824561403 0.027412280701754384 0.03728070175438596
1 0.164656432748538 0.11239035087719297 0.01864035087719298 0.03618421052631579
1 0.20358187134502922 0.1181469298245614 0.024853801169590642 0.04989035087719298
1 0.23684210526315788 0.07785087719298245 0.009502923976608187 0.025219298245614034
1 0.3384502923976608 0.0981359649122807 0.021929824561403508 0.020833333333333332
1 0.346125730994152 0.18832236842105263 0.029239766081871343 0.0356359649122807
1 0.20157163742690057 0.30098684210526316 0.042763157894736836 0.04714912280701754
1 0.2094298245614035 0.3887061403508772 0.03508771929824561 0.0537280701754386
1 0.27521929824561403 0.31880482456140347 0.04532163742690058 0.05646929824561403
1 0.3393640350877193 0.27658991228070173 0.027412280701754384 0.03673245614035087
1 0.3925438596491228 0.30126096491228066 0.01608187134502924 0.016995614035087717
1 0.3994883040935672 0.035910087719298246 0.02412280701754386 0.0400219298245614
1 0.4707602339181286 0.054002192982456135 0.02412280701754386 0.0400219298245614
1 0.4546783625730994 0.20778508771929824 0.010964912280701754 0.049342105263157895
1 0.43457602339181284 0.25219298245614036 0.05043859649122807 0.08662280701754385
1 0.5840643274853801 0.10800438596491227 0.015350877192982455 0.027412280701754384
1 0.614766081871345 0.1381578947368421 0.046052631578947366 0.07894736842105263
1 0.6259137426900584 0.17955043859649122 0.042763157894736836 0.045504385964912276
1 0.7640716374269005 0.13459429824561403 0.05080409356725146 0.06743421052631579
1 0.8369883040935672 0.1181469298245614 0.027046783625730993 0.06524122807017543
1 0.8399122807017544 0.16557017543859648 0.04239766081871345 0.0581140350877193
1 0.9457236842105262 0.256578947368421 0.04057017543859649 0.0756578947368421
1 0.9247076023391813 0.30372807017543857 0.019736842105263157 0.03070175438596491
1 0.862390350877193 0.28152412280701755 0.03764619883040936 0.05317982456140351
1 0.7997076023391813 0.27521929824561403 0.023391812865497075 0.03289473684210526
1 0.7055921052631579 0.2886513157894737 0.03691520467836257 0.05756578947368421
1 0.6781798245614035 0.31661184210526316 0.032529239766081866 0.06633771929824561
1 0.6059941520467836 0.32839912280701755 0.03435672514619883 0.05592105263157894
1 0.6328581871345029 0.4024122807017544 0.05153508771929824 0.05701754385964912
1 0.6714181286549707 0.40158991228070173 0.04312865497076023 0.06195175438596491
1 0.7090643274853801 0.38130482456140347 0.03435672514619883 0.05756578947368421
1 0.7271564327485379 0.365953947368421 0.027412280701754384 0.0400219298245614
1 0.6248172514619883 0.5142543859649122 0.05080409356725146 0.08333333333333333
1 0.7520102339181286 0.4862938596491228 0.04641812865497076 0.05482456140350877
1 0.8980263157894737 0.3867872807017544 0.0489766081871345 0.05646929824561403
1 0.9173976608187134 0.4070723684210526 0.021198830409356724 0.0268640350877193
1 0.6259137426900584 0.8300438596491228 0.04788011695906433 0.08442982456140351
