1 0.049707602339181284 0.7212171052631579 0.02412280701754386 0.03125
1 0.14948830409356725 0.781798245614035 0.021198830409356724 0.02631578947368421
1 0.17178362573099415 0.7497258771929824 0.01023391812865497 0.03125
1 0.23135964912280702 0.7190241228070176 0.023391812865497075 0.03125
1 0.29258040935672514 0.7417763157894737 0.025219298245614034 0.03508771929824561
1 0.320906432748538 0.7442434210526315 0.015350877192982455 0.02796052631578947
1 0.41173245614035087 0.6831140350877193 0.020833333333333332 0.02412280701754386
1 0.4409722222222222 0.7576754385964912 0.014985380116959063 0.038377192982456135
1 0.3819444444444444 0.8242872807017544 0.017543859649122806 0.02796052631578947
1 0.34375 0.8283991228070176 0.017909356725146198 0.021929824561403508
1 0.1284722222222222 0.9265350877192982 0.02887426900584795 0.023026315789473683
1 0.0893640350877193 0.944078947368421 0.025950292397660817 0.029605263157894735
1 0.11239035087719297 1 0.027412280701754384 0.03344298245614035
1 0.26571637426900585 0.9333881578947368 0.024853801169590642 0.0268640350877193
1 0.3916301169590643 0.924890350877193 0.0222953216374269 0.03508771929824561
1 0.3254751461988304 0.9213267543859649 0.027412280701754384 0.019188596491228067
1 0.3603801169590643 1 0.013888888888888888 0.02357456140350877
1 0.4619883040935672 0.9577850877192982 0.019736842105263157 0.03618421052631579
1 0.48830409356725146 0.9202302631578947 0.015350877192982455 0.03125
1 0.5544590643274854 0.825657894736842 0.014619883040935672 0.03508771929824561
1 0.6065423976608186 0.9736842105263157 0.020833333333333332 0.03618421052631579
1 0.6430921052631579 0.9449013157894737 0.023026315789473683 0.03673245614035087
1 0.721125730994152 0.900219298245614 0.02266081871345029 0.02412280701754386
1 0.5972222222222222 0.7143640350877193 0.014619883040935672 0.02850877192982456
1 0.6385233918128654 0.6984649122807017 0.021929824561403508 0.041666666666666664
1 0.6176900584795322 0.7768640350877193 0.02266081871345029 0.03508771929824561
1 0.7055921052631579 0.8237390350877193 0.017909356725146198 0.0268640350877193
1 0.8159722222222222 0.7919407894736842 0.020833333333333332 0.03015350877192982
1 0.768640350877193 0.671875 0.013888888888888888 0.0268640350877193
1 0.8241959064327485 0.6918859649122807 0.017543859649122806 0.041666666666666664
1 0.8640350877192982 0.6965460526315789 0.01608187134502924 0.022478070175438597
1 0.7880116959064327 0.9183114035087718 0.02266081871345029 0.02631578947368421
1 0.7494517543859649 0.9199561403508771 0.017178362573099414 0.021929824561403508
1 0.91703216374269 0.7042214912280701 0.021198830409356724 0.03234649122807017
1 0.8989400584795321 0.8083881578947368 0.019371345029239765 0.024671052631578948
1 0.9188596491228069 0.853344298245614 0.015350877192982455 0.041118421052631575
1 0.9345760233918128 0.9290021929824561 0.013888888888888888 0.0356359649122807
1 0.9961622807017543 0.9169407894736842 0.017178362573099414 0.03015350877192982
1 0.971125730994152 0.6790021929824561 0.021198830409356724 0.0268640350877193
