1 0.04714912280701754 0.04742324561403508 0.023391812865497075 0.041118421052631575
1 0.010782163742690058 0.4081688596491228 0.02010233918128655 0.03453947368421052
1 0.035453216374269 0.1611842105263158 0.029239766081871343 0.04824561403508772
1 0.1299342105263158 0.10115131578947367 0.02448830409356725 0.02905701754385965
1 0.04989035087719298 0.5356359649122807 0.039108187134502925 0.03728070175438596
1 0.05226608187134503 0.7993421052631579 0.05116959064327485 0.09868421052631579
1 0.017178362573099414 0.8174342105263157 0.03216374269005848 0.04057017543859649
1 0.24853801169590642 0.1455592105263158 0.02046783625730994 0.0400219298245614
1 0.2909356725146199 0.11567982456140351 0.010964912280701754 0.025219298245614034
1 0.3536184210526316 0.12554824561403508 0.01864035087719298 0.03399122807017543
1 0.39747807017543857 0.15186403508771928 0.027412280701754384 0.03179824561403509
1 0.4468201754385965 0.11348684210526315 0.013523391812865496 0.03399122807017543
1 0.4956140350877193 0.15158991228070173 0.027046783625730993 0.03673245614035087
1 0.5913742690058479 0.08525219298245613 0.015350877192982455 0.02905701754385965
1 0.6118421052631579 0.13843201754385964 0.010964912280701754 0.016995614035087717
1 0.6483918128654971 0.12088815789473684 0.01023391812865497 0.018092105263157895
1 0.7953216374269005 0.09841008771929824 0.012426900584795321 0.03125
1 0.8209064327485379 0.1074561403508772 0.010964912280701754 0.02631578947368421
1 0.8740862573099415 0.12609649122807018 0.013523391812865496 0.02412280701754386
1 0.906798245614035 0.14967105263157893 0.012426900584795321 0.021929824561403508
1 0.8958333333333333 0.24588815789473684 0.03654970760233918 0.06304824561403509
1 0.84375 0.2256030701754386 0.04568713450292397 0.06085526315789473
1 0.813048245614035 0.24561403508771928 0.039108187134502925 0.0668859649122807
1 0.7598684210526315 0.21929824561403508 0.021929824561403508 0.04057017543859649
1 0.7251461988304093 0.2308114035087719 0.0402046783625731 0.05263157894736842
1 0.6377923976608186 0.24150219298245612 0.01827485380116959 0.03125
1 0.581140350877193 0.24095394736842105 0.041666666666666664 0.04989035087719298
1 0.5347222222222222 0.24177631578947367 0.0445906432748538 0.0537280701754386
1 0.45997807017543857 0.26425438596491224 0.034722222222222224 0.044956140350877194
1 0.42562134502923976 0.2768640350877193 0.04641812865497076 0.046052631578947366
1 0.37554824561403505 0.2708333333333333 0.03326023391812866 0.05482456140350877
1 0.33497807017543857 0.27247807017543857 0.032529239766081866 0.0800438596491228
1 0.2596856725146199 0.24095394736842105 0.04349415204678363 0.08168859649122806
1 0.20358187134502922 0.25959429824561403 0.027046783625730993 0.05427631578947368
1 0.1474780701754386 0.25027412280701755 0.06980994152046784 0.0805921052631579
1 0.1372441520467836 0.3684210526315789 0.03033625730994152 0.03508771929824561
1 0.11038011695906433 0.40679824561403505 0.029970760233918127 0.017543859649122806
1 0.23885233918128654 0.3862390350877193 0.023757309941520467 0.0268640350877193
1 0.3393640350877193 0.4084429824561403 0.0222953216374269 0.03070175438596491
1 0.46875 0.3996710526315789 0.05738304093567251 0.09539473684210525
1 0.5157163742690059 0.4331140350877193 0.027777777777777776 0.05153508771929824
1 0.5796783625730993 0.3300438596491228 0.03289473684210526 0.05701754385964912
1 0.5511695906432749 0.41255482456140347 0.019005847953216373 0.018092105263157895
1 0.6288377192982456 0.3752741228070175 0.023026315789473683 0.03125
1 0.6516812865497076 0.42626096491228066 0.029239766081871343 0.044407894736842105
1 0.7065058479532164 0.3856907894736842 0.017543859649122806 0.02576754385964912
1 0.6968201754385964 0.30646929824561403 0.04788011695906433 0.05263157894736842
1 0.7436038011695906 0.3684210526315789 0.014985380116959063 0.02850877192982456
1 0.7991593567251462 0.3843201754385965 0.044956140350877194 0.049342105263157895
1 0.8861476608187134 0.41118421052631576 0.027412280701754384 0.043859649122807015
1 0.8101242690058479 0.5134320175438596 0.01864035087719298 0.03782894736842105
1 0.7406798245614035 0.534265350877193 0.04203216374269006 0.08607456140350876
1 0.7330043859649122 0.5523574561403508 0.034722222222222224 0.05975877192982456
1 0.6659356725146198 0.5189144736842105 0.027777777777777776 0.04989035087719298
1 0.6299342105263157 0.5520833333333333 0.03399122807017543 0.03399122807017543
1 0.5254020467836257 0.5463267543859649 0.04788011695906433 0.05975877192982456
1 0.4468201754385965 0.5561951754385964 0.042763157894736836 0.0893640350877193
1 0.3813961988304093 0.5043859649122807 0.04057017543859649 0.05701754385964912
1 0.3559941520467836 0.5556469298245613 0.03289473684210526 0.07291666666666666
1 0.3110380116959064 0.5337171052631579 0.05701754385964912 0.06304824561403509
1 0.23446637426900582 0.5545504385964912 0.035453216374269 0.08168859649122806
1 0.2044956140350877 0.5627741228070176 0.06542397660818713 0.05098684210526316
1 0.14839181286549707 0.5356359649122807 0.03728070175438596 0.06578947368421052
1 0.1509502923976608 0.6655701754385964 0.04532163742690058 0.03179824561403509
1 0.25237573099415206 0.6787280701754386 0.06030701754385964 0.042763157894736836
1 0.3218201754385965 0.6861293859649122 0.01644736842105263 0.0268640350877193
1 0.37554824561403505 0.6674890350877193 0.032529239766081866 0.046600877192982455
1 0.43457602339181284 0.6790021929824561 0.035818713450292396 0.05427631578947368
1 0.48684210526315785 0.6699561403508771 0.03728070175438596 0.044956140350877194
1 0.5595760233918128 0.6968201754385964 0.019736842105263157 0.03399122807017543
1 0.6542397660818713 0.7058662280701754 0.04678362573099415 0.0268640350877193
1 0.7739400584795321 0.6792763157894737 0.04714912280701754 0.039473684210526314
1 0.8165204678362573 0.6145833333333333 0.019736842105263157 0.042763157894736836
1 0.8486842105263157 0.6559758771929824 0.01608187134502924 0.0268640350877193
1 0.8802997076023391 0.6833881578947368 0.0581140350877193 0.044407894736842105
1 0.8841374269005847 0.7743969298245613 0.01608187134502924 0.02796052631578947
1 0.8384502923976608 0.7859100877192982 0.013888888888888888 0.03125
1 0.7615131578947368 0.7768640350877193 0.02448830409356725 0.03070175438596491
1 0.6880482456140351 0.7823464912280701 0.020833333333333332 0.023026315789473683
1 0.6630116959064327 0.7771381578947368 0.011695906432748537 0.018092105263157895
1 0.6059941520467836 0.7774122807017544 0.01827485380116959 0.02412280701754386
1 0.5771198830409356 0.7919407894736842 0.017543859649122806 0.016995614035087717
1 0.39071637426900585 0.7952302631578947 0.02266081871345029 0.0268640350877193
1 0.35508040935672514 0.7900219298245613 0.019371345029239765 0.03618421052631579
1 0.32328216374269003 0.7900219298245613 0.0222953216374269 0.02412280701754386
1 0.26955409356725146 0.8119517543859649 0.01864035087719298 0.02412280701754386
1 0.2134502923976608 0.7924890350877193 0.029239766081871343 0.0400219298245614
1 0.191703216374269 0.7941337719298245 0.01864035087719298 0.02796052631578947
1 0.3013523391812865 0.9468201754385964 0.029605263157894735 0.049342105263157895
1 0.4714912280701754 0.9199561403508771 0.014619883040935672 0.03618421052631579
1 0.5332602339181286 0.9251644736842105 0.01827485380116959 0.043311403508771926
1 0.5663377192982456 0.9385964912280701 0.031067251461988302 0.05592105263157894
1 0.5818713450292398 0.90625 0.029239766081871343 0.03289473684210526
1 0.6416301169590642 0.931469298245614 0.03399122807017543 0.042763157894736836
1 0.6692251461988303 0.9550438596491228 0.02046783625730994 0.03508771929824561
1 0.7138157894736842 0.941611842105263 0.03216374269005848 0.0400219298245614
1 0.7540204678362573 0.9509320175438596 0.029970760233918127 0.05317982456140351
1 0.7715643274853801 0.9898574561403508 0.029970760233918127 0.020285087719298246
1 0.7001096491228069 0.9824561403508771 0.05153508771929824 0.03508771929824561
1 0.5751096491228069 0.984375 0.029605263157894735 0.03125
1 0.3994883040935672 0.9868421052631579 0.02850877192982456 0.02631578947368421
1 0.26955409356725146 0.9862938596491228 0.0442251461988304 0.027412280701754384
