1 0.625 0.5290570175438596 0.027046783625730993 0.03070175438596491
1 0.5855263157894737 0.4994517543859649 0.021929824561403508 0.043859649122807015
1 0.5493421052631579 0.5005482456140351 0.013888888888888888 0.023026315789473683
1 0.4990862573099415 0.49972587719298245 0.013523391812865496 0.016995614035087717
1 0.4234283625730994 0.5150767543859649 0.01644736842105263 0.0268640350877193
1 0.3994883040935672 0.5112390350877193 0.013157894736842105 0.022478070175438597
1 0.3636695906432748 0.5120614035087719 0.01608187134502924 0.03289473684210526
1 0.3516081871345029 0.5098684210526315 0.027046783625730993 0.029605263157894735
1 0.31304824561403505 0.522203947368421 0.017909356725146198 0.02357456140350877
1 0.2534722222222222 0.5180921052631579 0.017909356725146198 0.017543859649122806
1 0.22807017543859648 0.5158991228070176 0.015350877192982455 0.02631578947368421
1 0.19389619883040934 0.5197368421052632 0.017909356725146198 0.021929824561403508
1 0.1732456140350877 0.5180921052631579 0.024853801169590642 0.027412280701754384
1 0.1023391812865497 0.5271381578947368 0.02631578947368421 0.0356359649122807
1 0.06798245614035087 0.5375548245614035 0.029239766081871343 0.02576754385964912
1 0.02010233918128655 0.5984100877192983 0.035818713450292396 0.03125
1 0.03216374269005848 0.8083881578947368 0.03435672514619883 0.0400219298245614
1 0.8379020467836257 0.8818530701754386 0.02010233918128655 0.03344298245614035
1 0.9888523391812865 0.8083881578947368 0.0222953216374269 0.0400219298245614
