1 0.45559210526315785 0.3527960526315789 0.013523391812865496 0.03125
1 0.41154970760233917 0.35663377192982454 0.021198830409356724 0.0268640350877193
1 0.356359649122807 0.3577302631578947 0.010964912280701754 0.021381578947368418
1 0.320906432748538 0.3588267543859649 0.021929824561403508 0.02905701754385965
1 0.2909356725146199 0.37088815789473684 0.02046783625730994 0.022478070175438597
1 0.19298245614035087 0.35800438596491224 0.021198830409356724 0.027412280701754384
1 0.1600877192982456 0.36622807017543857 0.02631578947368421 0.03289473684210526
1 0.12298976608187134 0.3771929824561403 0.02887426900584795 0.02412280701754386
1 0.06597222222222222 0.3769188596491228 0.023757309941520467 0.0268640350877193
1 0.005847953216374269 0.3908991228070175 0.009502923976608187 0.015350877192982455
1 0.15021929824561403 0.6655701754385964 0.043859649122807015 0.0800438596491228
1 0.19535818713450293 0.669407894736842 0.0222953216374269 0.01864035087719298
1 0.41154970760233917 0.8870614035087718 0.017543859649122806 0.03070175438596491
1 0.35508040935672514 0.903782894736842 0.01206140350877193 0.018092105263157895
1 0.6600877192982456 0.07319078947368421 0.038011695906432746 0.043311403508771926
1 0.7622441520467835 0.06469298245614034 0.0222953216374269 0.038377192982456135
1 0.7923976608187134 0.3684210526315789 0.027777777777777776 0.06030701754385964
1 0.7567616959064327 0.38925438596491224 0.0398391812865497 0.03289473684210526
1 0.7479897660818713 0.4709429824561403 0.03179824561403509 0.049342105263157895
1 0.7015716374269005 0.48492324561403505 0.03618421052631579 0.04989035087719298
1 0.658625730994152 0.44435307017543857 0.033625730994152045 0.05975877192982456
1 0.9296418128654971 0.4465460526315789 0.035453216374269 0.0356359649122807
1 0.9722222222222222 0.45614035087719296 0.029970760233918127 0.044956140350877194
1 0.8565423976608186 0.7472587719298245 0.04057017543859649 0.08552631578947367
