1 0.05281432748538011 0.12554824561403508 0.0266812865497076 0.0537280701754386
1 0.14656432748538012 0.08799342105263157 0.041666666666666664 0.07072368421052631
1 0.17708333333333331 0.02768640350877193 0.04057017543859649 0.05427631578947368
1 0.0796783625730994 0.21052631578947367 0.03070175438596491 0.041666666666666664
1 0.021564327485380116 0.3374451754385965 0.015350877192982455 0.018092105263157895
1 0.17141812865497075 0.30838815789473684 0.02412280701754386 0.03782894736842105
1 0.2891081871345029 0.08086622807017543 0.027046783625730993 0.02357456140350877
1 0.4292763157894737 0.058936403508771926 0.04203216374269006 0.05208333333333333
1 0.4815423976608187 0.021929824561403508 0.038377192982456135 0.03179824561403509
1 0.7108918128654971 0.033717105263157895 0.043859649122807015 0.06524122807017543
1 0.7255116959064327 0.15158991228070173 0.016812865497076022 0.03015350877192982
1 0.6611842105263157 0.1381578947368421 0.008771929824561403 0.025219298245614034
1 0.5791301169590642 0.171875 0.027412280701754384 0.03015350877192982
1 0.5425804093567251 0.14089912280701752 0.03033625730994152 0.02850877192982456
1 0.502375730994152 0.14089912280701752 0.01425438596491228 0.02850877192982456
1 0.813048245614035 0.2637061403508772 0.031067251461988302 0.04057017543859649
1 0.7134502923976608 0.3771929824561403 0.021198830409356724 0.03070175438596491
1 0.6065423976608186 0.3834978070175438 0.025219298245614034 0.038925438596491224
1 0.5645102339181286 0.3867872807017544 0.029605263157894735 0.041118421052631575
1 0.4672880116959064 0.3996710526315789 0.01644736842105263 0.03289473684210526
1 0.2949561403508772 0.25246710526315785 0.021929824561403508 0.0400219298245614
1 0.2578581871345029 0.28097587719298245 0.014985380116959063 0.015899122807017545
1 0.11823830409356724 0.42160087719298245 0.03033625730994152 0.04057017543859649
1 0.25529970760233917 0.4295504385964912 0.027412280701754384 0.03234649122807017
1 0.2891081871345029 0.4174890350877193 0.027046783625730993 0.05098684210526316
1 0.3225511695906433 0.412828947368421 0.02448830409356725 0.04057017543859649
1 0.4009502923976608 0.4114583333333333 0.01827485380116959 0.02796052631578947
1 0.7456140350877193 0.48876096491228066 0.031432748538011694 0.046600877192982455
1 0.7236842105263157 0.49616228070175433 0.025584795321637425 0.043859649122807015
1 0.6699561403508771 0.5137061403508771 0.029239766081871343 0.04057017543859649
1 0.6074561403508771 0.537828947368421 0.029970760233918127 0.038377192982456135
1 0.5467836257309941 0.5271381578947368 0.02631578947368421 0.044407894736842105
1 0.5164473684210527 0.5452302631578947 0.027777777777777776 0.043311403508771926
1 0.4926900584795321 0.5317982456140351 0.02046783625730994 0.04057017543859649
1 0.3921783625730994 0.5002741228070176 0.016812865497076022 0.0356359649122807
1 0.25091374269005845 0.5084978070175439 0.03326023391812866 0.03344298245614035
1 0.21929824561403508 0.5668859649122807 0.019736842105263157 0.03070175438596491
1 0.12207602339181287 0.5627741228070176 0.02266081871345029 0.022478070175438597
1 0.17489035087719298 0.678453947368421 0.038377192982456135 0.043311403508771926
1 0.23008040935672514 0.6790021929824561 0.029605263157894735 0.022478070175438597
1 0.3501461988304093 0.6499451754385964 0.01608187134502924 0.03125
1 0.5082236842105263 0.6493969298245613 0.027412280701754384 0.03782894736842105
1 0.5391081871345029 0.647203947368421 0.029970760233918127 0.06195175438596491
1 0.6215277777777778 0.6587171052631579 0.03326023391812866 0.05537280701754386
1 0.7079678362573099 0.631578947368421 0.016812865497076022 0.03618421052631579
1 0.7284356725146198 0.7415021929824561 0.031432748538011694 0.044407894736842105
1 0.7046783625730993 0.7521929824561403 0.029239766081871343 0.02631578947368421
1 0.6416301169590642 0.7730263157894737 0.0266812865497076 0.044956140350877194
1 0.6038011695906432 0.7563048245614035 0.021929824561403508 0.0400219298245614
1 0.5508040935672515 0.7902960526315789 0.03070175438596491 0.0400219298245614
1 0.5230263157894737 0.7415021929824561 0.01827485380116959 0.0356359649122807
1 0.5005482456140351 0.7930372807017544 0.04057017543859649 0.045504385964912276
1 0.46582602339181284 0.7434210526315789 0.02448830409356725 0.04057017543859649
1 0.42489035087719296 0.7774122807017544 0.023757309941520467 0.04057017543859649
1 0.387609649122807 0.7415021929824561 0.03691520467836257 0.04989035087719298
1 0.375 0.7754934210526315 0.02850877192982456 0.03673245614035087
1 0.3369883040935672 0.747532894736842 0.027777777777777776 0.038925438596491224
1 0.30080409356725146 0.7905701754385964 0.02266081871345029 0.044956140350877194
1 0.27832602339181284 0.8031798245614035 0.017909356725146198 0.03508771929824561
1 0.23391812865497075 0.7637061403508771 0.029239766081871343 0.049342105263157895
1 0.21290204678362573 0.7902960526315789 0.017178362573099414 0.0268640350877193
1 0.164656432748538 0.7741228070175438 0.03399122807017543 0.046052631578947366
1 0.12755847953216373 0.8283991228070176 0.03289473684210526 0.044956140350877194
1 0.1684941520467836 0.9262609649122806 0.041666666666666664 0.0805921052631579
1 0.20760233918128654 0.909265350877193 0.04239766081871345 0.048793859649122806
1 0.2578581871345029 0.9040570175438596 0.04057017543859649 0.06469298245614034
1 0.3013523391812865 0.8974780701754386 0.04641812865497076 0.0756578947368421
1 0.3368055555555555 0.9040570175438596 0.05226608187134503 0.05263157894736842
1 0.37993421052631576 0.9024122807017544 0.0398391812865497 0.0537280701754386
1 0.41154970760233917 0.888157894736842 0.04239766081871345 0.0581140350877193
1 0.4438961988304093 0.8903508771929824 0.04057017543859649 0.05701754385964912
1 0.48245614035087714 0.900219298245614 0.059941520467836254 0.07675438596491227
1 0.5184576023391813 0.897203947368421 0.04203216374269006 0.06743421052631579
1 0.5455043859649122 0.8977521929824561 0.05007309941520467 0.0805921052631579
1 0.5824195906432749 0.8826754385964912 0.049342105263157895 0.07017543859649122
1 0.6153143274853801 0.8700657894736842 0.04788011695906433 0.05482456140350877
1 0.6509502923976608 0.8728070175438596 0.04532163742690058 0.0581140350877193
1 0.6831140350877193 0.8640350877192982 0.04751461988304093 0.0800438596491228
1 0.7236842105263157 0.8670504385964912 0.03728070175438596 0.07182017543859649
1 0.7669956140350876 0.8884320175438596 0.049342105263157895 0.05317982456140351
1 0.7105263157894737 0.987390350877193 0.0445906432748538 0.025219298245614034
1 0.566703216374269 0.9945175438596491 0.01864035087719298 0.010964912280701754
1 0.49652777777777773 0.9871162280701754 0.025950292397660817 0.02576754385964912
1 0.8267543859649122 0.04029605263157895 0.012426900584795321 0.0268640350877193
1 0.8799342105263157 0.046875 0.01644736842105263 0.0268640350877193
1 0.9177631578947368 0.03673245614035087 0.01608187134502924 0.029605263157894735
1 0.9453581871345029 0.024671052631578948 0.006944444444444444 0.021929824561403508
1 0.995796783625731 0.013706140350877192 0.008406432748538011 0.02631578947368421
1 0.8271198830409356 0.16365131578947367 0.019005847953216373 0.02905701754385965
1 0.8715277777777777 0.23739035087719296 0.029605263157894735 0.046052631578947366
1 0.9205043859649122 0.27110745614035087 0.04057017543859649 0.06085526315789473
1 0.9851973684210525 0.25 0.029605263157894735 0.044956140350877194
1 0.97953216374269 0.37362938596491224 0.04093567251461988 0.06085526315789473
1 0.9287280701754386 0.3933662280701754 0.01608187134502924 0.03125
1 0.8432017543859649 0.515625 0.007309941520467836 0.015899122807017545
1 0.875548245614035 0.5134320175438596 0.017178362573099414 0.013706140350877192
1 0.9155701754385964 0.4915021929824561 0.00804093567251462 0.018092105263157895
1 0.9448099415204678 0.4671052631578947 0.009502923976608187 0.017543859649122806
1 0.9713084795321637 0.5021929824561403 0.01864035087719298 0.03289473684210526
1 0.8379020467836257 0.8747258771929824 0.01206140350877193 0.012609649122807017
1 0.8828581871345029 0.8665021929824561 0.009868421052631578 0.018092105263157895
1 0.9550438596491228 0.8615679824561403 0.007309941520467836 0.015899122807017545
1 0.9956140350877193 0.865953947368421 0.008771929824561403 0.015899122807017545
1 0.8574561403508771 0.9813596491228069 0.03874269005847953 0.03728070175438596
