1 0.045504385964912276 0.009046052631578948 0.014985380116959063 0.014802631578947368
1 0.1153143274853801 0.011239035087719298 0.01206140350877193 0.020285087719298246
1 0.15752923976608185 0.00932017543859649 0.014619883040935672 0.017543859649122806
1 0.5297880116959064 0.09923245614035087 0.0222953216374269 0.042763157894736836
1 0.40625 0.09868421052631579 0.019371345029239765 0.03618421052631579
1 0.34429824561403505 0.1006030701754386 0.019005847953216373 0.0356359649122807
1 0.25 0.10663377192982455 0.019736842105263157 0.0356359649122807
1 0.15533625730994152 0.12911184210526316 0.02046783625730994 0.0268640350877193
1 0.12207602339181287 0.1181469298245614 0.01023391812865497 0.03015350877192982
1 0.09283625730994152 0.12472587719298245 0.015350877192982455 0.03782894736842105
1 0.10508040935672514 0.20531798245614033 0.042763157894736836 0.0356359649122807
1 0.14400584795321636 0.21244517543859648 0.027777777777777776 0.046600877192982455
1 0.21875 0.1894188596491228 0.03326023391812866 0.05646929824561403
1 0.24561403508771928 0.17160087719298245 0.029970760233918127 0.05263157894736842
1 0.2880116959064327 0.18612938596491227 0.02631578947368421 0.05975877192982456
1 0.3262061403508772 0.18092105263157893 0.025950292397660817 0.0581140350877193
1 0.38523391812865493 0.20394736842105263 0.017543859649122806 0.02412280701754386
1 0.42141812865497075 0.17242324561403508 0.019736842105263157 0.02905701754385965
1 0.4438961988304093 0.18311403508771928 0.025219298245614034 0.049342105263157895
1 0.4809941520467836 0.1699561403508772 0.019736842105263157 0.04057017543859649
1 0.5034722222222222 0.17708333333333331 0.02448830409356725 0.041666666666666664
1 0.5537280701754386 0.16173245614035087 0.027777777777777776 0.03289473684210526
1 0.5455043859649122 0.3215460526315789 0.019371345029239765 0.03125
1 0.5049342105263157 0.3177083333333333 0.013523391812865496 0.014802631578947368
1 0.4576023391812865 0.2963267543859649 0.017543859649122806 0.0268640350877193
1 0.3472222222222222 0.30126096491228066 0.01608187134502924 0.02905701754385965
1 0.302266081871345 0.31935307017543857 0.010964912280701754 0.011513157894736841
1 0.2563961988304093 0.3125 0.009137426900584795 0.023026315789473683
1 0.1513157894736842 0.31496710526315785 0.011695906432748537 0.02905701754385965
1 0.12774122807017543 0.3275767543859649 0.006944444444444444 0.018092105263157895
1 0.10380116959064327 0.32593201754385964 0.013157894736842105 0.02357456140350877
1 0.012792397660818713 0.4355811403508772 0.02412280701754386 0.0268640350877193
1 0.043859649122807015 0.4292763157894737 0.01608187134502924 0.029605263157894735
1 0.0800438596491228 0.4202302631578947 0.016812865497076022 0.03782894736842105
1 0.10489766081871345 0.44709429824561403 0.014619883040935672 0.021381578947368418
1 0.15186403508771928 0.4290021929824561 0.019371345029239765 0.0268640350877193
1 0.1734283625730994 0.5175438596491228 0.03326023391812866 0.0581140350877193
1 0.18841374269005848 0.42160087719298245 0.013523391812865496 0.01864035087719298
1 0.21637426900584794 0.4396929824561403 0.011695906432748537 0.02631578947368421
1 0.2534722222222222 0.4331140350877193 0.01864035087719298 0.025219298245614034
1 0.283625730994152 0.4152960526315789 0.019736842105263157 0.0268640350877193
1 0.34484649122807015 0.4070723684210526 0.011330409356725146 0.03453947368421052
1 0.3843201754385965 0.4081688596491228 0.011330409356725146 0.02576754385964912
1 0.4161184210526316 0.40871710526315785 0.01425438596491228 0.024671052631578948
1 0.45211988304093564 0.3867872807017544 0.019736842105263157 0.03125
1 0.49707602339181284 0.390625 0.01827485380116959 0.022478070175438597
1 0.549890350877193 0.4136513157894737 0.01644736842105263 0.03125
1 0.5204678362573099 0.42872807017543857 0.019005847953216373 0.021929824561403508
1 0.4815423976608187 0.53125 0.021564327485380116 0.03728070175438596
1 0.2797880116959064 0.5298793859649122 0.01206140350877193 0.020285087719298246
1 0.18457602339181287 0.5496162280701754 0.023391812865497075 0.041118421052631575
1 0.11421783625730994 0.5671600877192983 0.038377192982456135 0.0356359649122807
1 0.09612573099415204 0.5625 0.01827485380116959 0.029605263157894735
1 0.04203216374269006 0.6518640350877193 0.041666666666666664 0.0668859649122807
1 0.2982456140350877 0.6291118421052632 0.01827485380116959 0.05975877192982456
1 0.3329678362573099 0.631578947368421 0.01608187134502924 0.019736842105263157
1 0.39053362573099415 0.6414473684210525 0.04788011695906433 0.04824561403508772
1 0.4263523391812865 0.6230811403508771 0.029605263157894735 0.05317982456140351
1 0.508406432748538 0.6343201754385964 0.049707602339181284 0.0668859649122807
1 0.34466374269005845 0.7568530701754386 0.01608187134502924 0.022478070175438597
1 0.31341374269005845 0.768640350877193 0.029605263157894735 0.046052631578947366
1 0.26571637426900585 0.7889254385964912 0.023391812865497075 0.03618421052631579
1 0.23008040935672514 0.7823464912280701 0.017909356725146198 0.03399122807017543
1 0.1684941520467836 0.7902960526315789 0.029239766081871343 0.0268640350877193
1 0.1299342105263158 0.794407894736842 0.023757309941520467 0.03179824561403509
1 0.10160818713450293 0.7966008771929824 0.012426900584795321 0.04714912280701754
1 0.11476608187134502 0.8996710526315789 0.02631578947368421 0.03179824561403509
1 0.15423976608187134 0.925986842105263 0.02412280701754386 0.044956140350877194
1 0.17927631578947367 0.894736842105263 0.0398391812865497 0.041666666666666664
1 0.32766812865497075 0.8752741228070174 0.023757309941520467 0.044407894736842105
1 0.36257309941520466 0.8667763157894737 0.02046783625730994 0.06140350877192982
1 0.39016812865497075 0.8818530701754386 0.028143274853801168 0.0356359649122807
1 0.44279970760233917 0.8848684210526315 0.039108187134502925 0.044956140350877194
1 0.47404970760233917 0.8621162280701754 0.04751461988304093 0.022478070175438597
1 0.5244883040935672 0.8804824561403508 0.021198830409356724 0.044956140350877194
1 0.5464181286549707 0.8771929824561403 0.021929824561403508 0.05263157894736842
1 0.5635964912280701 0.8840460526315789 0.031432748538011694 0.0400219298245614
1 0.45211988304093564 0.9950657894736842 0.023391812865497075 0.009868421052631578
1 0.3788377192982456 0.9857456140350876 0.055190058479532164 0.02850877192982456
1 0.54203216374269 0.9799890350877193 0.06798245614035087 0.0400219298245614
1 0.939875730994152 0.0581140350877193 0.028143274853801168 0.03399122807017543
1 0.8843201754385964 0.04029605263157895 0.028143274853801168 0.0400219298245614
1 0.8364400584795321 0.07346491228070175 0.0222953216374269 0.06359649122807018
1 0.7552997076023391 0.0756578947368421 0.02887426900584795 0.03179824561403509
1 0.6875 0.0956688596491228 0.00804093567251462 0.019188596491228067
1 0.6542397660818713 0.2099780701754386 0.029239766081871343 0.044956140350877194
1 0.7240497076023391 0.17023026315789472 0.043859649122807015 0.03673245614035087
1 0.7660818713450293 0.16091008771929824 0.019005847953216373 0.03125
1 0.8393640350877193 0.17406798245614033 0.029605263157894735 0.05098684210526316
1 0.8550804093567251 0.16557017543859648 0.02010233918128655 0.0625
1 0.9713084795321637 0.23163377192982454 0.03618421052631579 0.06085526315789473
1 0.9415204678362572 0.23273026315789472 0.0533625730994152 0.05646929824561403
1 0.9234283625730993 0.2563048245614035 0.06030701754385964 0.07510964912280702
1 0.8735380116959064 0.25 0.025584795321637425 0.03728070175438596
1 0.8134137426900584 0.22779605263157893 0.059576023391812866 0.06414473684210525
1 0.7867324561403508 0.27658991228070173 0.055190058479532164 0.06304824561403509
1 0.7269736842105263 0.26535087719298245 0.035818713450292396 0.020833333333333332
1 0.6445540935672515 0.2831688596491228 0.01864035087719298 0.0268640350877193
1 0.8505116959064327 0.3887061403508772 0.04751461988304093 0.06469298245614034
1 0.9541301169590642 0.365953947368421 0.0398391812865497 0.06414473684210525
1 0.9385964912280701 0.503015350877193 0.021929824561403508 0.020285087719298246
1 0.8998538011695906 0.4917763157894737 0.02046783625730994 0.03728070175438596
1 0.8501461988304093 0.4956140350877193 0.021929824561403508 0.03399122807017543
1 0.8159722222222222 0.4956140350877193 0.017909356725146198 0.021929824561403508
1 0.7861842105263157 0.4890350877192982 0.01608187134502924 0.019736842105263157
1 0.7549342105263157 0.484375 0.020833333333333332 0.041118421052631575
1 0.6626461988304093 0.5183662280701754 0.03289473684210526 0.02905701754385965
1 0.7046783625730993 0.6167763157894737 0.021929824561403508 0.043859649122807015
1 0.7593201754385964 0.628015350877193 0.05226608187134503 0.043311403508771926
1 0.7978801169590642 0.5849780701754386 0.02046783625730994 0.043859649122807015
1 0.7978801169590642 0.6228070175438596 0.027046783625730993 0.04057017543859649
1 0.844298245614035 0.625 0.027777777777777776 0.049342105263157895
1 0.8676900584795321 0.6252741228070176 0.024853801169590642 0.05317982456140351
1 0.893640350877193 0.6099232456140351 0.03070175438596491 0.048793859649122806
1 0.958516081871345 0.6162280701754386 0.042763157894736836 0.042763157894736836
1 0.9925073099415204 0.5896381578947368 0.014985380116959063 0.0400219298245614
1 0.7227704678362573 0.7510964912280701 0.038377192982456135 0.04714912280701754
1 0.7563961988304093 0.7321820175438596 0.039108187134502925 0.05646929824561403
1 0.8192616959064327 0.743969298245614 0.04568713450292397 0.0537280701754386
1 0.8432017543859649 0.7118969298245613 0.027777777777777776 0.02905701754385965
1 0.8832236842105262 0.7316337719298245 0.031067251461988302 0.02796052631578947
1 0.9057017543859649 0.7472587719298245 0.029239766081871343 0.03728070175438596
1 0.987390350877193 0.7173793859649122 0.025219298245614034 0.05975877192982456
1 0.9517543859649122 0.8484100877192982 0.021198830409356724 0.02905701754385965
1 0.9928728070175438 0.8667763157894737 0.01425438596491228 0.01864035087719298
1 0.9263523391812865 0.872532894736842 0.025950292397660817 0.02796052631578947
1 0.90625 0.8401864035087718 0.0222953216374269 0.02576754385964912
1 0.7783260233918128 0.844298245614035 0.023757309941520467 0.021929824561403508
1 0.737390350877193 0.8667763157894737 0.01864035087719298 0.019736842105263157
1 0.7392178362573099 0.9953399122807017 0.025950292397660817 0.00932017543859649
1 0.8516081871345029 0.9509320175438596 0.043859649122807015 0.0400219298245614
1 0.864766081871345 0.9794407894736842 0.041666666666666664 0.041118421052631575
1 0.9179459064327485 0.9243421052631579 0.04057017543859649 0.0537280701754386
1 0.9766081871345029 0.9654605263157894 0.04678362573099415 0.06907894736842105
1 0.9384137426900584 0.9575109649122806 0.04349415204678363 0.06195175438596491
