1 0.025950292397660817 0.2741228070175438 0.016812865497076022 0.03508771929824561
1 0.03618421052631579 0.38048245614035087 0.016812865497076022 0.029605263157894735
1 0.05610380116959064 0.5043859649122807 0.02010233918128655 0.03179824561403509
1 0.04239766081871345 0.581140350877193 0.01023391812865497 0.02631578947368421
1 0.3029970760233918 0.28152412280701755 0.014619883040935672 0.0268640350877193
1 0.4365862573099415 0.2606907894736842 0.010599415204678362 0.02796052631578947
1 0.46984649122807015 0.14802631578947367 0.0222953216374269 0.02412280701754386
1 0.5409356725146198 0.2464364035087719 0.021929824561403508 0.02796052631578947
1 0.54203216374269 0.22286184210526314 0.017543859649122806 0.02905701754385965
1 0.57328216374269 0.13898026315789472 0.023026315789473683 0.0268640350877193
1 0.59375 0.22779605263157893 0.010599415204678362 0.022478070175438597
1 0.6416301169590642 0.13596491228070173 0.03326023391812866 0.043859649122807015
1 0.6602704678362573 0.23218201754385964 0.023757309941520467 0.02576754385964912
1 0.6975511695906432 0.34429824561403505 0.025950292397660817 0.03070175438596491
1 0.8505116959064327 0.2617872807017544 0.017543859649122806 0.03015350877192982
1 0.8821271929824561 0.12719298245614036 0.01864035087719298 0.019736842105263157
1 0.9798976608187134 0.4558662280701754 0.019736842105263157 0.019188596491228067
1 0.9351242690058479 0.4671052631578947 0.013523391812865496 0.021929824561403508
1 0.906798245614035 0.4533991228070175 0.021198830409356724 0.02631578947368421
1 0.8086622807017544 0.4512061403508772 0.013523391812865496 0.021929824561403508
1 0.7666301169590642 0.48218201754385964 0.01644736842105263 0.02357456140350877
1 0.6895102339181286 0.4865679824561403 0.028143274853801168 0.024671052631578948
1 0.5957602339181286 0.4709429824561403 0.021198830409356724 0.03179824561403509
1 0.5544590643274854 0.38185307017543857 0.014619883040935672 0.022478070175438597
1 0.49360380116959063 0.5005482456140351 0.0222953216374269 0.03070175438596491
1 0.4360380116959064 0.4780701754385965 0.016812865497076022 0.02412280701754386
1 0.3706140350877193 0.3889802631578947 0.017543859649122806 0.03015350877192982
1 0.36330409356725146 0.4558662280701754 0.02046783625730994 0.03125
1 0.3072002923976608 0.5139802631578947 0.019371345029239765 0.0356359649122807
1 0.2894736842105263 0.6074561403508771 0.01023391812865497 0.013157894736842105
1 0.22843567251461988 0.38843201754385964 0.011695906432748537 0.024671052631578948
1 0.1513157894736842 0.48410087719298245 0.017543859649122806 0.02412280701754386
1 0.18841374269005848 0.581140350877193 0.017178362573099414 0.01644736842105263
1 0.8379020467836257 0.5603070175438596 0.019371345029239765 0.010964912280701754
1 0.8770102339181286 0.6965460526315789 0.029605263157894735 0.0268640350877193
1 0.9850146198830408 0.8930921052631579 0.029970760233918127 0.03070175438596491
1 0.84375 0.8708881578947368 0.027412280701754384 0.0356359649122807
1 0.8042763157894737 0.8681469298245613 0.020833333333333332 0.0268640350877193
1 0.7046783625730993 0.7946820175438596 0.016812865497076022 0.024671052631578948
1 0.5230263157894737 0.7996162280701754 0.013157894736842105 0.018092105263157895
1 0.47368421052631576 0.8125 0.015350877192982455 0.017543859649122806
1 0.4190423976608187 0.7724780701754386 0.013523391812865496 0.019736842105263157
1 0.1997441520467836 0.7990679824561403 0.007675438596491228 0.019188596491228067
1 0.027412280701754384 0.8081140350877193 0.015350877192982455 0.02412280701754386
