1 0.6451023391812866 0.9106359649122806 0.02412280701754386 0.042763157894736836
1 0.6816520467836257 0.731907894736842 0.02850877192982456 0.05153508771929824
1 0.4322002923976608 0.6987390350877193 0.0266812865497076 0.041118421052631575
1 0.41118421052631576 0.7308114035087719 0.01827485380116959 0.03070175438596491
1 0.377375730994152 0.7434210526315789 0.034722222222222224 0.0537280701754386
1 0.3086622807017544 0.7330043859649122 0.02010233918128655 0.04057017543859649
1 0.25548245614035087 0.7212171052631579 0.019736842105263157 0.05098684210526316
1 0.21966374269005848 0.8396381578947368 0.027777777777777776 0.046600877192982455
1 0.20650584795321636 0.7250548245614035 0.027046783625730993 0.06085526315789473
1 0.191703216374269 0.7387609649122807 0.039108187134502925 0.04989035087719298
1 0.160453216374269 0.7442434210526315 0.021929824561403508 0.044407894736842105
1 0.12006578947368421 0.7327302631578947 0.0398391812865497 0.06743421052631579
1 0.03380847953216374 0.7198464912280701 0.01206140350877193 0.02850877192982456
1 0.8472222222222222 0.8218201754385964 0.033625730994152045 0.0625
1 0.9097222222222222 0.8390899122807017 0.03654970760233918 0.05537280701754386
1 0.9809941520467835 0.8366228070175438 0.027046783625730993 0.021929824561403508
1 0.6547880116959064 0.13267543859649122 0.015716374269005847 0.029605263157894735
1 0.6008771929824561 0.14281798245614033 0.02046783625730994 0.03453947368421052
1 0.556469298245614 0.25109649122807015 0.023026315789473683 0.05153508771929824
1 0.5137061403508771 0.23410087719298245 0.03691520467836257 0.0581140350877193
1 0.5464181286549707 0.1299342105263158 0.015350877192982455 0.03508771929824561
1 0.5116959064327485 0.13486842105263158 0.015350877192982455 0.041666666666666664
1 0.46290204678362573 0.11650219298245613 0.01864035087719298 0.03125
1 0.3603801169590643 0.1581688596491228 0.019005847953216373 0.03344298245614035
1 0.31779970760233917 0.12143640350877193 0.01206140350877193 0.021381578947368418
1 0.23775584795321636 0.1162280701754386 0.05665204678362573 0.0712719298245614
1 0.2666301169590643 0.18146929824561403 0.01644736842105263 0.02412280701754386
1 0.14309210526315788 0.15213815789473684 0.014985380116959063 0.03344298245614035
1 0.08388157894736842 0.25 0.05226608187134503 0.05921052631578947
