1 0.5922880116959064 0.13843201754385964 0.009137426900584795 0.018092105263157895
1 0.21875 0.25493421052631576 0.05592105263157894 0.09429824561403508
1 0.5350877192982456 0.3549890350877193 0.039473684210526314 0.05317982456140351
1 0.6451023391812866 0.4465460526315789 0.03216374269005848 0.03344298245614035
1 0.21198830409356723 0.4876644736842105 0.013888888888888888 0.045504385964912276
1 0.22861842105263155 0.48684210526315785 0.027412280701754384 0.044956140350877194
1 0.26937134502923976 0.4934210526315789 0.02046783625730994 0.02412280701754386
1 0.29934210526315785 0.48163377192982454 0.006578947368421052 0.012609649122807017
1 0.6421783625730993 0.5792214912280701 0.02850877192982456 0.043311403508771926
1 0.5376461988304093 0.5896381578947368 0.027777777777777776 0.03125
1 0.3994883040935672 0.6044407894736842 0.02046783625730994 0.019188596491228067
1 0.25493421052631576 0.6025219298245613 0.0266812865497076 0.03618421052631579
1 0.1421783625730994 0.6099232456140351 0.01608187134502924 0.013706140350877192
1 0.16557017543859648 0.6186951754385964 0.017543859649122806 0.013706140350877192
1 0.09027777777777778 0.6052631578947368 0.014619883040935672 0.017543859649122806
1 0.07766812865497076 0.7025767543859649 0.032529239766081866 0.04769736842105263
1 0.21582602339181287 0.703125 0.035453216374269 0.05098684210526316
1 0.18841374269005848 0.7302631578947368 0.02448830409356725 0.019736842105263157
1 0.2637061403508772 0.7165570175438596 0.034722222222222224 0.05043859649122807
1 0.2913011695906433 0.6609100877192982 0.023391812865497075 0.0400219298245614
1 0.33059210526315785 0.6836622807017544 0.010599415204678362 0.03179824561403509
1 0.3711622807017544 0.7014802631578947 0.031067251461988302 0.05866228070175438
1 0.427266081871345 0.7077850877192982 0.03435672514619883 0.06030701754385964
1 0.5350877192982456 0.6959978070175438 0.03728070175438596 0.06085526315789473
1 0.5619517543859649 0.6962719298245613 0.03326023391812866 0.05263157894736842
1 0.5493421052631579 0.8086622807017544 0.016812865497076022 0.023026315789473683
1 0.41447368421052627 0.8234649122807017 0.02046783625730994 0.03618421052631579
1 0.33187134502923976 0.825657894736842 0.017543859649122806 0.02631578947368421
1 0.28691520467836257 0.8083881578947368 0.008771929824561403 0.015899122807017545
1 0.2538377192982456 0.8470394736842105 0.035453216374269 0.04824561403508772
1 0.22404970760233917 0.8166118421052632 0.023391812865497075 0.038925438596491224
1 0.16904239766081872 0.819078947368421 0.028143274853801168 0.039473684210526314
1 0.06889619883040936 0.859375 0.017909356725146198 0.020285087719298246
1 0.14583333333333331 0.8336074561403508 0.019005847953216373 0.0356359649122807
1 0.08406432748538012 0.9459978070175438 0.05482456140350877 0.05756578947368421
1 0.13176169590643275 0.9358552631578947 0.020833333333333332 0.03179824561403509
1 0.17489035087719298 0.9599780701754386 0.044956140350877194 0.06907894736842105
1 0.33534356725146197 0.9375 0.048611111111111105 0.06469298245614034
1 0.4089912280701754 0.9512061403508771 0.03654970760233918 0.0581140350877193
1 0.43512426900584794 0.9059758771929824 0.04349415204678363 0.03234649122807017
1 0.5400219298245613 0.9057017543859649 0.05007309941520467 0.0625
1 0.6052631578947368 0.9281798245614035 0.023391812865497075 0.03728070175438596
1 0.7002923976608186 0.813048245614035 0.04312865497076023 0.049342105263157895
1 0.6924342105263157 0.9756030701754386 0.023757309941520467 0.048793859649122806
1 0.7613304093567251 0.9018640350877193 0.049707602339181284 0.08442982456140351
1 0.7134502923976608 0.5942982456140351 0.03435672514619883 0.02631578947368421
1 0.7792397660818713 0.15844298245614033 0.024853801169590642 0.03179824561403509
1 0.9144736842105262 0.10142543859649122 0.03874269005847953 0.05153508771929824
1 0.995796783625731 0.10992324561403508 0.008406432748538011 0.03125
1 0.79203216374269 0.2552083333333333 0.02266081871345029 0.02357456140350877
1 0.8174342105263157 0.2563048245614035 0.023757309941520467 0.02357456140350877
1 0.6840277777777778 0.4550438596491228 0.025219298245614034 0.03618421052631579
1 0.8788377192982456 0.6853070175438596 0.03326023391812866 0.09100877192982455
1 0.783625730994152 0.7930372807017544 0.049707602339181284 0.05866228070175438
1 0.8251096491228069 0.8083881578947368 0.035453216374269 0.06304824561403509
1 0.862390350877193 0.7911184210526315 0.0442251461988304 0.06140350877192982
1 0.8861476608187134 0.7924890350877193 0.039108187134502925 0.05317982456140351
1 0.8916301169590642 0.9945175438596491 0.021564327485380116 0.010964912280701754
