1 0.5067616959064327 0.1606359649122807 0.027412280701754384 0.041666666666666664
1 0.2880116959064327 0.4309210526315789 0.021929824561403508 0.03399122807017543
1 0.3364400584795321 0.41173245614035087 0.025219298245614034 0.025219298245614034
1 0.1372441520467836 0.6885964912280701 0.03326023391812866 0.046052631578947366
1 0.16593567251461988 0.6875 0.025584795321637425 0.03618421052631579
1 0.2134502923976608 0.6477521929824561 0.02631578947368421 0.018092105263157895
1 0.24269005847953215 0.6705043859649122 0.03289473684210526 0.029605263157894735
1 0.3603801169590643 0.706140350877193 0.041666666666666664 0.05701754385964912
1 0.43951023391812866 0.6765350877192982 0.023026315789473683 0.03070175438596491
1 0.46966374269005845 0.8144188596491228 0.025584795321637425 0.03453947368421052
1 0.333516081871345 0.8231907894736842 0.013523391812865496 0.045504385964912276
1 0.04842836257309941 0.9290021929824561 0.05226608187134503 0.05756578947368421
1 0.13486842105263158 0.9152960526315789 0.05921052631578947 0.0400219298245614
1 0.17927631578947367 0.9152960526315789 0.01425438596491228 0.07401315789473684
1 0.21582602339181287 0.931469298245614 0.04057017543859649 0.07675438596491227
1 0.23373538011695905 0.9152960526315789 0.03326023391812866 0.05537280701754386
1 0.31012426900584794 0.9295504385964912 0.019371345029239765 0.06304824561403509
1 0.4013157894736842 0.9240679824561403 0.02266081871345029 0.05098684210526316
1 0.7330043859649122 0.0981359649122807 0.035453216374269 0.07017543859649122
1 0.9351242690058479 0.14309210526315788 0.03691520467836257 0.04057017543859649
1 0.806469298245614 0.12033991228070175 0.015716374269005847 0.03015350877192982
1 0.9722222222222222 0.49122807017543857 0.04093567251461988 0.049342105263157895
1 0.8866959064327485 0.4884868421052631 0.02046783625730994 0.03728070175438596
1 0.7432383040935672 0.5353618421052632 0.032529239766081866 0.04769736842105263
1 0.986111111111111 0.6384320175438596 0.017543859649122806 0.042214912280701754
1 0.7470760233918128 0.7415021929824561 0.0445906432748538 0.07291666666666666
