1 0.04404239766081871 0.0356359649122807 0.03399122807017543 0.044956140350877194
1 0.008406432748538011 0.17434210526315788 0.015350877192982455 0.049342105263157895
1 0.1421783625730994 0.2774122807017544 0.02850877192982456 0.02850877192982456
1 0.1507675438596491 0.4375 0.0712719298245614 0.05263157894736842
1 0.061586257309941515 0.5359100877192983 0.029605263157894735 0.0356359649122807
1 0.009868421052631578 0.4084429824561403 0.017543859649122806 0.03179824561403509
1 0.013706140350877192 0.6787280701754386 0.023026315789473683 0.02412280701754386
1 0.059027777777777776 0.7653508771929824 0.023026315789473683 0.03179824561403509
1 0.06743421052631579 0.875 0.052997076023391806 0.05592105263157894
1 0.02448830409356725 0.893640350877193 0.029239766081871343 0.03179824561403509
1 0.13486842105263158 0.9399671052631579 0.043859649122807015 0.09375
1 0.16703216374269006 0.9865679824561403 0.025584795321637425 0.0268640350877193
1 0.2715643274853801 0.9758771929824561 0.03654970760233918 0.04824561403508772
1 0.15168128654970758 0.6833881578947368 0.03654970760233918 0.07182017543859649
1 0.11823830409356724 0.5586622807017544 0.029605263157894735 0.042763157894736836
1 0.8671418128654971 0.054550438596491224 0.02448830409356725 0.03673245614035087
1 0.7309941520467835 0.060032894736842105 0.025584795321637425 0.048793859649122806
1 0.6567982456140351 0.04413377192982456 0.031432748538011694 0.07949561403508772
1 0.5776681286549707 0.0625 0.05007309941520467 0.0668859649122807
1 0.5009137426900585 0.031524122807017545 0.020833333333333332 0.05756578947368421
1 0.48428362573099415 0.02987938596491228 0.019005847953216373 0.04989035087719298
1 0.14163011695906433 0.02412280701754386 0.04788011695906433 0.044956140350877194
1 0.26516812865497075 0.15707236842105263 0.03179824561403509 0.045504385964912276
1 0.30372807017543857 0.16392543859649122 0.03435672514619883 0.044956140350877194
1 0.3422880116959064 0.16036184210526314 0.03179824561403509 0.05098684210526316
1 0.2359283625730994 0.265625 0.01206140350877193 0.02905701754385965
1 0.1997441520467836 0.3040021929824561 0.027412280701754384 0.0268640350877193
1 0.38578216374269003 0.19462719298245612 0.03764619883040936 0.0668859649122807
1 0.45211988304093564 0.14912280701754385 0.025584795321637425 0.043859649122807015
1 0.4725877192982456 0.14035087719298245 0.024853801169590642 0.04824561403508772
1 0.4756944444444444 0.1981907894736842 0.05592105263157894 0.05975877192982456
1 0.5634137426900584 0.1694078947368421 0.03179824561403509 0.05482456140350877
1 0.5948464912280701 0.18311403508771928 0.0266812865497076 0.042763157894736836
1 0.6953581871345029 0.1474780701754386 0.038377192982456135 0.042763157894736836
1 0.8349780701754386 0.1751644736842105 0.03326023391812866 0.07510964912280702
1 0.2679093567251462 0.27850877192982454 0.02046783625730994 0.023026315789473683
1 0.29934210526315785 0.2845394736842105 0.01827485380116959 0.03289473684210526
1 0.33205409356725146 0.31688596491228066 0.025219298245614034 0.03070175438596491
1 0.41703216374269003 0.29934210526315785 0.015350877192982455 0.021929824561403508
1 0.43841374269005845 0.2889254385964912 0.023757309941520467 0.03618421052631579
1 0.4707602339181286 0.26535087719298245 0.01827485380116959 0.020833333333333332
1 0.521016081871345 0.296875 0.008406432748538011 0.020285087719298246
1 0.5493421052631579 0.3015350877192982 0.01827485380116959 0.02631578947368421
1 0.6240862573099415 0.28618421052631576 0.009137426900584795 0.039473684210526314
1 0.6703216374269005 0.26809210526315785 0.01023391812865497 0.03070175438596491
1 0.6887792397660818 0.28344298245614036 0.01864035087719298 0.04057017543859649
1 0.8852339181286549 0.31304824561403505 0.013157894736842105 0.01864035087719298
1 0.8413742690058479 0.2897478070175438 0.014619883040935672 0.016995614035087717
1 0.9013157894736842 0.444078947368421 0.027046783625730993 0.05482456140350877
1 0.8406432748538011 0.4150219298245614 0.05116959064327485 0.07346491228070175
1 0.7923976608187134 0.4394188596491228 0.021929824561403508 0.0400219298245614
1 0.7426900584795322 0.4259868421052631 0.05921052631578947 0.12061403508771928
1 0.6831140350877193 0.39747807017543857 0.043859649122807015 0.07346491228070175
1 0.5469663742690059 0.41968201754385964 0.03179824561403509 0.06304824561403509
1 0.4546783625730994 0.4246162280701754 0.043859649122807015 0.05975877192982456
1 0.3057383040935672 0.4246162280701754 0.0398391812865497 0.04769736842105263
1 0.24214181286549707 0.4369517543859649 0.04203216374269006 0.06798245614035087
1 0.22660818713450293 0.5367324561403508 0.029970760233918127 0.05263157894736842
1 0.24853801169590642 0.6104714912280701 0.025584795321637425 0.07291666666666666
1 0.1909722222222222 0.6833881578947368 0.031067251461988302 0.0356359649122807
1 0.21436403508771928 0.6896929824561403 0.03764619883040936 0.038377192982456135
1 0.2905701754385965 0.7102521929824561 0.021929824561403508 0.05208333333333333
1 0.3125 0.5896381578947368 0.019736842105263157 0.0400219298245614
1 0.3843201754385965 0.5603070175438596 0.031067251461988302 0.03289473684210526
1 0.44828216374269003 0.5649671052631579 0.038377192982456135 0.042214912280701754
1 0.4941520467836257 0.5490679824561403 0.024853801169590642 0.03125
1 0.5365497076023391 0.5627741228070176 0.017543859649122806 0.044407894736842105
1 0.552266081871345 0.5764802631578947 0.03654970760233918 0.06195175438596491
1 0.674890350877193 0.5630482456140351 0.03326023391812866 0.04057017543859649
1 0.6938961988304093 0.5005482456140351 0.04130116959064327 0.03179824561403509
1 0.7456140350877193 0.5537280701754386 0.013157894736842105 0.049342105263157895
1 0.7759502923976608 0.5112390350877193 0.025584795321637425 0.03344298245614035
1 0.8296783625730993 0.5446820175438596 0.024853801169590642 0.03125
1 0.8711622807017544 0.5540021929824561 0.029605263157894735 0.0400219298245614
1 0.875548245614035 0.7165570175438596 0.03399122807017543 0.043859649122807015
1 0.8262061403508771 0.7055921052631579 0.03326023391812866 0.0712719298245614
1 0.750548245614035 0.6672149122807017 0.05738304093567251 0.07456140350877193
1 0.6825657894736842 0.6461074561403508 0.03179824561403509 0.06085526315789473
1 0.6377923976608186 0.6984649122807017 0.0489766081871345 0.0537280701754386
1 0.5703581871345029 0.6943530701754386 0.042763157894736836 0.06304824561403509
1 0.5884502923976608 0.734923245614035 0.054093567251461985 0.038925438596491224
1 0.45321637426900585 0.7075109649122807 0.021929824561403508 0.04769736842105263
1 0.5151681286549707 0.6677631578947368 0.05007309941520467 0.07785087719298245
1 0.4141081871345029 0.7294407894736842 0.03435672514619883 0.0356359649122807
1 0.3645833333333333 0.6883223684210525 0.04788011695906433 0.11019736842105263
1 0.3369883040935672 0.6729714912280701 0.03508771929824561 0.10471491228070175
1 0.16611842105263158 0.8681469298245613 0.05592105263157894 0.07182017543859649
1 0.2534722222222222 0.8292214912280701 0.04130116959064327 0.05975877192982456
1 0.3790204678362573 0.984375 0.0445906432748538 0.03125
1 0.3046418128654971 0.8157894736842105 0.025950292397660817 0.020833333333333332
1 0.37993421052631576 0.8824013157894737 0.05153508771929824 0.06304824561403509
1 0.4990862573099415 0.8506030701754386 0.055190058479532164 0.06524122807017543
1 0.5469663742690059 0.9117324561403508 0.06176900584795321 0.07675438596491227
1 0.5283260233918128 0.9714912280701754 0.048611111111111105 0.05701754385964912
1 0.5551900584795322 0.8067434210526315 0.04751461988304093 0.046600877192982455
1 0.6524122807017544 0.8514254385964912 0.03435672514619883 0.06469298245614034
1 0.7026681286549707 0.8747258771929824 0.03326023391812866 0.05975877192982456
1 0.677266081871345 0.9575109649122806 0.03070175438596491 0.044407894736842105
1 0.7739400584795321 0.9520285087719298 0.04568713450292397 0.09594298245614034
1 0.7436038011695906 0.8440241228070176 0.03326023391812866 0.05975877192982456
1 0.9932383040935672 0.42297149122807015 0.013523391812865496 0.02796052631578947
