1 0.9336622807017544 0.6071820175438596 0.052997076023391806 0.048793859649122806
1 0.8574561403508771 0.42489035087719296 0.0489766081871345 0.07017543859649122
1 0.9619883040935672 0.3001644736842105 0.039473684210526314 0.022478070175438597
1 0.9082602339181286 0.18311403508771928 0.035818713450292396 0.0581140350877193
1 0.9502923976608186 0.18859649122807015 0.05043859649122807 0.07236842105263158
1 0.6679459064327485 0.20531798245614033 0.0442251461988304 0.07730263157894736
1 0.6080043859649122 0.2099780701754386 0.05153508771929824 0.049342105263157895
1 0.4707602339181286 0.2905701754385965 0.016812865497076022 0.03179824561403509
1 0.43804824561403505 0.2902960526315789 0.04057017543859649 0.06304824561403509
1 0.4707602339181286 0.1875 0.0445906432748538 0.06140350877192982
1 0.3919956140350877 0.19407894736842105 0.03764619883040936 0.05043859649122807
1 0.34502923976608185 0.16913377192982454 0.02046783625730994 0.02357456140350877
1 0.28179824561403505 0.4018640350877193 0.0402046783625731 0.0625
1 0.2600511695906433 0.28563596491228066 0.03033625730994152 0.049342105263157895
1 0.23739035087719296 0.29906798245614036 0.03033625730994152 0.05537280701754386
1 0.1924342105263158 0.3256578947368421 0.052997076023391806 0.07346491228070175
1 0.20687134502923976 0.23300438596491227 0.03216374269005848 0.06578947368421052
1 0.24177631578947367 0.20422149122807015 0.03764619883040936 0.05756578947368421
1 0.2909356725146199 0.08278508771929824 0.04093567251461988 0.0668859649122807
1 0.3740862573099415 0.07593201754385964 0.03399122807017543 0.06195175438596491
1 0.37298976608187134 0.027412280701754384 0.0266812865497076 0.05263157894736842
1 0.5791301169590642 0.07182017543859649 0.04788011695906433 0.049342105263157895
1 0.7242324561403508 0.1162280701754386 0.04714912280701754 0.0537280701754386
1 0.7582236842105263 0.08442982456140351 0.04714912280701754 0.05482456140350877
1 0.88578216374269 0.05153508771929824 0.025950292397660817 0.042763157894736836
1 0.908625730994152 0.03782894736842105 0.031432748538011694 0.04057017543859649
1 0.9402412280701754 0.038377192982456135 0.039108187134502925 0.06469298245614034
1 0.9883040935672514 0.06578947368421052 0.024853801169590642 0.049342105263157895
1 0.15040204678362573 0.421875 0.05738304093567251 0.07401315789473684
1 0.1421783625730994 0.2182017543859649 0.0402046783625731 0.07236842105263158
1 0.14601608187134502 0.1074561403508772 0.038377192982456135 0.0537280701754386
1 0.1332236842105263 0.08442982456140351 0.04203216374269006 0.0581140350877193
