1 0.262609649122807 0.046875 0.025950292397660817 0.0400219298245614
1 0.3300438596491228 0.06332236842105263 0.029239766081871343 0.021381578947368418
1 0.21436403508771928 0.045504385964912276 0.02448830409356725 0.03179824561403509
1 0.15826023391812866 0.061129385964912276 0.027777777777777776 0.03344298245614035
1 0.1284722222222222 0.06716008771929824 0.012792397660818713 0.0268640350877193
1 0.017178362573099414 0.07154605263157894 0.013157894736842105 0.018092105263157895
1 0.05317982456140351 0.17653508771929824 0.025950292397660817 0.06469298245614034
1 0.16264619883040934 0.16091008771929824 0.035818713450292396 0.05975877192982456
1 0.18658625730994152 0.16145833333333331 0.03399122807017543 0.05646929824561403
1 0.3203581871345029 0.2864583333333333 0.04130116959064327 0.05317982456140351
1 0.16154970760233917 0.29221491228070173 0.02412280701754386 0.03070175438596491
1 0.027412280701754384 0.3045504385964912 0.02631578947368421 0.038925438596491224
1 0.01425438596491228 0.4473684210526315 0.025584795321637425 0.06140350877192982
1 0.04842836257309941 0.40213815789473684 0.04788011695906433 0.05317982456140351
1 0.15880847953216373 0.3881578947368421 0.048611111111111105 0.05921052631578947
1 0.22368421052631576 0.4147478070175438 0.014619883040935672 0.02796052631578947
1 0.3744517543859649 0.390625 0.05080409356725146 0.08717105263157894
1 0.31743421052631576 0.4602521929824561 0.019371345029239765 0.044407894736842105
1 0.03618421052631579 0.8571820175438596 0.013888888888888888 0.03125
1 0.2403143274853801 0.8283991228070176 0.03618421052631579 0.042763157894736836
1 0.3216374269005848 0.8484100877192982 0.014619883040935672 0.03125
1 0.4990862573099415 0.15049342105263158 0.06030701754385964 0.08278508771929824
1 0.7520102339181286 0.10444078947368421 0.027412280701754384 0.024671052631578948
1 0.8355263157894737 0.0962171052631579 0.07748538011695906 0.07182017543859649
1 0.9643640350877193 0.0981359649122807 0.025219298245614034 0.03728070175438596
1 0.9809941520467835 0.1907894736842105 0.019005847953216373 0.02412280701754386
1 0.9532163742690059 0.20422149122807015 0.02046783625730994 0.03125
1 0.8578216374269005 0.2099780701754386 0.013157894736842105 0.010964912280701754
1 0.8051900584795321 0.21902412280701752 0.027046783625730993 0.044407894736842105
1 0.7520102339181286 0.2324561403508772 0.02448830409356725 0.04057017543859649
1 0.5307017543859649 0.25027412280701755 0.046052631578947366 0.048793859649122806
1 0.5078581871345029 0.24780701754385964 0.04203216374269006 0.06469298245614034
1 0.4707602339181286 0.2571271929824561 0.03654970760233918 0.0625
1 0.42196637426900585 0.25027412280701755 0.052997076023391806 0.06743421052631579
1 0.6692251461988303 0.4336622807017544 0.029239766081871343 0.041666666666666664
1 0.7090643274853801 0.48985745614035087 0.03508771929824561 0.0356359649122807
1 0.7971491228070176 0.48245614035087714 0.023391812865497075 0.02631578947368421
1 0.9281798245614035 0.47176535087719296 0.03033625730994152 0.03015350877192982
1 0.6796418128654971 0.6269188596491228 0.0442251461988304 0.07510964912280702
1 0.7748538011695906 0.7933114035087719 0.02046783625730994 0.02850877192982456
1 0.46929824561403505 0.8275767543859649 0.01023391812865497 0.018092105263157895
1 0.49798976608187134 0.897203947368421 0.011330409356725146 0.015899122807017545
