1 0.023940058479532164 0.8097587719298245 0.019371345029239765 0.02412280701754386
1 0.03033625730994152 0.9465460526315789 0.009502923976608187 0.018092105263157895
1 0.14455409356725146 0.0693530701754386 0.01206140350877193 0.02905701754385965
1 0.18512426900584794 0.018914473684210526 0.03691520467836257 0.03673245614035087
1 0.22807017543859648 0.08278508771929824 0.015350877192982455 0.02412280701754386
1 0.2894736842105263 0.02412280701754386 0.017543859649122806 0.03728070175438596
1 0.30902777777777773 0.07099780701754385 0.01864035087719298 0.0356359649122807
1 0.3369883040935672 0.06907894736842105 0.024853801169590642 0.05482456140350877
1 0.37554824561403505 0.0762061403508772 0.038377192982456135 0.04057017543859649
1 0.4018640350877193 0.05016447368421052 0.04203216374269006 0.06853070175438596
1 0.4722222222222222 0.0268640350877193 0.03874269005847953 0.05043859649122807
1 0.43951023391812866 0.09402412280701754 0.03399122807017543 0.05317982456140351
1 0.5383771929824561 0.049342105263157895 0.039473684210526314 0.03399122807017543
1 0.6116593567251462 0.03179824561403509 0.03033625730994152 0.046052631578947366
1 0.7026681286549707 0.018366228070175437 0.04714912280701754 0.0356359649122807
1 0.7330043859649122 0.04797149122807017 0.03764619883040936 0.038925438596491224
1 0.8218201754385964 0.031524122807017545 0.058845029239766075 0.06195175438596491
1 0.7777777777777777 0.18832236842105263 0.043859649122807015 0.05866228070175438
1 0.5922880116959064 0.1962719298245614 0.02448830409356725 0.038377192982456135
1 0.3477704678362573 0.21655701754385964 0.0398391812865497 0.05043859649122807
1 0.28654970760233917 0.1918859649122807 0.03289473684210526 0.046052631578947366
1 0.22277046783625729 0.20860745614035087 0.035453216374269 0.046600877192982455
1 0.19389619883040934 0.21929824561403508 0.0266812865497076 0.043859649122807015
1 0.1600877192982456 0.24122807017543857 0.02850877192982456 0.03289473684210526
1 0.12774122807017543 0.22807017543859648 0.027412280701754384 0.03618421052631579
1 0.14071637426900585 0.37911184210526316 0.013888888888888888 0.02357456140350877
1 0.21290204678362573 0.35663377192982454 0.015716374269005847 0.018092105263157895
1 0.25493421052631576 0.3445723684210526 0.017178362573099414 0.02796052631578947
1 0.2982456140350877 0.3218201754385965 0.012426900584795321 0.015350877192982455
1 0.3358918128654971 0.350328947368421 0.011695906432748537 0.02631578947368421
1 0.14985380116959063 0.4884868421052631 0.01608187134502924 0.020833333333333332
1 0.11385233918128654 0.4862938596491228 0.01644736842105263 0.01864035087719298
1 0.22569444444444442 0.4427083333333333 0.01864035087719298 0.021381578947368418
1 0.2880116959064327 0.4514802631578947 0.02046783625730994 0.0268640350877193
1 0.3965643274853801 0.4331140350877193 0.016812865497076022 0.02631578947368421
1 0.3887061403508772 0.4512061403508772 0.028143274853801168 0.017543859649122806
1 0.4886695906432748 0.3530701754385965 0.013157894736842105 0.017543859649122806
1 0.4784356725146199 0.40871710526315785 0.016812865497076022 0.0268640350877193
1 0.5347222222222222 0.29934210526315785 0.019736842105263157 0.017543859649122806
1 0.552266081871345 0.31469298245614036 0.014619883040935672 0.029605263157894735
1 0.5453216374269005 0.44188596491228066 0.031432748538011694 0.020833333333333332
1 0.5844298245614035 0.37554824561403505 0.011695906432748537 0.019736842105263157
1 0.6313961988304093 0.3470394736842105 0.014985380116959063 0.025219298245614034
1 0.6699561403508771 0.3574561403508772 0.021198830409356724 0.029605263157894735
1 0.689875730994152 0.3388157894736842 0.017909356725146198 0.02412280701754386
1 0.5791301169590642 0.44380482456140347 0.01644736842105263 0.02576754385964912
1 0.7847222222222222 0.3125 0.021929824561403508 0.019736842105263157
1 0.7401315789473684 0.44901315789473684 0.019005847953216373 0.017543859649122806
1 0.700657894736842 0.4734100877192982 0.023391812865497075 0.015899122807017545
1 0.7432383040935672 0.5202850877192983 0.031067251461988302 0.042763157894736836
1 0.764985380116959 0.5545504385964912 0.029239766081871343 0.05098684210526316
1 0.6980994152046783 0.584703947368421 0.019005847953216373 0.02357456140350877
1 0.6659356725146198 0.5814144736842105 0.02412280701754386 0.02357456140350877
1 0.5994152046783625 0.603344298245614 0.027777777777777776 0.05866228070175438
1 0.5069444444444444 0.5849780701754386 0.025584795321637425 0.02850877192982456
1 0.5071271929824561 0.49780701754385964 0.01864035087719298 0.03289473684210526
1 0.43804824561403505 0.5402960526315789 0.023757309941520467 0.042214912280701754
1 0.32072368421052627 0.5800438596491228 0.023026315789473683 0.029605263157894735
1 0.2324561403508772 0.5718201754385964 0.016812865497076022 0.03179824561403509
1 0.21436403508771928 0.5808662280701754 0.019371345029239765 0.0268640350877193
1 0.12701023391812866 0.5803179824561403 0.03033625730994152 0.04769736842105263
1 0.13614766081871343 0.7242324561403508 0.048611111111111105 0.03618421052631579
1 0.1611842105263158 0.7143640350877193 0.038011695906432746 0.09210526315789473
1 0.2044956140350877 0.7552083333333333 0.0537280701754386 0.05866228070175438
1 0.2222222222222222 0.7171052631578947 0.03654970760233918 0.06359649122807018
1 0.258406432748538 0.734923245614035 0.04678362573099415 0.05646929824561403
1 0.3013523391812865 0.7146381578947368 0.031067251461988302 0.07182017543859649
1 0.3150584795321637 0.7055921052631579 0.03435672514619883 0.0668859649122807
1 0.35508040935672514 0.7330043859649122 0.04203216374269006 0.0625
1 0.3607456140350877 0.6885964912280701 0.02266081871345029 0.04824561403508772
1 0.3994883040935672 0.6770833333333333 0.043859649122807015 0.0537280701754386
1 0.43841374269005845 0.6790021929824561 0.03691520467836257 0.044407894736842105
1 0.47277046783625726 0.709703947368421 0.0442251461988304 0.06085526315789473
1 0.5374634502923976 0.7160087719298245 0.055190058479532164 0.05482456140350877
1 0.5391081871345029 0.7552083333333333 0.04312865497076023 0.06853070175438596
1 0.6215277777777778 0.7017543859649122 0.04714912280701754 0.04057017543859649
1 0.6968201754385964 0.709703947368421 0.055190058479532164 0.07730263157894736
1 0.7680921052631579 0.7902960526315789 0.035453216374269 0.05646929824561403
1 0.6451023391812866 0.8059210526315789 0.03070175438596491 0.05153508771929824
1 0.5902777777777778 0.8037280701754386 0.03070175438596491 0.049342105263157895
1 0.5615862573099415 0.803453947368421 0.029605263157894735 0.048793859649122806
1 0.4926900584795321 0.8262061403508771 0.024853801169590642 0.03618421052631579
1 0.4725877192982456 0.8303179824561403 0.01827485380116959 0.02357456140350877
1 0.43512426900584794 0.8262061403508771 0.032529239766081866 0.0581140350877193
1 0.37701023391812866 0.7990679824561403 0.03326023391812866 0.05208333333333333
1 0.3384502923976608 0.803453947368421 0.03874269005847953 0.05537280701754386
1 0.2984283625730994 0.8305921052631579 0.03399122807017543 0.0581140350877193
1 0.22807017543859648 0.8368969298245613 0.0402046783625731 0.04989035087719298
1 0.15752923976608185 0.8462171052631579 0.027777777777777776 0.05756578947368421
1 0.15387426900584794 0.9383223684210525 0.010964912280701754 0.02796052631578947
1 0.8925438596491228 0.04769736842105263 0.033625730994152045 0.021929824561403508
1 0.9375 0.06085526315789473 0.038011695906432746 0.044956140350877194
1 0.9888523391812865 0.060032894736842105 0.0222953216374269 0.03673245614035087
1 0.9755116959064327 0.19517543859649122 0.02412280701754386 0.021929824561403508
1 0.931469298245614 0.19873903508771928 0.015716374269005847 0.018092105263157895
1 0.9115497076023391 0.2099780701754386 0.019736842105263157 0.017543859649122806
1 0.8813961988304093 0.3237390350877193 0.04057017543859649 0.042214912280701754
1 0.9188596491228069 0.33771929824561403 0.029970760233918127 0.04714912280701754
1 0.8994883040935672 0.4473684210526315 0.03654970760233918 0.041666666666666664
1 0.9555921052631579 0.5627741228070176 0.023757309941520467 0.022478070175438597
1 0.9512061403508771 0.6691337719298245 0.03179824561403509 0.0356359649122807
1 0.9815423976608186 0.6836622807017544 0.03691520467836257 0.0756578947368421
1 0.9870248538011696 0.7987938596491228 0.025950292397660817 0.04714912280701754
1 0.9424342105263157 0.8015350877192982 0.0442251461988304 0.042763157894736836
1 0.8894371345029239 0.803453947368421 0.034722222222222224 0.03782894736842105
1 0.9526681286549707 0.9046052631578947 0.023757309941520467 0.015350877192982455
1 0.9682017543859649 0.9111842105263157 0.019005847953216373 0.01425438596491228
