1 0.2850877192982456 0.09100877192982455 0.02046783625730994 0.015350877192982455
1 0.24269005847953215 0.13623903508771928 0.019736842105263157 0.021381578947368418
1 0.19883040935672514 0.08086622807017543 0.016812865497076022 0.020285087719298246
1 0.09612573099415204 0.09841008771929824 0.021929824561403508 0.022478070175438597
1 0.014619883040935672 0.07757675438596491 0.02046783625730994 0.014802631578947368
1 0.0805921052631579 0.1943530701754386 0.01864035087719298 0.013706140350877192
1 0.15186403508771928 0.2099780701754386 0.0222953216374269 0.013157894736842105
1 0.10782163742690058 0.22532894736842105 0.02412280701754386 0.009868421052631578
1 0.21527777777777776 0.1943530701754386 0.01608187134502924 0.018092105263157895
1 0.24762426900584794 0.18859649122807015 0.02010233918128655 0.015350877192982455
1 0.35197368421052627 0.21463815789473684 0.02266081871345029 0.0268640350877193
1 0.28618421052631576 0.20586622807017543 0.011695906432748537 0.022478070175438597
1 0.3086622807017544 0.2576754385964912 0.014985380116959063 0.029605263157894735
1 0.20175438596491227 0.25027412280701755 0.019736842105263157 0.03125
1 0.3326023391812865 0.2563048245614035 0.01608187134502924 0.02357456140350877
1 0.3711622807017544 0.24780701754385964 0.01644736842105263 0.021929824561403508
1 0.11677631578947367 0.26206140350877194 0.01864035087719298 0.03289473684210526
1 0.04404239766081871 0.26288377192982454 0.019371345029239765 0.042214912280701754
1 0.012792397660818713 0.26425438596491224 0.023391812865497075 0.03070175438596491
1 0.3501461988304093 0.47313596491228066 0.031432748538011694 0.04057017543859649
1 0.33059210526315785 0.4764254385964912 0.021564327485380116 0.02850877192982456
1 0.2934941520467836 0.4862938596491228 0.02266081871345029 0.043859649122807015
1 0.24762426900584794 0.4876644736842105 0.027412280701754384 0.03234649122807017
1 0.19444444444444442 0.4917763157894737 0.03728070175438596 0.046052631578947366
1 0.07474415204678363 0.4936951754385965 0.023757309941520467 0.03125
1 0.01864035087719298 0.4890350877192982 0.029239766081871343 0.021929824561403508
1 0.049342105263157895 0.6178728070175439 0.02412280701754386 0.03618421052631579
1 0.13176169590643275 0.6302083333333333 0.054459064327485374 0.06085526315789473
1 0.16739766081871343 0.6077302631578947 0.03654970760233918 0.05756578947368421
1 0.1822002923976608 0.6077302631578947 0.023757309941520467 0.04989035087719298
1 0.2359283625730994 0.6162280701754386 0.052997076023391806 0.049342105263157895
1 0.34923245614035087 0.6077302631578947 0.028143274853801168 0.06853070175438596
1 0.3252923976608187 0.78125 0.023391812865497075 0.03618421052631579
1 0.302266081871345 0.7771381578947368 0.01827485380116959 0.0356359649122807
1 0.2715643274853801 0.7834429824561403 0.03216374269005848 0.03728070175438596
1 0.19864766081871343 0.7900219298245613 0.02448830409356725 0.03070175438596491
1 0.36915204678362573 0.9147478070175438 0.04312865497076023 0.038925438596491224
1 0.2766812865497076 0.9306469298245613 0.029239766081871343 0.041118421052631575
1 0.22514619883040934 0.9309210526315789 0.02046783625730994 0.023026315789473683
1 0.15186403508771928 0.9427083333333333 0.031067251461988302 0.038925438596491224
1 0.09904970760233918 0.9336622807017544 0.04239766081871345 0.044956140350877194
1 0.059576023391812866 0.9325657894736842 0.031432748538011694 0.02850877192982456
1 0.7538377192982456 0.2275219298245614 0.01206140350877193 0.023026315789473683
1 0.6860380116959064 0.38596491228070173 0.016812865497076022 0.03289473684210526
