1 0.03618421052631579 0.20559210526315788 0.03216374269005848 0.044956140350877194
1 0.06889619883040936 0.23958333333333331 0.01644736842105263 0.027412280701754384
1 0.0805921052631579 0.19654605263157893 0.03326023391812866 0.02905701754385965
1 0.11476608187134502 0.19709429824561403 0.04751461988304093 0.05646929824561403
1 0.19736842105263158 0.2151864035087719 0.016812865497076022 0.03125
1 0.2850877192982456 0.21299342105263155 0.033625730994152045 0.06195175438596491
1 0.2838084795321637 0.3256578947368421 0.013523391812865496 0.02850877192982456
1 0.25091374269005845 0.3399122807017544 0.01864035087719298 0.0581140350877193
1 0.21728801169590642 0.33360745614035087 0.011330409356725146 0.02576754385964912
1 0.17489035087719298 0.32675438596491224 0.019371345029239765 0.01864035087719298
1 0.09429824561403508 0.3489583333333333 0.01827485380116959 0.03453947368421052
1 0.1162280701754386 0.3355263157894737 0.010964912280701754 0.023026315789473683
1 0.05427631578947368 0.34484649122807015 0.017909356725146198 0.02631578947368421
1 0.034722222222222224 0.3368969298245614 0.023391812865497075 0.02796052631578947
1 0.010782163742690058 0.5063048245614035 0.01644736842105263 0.05646929824561403
1 0.04349415204678363 0.5175438596491228 0.029239766081871343 0.04714912280701754
1 0.2838084795321637 0.4265350877192982 0.013523391812865496 0.017543859649122806
1 0.10599415204678361 0.5137061403508771 0.021929824561403508 0.044956140350877194
1 0.17434210526315788 0.506578947368421 0.02850877192982456 0.042763157894736836
1 0.21052631578947367 0.5265899122807017 0.03289473684210526 0.044407894736842105
1 0.25548245614035087 0.5285087719298245 0.02850877192982456 0.049342105263157895
1 0.2876461988304093 0.5087719298245614 0.027046783625730993 0.05153508771929824
1 0.1074561403508772 0.9827302631578947 0.029239766081871343 0.03453947368421052
1 0.8872441520467835 0.16557017543859648 0.03033625730994152 0.025219298245614034
1 0.8951023391812865 0.26425438596491224 0.017543859649122806 0.03070175438596491
1 0.8486842105263157 0.28536184210526316 0.019005847953216373 0.03453947368421052
1 0.7582236842105263 0.31277412280701755 0.02448830409356725 0.03125
1 0.6509502923976608 0.27110745614035087 0.019005847953216373 0.024671052631578948
1 0.6567982456140351 0.3574561403508772 0.025584795321637425 0.03618421052631579
1 0.4815423976608187 0.28125 0.020833333333333332 0.02412280701754386
1 0.42434210526315785 0.2763157894736842 0.010964912280701754 0.025219298245614034
1 0.39309210526315785 0.3223684210526316 0.03033625730994152 0.03289473684210526
1 0.42580409356725146 0.32209429824561403 0.02046783625730994 0.03453947368421052
1 0.41758040935672514 0.5699013157894737 0.0442251461988304 0.06304824561403509
1 0.48245614035087714 0.5915570175438596 0.024853801169590642 0.03618421052631579
1 0.5157163742690059 0.6214364035087719 0.046052631578947366 0.044407894736842105
1 0.6094663742690059 0.5992324561403508 0.02448830409356725 0.03399122807017543
1 0.6317616959064327 0.5901864035087719 0.0266812865497076 0.03453947368421052
1 0.6483918128654971 0.5693530701754386 0.017543859649122806 0.0268640350877193
1 0.6927997076023391 0.5921052631578947 0.019371345029239765 0.027412280701754384
1 0.7403143274853801 0.5866228070175439 0.023026315789473683 0.029605263157894735
1 0.7567616959064327 0.5940241228070176 0.017909356725146198 0.0268640350877193
1 0.7964181286549707 0.5901864035087719 0.021929824561403508 0.02796052631578947
1 0.85453216374269 0.5836074561403508 0.01023391812865497 0.016995614035087717
1 0.9457236842105262 0.5833333333333333 0.02887426900584795 0.042763157894736836
1 0.9071637426900584 0.6968201754385964 0.014619883040935672 0.03399122807017543
1 0.8492324561403508 0.6877741228070176 0.023026315789473683 0.0400219298245614
1 0.7065058479532164 0.7102521929824561 0.02046783625730994 0.03125
1 0.6553362573099415 0.6847587719298245 0.02631578947368421 0.029605263157894735
1 0.5975877192982456 0.6943530701754386 0.02046783625730994 0.020285087719298246
1 0.5292397660818713 0.7272478070175438 0.02266081871345029 0.02905701754385965
1 0.4932383040935672 0.7146381578947368 0.025950292397660817 0.044407894736842105
1 0.4546783625730994 0.71875 0.021929824561403508 0.041666666666666664
1 0.4102704678362573 0.8209978070175438 0.019371345029239765 0.041118421052631575
1 0.43804824561403505 0.825657894736842 0.02010233918128655 0.025219298245614034
1 0.47989766081871343 0.8237390350877193 0.019005847953216373 0.03344298245614035
1 0.6317616959064327 0.799890350877193 0.023026315789473683 0.03508771929824561
1 0.6684941520467836 0.7831688596491228 0.014619883040935672 0.019188596491228067
1 0.6991959064327485 0.8031798245614035 0.016812865497076022 0.023026315789473683
1 0.7675438596491228 0.8231907894736842 0.019005847953216373 0.03344298245614035
1 0.7993421052631579 0.8133223684210525 0.019005847953216373 0.03234649122807017
1 0.9243421052631579 0.822094298245614 0.016812865497076022 0.02576754385964912
1 0.9800804093567251 0.8393640350877193 0.023757309941520467 0.038377192982456135
