1 0.05756578947368421 0.6918859649122807 0.025950292397660817 0.04714912280701754
1 0.04057017543859649 0.6044407894736842 0.04532163742690058 0.06743421052631579
1 0.14491959064327484 0.4865679824561403 0.04641812865497076 0.06743421052631579
1 0.18457602339181287 0.6200657894736842 0.04312865497076023 0.06469298245614034
1 0.22660818713450293 0.6208881578947368 0.04312865497076023 0.0893640350877193
1 0.29989035087719296 0.5424890350877193 0.035453216374269 0.06743421052631579
1 0.3247441520467836 0.5112390350877193 0.0442251461988304 0.06414473684210525
1 0.471125730994152 0.6211622807017544 0.0402046783625731 0.06359649122807018
1 0.4678362573099415 0.47313596491228066 0.02850877192982456 0.044956140350877194
1 0.5063961988304093 0.4468201754385965 0.027412280701754384 0.049342105263157895
1 0.549890350877193 0.49533991228070173 0.03179824561403509 0.048793859649122806
1 0.583516081871345 0.4794407894736842 0.03326023391812866 0.05427631578947368
1 0.6547880116959064 0.4572368421052631 0.031067251461988302 0.05043859649122807
1 0.6197002923976608 0.659265350877193 0.023026315789473683 0.03453947368421052
1 0.5166301169590642 0.6274671052631579 0.0537280701754386 0.06524122807017543
1 0.43110380116959063 0.8440241228070176 0.0442251461988304 0.06743421052631579
1 0.7046783625730993 0.837719298245614 0.029239766081871343 0.05153508771929824
1 0.7476242690058479 0.8484100877192982 0.03764619883040936 0.044407894736842105
1 0.6831140350877193 0.6792763157894737 0.01827485380116959 0.021929824561403508
1 0.5277777777777778 0.7212171052631579 0.02850877192982456 0.042214912280701754
1 0.5855263157894737 0.7099780701754386 0.017543859649122806 0.020833333333333332
1 0.8704312865497076 0.8253837719298245 0.03179824561403509 0.06304824561403509
1 0.9057017543859649 0.8393640350877193 0.0445906432748538 0.0668859649122807
1 0.9027777777777777 0.959703947368421 0.02850877192982456 0.046600877192982455
1 0.6927997076023391 0.3314144736842105 0.03691520467836257 0.06085526315789473
1 0.7412280701754386 0.47971491228070173 0.033625730994152045 0.041666666666666664
1 0.799890350877193 0.4706688596491228 0.035453216374269 0.05427631578947368
1 0.88578216374269 0.45997807017543857 0.029605263157894735 0.0537280701754386
1 0.9336622807017544 0.4651864035087719 0.03618421052631579 0.05646929824561403
1 0.9809941520467835 0.4772478070175438 0.031432748538011694 0.05208333333333333
