1 0.03216374269005848 0.046875 0.029970760233918127 0.05537280701754386
1 0.17580409356725146 0.02905701754385965 0.023391812865497075 0.027412280701754384
1 0.03033625730994152 0.27192982456140347 0.031432748538011694 0.04824561403508772
1 0.028143274853801168 0.3223684210526316 0.029239766081871343 0.03618421052631579
1 0.027412280701754384 0.41968201754385964 0.025584795321637425 0.038925438596491224
1 0.08698830409356725 0.34402412280701755 0.025584795321637425 0.05317982456140351
1 0.1644736842105263 0.35910087719298245 0.017543859649122806 0.021929824561403508
1 0.15679824561403508 0.2743969298245614 0.014619883040935672 0.021381578947368418
1 0.1600877192982456 0.38788377192982454 0.019005847953216373 0.03453947368421052
1 0.2012061403508772 0.37362938596491224 0.032529239766081866 0.04989035087719298
1 0.23775584795321636 0.31030701754385964 0.03179824561403509 0.04714912280701754
1 0.2744883040935672 0.39309210526315785 0.02631578947368421 0.044956140350877194
1 0.30902777777777773 0.24616228070175436 0.028143274853801168 0.03618421052631579
1 0.33790204678362573 0.28563596491228066 0.023757309941520467 0.03070175438596491
1 0.3819444444444444 0.40021929824561403 0.02046783625730994 0.043859649122807015
1 0.4471856725146199 0.3914473684210526 0.025950292397660817 0.046052631578947366
1 0.5259502923976608 0.2944078947368421 0.02266081871345029 0.038377192982456135
1 0.6220760233918128 0.3157894736842105 0.027777777777777776 0.049342105263157895
1 0.6494883040935672 0.39473684210526316 0.021929824561403508 0.043859649122807015
1 0.6655701754385964 0.28152412280701755 0.029239766081871343 0.044407894736842105
1 0.6498538011695906 0.15625 0.014619883040935672 0.029605263157894735
1 0.6854897660818713 0.1606359649122807 0.015716374269005847 0.02412280701754386
1 0.739766081871345 0.32538377192982454 0.027777777777777776 0.042214912280701754
1 0.8057383040935672 0.25054824561403505 0.031067251461988302 0.044956140350877194
1 0.8320540935672515 0.14775219298245612 0.012792397660818713 0.018092105263157895
1 0.8559941520467835 0.27713815789473684 0.02850877192982456 0.03125
1 0.8974780701754386 0.3231907894736842 0.01864035087719298 0.043311403508771926
1 0.908625730994152 0.29797149122807015 0.02046783625730994 0.022478070175438597
1 0.9888523391812865 0.30317982456140347 0.01644736842105263 0.05263157894736842
1 0.9912280701754386 0.3834978070175438 0.024853801169590642 0.041118421052631575
1 0.9365862573099415 0.14336622807017543 0.011330409356725146 0.019188596491228067
1 0.4707602339181286 0.03618421052631579 0.054093567251461985 0.0712719298245614
