1 0.9824561403508771 0.13020833333333331 0.029239766081871343 0.041118421052631575
1 0.9296418128654971 0.0893640350877193 0.019371345029239765 0.027412280701754384
1 0.8501461988304093 0.10663377192982455 0.024853801169590642 0.03344298245614035
1 0.8594663742690059 0.2664473684210526 0.0222953216374269 0.03179824561403509
1 0.6865862573099415 0.016721491228070175 0.01206140350877193 0.020285087719298246
1 0.5127923976608186 0.09676535087719297 0.02046783625730994 0.02905701754385965
1 0.3212719298245614 0.08278508771929824 0.012426900584795321 0.02412280701754386
1 0.1734283625730994 0.01781798245614035 0.017178362573099414 0.018092105263157895
1 0.14455409356725146 0.13404605263157893 0.025219298245614034 0.0400219298245614
1 0.018092105263157895 0.24287280701754385 0.025950292397660817 0.03728070175438596
1 0.1602704678362573 0.25411184210526316 0.0222953216374269 0.044407894736842105
1 0.26571637426900585 0.2546600877192982 0.015350877192982455 0.0356359649122807
1 0.39437134502923976 0.27247807017543857 0.029239766081871343 0.039473684210526314
1 0.375 0.3925438596491228 0.041666666666666664 0.05921052631578947
1 0.3362573099415205 0.48492324561403505 0.024853801169590642 0.03344298245614035
1 0.19426169590643275 0.3752741228070175 0.03179824561403509 0.048793859649122806
1 0.164656432748538 0.3527960526315789 0.025950292397660817 0.03125
1 0.12591374269005848 0.45614035087719296 0.031067251461988302 0.02631578947368421
1 0.061586257309941515 0.4643640350877193 0.042763157894736836 0.0625
1 0.3740862573099415 0.5090460526315789 0.0222953216374269 0.0356359649122807
1 0.31743421052631576 0.47176535087719296 0.014985380116959063 0.02357456140350877
1 0.42580409356725146 0.4512061403508772 0.023391812865497075 0.021929824561403508
1 0.4917763157894737 0.41063596491228066 0.035453216374269 0.03179824561403509
1 0.521016081871345 0.36348684210526316 0.039108187134502925 0.06140350877192982
1 0.5453216374269005 0.38130482456140347 0.02412280701754386 0.03453947368421052
1 0.4438961988304093 0.25246710526315785 0.0266812865497076 0.0356359649122807
1 0.48245614035087714 0.23026315789473684 0.027777777777777776 0.042763157894736836
1 0.5546418128654971 0.2324561403508772 0.01644736842105263 0.017543859649122806
1 0.6743421052631579 0.3020833333333333 0.02046783625730994 0.043859649122807015
1 0.7046783625730993 0.2362938596491228 0.019736842105263157 0.021929824561403508
1 0.6831140350877193 0.3536184210526316 0.039473684210526314 0.05482456140350877
1 0.7251461988304093 0.3484100877192982 0.019736842105263157 0.0400219298245614
1 0.6938961988304093 0.5109649122807017 0.035453216374269 0.03618421052631579
1 0.750548245614035 0.48410087719298245 0.01864035087719298 0.021929824561403508
1 0.7925804093567251 0.4950657894736842 0.01206140350877193 0.03070175438596491
1 0.5634137426900584 0.5789473684210527 0.017909356725146198 0.03399122807017543
1 0.4932383040935672 0.5827850877192983 0.015716374269005847 0.021929824561403508
1 0.46673976608187134 0.6924342105263157 0.019005847953216373 0.03289473684210526
1 0.4415204678362573 0.7330043859649122 0.01827485380116959 0.029605263157894735
1 0.5171783625730993 0.8410087719298245 0.02412280701754386 0.04057017543859649
1 0.48282163742690054 0.8522478070175438 0.021929824561403508 0.0356359649122807
1 0.1299342105263158 0.8127741228070176 0.02887426900584795 0.03125
1 0.12116228070175437 0.9756030701754386 0.035453216374269 0.0268640350877193
1 0.22953216374269003 0.9794407894736842 0.03216374269005848 0.03782894736842105
1 0.34466374269005845 0.9731359649122806 0.02631578947368421 0.038377192982456135
1 0.2940423976608187 0.990953947368421 0.0266812865497076 0.020285087719298246
1 0.23866959064327484 0.48876096491228066 0.019005847953216373 0.013706140350877192
1 0.8285818713450291 0.34100877192982454 0.01608187134502924 0.021929824561403508
1 0.8930921052631579 0.359375 0.01864035087719298 0.024671052631578948
1 0.9888523391812865 0.37033991228070173 0.025219298245614034 0.0356359649122807
