1 0.01864035087719298 0.1006030701754386 0.03654970760233918 0.05646929824561403
1 0.15826023391812866 0.5597587719298245 0.029970760233918127 0.05263157894736842
1 0.19864766081871343 0.5476973684210527 0.025950292397660817 0.03289473684210526
1 0.22423245614035087 0.5696271929824561 0.03326023391812866 0.05153508771929824
1 0.27887426900584794 0.5833333333333333 0.025584795321637425 0.049342105263157895
1 0.35508040935672514 0.4396929824561403 0.015716374269005847 0.02631578947368421
1 0.36275584795321636 0.5699013157894737 0.04349415204678363 0.03673245614035087
1 0.4024122807017544 0.5449561403508771 0.03874269005847953 0.03179824561403509
1 0.45211988304093564 0.5520833333333333 0.02631578947368421 0.04057017543859649
1 0.4917763157894737 0.5158991228070176 0.03033625730994152 0.03179824561403509
1 0.533625730994152 0.5712719298245613 0.03070175438596491 0.038377192982456135
1 0.5858918128654971 0.5219298245614035 0.025584795321637425 0.023026315789473683
1 0.7359283625730993 0.5455043859649122 0.031067251461988302 0.04824561403508772
1 0.7763157894736842 0.5671600877192983 0.02631578947368421 0.03125
1 0.8340643274853801 0.39747807017543857 0.02412280701754386 0.03728070175438596
1 0.6860380116959064 0.8157894736842105 0.023391812865497075 0.06359649122807018
1 0.7832602339181286 0.888157894736842 0.035818713450292396 0.03618421052631579
1 0.7353801169590642 0.8933662280701754 0.014619883040935672 0.02905701754385965
1 0.6600877192982456 0.8961074561403508 0.019005847953216373 0.038925438596491224
1 0.6186038011695906 0.9040570175438596 0.02448830409356725 0.04714912280701754
1 0.5557383040935672 0.9152960526315789 0.025219298245614034 0.05756578947368421
1 0.518640350877193 0.8958333333333333 0.02631578947368421 0.03399122807017543
1 0.47277046783625726 0.9125548245614035 0.023757309941520467 0.04769736842105263
1 0.4331140350877193 0.8908991228070174 0.03289473684210526 0.038377192982456135
1 0.4024122807017544 0.9021381578947368 0.03070175438596491 0.0268640350877193
1 0.3603801169590643 0.9290021929824561 0.027777777777777776 0.0356359649122807
1 0.3296783625730994 0.9040570175438596 0.023391812865497075 0.04057017543859649
1 0.30025584795321636 0.9292763157894737 0.03179824561403509 0.042763157894736836
1 0.25237573099415206 0.9333881578947368 0.019371345029239765 0.0268640350877193
1 0.2182017543859649 0.9114583333333333 0.031432748538011694 0.041118421052631575
1 0.1421783625730994 0.9237938596491228 0.03216374269005848 0.042763157894736836
1 0.16885964912280702 0.9172149122807017 0.031432748538011694 0.03508771929824561
1 0.8638523391812865 0.03673245614035087 0.03033625730994152 0.046052631578947366
1 0.8828581871345029 0.15460526315789472 0.0222953216374269 0.021929824561403508
1 0.9565058479532164 0.1439144736842105 0.033625730994152045 0.05098684210526316
1 0.985562865497076 0.13267543859649122 0.02887426900584795 0.06359649122807018
1 0.9936038011695906 0.3706140350877193 0.012792397660818713 0.02412280701754386
1 0.9097222222222222 0.6587171052631579 0.03874269005847953 0.03344298245614035
1 0.8879751461988303 0.9832785087719298 0.02887426900584795 0.03344298245614035
1 0.9267178362573099 0.9851973684210525 0.04568713450292397 0.029605263157894735
1 0.9539473684210525 0.9868421052631579 0.029239766081871343 0.02631578947368421
1 0.9830043859649122 0.9824561403508771 0.03399122807017543 0.03508771929824561
