1 0.08991228070175439 0.34429824561403505 0.035818713450292396 0.0625
1 0.04641812865497076 0.3840460526315789 0.021198830409356724 0.022478070175438597
1 0.05665204678362573 0.40158991228070173 0.021198830409356724 0.03453947368421052
1 0.2178362573099415 0.4564144736842105 0.021198830409356724 0.04989035087719298
1 0.17927631578947367 0.453125 0.02010233918128655 0.021381578947368418
1 0.2578581871345029 0.5356359649122807 0.019371345029239765 0.03070175438596491
1 0.3150584795321637 0.515625 0.017543859649122806 0.03782894736842105
1 0.3355263157894737 0.42489035087719296 0.021929824561403508 0.03179824561403509
1 0.37993421052631576 0.4161184210526316 0.023026315789473683 0.03728070175438596
1 0.44298245614035087 0.5093201754385964 0.029970760233918127 0.02850877192982456
1 0.5038377192982456 0.4462719298245614 0.025219298245614034 0.02412280701754386
1 0.5193713450292398 0.421875 0.017543859649122806 0.04769736842105263
1 0.5230263157894737 0.5315241228070176 0.013888888888888888 0.0400219298245614
1 0.5350877192982456 0.5005482456140351 0.02046783625730994 0.02631578947368421
1 0.5645102339181286 0.42434210526315785 0.025219298245614034 0.03070175438596491
1 0.5864400584795322 0.3752741228070175 0.017178362573099414 0.022478070175438597
1 0.5855263157894737 0.6370614035087719 0.013888888888888888 0.01864035087719298
1 0.6776315789473684 0.4147478070175438 0.016812865497076022 0.03344298245614035
1 0.7549342105263157 0.5150767543859649 0.01864035087719298 0.03453947368421052
1 0.7909356725146198 0.6400767543859649 0.017543859649122806 0.02796052631578947
1 0.8066520467836257 0.6565241228070176 0.013157894736842105 0.03125
1 0.6677631578947368 0.7094298245614035 0.01023391812865497 0.027412280701754384
1 0.7781432748538011 0.725328947368421 0.01608187134502924 0.021929824561403508
1 0.8209064327485379 0.6167763157894737 0.03435672514619883 0.039473684210526314
1 0.8422880116959064 0.659265350877193 0.0222953216374269 0.03453947368421052
1 0.893640350877193 0.6669407894736842 0.021198830409356724 0.03234649122807017
1 0.8223684210526315 0.5367324561403508 0.01608187134502924 0.042763157894736836
1 0.9608918128654971 0.65625 0.017543859649122806 0.04057017543859649
1 0.8735380116959064 0.37993421052631576 0.019005847953216373 0.0537280701754386
1 0.9696637426900584 0.41118421052631576 0.021929824561403508 0.03179824561403509
1 0.7671783625730993 0.9731359649122806 0.024853801169590642 0.046052631578947366
1 0.72953216374269 0.956140350877193 0.01827485380116959 0.03289473684210526
1 0.6684941520467836 0.9443530701754386 0.01827485380116959 0.0400219298245614
1 0.5087719298245614 0.956140350877193 0.014619883040935672 0.027412280701754384
1 0.43457602339181284 0.9487390350877193 0.01608187134502924 0.018092105263157895
1 0.3536184210526316 0.9512061403508771 0.05592105263157894 0.0581140350877193
1 0.3188961988304093 0.7508223684210525 0.01864035087719298 0.03234649122807017
1 0.21710526315789472 0.7486293859649122 0.021929824561403508 0.03453947368421052
1 0.20175438596491227 0.953125 0.019005847953216373 0.018092105263157895
1 0.2766812865497076 0.9605263157894737 0.021929824561403508 0.03618421052631579
1 0.06944444444444445 0.9539473684210525 0.029970760233918127 0.044956140350877194
1 0.034722222222222224 0.969298245614035 0.035818713450292396 0.05043859649122807
