1 0.24561403508771928 0.1537828947368421 0.031432748538011694 0.03453947368421052
1 0.7266081871345029 0.08717105263157894 0.04093567251461988 0.04057017543859649
1 0.23282163742690057 0.31880482456140347 0.017543859649122806 0.0268640350877193
1 0.1825657894736842 0.31496710526315785 0.011330409356725146 0.020285087719298246
1 0.4495614035087719 0.34923245614035087 0.014619883040935672 0.013157894736842105
1 0.5052997076023391 0.32456140350877194 0.017178362573099414 0.02412280701754386
1 0.5681652046783625 0.3001644736842105 0.03326023391812866 0.03234649122807017
1 0.7896564327485379 0.29906798245614036 0.02887426900584795 0.020285087719298246
1 0.7046783625730993 0.2996162280701754 0.025584795321637425 0.018092105263157895
1 0.862390350877193 0.3081140350877193 0.028143274853801168 0.020833333333333332
1 0.7823464912280701 0.5087719298245614 0.01644736842105263 0.020833333333333332
1 0.5497076023391813 0.5402960526315789 0.012426900584795321 0.022478070175438597
1 0.8711622807017544 0.7412280701754386 0.021564327485380116 0.019736842105263157
1 0.7754020467836257 0.8547149122807017 0.03764619883040936 0.029605263157894735
1 0.6582602339181286 0.8591008771929824 0.033625730994152045 0.05153508771929824
1 0.5674342105263157 0.8626644736842105 0.031067251461988302 0.05537280701754386
1 0.43110380116959063 0.8615679824561403 0.03691520467836257 0.05537280701754386
1 0.3887061403508772 0.8506030701754386 0.023757309941520467 0.03782894736842105
1 0.29203216374269003 0.8626644736842105 0.03216374269005848 0.05098684210526316
1 0.3159722222222222 0.8980263157894737 0.015716374269005847 0.03289473684210526
1 0.1425438596491228 0.9936951754385964 0.02046783625730994 0.012609649122807017
1 0.18073830409356725 0.9936951754385964 0.017178362573099414 0.012609649122807017
1 0.21290204678362573 0.9928728070175438 0.02448830409356725 0.01425438596491228
1 0.23866959064327484 0.9936951754385964 0.013888888888888888 0.012609649122807017
1 0.2704678362573099 0.9890350877192982 0.019005847953216373 0.017543859649122806
1 0.3028143274853801 0.9912280701754386 0.021564327485380116 0.017543859649122806
1 0.37262426900584794 0.9895833333333333 0.017178362573099414 0.020833333333333332
1 0.3980263157894737 0.9808114035087718 0.016812865497076022 0.023026315789473683
1 0.4460891812865497 0.984923245614035 0.02010233918128655 0.0268640350877193
1 0.4634502923976608 0.9808114035087718 0.01023391812865497 0.01644736842105263
1 0.48684210526315785 0.9893092105263157 0.013888888888888888 0.021381578947368418
1 0.539656432748538 0.9841008771929824 0.017909356725146198 0.025219298245614034
1 0.5659722222222222 0.9682017543859649 0.02010233918128655 0.025219298245614034
1 0.60453216374269 0.9805372807017543 0.027046783625730993 0.016995614035087717
1 0.6421783625730993 0.9786184210526315 0.02046783625730994 0.03728070175438596
1 0.66703216374269 0.9780701754385964 0.015350877192982455 0.019736842105263157
1 0.695906432748538 0.9643640350877193 0.025584795321637425 0.03289473684210526
1 0.7207602339181286 0.9640899122807017 0.02046783625730994 0.0356359649122807
1 0.7704678362573099 0.9602521929824561 0.021929824561403508 0.0268640350877193
1 0.7984283625730993 0.9638157894736842 0.025950292397660817 0.027412280701754384
1 0.9932383040935672 0.06661184210526315 0.013523391812865496 0.02576754385964912
1 0.927266081871345 0.16913377192982454 0.027046783625730993 0.03673245614035087
1 0.9959795321637427 0.16365131578947367 0.00804093567251462 0.03234649122807017
1 0.844298245614035 0.18092105263157893 0.025584795321637425 0.03728070175438596
1 0.9629020467836257 0.5397478070175439 0.0537280701754386 0.05098684210526316
1 0.9075292397660818 0.625 0.03070175438596491 0.03179824561403509
1 0.9736842105263157 0.6165021929824561 0.029970760233918127 0.0356359649122807
1 0.9387792397660818 0.7746710526315789 0.02887426900584795 0.039473684210526314
1 0.993969298245614 0.7234100877192982 0.01206140350877193 0.0356359649122807
1 0.924890350877193 0.8193530701754386 0.014985380116959063 0.02905701754385965
1 0.8980263157894737 0.8166118421052632 0.017543859649122806 0.018092105263157895
1 0.8735380116959064 0.9731359649122806 0.02046783625730994 0.042763157894736836
