1 0.5557383040935672 0.0268640350877193 0.028143274853801168 0.03508771929824561
1 0.5292397660818713 0.02412280701754386 0.03289473684210526 0.03289473684210526
1 0.4766081871345029 0.03755482456140351 0.03216374269005848 0.0356359649122807
1 0.4126461988304093 0.03125 0.027046783625730993 0.03399122807017543
1 0.37993421052631576 0.024671052631578948 0.031067251461988302 0.025219298245614034
1 0.3163377192982456 0.04468201754385965 0.027412280701754384 0.03125
1 0.09758771929824561 0.01864035087719298 0.03070175438596491 0.025219298245614034
1 0.17726608187134502 0.035910087719298246 0.02631578947368421 0.048793859649122806
1 0.22843567251461988 0.03645833333333333 0.02850877192982456 0.04769736842105263
1 0.2701023391812865 0.049342105263157895 0.033625730994152045 0.03618421052631579
1 0.7982456140350876 0.24150219298245612 0.025584795321637425 0.03125
1 0.7832602339181286 0.3262061403508772 0.016812865497076022 0.03399122807017543
1 0.7476242690058479 0.2532894736842105 0.017909356725146198 0.041666666666666664
1 0.7324561403508771 0.2182017543859649 0.019736842105263157 0.025219298245614034
1 0.706140350877193 0.2859100877192982 0.02631578947368421 0.0400219298245614
1 0.6840277777777778 0.2963267543859649 0.02010233918128655 0.022478070175438597
1 0.6705043859649122 0.2362938596491228 0.019371345029239765 0.03508771929824561
1 0.6288377192982456 0.26206140350877194 0.032529239766081866 0.042763157894736836
1 0.6299342105263157 0.34155701754385964 0.019371345029239765 0.04057017543859649
1 0.577485380116959 0.2308114035087719 0.021929824561403508 0.03508771929824561
1 0.5566520467836257 0.31469298245614036 0.013888888888888888 0.03070175438596491
1 0.5478801169590642 0.2727521929824561 0.019005847953216373 0.044407894736842105
1 0.5283260233918128 0.23958333333333331 0.014985380116959063 0.03179824561403509
1 0.4994517543859649 0.22395833333333331 0.014985380116959063 0.0400219298245614
1 0.43951023391812866 0.20531798245614033 0.0222953216374269 0.0268640350877193
1 0.4442616959064327 0.32593201754385964 0.02448830409356725 0.022478070175438597
1 0.3671418128654971 0.3053728070175438 0.028143274853801168 0.03070175438596491
1 0.3355263157894737 0.2206688596491228 0.021198830409356724 0.024671052631578948
1 0.3072002923976608 0.2494517543859649 0.028143274853801168 0.02850877192982456
1 0.27923976608187134 0.24342105263157893 0.01827485380116959 0.02631578947368421
1 0.302266081871345 0.2949561403508772 0.033625730994152045 0.03179824561403509
1 0.27247807017543857 0.3056469298245614 0.017909356725146198 0.022478070175438597
1 0.2357456140350877 0.3432017543859649 0.023391812865497075 0.027412280701754384
1 0.23885233918128654 0.26864035087719296 0.0266812865497076 0.03728070175438596
1 0.18457602339181287 0.27768640350877194 0.014619883040935672 0.038925438596491224
1 0.1474780701754386 0.2543859649122807 0.029605263157894735 0.025219298245614034
1 0.06633771929824561 0.22807017543859648 0.032529239766081866 0.03070175438596491
1 0.049707602339181284 0.2911184210526316 0.023391812865497075 0.03728070175438596
1 0.07821637426900585 0.3700657894736842 0.021198830409356724 0.03508771929824561
1 0.8477704678362573 0.22724780701754385 0.020833333333333332 0.03453947368421052
1 0.8910818713450291 0.2650767543859649 0.02046783625730994 0.02357456140350877
1 0.9365862573099415 0.24287280701754385 0.01864035087719298 0.029605263157894735
1 0.9301900584795321 0.19270833333333331 0.02046783625730994 0.0268640350877193
1 0.9667397660818713 0.24972587719298245 0.02046783625730994 0.041118421052631575
1 0.9815423976608186 0.16968201754385964 0.028143274853801168 0.03125
