1 0.18987573099415203 0.035910087719298246 0.025950292397660817 0.03125
1 0.1524122807017544 0.0424890350877193 0.021198830409356724 0.03782894736842105
1 0.09173976608187134 0.044956140350877194 0.02631578947368421 0.04057017543859649
1 0.057200292397660814 0.0268640350877193 0.020833333333333332 0.042763157894736836
1 0.0762061403508772 0.46847587719298245 0.025950292397660817 0.038925438596491224
1 0.17964181286549707 0.4772478070175438 0.01864035087719298 0.03673245614035087
1 0.24323830409356723 0.4468201754385965 0.023757309941520467 0.0537280701754386
1 0.2850877192982456 0.44243421052631576 0.027777777777777776 0.04057017543859649
1 0.3285818713450292 0.4808114035087719 0.025584795321637425 0.03289473684210526
1 0.22130847953216373 0.5671600877192983 0.028143274853801168 0.044407894736842105
1 0.14546783625730994 0.5589364035087719 0.03508771929824561 0.03453947368421052
1 0.1109283625730994 0.5778508771929824 0.031067251461988302 0.02412280701754386
1 0.07766812865497076 0.6006030701754386 0.01206140350877193 0.02905701754385965
1 0.32711988304093564 0.6674890350877193 0.011695906432748537 0.024671052631578948
1 0.12353801169590642 0.7083333333333333 0.008771929824561403 0.021929824561403508
1 0.3115862573099415 0.8322368421052632 0.02448830409356725 0.05592105263157894
1 0.2730263157894737 0.8470394736842105 0.0445906432748538 0.05153508771929824
1 0.21637426900584794 0.828125 0.007309941520467836 0.020285087719298246
1 0.102156432748538 0.8283991228070176 0.04057017543859649 0.05153508771929824
1 0.06597222222222222 0.8711622807017544 0.034722222222222224 0.039473684210526314
1 0.49122807017543857 0.028782894736842105 0.01608187134502924 0.015899122807017545
1 0.533625730994152 0.013157894736842105 0.027777777777777776 0.021929824561403508
1 0.9879385964912281 0.0849780701754386 0.02412280701754386 0.049342105263157895
1 0.9696637426900584 0.08908991228070175 0.03289473684210526 0.05756578947368421
1 0.9375 0.08963815789473684 0.04239766081871345 0.048793859649122806
1 0.864766081871345 0.07922149122807016 0.03070175438596491 0.048793859649122806
1 0.8326023391812865 0.10718201754385964 0.03654970760233918 0.05317982456140351
1 0.8066520467836257 0.08908991228070175 0.038011695906432746 0.05756578947368421
1 0.7611476608187134 0.08278508771929824 0.04349415204678363 0.0537280701754386
1 0.7192982456140351 0.08470394736842105 0.029970760233918127 0.038925438596491224
1 0.6684941520467836 0.08086622807017543 0.03435672514619883 0.05756578947368421
1 0.5869883040935672 0.0805921052631579 0.03070175438596491 0.0668859649122807
1 0.5674342105263157 0.10553728070175437 0.039108187134502925 0.05756578947368421
1 0.51078216374269 0.1112938596491228 0.04057017543859649 0.05482456140350877
1 0.4365862573099415 0.11595394736842105 0.042763157894736836 0.05975877192982456
1 0.5551900584795322 0.21875 0.019736842105263157 0.017543859649122806
1 0.5688961988304093 0.19736842105263158 0.014985380116959063 0.01425438596491228
1 0.6518640350877193 0.21025219298245612 0.017909356725146198 0.022478070175438597
1 0.8145102339181286 0.19873903508771928 0.01864035087719298 0.016995614035087717
1 0.8477704678362573 0.1981907894736842 0.012792397660818713 0.02576754385964912
1 0.9634502923976608 0.1918859649122807 0.02412280701754386 0.019736842105263157
1 0.9605263157894737 0.2793311403508772 0.02850877192982456 0.0268640350877193
1 0.9331140350877193 0.2919407894736842 0.02266081871345029 0.02796052631578947
1 0.8813961988304093 0.2864583333333333 0.023757309941520467 0.02796052631578947
1 0.8598318713450291 0.29742324561403505 0.03764619883040936 0.02905701754385965
1 0.8177997076023391 0.3053728070175438 0.035453216374269 0.03289473684210526
1 0.7593201754385964 0.2949561403508772 0.023757309941520467 0.044956140350877194
1 0.7353801169590642 0.2897478070175438 0.02412280701754386 0.048793859649122806
1 0.6973684210526315 0.3015350877192982 0.02412280701754386 0.02850877192982456
1 0.6567982456140351 0.28755482456140347 0.03070175438596491 0.06414473684210525
1 0.6138523391812866 0.3040021929824561 0.027412280701754384 0.0268640350877193
1 0.5721856725146198 0.3157894736842105 0.0222953216374269 0.039473684210526314
1 0.5297880116959064 0.33059210526315785 0.025219298245614034 0.03618421052631579
1 0.45266812865497075 0.3421052631578947 0.031067251461988302 0.03070175438596491
1 0.42141812865497075 0.3215460526315789 0.021198830409356724 0.0400219298245614
1 0.43804824561403505 0.47121710526315785 0.03399122807017543 0.05975877192982456
1 0.5391081871345029 0.44846491228070173 0.035818713450292396 0.041666666666666664
1 0.612390350877193 0.4421600877192982 0.04130116959064327 0.05317982456140351
1 0.6524122807017544 0.4202302631578947 0.041666666666666664 0.044407894736842105
1 0.7076023391812865 0.4309210526315789 0.03435672514619883 0.03728070175438596
1 0.7362938596491228 0.4183114035087719 0.03764619883040936 0.05592105263157894
1 0.7611476608187134 0.4303728070175438 0.031067251461988302 0.046052631578947366
1 0.8051900584795321 0.41584429824561403 0.029239766081871343 0.0400219298245614
1 0.8413742690058479 0.4180372807017544 0.027777777777777776 0.05098684210526316
1 0.8704312865497076 0.4325657894736842 0.03326023391812866 0.042763157894736836
1 0.9409722222222222 0.43338815789473684 0.03691520467836257 0.048793859649122806
1 0.9742324561403508 0.4161184210526316 0.031067251461988302 0.05263157894736842
1 0.9930555555555555 0.5844298245614035 0.013888888888888888 0.06798245614035087
1 0.5098684210526315 0.6058114035087719 0.0489766081871345 0.05153508771929824
1 0.7256944444444444 0.5589364035087719 0.07346491228070175 0.09484649122807016
1 0.8207236842105262 0.6513157894736842 0.0266812865497076 0.03618421052631579
1 0.7308114035087719 0.6924342105263157 0.049342105263157895 0.0625
1 0.6377923976608186 0.6595394736842105 0.03654970760233918 0.0537280701754386
1 0.45906432748538006 0.7653508771929824 0.06432748538011696 0.0800438596491228
1 0.8501461988304093 0.7593201754385964 0.01608187134502924 0.019736842105263157
1 0.6659356725146198 0.8939144736842105 0.031432748538011694 0.041118421052631575
1 0.8550804093567251 0.984375 0.035453216374269 0.03125
1 0.9296418128654971 0.9449013157894737 0.025950292397660817 0.0400219298245614
1 0.9756944444444444 0.9756030701754386 0.023757309941520467 0.03782894736842105
1 0.9780701754385964 0.9901315789473684 0.021929824561403508 0.019736842105263157
1 0.6885964912280701 0.9887609649122806 0.03216374269005848 0.022478070175438597
1 0.7578581871345029 0.9923245614035087 0.01864035087719298 0.015350877192982455
1 0.5990497076023391 0.9816337719298245 0.024853801169590642 0.03673245614035087
1 0.5776681286549707 0.9832785087719298 0.019371345029239765 0.03344298245614035
1 0.5160818713450293 0.9860197368421052 0.025584795321637425 0.02796052631578947
1 0.4926900584795321 0.9893092105263157 0.029239766081871343 0.021381578947368418
