1 0.94828216374269 0.19654605263157893 0.023757309941520467 0.03125
1 0.8660453216374269 0.19736842105263158 0.01864035087719298 0.03179824561403509
1 0.6931652046783625 0.18283991228070173 0.01425438596491228 0.02357456140350877
1 0.7266081871345029 0.19654605263157893 0.023391812865497075 0.0268640350877193
1 0.6553362573099415 0.19873903508771928 0.024853801169590642 0.03125
1 0.6059941520467836 0.19161184210526314 0.02046783625730994 0.043311403508771926
1 0.564875730994152 0.18969298245614033 0.023757309941520467 0.03508771929824561
1 0.48428362573099415 0.1907894736842105 0.015350877192982455 0.017543859649122806
1 0.4148391812865497 0.19682017543859648 0.023391812865497075 0.03289473684210526
1 0.30372807017543857 0.09457236842105263 0.041666666666666664 0.07072368421052631
1 0.302266081871345 0.28371710526315785 0.0445906432748538 0.05537280701754386
1 0.3194444444444444 0.3275767543859649 0.03874269005847953 0.046600877192982455
1 0.14802631578947367 0.11842105263157894 0.04751461988304093 0.0581140350877193
1 0.12207602339181287 0.10526315789473684 0.03874269005847953 0.0625
1 0.12554824561403508 0.2182017543859649 0.02010233918128655 0.03179824561403509
1 0.16593567251461988 0.31743421052631576 0.02850877192982456 0.0581140350877193
1 0.08406432748538012 0.34621710526315785 0.041666666666666664 0.05317982456140351
1 0.9809941520467835 0.7546600877192982 0.03874269005847953 0.05646929824561403
1 0.84375 0.7365679824561403 0.04057017543859649 0.042214912280701754
1 0.7949561403508771 0.7823464912280701 0.03435672514619883 0.0625
1 0.7540204678362573 0.7308114035087719 0.05043859649122807 0.038377192982456135
1 0.7141812865497076 0.7568530701754386 0.04239766081871345 0.044407894736842105
1 0.65625 0.7521929824561403 0.04568713450292397 0.05592105263157894
1 0.46984649122807015 0.7543859649122806 0.03764619883040936 0.05701754385964912
1 0.4550438596491228 0.7458881578947368 0.033625730994152045 0.048793859649122806
1 0.5423976608187134 0.7955043859649122 0.027046783625730993 0.05263157894736842
1 0.6211622807017544 0.7815241228070176 0.034722222222222224 0.0400219298245614
1 0.4053362573099415 0.7494517543859649 0.03508771929824561 0.046052631578947366
