1 0.017178362573099414 0.07648026315789473 0.01827485380116959 0.03015350877192982
1 0.03508771929824561 0.0849780701754386 0.027777777777777776 0.049342105263157895
1 0.08187134502923976 0.06716008771929824 0.01608187134502924 0.03782894736842105
1 0.08698830409356725 0.20175438596491227 0.015350877192982455 0.03070175438596491
1 0.029239766081871343 0.2930372807017544 0.013888888888888888 0.024671052631578948
1 0.015716374269005847 0.41913377192982454 0.024853801169590642 0.038925438596491224
1 0.03819444444444444 0.5446820175438596 0.04130116959064327 0.05975877192982456
1 0.03618421052631579 0.8188048245614035 0.03435672514619883 0.05208333333333333
1 0.09137426900584794 0.8081140350877193 0.027777777777777776 0.0581140350877193
1 0.8589181286549707 0.030975877192982455 0.03654970760233918 0.05975877192982456
1 0.7362938596491228 0.0537280701754386 0.04057017543859649 0.0537280701754386
1 0.7012061403508771 0.04632675438596491 0.034722222222222224 0.06195175438596491
1 0.6655701754385964 0.04523026315789473 0.027046783625730993 0.03125
1 0.6313961988304093 0.05866228070175438 0.031067251461988302 0.03618421052631579
1 0.4013157894736842 0.04989035087719298 0.014619883040935672 0.05482456140350877
1 0.3697002923976608 0.06469298245614034 0.02448830409356725 0.049342105263157895
1 0.30610380116959063 0.0581140350877193 0.017178362573099414 0.03070175438596491
1 0.2622441520467836 0.0581140350877193 0.03033625730994152 0.042763157894736836
1 0.20413011695906433 0.08525219298245613 0.0266812865497076 0.0356359649122807
1 0.1836622807017544 0.17297149122807018 0.017909356725146198 0.015899122807017545
1 0.2978801169590643 0.21436403508771928 0.046052631578947366 0.03618421052631579
1 0.3291301169590643 0.17023026315789472 0.0537280701754386 0.06414473684210525
1 0.38961988304093564 0.1850328947368421 0.019005847953216373 0.038925438596491224
1 0.427266081871345 0.21600877192982454 0.0445906432748538 0.09868421052631579
1 0.4541301169590643 0.18283991228070173 0.04568713450292397 0.05646929824561403
1 0.48684210526315785 0.19490131578947367 0.03508771929824561 0.08168859649122806
1 0.5224780701754386 0.18612938596491227 0.04788011695906433 0.09046052631578946
1 0.5572002923976608 0.18283991228070173 0.03326023391812866 0.07510964912280702
1 0.6030701754385964 0.21984649122807015 0.031432748538011694 0.05482456140350877
1 0.6865862573099415 0.1918859649122807 0.03691520467836257 0.04714912280701754
1 0.7167397660818713 0.23273026315789472 0.04093567251461988 0.06414473684210525
1 0.739766081871345 0.2099780701754386 0.031432748538011694 0.042763157894736836
1 0.7876461988304093 0.19517543859649122 0.04532163742690058 0.08114035087719298
1 0.8408260233918128 0.18969298245614033 0.0398391812865497 0.06578947368421052
1 0.8945540935672515 0.19270833333333331 0.06907894736842105 0.05427631578947368
1 0.8963815789473684 0.27713815789473684 0.04788011695906433 0.07182017543859649
1 0.8203581871345029 0.29934210526315785 0.05007309941520467 0.0712719298245614
1 0.7865497076023391 0.2963267543859649 0.0402046783625731 0.06195175438596491
1 0.7242324561403508 0.29797149122807015 0.055190058479532164 0.06853070175438596
1 0.6714181286549707 0.28755482456140347 0.04239766081871345 0.05975877192982456
1 0.6290204678362573 0.2905701754385965 0.043859649122807015 0.0537280701754386
1 0.6016081871345029 0.2902960526315789 0.046052631578947366 0.06414473684210525
1 0.5694444444444444 0.296875 0.051900584795321635 0.048793859649122806
1 0.47953216374269003 0.30098684210526316 0.03289473684210526 0.05701754385964912
1 0.3788377192982456 0.31688596491228066 0.0442251461988304 0.0581140350877193
1 0.1960891812865497 0.44188596491228066 0.03179824561403509 0.042763157894736836
1 0.2913011695906433 0.3983004385964912 0.013157894736842105 0.021381578947368418
1 0.34484649122807015 0.4114583333333333 0.017909356725146198 0.02357456140350877
1 0.37993421052631576 0.41255482456140347 0.017909356725146198 0.021381578947368418
1 0.4375 0.40871710526315785 0.012426900584795321 0.02905701754385965
1 0.5248538011695906 0.4109100877192982 0.017543859649122806 0.022478070175438597
1 0.5604897660818713 0.41776315789473684 0.014985380116959063 0.021929824561403508
1 0.60453216374269 0.41173245614035087 0.02046783625730994 0.043859649122807015
1 0.8011695906432748 0.38925438596491224 0.01827485380116959 0.01864035087719298
1 0.9623538011695906 0.37801535087719296 0.03216374269005848 0.04769736842105263
1 0.8326023391812865 0.5271381578947368 0.029239766081871343 0.0356359649122807
1 0.7847222222222222 0.5367324561403508 0.029970760233918127 0.042763157894736836
1 0.7664473684210525 0.4920504385964912 0.029239766081871343 0.04989035087719298
1 0.6743421052631579 0.4920504385964912 0.013888888888888888 0.021381578947368418
1 0.6145833333333333 0.49616228070175433 0.02448830409356725 0.0537280701754386
1 0.5677997076023391 0.5093201754385964 0.035453216374269 0.0581140350877193
1 0.5413011695906432 0.5076754385964912 0.03654970760233918 0.041666666666666664
1 0.4926900584795321 0.5137061403508771 0.05116959064327485 0.04057017543859649
1 0.4409722222222222 0.5049342105263157 0.03399122807017543 0.0537280701754386
1 0.4100877192982456 0.5323464912280701 0.03070175438596491 0.05482456140350877
1 0.38961988304093564 0.5397478070175439 0.01827485380116959 0.046600877192982455
1 0.34375 0.4819078947368421 0.02887426900584795 0.05701754385964912
1 0.32821637426900585 0.5520833333333333 0.027046783625730993 0.042763157894736836
1 0.2905701754385965 0.5476973684210527 0.0445906432748538 0.041666666666666664
1 0.25201023391812866 0.6699561403508771 0.023026315789473683 0.049342105263157895
1 0.28673245614035087 0.6540570175438596 0.03326023391812866 0.0625
1 0.3505116959064327 0.678453947368421 0.0402046783625731 0.038925438596491224
1 0.3735380116959064 0.638157894736842 0.019736842105263157 0.03289473684210526
1 0.41118421052631576 0.6746162280701754 0.025584795321637425 0.0400219298245614
1 0.4375 0.6746162280701754 0.02850877192982456 0.05098684210526316
1 0.5155336257309941 0.7064144736842105 0.03326023391812866 0.04989035087719298
1 0.5005482456140351 0.6403508771929824 0.017909356725146198 0.029605263157894735
1 0.5347222222222222 0.6433662280701754 0.03435672514619883 0.03125
1 0.60453216374269 0.6795504385964912 0.046052631578947366 0.06195175438596491
1 0.6006944444444444 0.6496710526315789 0.0222953216374269 0.04714912280701754
1 0.664656432748538 0.6458333333333333 0.025950292397660817 0.03289473684210526
1 0.7465277777777778 0.6524122807017544 0.04057017543859649 0.05701754385964912
1 0.8101242690058479 0.6461074561403508 0.03326023391812866 0.04769736842105263
1 0.8305921052631579 0.6378837719298245 0.048611111111111105 0.04989035087719298
1 0.8700657894736842 0.6392543859649122 0.04203216374269006 0.044956140350877194
1 0.9532163742690059 0.7680921052631579 0.02850877192982456 0.03289473684210526
1 0.9144736842105262 0.7987938596491228 0.027046783625730993 0.03508771929824561
1 0.8790204678362573 0.8305921052631579 0.019736842105263157 0.03289473684210526
1 0.8592836257309941 0.7881030701754386 0.023391812865497075 0.024671052631578948
1 0.79203216374269 0.8045504385964912 0.019736842105263157 0.03453947368421052
1 0.7479897660818713 0.7856359649122806 0.023026315789473683 0.038377192982456135
1 0.6929824561403508 0.8371710526315789 0.02266081871345029 0.038377192982456135
1 0.6407163742690059 0.790844298245614 0.021929824561403508 0.038925438596491224
1 0.5849780701754386 0.8432017543859649 0.020833333333333332 0.049342105263157895
1 0.5413011695906432 0.8459429824561403 0.02046783625730994 0.038377192982456135
1 0.5142543859649122 0.8489583333333333 0.021929824561403508 0.0356359649122807
1 0.4678362573099415 0.8253837719298245 0.016812865497076022 0.03015350877192982
1 0.44572368421052627 0.8588267543859649 0.034722222222222224 0.03782894736842105
1 0.4141081871345029 0.8352521929824561 0.01827485380116959 0.0356359649122807
1 0.3364400584795321 0.8478618421052632 0.01864035087719298 0.02905701754385965
1 0.2803362573099415 0.8336074561403508 0.019736842105263157 0.045504385964912276
1 0.24561403508771928 0.8410087719298245 0.015350877192982455 0.03289473684210526
1 0.25493421052631576 0.947094298245614 0.01864035087719298 0.05208333333333333
1 0.3501461988304093 0.9555921052631579 0.0489766081871345 0.0581140350877193
1 0.3916301169590643 0.9459978070175438 0.032529239766081866 0.06962719298245613
1 0.45540935672514615 0.9073464912280701 0.03070175438596491 0.0668859649122807
1 0.4756944444444444 0.9555921052631579 0.03399122807017543 0.049342105263157895
1 0.47368421052631576 0.966282894736842 0.029970760233918127 0.02357456140350877
1 0.5096856725146198 0.9468201754385964 0.04057017543859649 0.0581140350877193
1 0.5376461988304093 0.9525767543859649 0.062134502923976605 0.07291666666666666
1 0.5844298245614035 0.9396929824561403 0.024853801169590642 0.05482456140350877
1 0.6171418128654971 0.9180372807017544 0.05080409356725146 0.06304824561403509
1 0.6582602339181286 0.9734100877192982 0.043859649122807015 0.05317982456140351
1 0.6363304093567251 0.993969298245614 0.014619883040935672 0.01206140350877193
1 0.6600877192982456 0.9155701754385964 0.04824561403508772 0.0625
1 0.7041301169590642 0.9139254385964912 0.03179824561403509 0.05263157894736842
1 0.7426900584795322 0.9169407894736842 0.03508771929824561 0.06853070175438596
1 0.781798245614035 0.9841008771929824 0.02266081871345029 0.03179824561403509
1 0.7885599415204678 0.919407894736842 0.049342105263157895 0.0625
1 0.8042763157894737 0.9015899122807017 0.023026315789473683 0.0849780701754386
1 0.8516081871345029 0.9243421052631579 0.046052631578947366 0.0668859649122807
1 0.8262061403508771 0.993969298245614 0.032529239766081866 0.01206140350877193
1 0.8530701754385964 0.9882127192982456 0.01827485380116959 0.02357456140350877
1 0.8790204678362573 0.8870614035087718 0.04239766081871345 0.07236842105263158
1 0.9047880116959064 0.947094298245614 0.055190058479532164 0.06743421052631579
1 0.9395102339181286 0.9196820175438596 0.05738304093567251 0.06195175438596491
1 0.9755116959064327 0.9377741228070174 0.027046783625730993 0.0356359649122807
1 0.993969298245614 0.9273574561403508 0.01206140350877193 0.02796052631578947
1 0.9895833333333333 0.8580043859649122 0.020833333333333332 0.03179824561403509
1 0.9590643274853801 0.706140350877193 0.019005847953216373 0.020833333333333332
1 0.9883040935672514 0.7165570175438596 0.021929824561403508 0.025219298245614034
1 0.9786184210526315 0.6208881578947368 0.028143274853801168 0.0400219298245614
1 0.9649122807017543 0.49780701754385964 0.01827485380116959 0.021929824561403508
1 0.9663742690058479 0.13898026315789472 0.027777777777777776 0.0356359649122807
1 0.9844663742690057 0.01781798245614035 0.017909356725146198 0.02357456140350877
