1 0.02540204678362573 0.6773574561403508 0.021564327485380116 0.041118421052631575
1 0.03234649122807017 0.7774122807017544 0.01206140350877193 0.021929824561403508
1 0.15387426900584794 0.0956688596491228 0.007309941520467836 0.0268640350877193
1 0.1822002923976608 0.10142543859649122 0.01206140350877193 0.019736842105263157
1 0.24269005847953215 0.09895833333333333 0.00804093567251462 0.016995614035087717
1 0.32456140350877194 0.07922149122807016 0.007309941520467836 0.015899122807017545
1 0.37627923976608185 0.09375 0.012792397660818713 0.01206140350877193
1 0.41173245614035087 0.0956688596491228 0.008406432748538011 0.016995614035087717
1 0.4784356725146199 0.08552631578947367 0.010964912280701754 0.023026315789473683
1 0.5394736842105263 0.07154605263157894 0.011695906432748537 0.018092105263157895
1 0.6900584795321637 0.0581140350877193 0.01827485380116959 0.02412280701754386
1 0.7002923976608186 0.1606359649122807 0.019736842105263157 0.02850877192982456
1 0.5239400584795322 0.19654605263157893 0.009137426900584795 0.018092105263157895
1 0.40332602339181284 0.19873903508771928 0.006944444444444444 0.010416666666666666
1 0.17763157894736842 0.20038377192982454 0.00804093567251462 0.015899122807017545
1 0.10069444444444443 0.3333333333333333 0.023757309941520467 0.044956140350877194
1 0.15826023391812866 0.3371710526315789 0.016812865497076022 0.025219298245614034
1 0.25201023391812866 0.32839912280701755 0.011330409356725146 0.021929824561403508
1 0.36659356725146197 0.328125 0.014619883040935672 0.015899122807017545
1 0.38925438596491224 0.29742324561403505 0.017543859649122806 0.03673245614035087
1 0.41118421052631576 0.30317982456140347 0.021198830409356724 0.02850877192982456
1 0.49616228070175433 0.3042763157894737 0.01644736842105263 0.02850877192982456
1 0.5928362573099415 0.29084429824561403 0.021198830409356724 0.038925438596491224
1 0.6248172514619883 0.2845394736842105 0.02887426900584795 0.04824561403508772
1 0.6469298245614035 0.3015350877192982 0.012426900584795321 0.02850877192982456
1 0.6865862573099415 0.2733004385964912 0.023026315789473683 0.03234649122807017
1 0.7055921052631579 0.2702850877192982 0.01644736842105263 0.021929824561403508
1 0.26078216374269003 0.5356359649122807 0.01206140350877193 0.029605263157894735
1 0.29203216374269003 0.5474232456140351 0.012426900584795321 0.022478070175438597
1 0.10160818713450293 0.6836622807017544 0.02046783625730994 0.020833333333333332
1 0.1387061403508772 0.6896929824561403 0.01206140350877193 0.021929824561403508
1 0.3057383040935672 0.6691337719298245 0.01425438596491228 0.02357456140350877
1 0.45175438596491224 0.6414473684210525 0.021198830409356724 0.02850877192982456
1 0.5391081871345029 0.6389802631578947 0.01023391812865497 0.02576754385964912
1 0.5663377192982456 0.6214364035087719 0.023026315789473683 0.03015350877192982
1 0.6880482456140351 0.6324013157894737 0.021564327485380116 0.03234649122807017
1 0.6304824561403508 0.7442434210526315 0.04678362573099415 0.04989035087719298
1 0.5259502923976608 0.7510964912280701 0.025584795321637425 0.01644736842105263
1 0.45321637426900585 0.7552083333333333 0.03289473684210526 0.043311403508771926
1 0.48245614035087714 0.7494517543859649 0.009502923976608187 0.01864035087719298
1 0.29203216374269003 0.7796052631578947 0.05043859649122807 0.05153508771929824
1 0.16557017543859648 0.944078947368421 0.039473684210526314 0.038377192982456135
1 0.2222222222222222 0.9152960526315789 0.02266081871345029 0.024671052631578948
1 0.23391812865497075 0.9024122807017544 0.019736842105263157 0.01644736842105263
1 0.26425438596491224 0.9895833333333333 0.012426900584795321 0.020833333333333332
1 0.3223684210526316 0.9967105263157894 0.012426900584795321 0.006578947368421052
1 0.35928362573099415 0.9958881578947368 0.009502923976608187 0.008223684210526315
1 0.42178362573099415 0.9799890350877193 0.013157894736842105 0.024671052631578948
1 0.5703581871345029 0.9514802631578947 0.023757309941520467 0.015899122807017545
1 0.6176900584795322 0.9720394736842105 0.012426900584795321 0.015350877192982455
1 0.6518640350877193 0.9695723684210525 0.009868421052631578 0.021381578947368418
1 0.7479897660818713 0.969298245614035 0.0222953216374269 0.017543859649122806
1 0.7563961988304093 0.853344298245614 0.023026315789473683 0.019188596491228067
1 0.8667763157894737 0.035910087719298246 0.03179824561403509 0.02905701754385965
1 0.9623538011695906 0.011239035087719298 0.01608187134502924 0.011513157894736841
1 0.8965643274853801 0.24095394736842105 0.02850877192982456 0.046600877192982455
1 0.9082602339181286 0.4084429824561403 0.03289473684210526 0.044956140350877194
1 0.9336622807017544 0.35910087719298245 0.032529239766081866 0.04057017543859649
1 0.8980263157894737 0.4865679824561403 0.06067251461988304 0.07839912280701754
1 0.9809941520467835 0.6066337719298245 0.027046783625730993 0.016995614035087717
1 0.9292763157894737 0.947094298245614 0.029605263157894735 0.0268640350877193
