1 0.044956140350877194 0.04906798245614035 0.025584795321637425 0.03015350877192982
1 0.05226608187134503 0.07319078947368421 0.03435672514619883 0.04769736842105263
1 0.06012426900584795 0.18338815789473684 0.025219298245614034 0.0268640350877193
1 0.013706140350877192 0.19873903508771928 0.009137426900584795 0.016995614035087717
1 0.01425438596491228 0.24205043859649122 0.017543859649122806 0.0356359649122807
1 0.0625 0.22341008771929824 0.02412280701754386 0.0356359649122807
1 0.15880847953216373 0.03125 0.020833333333333332 0.029605263157894735
1 0.19828216374269006 0.03125 0.039108187134502925 0.06030701754385964
1 0.2744883040935672 0.04413377192982456 0.025584795321637425 0.045504385964912276
1 0.2666301169590643 0.16036184210526314 0.0266812865497076 0.042214912280701754
1 0.22953216374269003 0.20778508771929824 0.009502923976608187 0.021929824561403508
1 0.3057383040935672 0.2793311403508772 0.019371345029239765 0.03782894736842105
1 0.2222222222222222 0.2787828947368421 0.023391812865497075 0.05208333333333333
1 0.18402777777777776 0.2543859649122807 0.01206140350877193 0.025219298245614034
1 0.13413742690058478 0.26672149122807015 0.014619883040935672 0.044407894736842105
1 0.34027777777777773 0.07648026315789473 0.029970760233918127 0.0268640350877193
1 0.3523391812865497 0.01343201754385965 0.024853801169590642 0.02357456140350877
1 0.34027777777777773 0.14720394736842105 0.027046783625730993 0.04989035087719298
1 0.38943713450292394 0.12911184210526316 0.034722222222222224 0.045504385964912276
1 0.4161184210526316 0.22532894736842105 0.0266812865497076 0.0581140350877193
1 0.42872807017543857 0.1469298245614035 0.02266081871345029 0.03618421052631579
1 0.4296418128654971 0.058936403508771926 0.031067251461988302 0.04989035087719298
1 0.4713084795321637 0.023026315789473683 0.031067251461988302 0.044956140350877194
1 0.4649122807017544 0.16365131578947367 0.019736842105263157 0.03234649122807017
1 0.44572368421052627 0.23711622807017543 0.020833333333333332 0.02576754385964912
1 0.49762426900584794 0.27001096491228066 0.0442251461988304 0.06524122807017543
1 0.518640350877193 0.2168311403508772 0.027046783625730993 0.02905701754385965
1 0.5266812865497076 0.1787280701754386 0.017543859649122806 0.02631578947368421
1 0.5157163742690059 0.0649671052631579 0.03508771929824561 0.05537280701754386
1 0.5796783625730993 0.0381030701754386 0.03216374269005848 0.042214912280701754
1 0.5922880116959064 0.0712719298245614 0.04057017543859649 0.04057017543859649
1 0.5879020467836257 0.16282894736842105 0.009868421052631578 0.01864035087719298
1 0.6631944444444444 0.013706140350877192 0.0266812865497076 0.02631578947368421
1 0.6732456140350876 0.15487938596491227 0.027046783625730993 0.042214912280701754
1 0.6597222222222222 0.1918859649122807 0.03289473684210526 0.03618421052631579
1 0.6659356725146198 0.2431469298245614 0.03289473684210526 0.042214912280701754
1 0.6816520467836257 0.2741228070175438 0.016812865497076022 0.015350877192982455
1 0.7225877192982456 0.171875 0.023391812865497075 0.021381578947368418
1 0.737390350877193 0.00932017543859649 0.032529239766081866 0.017543859649122806
1 0.7788742690058479 0.20778508771929824 0.027777777777777776 0.042763157894736836
1 0.8119517543859649 0.19298245614035087 0.01864035087719298 0.039473684210526314
1 0.8347953216374269 0.10910087719298245 0.03216374269005848 0.05482456140350877
1 0.9579678362573099 0.11787280701754385 0.03728070175438596 0.03179824561403509
1 0.8534356725146198 0.04961622807017543 0.01023391812865497 0.022478070175438597
1 0.993969298245614 0.15049342105263158 0.01206140350877193 0.042214912280701754
1 0.9870248538011696 0.27960526315789475 0.025950292397660817 0.017543859649122806
1 0.8479532163742689 0.2787828947368421 0.02046783625730994 0.022478070175438597
