1 0.20266812865497075 0.11184210526315788 0.032529239766081866 0.0537280701754386
1 0.15625 0.09868421052631579 0.01864035087719298 0.029605263157894735
1 0.08644005847953216 0.11842105263157894 0.02010233918128655 0.046052631578947366
1 0.044956140350877194 0.1337719298245614 0.029239766081871343 0.03179824561403509
1 0.2012061403508772 0.2324561403508772 0.028143274853801168 0.0537280701754386
1 0.20413011695906433 0.34375 0.032529239766081866 0.02412280701754386
1 0.1372441520467836 0.34676535087719296 0.025950292397660817 0.03015350877192982
1 0.04788011695906433 0.3456688596491228 0.02266081871345029 0.02576754385964912
1 0.06743421052631579 0.4533991228070175 0.01864035087719298 0.03399122807017543
1 0.049342105263157895 0.4956140350877193 0.021198830409356724 0.03179824561403509
1 0.005482456140350877 0.4734100877192982 0.01023391812865497 0.0268640350877193
1 0.10891812865497075 0.46463815789473684 0.027777777777777776 0.0356359649122807
1 0.13578216374269006 0.4819078947368421 0.025219298245614034 0.03179824561403509
1 0.15734649122807018 0.48985745614035087 0.0266812865497076 0.03673245614035087
1 0.24652777777777776 0.4577850877192982 0.014985380116959063 0.03070175438596491
1 0.32328216374269003 0.46600877192982454 0.025219298245614034 0.029605263157894735
1 0.24616228070175436 0.584703947368421 0.032529239766081866 0.05098684210526316
1 0.13285818713450293 0.5921052631578947 0.0398391812865497 0.043859649122807015
1 0.09941520467836257 0.587719298245614 0.027777777777777776 0.043859649122807015
1 0.06944444444444445 0.5959429824561403 0.031432748538011694 0.038377192982456135
1 0.03764619883040936 0.5814144736842105 0.03289473684210526 0.04989035087719298
1 0.16319444444444445 0.7050438596491228 0.019371345029239765 0.03179824561403509
1 0.021564327485380116 0.7324561403508771 0.04093567251461988 0.044956140350877194
1 0.15387426900584794 0.828125 0.015350877192982455 0.02357456140350877
1 0.03179824561403509 0.8486842105263157 0.021929824561403508 0.02631578947368421
1 0.3784722222222222 0.9865679824561403 0.025219298245614034 0.0268640350877193
1 0.3501461988304093 0.7434210526315789 0.04239766081871345 0.0756578947368421
1 0.3559941520467836 0.572094298245614 0.02266081871345029 0.03234649122807017
1 0.3081140350877193 0.10992324561403508 0.0445906432748538 0.048793859649122806
1 0.3813961988304093 0.11156798245614034 0.02448830409356725 0.024671052631578948
1 0.4126461988304093 0.09703947368421052 0.016812865497076022 0.025219298245614034
1 0.46290204678362573 0.0805921052631579 0.01864035087719298 0.013157894736842105
1 0.4985380116959064 0.1025219298245614 0.013157894736842105 0.03289473684210526
1 0.5113304093567251 0.10773026315789473 0.01827485380116959 0.02576754385964912
1 0.5738304093567251 0.0805921052631579 0.007309941520467836 0.013157894736842105
1 0.612390350877193 0.06770833333333333 0.023026315789473683 0.038925438596491224
1 0.6719663742690059 0.1137609649122807 0.01864035087719298 0.020285087719298246
1 0.7768640350877193 0.13459429824561403 0.02448830409356725 0.05866228070175438
1 0.8792032163742689 0.10553728070175437 0.009868421052631578 0.02796052631578947
1 0.8457602339181286 0.10553728070175437 0.012426900584795321 0.02796052631578947
1 0.91703216374269 0.0537280701754386 0.01608187134502924 0.03508771929824561
1 0.9457236842105262 0.08717105263157894 0.03326023391812866 0.0581140350877193
1 0.9047880116959064 0.21436403508771928 0.04714912280701754 0.07675438596491227
1 0.8221856725146198 0.21271929824561403 0.034722222222222224 0.05263157894736842
1 0.7861842105263157 0.23684210526315788 0.0533625730994152 0.0668859649122807
1 0.7803362573099415 0.18311403508771928 0.03289473684210526 0.03618421052631579
1 0.7392178362573099 0.22779605263157893 0.05007309941520467 0.05537280701754386
1 0.6705043859649122 0.22121710526315788 0.044956140350877194 0.07401315789473684
1 0.6348684210526315 0.21875 0.05116959064327485 0.0712719298245614
1 0.5946637426900584 0.2006578947368421 0.0402046783625731 0.0800438596491228
1 0.5688961988304093 0.23273026315789472 0.04130116959064327 0.06304824561403509
1 0.5303362573099415 0.20559210526315788 0.04239766081871345 0.0581140350877193
1 0.4950657894736842 0.22395833333333331 0.0625 0.06304824561403509
1 0.46290204678362573 0.24561403508771928 0.0398391812865497 0.046052631578947366
1 0.4360380116959064 0.22615131578947367 0.04751461988304093 0.05756578947368421
1 0.4150219298245614 0.2546600877192982 0.0537280701754386 0.06195175438596491
1 0.3817616959064327 0.21463815789473684 0.05153508771929824 0.06195175438596491
1 0.3638523391812865 0.24725877192982454 0.038377192982456135 0.07017543859649122
1 0.3342470760233918 0.2431469298245614 0.055190058479532164 0.05975877192982456
1 0.34904970760233917 0.3588267543859649 0.03216374269005848 0.04989035087719298
1 0.4331140350877193 0.35060307017543857 0.03654970760233918 0.044407894736842105
1 0.4932383040935672 0.34429824561403505 0.03179824561403509 0.049342105263157895
1 0.5321637426900585 0.3201754385964912 0.033625730994152045 0.05263157894736842
1 0.5677997076023391 0.31277412280701755 0.027412280701754384 0.048793859649122806
1 0.6319444444444444 0.33963815789473684 0.029239766081871343 0.048793859649122806
1 0.6752558479532164 0.34375 0.03326023391812866 0.03289473684210526
1 0.750548245614035 0.3231907894736842 0.0266812865497076 0.048793859649122806
1 0.7803362573099415 0.32785087719298245 0.03435672514619883 0.046052631578947366
1 0.8269371345029239 0.33360745614035087 0.03326023391812866 0.04989035087719298
1 0.8846856725146198 0.30783991228070173 0.027412280701754384 0.02905701754385965
1 0.9643640350877193 0.30372807017543857 0.0266812865497076 0.049342105263157895
1 0.9945175438596491 0.5389254385964912 0.010964912280701754 0.03179824561403509
1 0.9649122807017543 0.556469298245614 0.023391812865497075 0.0668859649122807
1 0.9307383040935672 0.5509868421052632 0.04057017543859649 0.05592105263157894
1 0.8177997076023391 0.5789473684210527 0.03691520467836257 0.029605263157894735
1 0.7880116959064327 0.553453947368421 0.019005847953216373 0.046600877192982455
1 0.7222222222222222 0.5575657894736842 0.02412280701754386 0.043859649122807015
1 0.7383040935672515 0.4539473684210526 0.01608187134502924 0.03508771929824561
1 0.6822002923976608 0.5559210526315789 0.027412280701754384 0.041666666666666664
1 0.6533260233918128 0.5666118421052632 0.028143274853801168 0.03782894736842105
1 0.6176900584795322 0.5803179824561403 0.02412280701754386 0.04989035087719298
1 0.5908260233918128 0.5805921052631579 0.03179824561403509 0.029605263157894735
1 0.5590277777777778 0.5611293859649122 0.02887426900584795 0.03782894736842105
1 0.5303362573099415 0.553453947368421 0.03070175438596491 0.0400219298245614
1 0.49122807017543857 0.5858004385964912 0.019736842105263157 0.041118421052631575
1 0.45614035087719296 0.5693530701754386 0.019736842105263157 0.020285087719298246
1 0.408625730994152 0.5671600877192983 0.019005847953216373 0.03125
1 0.4844663742690058 0.7173793859649122 0.035453216374269 0.03782894736842105
1 0.5394736842105263 0.7277960526315789 0.0445906432748538 0.0849780701754386
1 0.5586622807017544 0.7324561403508771 0.01864035087719298 0.044956140350877194
1 0.6778143274853801 0.7077850877192982 0.04714912280701754 0.06030701754385964
1 0.8101242690058479 0.6617324561403508 0.03179824561403509 0.03070175438596491
1 0.9413377192982456 0.8522478070175438 0.03618421052631579 0.048793859649122806
1 0.9276315789473684 0.919407894736842 0.01827485380116959 0.029605263157894735
1 0.8735380116959064 0.9377741228070174 0.021198830409356724 0.03125
1 0.7953216374269005 0.8769188596491228 0.031432748538011694 0.05208333333333333
1 0.7582236842105263 0.865953947368421 0.029605263157894735 0.048793859649122806
1 0.7657163742690059 0.944078947368421 0.02266081871345029 0.05482456140350877
1 0.6387061403508771 0.8366228070175438 0.05592105263157894 0.05482456140350877
1 0.6103801169590642 0.897203947368421 0.03654970760233918 0.048793859649122806
1 0.5288742690058479 0.8771929824561403 0.029970760233918127 0.03618421052631579
1 0.4155701754385965 0.9742324561403508 0.016812865497076022 0.02412280701754386
1 0.4365862573099415 0.9758771929824561 0.02448830409356725 0.04824561403508772
1 0.5449561403508771 0.9553179824561403 0.019736842105263157 0.0400219298245614
1 0.5893640350877193 0.9383223684210525 0.023757309941520467 0.0400219298245614
1 0.6197002923976608 0.9514802631578947 0.023757309941520467 0.03015350877192982
1 0.6869517543859649 0.9599780701754386 0.014985380116959063 0.03289473684210526
1 0.7207602339181286 0.9317434210526315 0.014619883040935672 0.02576754385964912
