1 0.057200292397660814 0.12033991228070175 0.03033625730994152 0.043311403508771926
1 0.09320175438596491 0.1137609649122807 0.033625730994152045 0.042214912280701754
1 0.11385233918128654 0.09375 0.048611111111111105 0.044956140350877194
1 0.14364035087719298 0.09841008771929824 0.03070175438596491 0.05646929824561403
1 0.1909722222222222 0.09594298245614034 0.03326023391812866 0.05592105263157894
1 0.22076023391812866 0.10773026315789473 0.033625730994152045 0.045504385964912276
1 0.25091374269005845 0.10663377192982455 0.028143274853801168 0.03015350877192982
1 0.2847222222222222 0.11239035087719297 0.038011695906432746 0.06359649122807018
1 0.3223684210526316 0.12143640350877193 0.03728070175438596 0.048793859649122806
1 0.015716374269005847 0.3530701754385965 0.029970760233918127 0.044956140350877194
1 0.055190058479532164 0.334703947368421 0.03508771929824561 0.05866228070175438
1 0.0935672514619883 0.33251096491228066 0.03070175438596491 0.046600877192982455
1 0.12445175438596491 0.31935307017543857 0.05080409356725146 0.05537280701754386
1 0.2534722222222222 0.3201754385964912 0.042763157894736836 0.05263157894736842
1 0.2852704678362573 0.4026864035087719 0.042763157894736836 0.05317982456140351
1 0.34576023391812866 0.4358552631578947 0.016812865497076022 0.03728070175438596
1 0.13633040935672514 0.4290021929824561 0.024853801169590642 0.03125
1 0.18859649122807015 0.3925438596491228 0.04312865497076023 0.05592105263157894
1 0.2525584795321637 0.4199561403508772 0.016812865497076022 0.017543859649122806
1 0.09320175438596491 0.4473684210526315 0.039473684210526314 0.03289473684210526
1 0.03179824561403509 0.42050438596491224 0.043859649122807015 0.05701754385964912
1 0.18987573099415203 0.8179824561403508 0.03179824561403509 0.04714912280701754
1 0.10197368421052631 0.7667214912280701 0.01827485380116959 0.03125
1 0.5575657894736842 0.0800438596491228 0.0222953216374269 0.02412280701754386
1 0.638157894736842 0.0693530701754386 0.013888888888888888 0.024671052631578948
1 0.6728801169590642 0.057839912280701754 0.016812865497076022 0.02796052631578947
1 0.6977339181286549 0.07017543859649122 0.01023391812865497 0.019736842105263157
1 0.7192982456140351 0.054550438596491224 0.019005847953216373 0.02796052631578947
1 0.7715643274853801 0.07839912280701754 0.016812865497076022 0.038377192982456135
1 0.8008040935672515 0.0800438596491228 0.02266081871345029 0.03289473684210526
1 0.8364400584795321 0.06770833333333333 0.012792397660818713 0.02576754385964912
1 0.8651315789473684 0.045504385964912276 0.008771929824561403 0.025219298245614034
1 0.8983918128654971 0.06469298245614034 0.023391812865497075 0.021929824561403508
1 0.9409722222222222 0.0537280701754386 0.01644736842105263 0.02631578947368421
1 0.9751461988304093 0.03344298245614035 0.033625730994152045 0.027412280701754384
1 0.4512061403508772 0.4084429824561403 0.049342105263157895 0.06140350877192982
1 0.48665935672514615 0.4290021929824561 0.04641812865497076 0.06633771929824561
1 0.5244883040935672 0.40213815789473684 0.04239766081871345 0.06085526315789473
1 0.5604897660818713 0.4180372807017544 0.049342105263157895 0.05866228070175438
1 0.6156798245614035 0.3993969298245614 0.05738304093567251 0.06414473684210525
1 0.7114400584795322 0.4004934210526316 0.05080409356725146 0.07949561403508772
1 0.7715643274853801 0.37993421052631576 0.046052631578947366 0.0537280701754386
1 0.8282163742690059 0.3925438596491228 0.006578947368421052 0.015350877192982455
1 0.8901681286549707 0.3826754385964912 0.017178362573099414 0.04714912280701754
1 0.921235380116959 0.35526315789473684 0.03764619883040936 0.044956140350877194
1 0.9773391812865496 0.36156798245614036 0.043859649122807015 0.06195175438596491
1 0.9870248538011696 0.36156798245614036 0.025950292397660817 0.04989035087719298
1 0.768640350877193 0.5762061403508771 0.02266081871345029 0.03070175438596491
1 0.5438596491228069 0.6099232456140351 0.023391812865497075 0.03453947368421052
1 0.9477339181286549 0.8146929824561403 0.015350877192982455 0.03399122807017543
1 0.5137061403508771 0.8640350877192982 0.020833333333333332 0.03289473684210526
1 0.549890350877193 0.8522478070175438 0.019371345029239765 0.02357456140350877
