1 0.18311403508771928 0.0805921052631579 0.019005847953216373 0.017543859649122806
1 0.23720760233918128 0.06716008771929824 0.013157894736842105 0.022478070175438597
1 0.43512426900584794 0.0581140350877193 0.01206140350877193 0.01864035087719298
1 0.4886695906432748 0.0712719298245614 0.01023391812865497 0.01864035087719298
1 0.6631944444444444 0.04742324561403508 0.013523391812865496 0.02796052631578947
1 0.45705409356725146 0.1611842105263158 0.010599415204678362 0.01425438596491228
1 0.42141812865497075 0.171875 0.01023391812865497 0.013706140350877192
1 0.133406432748538 0.20559210526315788 0.01023391812865497 0.017543859649122806
1 0.16173245614035087 0.18777412280701752 0.010599415204678362 0.015899122807017545
1 0.3358918128654971 0.18612938596491227 0.014619883040935672 0.02357456140350877
1 0.40040204678362573 0.17653508771929824 0.012792397660818713 0.02850877192982456
1 0.31341374269005845 0.1787280701754386 0.012792397660818713 0.017543859649122806
1 0.07474415204678363 0.2012061403508772 0.012792397660818713 0.021929824561403508
1 0.08095760233918128 0.30975877192982454 0.042763157894736836 0.044956140350877194
1 0.10489766081871345 0.29523026315789475 0.03070175438596491 0.041118421052631575
1 0.13614766081871343 0.2864583333333333 0.02887426900584795 0.041118421052631575
1 0.19535818713450293 0.2886513157894737 0.0222953216374269 0.02905701754385965
1 0.2222222222222222 0.28152412280701755 0.019736842105263157 0.0356359649122807
1 0.2563961988304093 0.27905701754385964 0.02010233918128655 0.03399122807017543
1 0.3165204678362573 0.2902960526315789 0.027046783625730993 0.0400219298245614
1 0.34868421052631576 0.28152412280701755 0.017543859649122806 0.03125
1 0.38048245614035087 0.28426535087719296 0.03289473684210526 0.03344298245614035
1 0.43804824561403505 0.28152412280701755 0.029605263157894735 0.0400219298245614
1 0.5005482456140351 0.2845394736842105 0.03691520467836257 0.046052631578947366
1 0.5663377192982456 0.272203947368421 0.03399122807017543 0.05317982456140351
1 0.602156432748538 0.27713815789473684 0.03764619883040936 0.044407894736842105
1 0.6372441520467836 0.2763157894736842 0.032529239766081866 0.038377192982456135
1 0.66703216374269 0.26973684210526316 0.021198830409356724 0.039473684210526314
1 0.05866228070175438 0.5043859649122807 0.017909356725146198 0.02850877192982456
1 0.14948830409356725 0.48218201754385964 0.012426900584795321 0.020285087719298246
1 0.2839912280701754 0.47834429824561403 0.014619883040935672 0.021381578947368418
1 0.48720760233918126 0.4709429824561403 0.017543859649122806 0.029605263157894735
1 0.6611842105263157 0.6417214912280701 0.015350877192982455 0.024671052631578948
1 0.40387426900584794 0.6203399122807017 0.02631578947368421 0.041118421052631575
1 0.07821637426900585 0.7064144736842105 0.021198830409356724 0.03125
1 0.11038011695906433 0.6973684210526315 0.01827485380116959 0.027412280701754384
1 0.1602704678362573 0.6987390350877193 0.01644736842105263 0.03344298245614035
1 0.19444444444444442 0.6836622807017544 0.014619883040935672 0.03508771929824561
1 0.22843567251461988 0.6907894736842105 0.025584795321637425 0.039473684210526314
1 0.283625730994152 0.6836622807017544 0.019005847953216373 0.025219298245614034
1 0.34576023391812866 0.6858552631578947 0.013157894736842105 0.03618421052631579
1 0.3843201754385965 0.6877741228070176 0.019371345029239765 0.022478070175438597
1 0.4400584795321637 0.6924342105263157 0.012426900584795321 0.023026315789473683
1 0.4809941520467836 0.7077850877192982 0.023391812865497075 0.03618421052631579
1 0.54203216374269 0.6875 0.01827485380116959 0.03399122807017543
1 0.6016081871345029 0.694078947368421 0.021929824561403508 0.041666666666666664
1 0.6474780701754386 0.6929824561403508 0.0266812865497076 0.03070175438596491
1 0.6346856725146198 0.784265350877193 0.02010233918128655 0.02905701754385965
1 0.5513523391812866 0.8075657894736842 0.04057017543859649 0.039473684210526314
1 0.4088084795321637 0.7886513157894737 0.01206140350877193 0.02796052631578947
1 0.3817616959064327 0.7587719298245613 0.015716374269005847 0.023026315789473683
1 0.21929824561403508 0.7859100877192982 0.012426900584795321 0.022478070175438597
1 0.08150584795321637 0.7990679824561403 0.02631578947368421 0.038925438596491224
1 0.28216374269005845 0.915844298245614 0.01608187134502924 0.03015350877192982
1 0.16593567251461988 0.8930921052631579 0.008771929824561403 0.021929824561403508
1 0.33442982456140347 0.8733552631578947 0.008771929824561403 0.017543859649122806
1 0.5195540935672515 0.8511513157894737 0.017909356725146198 0.038925438596491224
1 0.5493421052631579 0.8799342105263157 0.017543859649122806 0.02631578947368421
1 0.6343201754385964 0.8771929824561403 0.0222953216374269 0.03289473684210526
1 0.7525584795321637 0.0756578947368421 0.024853801169590642 0.03179824561403509
1 0.7821637426900584 0.058388157894736836 0.023391812865497075 0.0400219298245614
1 0.8972953216374269 0.04632675438596491 0.03216374269005848 0.022478070175438597
1 0.9473684210526315 0.03207236842105263 0.014619883040935672 0.0268640350877193
1 0.9751461988304093 0.05153508771929824 0.029239766081871343 0.02850877192982456
1 0.9488304093567251 0.17708333333333331 0.02046783625730994 0.03728070175438596
1 0.9755116959064327 0.1751644736842105 0.016812865497076022 0.022478070175438597
1 0.956140350877193 0.24972587719298245 0.031432748538011694 0.03015350877192982
1 0.9263523391812865 0.2637061403508772 0.014985380116959063 0.027412280701754384
1 0.8506944444444444 0.26781798245614036 0.023026315789473683 0.0400219298245614
1 0.8813961988304093 0.31359649122807015 0.028143274853801168 0.04824561403508772
1 0.9658260233918128 0.37938596491228066 0.0222953216374269 0.02631578947368421
1 0.8965643274853801 0.3843201754385965 0.02266081871345029 0.023026315789473683
1 0.8740862573099415 0.3856907894736842 0.010599415204678362 0.012609649122807017
1 0.7803362573099415 0.38596491228070173 0.027046783625730993 0.05153508771929824
1 0.7964181286549707 0.484375 0.023391812865497075 0.022478070175438597
1 0.844298245614035 0.4799890350877193 0.027046783625730993 0.020285087719298246
1 0.9497441520467835 0.49862938596491224 0.031067251461988302 0.04989035087719298
1 0.9809941520467835 0.5545504385964912 0.027046783625730993 0.03234649122807017
1 0.8008040935672515 0.6825657894736842 0.025584795321637425 0.04057017543859649
1 0.8315058479532164 0.6833881578947368 0.03508771929824561 0.048793859649122806
1 0.8887061403508771 0.6833881578947368 0.025950292397660817 0.03125
1 0.9786184210526315 0.6875 0.017909356725146198 0.02631578947368421
1 0.7359283625730993 0.8618421052631579 0.031067251461988302 0.02631578947368421
1 0.764985380116959 0.8703399122807017 0.02046783625730994 0.024671052631578948
1 0.7867324561403508 0.8525219298245613 0.01644736842105263 0.021929824561403508
1 0.8340643274853801 0.8527960526315789 0.013888888888888888 0.022478070175438597
1 0.931469298245614 0.8352521929824561 0.01864035087719298 0.0268640350877193
1 0.9888523391812865 0.9468201754385964 0.0222953216374269 0.021929824561403508
1 0.85453216374269 0.9605263157894737 0.02412280701754386 0.03508771929824561
1 0.7807017543859649 0.988486842105263 0.02046783625730994 0.023026315789473683
