1 0.03326023391812866 0.11156798245614034 0.024853801169590642 0.02357456140350877
1 0.007309941520467836 0.13651315789473684 0.012426900584795321 0.015350877192982455
1 0.11385233918128654 0.2593201754385965 0.03326023391812866 0.023026315789473683
1 0.027412280701754384 0.36184210526315785 0.023391812865497075 0.03070175438596491
1 0.1197002923976608 0.3665021929824561 0.04057017543859649 0.06195175438596491
1 0.22130847953216373 0.4605263157894737 0.0222953216374269 0.03070175438596491
1 0.12298976608187134 0.5693530701754386 0.02010233918128655 0.015899122807017545
1 0.1299342105263158 0.6496710526315789 0.021564327485380116 0.05153508771929824
1 0.21034356725146197 0.6938048245614035 0.049342105263157895 0.06085526315789473
1 0.0884502923976608 0.662828947368421 0.0402046783625731 0.05043859649122807
1 0.05281432748538011 0.6680372807017544 0.03326023391812866 0.044407894736842105
1 0.021929824561403508 0.6603618421052632 0.03289473684210526 0.041118421052631575
1 0.03618421052631579 0.7746710526315789 0.010964912280701754 0.010964912280701754
1 0.1421783625730994 0.8484100877192982 0.016812865497076022 0.022478070175438597
1 0.10508040935672514 0.8621162280701754 0.017178362573099414 0.014802631578947368
1 0.07858187134502924 0.8640350877192982 0.016812865497076022 0.010964912280701754
1 0.029239766081871343 0.881578947368421 0.01608187134502924 0.01425438596491228
1 0.7406798245614035 0.32922149122807015 0.023026315789473683 0.03782894736842105
1 0.7309941520467835 0.4065241228070175 0.02046783625730994 0.0268640350877193
1 0.6703216374269005 0.42050438596491224 0.02046783625730994 0.03289473684210526
1 0.6094663742690059 0.4616228070175438 0.02448830409356725 0.03728070175438596
1 0.5020102339181286 0.41968201754385964 0.0222953216374269 0.02357456140350877
1 0.4932383040935672 0.49616228070175433 0.02887426900584795 0.03070175438596491
1 0.33059210526315785 0.43146929824561403 0.015716374269005847 0.021929824561403508
1 0.2715643274853801 0.4786184210526315 0.019005847953216373 0.041666666666666664
1 0.34868421052631576 0.7376644736842105 0.04678362573099415 0.08168859649122806
1 0.289656432748538 0.8396381578947368 0.028143274853801168 0.018092105263157895
1 0.4159356725146199 0.7502741228070176 0.010964912280701754 0.022478070175438597
1 0.4638157894736842 0.7549342105263157 0.02266081871345029 0.03508771929824561
1 0.5052997076023391 0.7472587719298245 0.025950292397660817 0.029605263157894735
1 0.5201023391812866 0.7324561403508771 0.013157894736842105 0.021929824561403508
1 0.5546418128654971 0.7456140350877193 0.025950292397660817 0.029605263157894735
1 0.6118421052631579 0.7417763157894737 0.02266081871345029 0.03289473684210526
1 0.6346856725146198 0.7541118421052632 0.0222953216374269 0.0268640350877193
1 0.6655701754385964 0.7384868421052632 0.021198830409356724 0.03179824561403509
1 0.695906432748538 0.8171600877192982 0.027046783625730993 0.0356359649122807
1 0.7582236842105263 0.8330592105263157 0.021564327485380116 0.0400219298245614
1 0.864766081871345 0.8218201754385964 0.029239766081871343 0.049342105263157895
1 0.8031798245614035 0.7280701754385964 0.029605263157894735 0.049342105263157895
1 0.8267543859649122 0.7151864035087719 0.019736842105263157 0.0268640350877193
1 0.5508040935672515 0.8415570175438596 0.019736842105263157 0.03179824561403509
1 0.5663377192982456 0.8656798245614035 0.025950292397660817 0.03508771929824561
1 0.5151681286549707 0.8368969298245613 0.020833333333333332 0.03125
1 0.45705409356725146 0.8432017543859649 0.017909356725146198 0.017543859649122806
1 0.3777412280701754 0.8634868421052632 0.03033625730994152 0.025219298245614034
1 0.346125730994152 0.859375 0.025584795321637425 0.042214912280701754
1 0.27923976608187134 0.8884320175438596 0.019005847953216373 0.043311403508771926
1 0.26571637426900585 0.9640899122807017 0.02266081871345029 0.03782894736842105
1 0.2905701754385965 0.9646381578947368 0.021929824561403508 0.022478070175438597
1 0.3194444444444444 0.9514802631578947 0.021929824561403508 0.0356359649122807
1 0.49031432748538006 0.9427083333333333 0.0222953216374269 0.03234649122807017
1 0.5321637426900585 0.9325657894736842 0.014619883040935672 0.020833333333333332
1 0.5635964912280701 0.9473684210526315 0.014619883040935672 0.021929824561403508
1 0.6136695906432749 0.950657894736842 0.016812865497076022 0.03070175438596491
1 0.6445540935672515 0.9347587719298245 0.017909356725146198 0.03618421052631579
1 0.7198464912280701 0.9311951754385964 0.009137426900584795 0.024671052631578948
1 0.7456140350877193 0.9353070175438596 0.019005847953216373 0.021929824561403508
1 0.7777777777777777 0.9292763157894737 0.015350877192982455 0.027412280701754384
1 0.8125 0.941611842105263 0.017543859649122806 0.0268640350877193
1 0.8340643274853801 0.9353070175438596 0.019005847953216373 0.02631578947368421
1 0.939875730994152 0.8245614035087718 0.029605263157894735 0.03508771929824561
1 0.9886695906432748 0.04961622807017543 0.007309941520467836 0.016995614035087717
1 0.9872076023391813 0.1631030701754386 0.025584795321637425 0.044407894736842105
1 0.9214181286549707 0.29523026315789475 0.024853801169590642 0.048793859649122806
1 0.9623538011695906 0.3042763157894737 0.017543859649122806 0.03399122807017543
1 0.985562865497076 0.2859100877192982 0.02887426900584795 0.048793859649122806
1 0.9736842105263157 0.41118421052631576 0.021198830409356724 0.03618421052631579
1 0.9424342105263157 0.4240679824561403 0.027412280701754384 0.042214912280701754
1 0.9903143274853801 0.6137609649122807 0.019371345029239765 0.03344298245614035
1 0.9853801169590642 0.7077850877192982 0.012426900584795321 0.03289473684210526
1 0.9517543859649122 0.7009320175438596 0.02266081871345029 0.0268640350877193
1 0.9903143274853801 0.9161184210526315 0.019371345029239765 0.05043859649122807
