1 0.2134502923976608 0.06798245614035087 0.021198830409356724 0.025219298245614034
1 0.07821637426900585 0.07675438596491227 0.02266081871345029 0.020833333333333332
1 0.05427631578947368 0.08141447368421052 0.0266812865497076 0.03234649122807017
1 0.025950292397660817 0.07785087719298245 0.021929824561403508 0.029605263157894735
1 0.39729532163742687 0.06332236842105263 0.021929824561403508 0.03015350877192982
1 0.3916301169590643 0.1894188596491228 0.034722222222222224 0.044407894736842105
1 0.3075657894736842 0.17434210526315788 0.02448830409356725 0.03179824561403509
1 0.25201023391812866 0.1524122807017544 0.03033625730994152 0.04824561403508772
1 0.2012061403508772 0.2025767543859649 0.017909356725146198 0.038925438596491224
1 0.13029970760233917 0.18283991228070173 0.035453216374269 0.0356359649122807
1 0.04678362573099415 0.17489035087719298 0.02046783625730994 0.04057017543859649
1 0.25493421052631576 0.29742324561403505 0.0398391812865497 0.044407894736842105
1 0.14601608187134502 0.33360745614035087 0.05153508771929824 0.046600877192982455
1 0.11038011695906433 0.43283991228070173 0.024853801169590642 0.022478070175438597
1 0.17927631578947367 0.6025219298245613 0.023757309941520467 0.020833333333333332
1 0.2905701754385965 0.6951754385964912 0.03508771929824561 0.04714912280701754
1 0.2880116959064327 0.7524671052631579 0.019736842105263157 0.02905701754385965
1 0.2768640350877193 0.7368421052631579 0.028143274853801168 0.03179824561403509
1 0.2138157894736842 0.750548245614035 0.02412280701754386 0.03070175438596491
1 0.1732456140350877 0.7398574561403508 0.02046783625730994 0.03015350877192982
1 0.027777777777777776 0.7368421052631579 0.023391812865497075 0.03399122807017543
1 0.07510964912280702 0.8506030701754386 0.04641812865497076 0.06524122807017543
1 0.896016081871345 0.02412280701754386 0.01644736842105263 0.02412280701754386
1 0.8218201754385964 0.01781798245614035 0.02010233918128655 0.02576754385964912
1 0.7563961988304093 0.020833333333333332 0.015716374269005847 0.020833333333333332
1 0.7300804093567251 0.04057017543859649 0.009137426900584795 0.03618421052631579
1 0.6909722222222222 0.02713815789473684 0.009137426900584795 0.03125
1 0.6597222222222222 0.018366228070175437 0.013888888888888888 0.021381578947368418
1 0.6284722222222222 0.0400219298245614 0.01864035087719298 0.025219298245614034
1 0.5899122807017544 0.03673245614035087 0.016812865497076022 0.01864035087719298
1 0.5296052631578947 0.045504385964912276 0.014619883040935672 0.020833333333333332
1 0.4722222222222222 0.0649671052631579 0.019736842105263157 0.03344298245614035
1 0.5009137426900585 0.16365131578947367 0.04714912280701754 0.048793859649122806
1 0.9919590643274854 0.2324561403508772 0.01608187134502924 0.03070175438596491
1 0.9384137426900584 0.26973684210526316 0.017909356725146198 0.01864035087719298
1 0.9199561403508771 0.2807017543859649 0.015350877192982455 0.01864035087719298
1 0.8700657894736842 0.27247807017543857 0.01864035087719298 0.02631578947368421
1 0.802266081871345 0.31277412280701755 0.01023391812865497 0.020285087719298246
1 0.7838084795321637 0.3001644736842105 0.01206140350877193 0.022478070175438597
1 0.7534722222222222 0.32648026315789475 0.025219298245614034 0.048793859649122806
1 0.6836622807017544 0.29906798245614036 0.017909356725146198 0.018092105263157895
1 0.7149122807017544 0.2650767543859649 0.02046783625730994 0.016995614035087717
1 0.4956140350877193 0.2807017543859649 0.007309941520467836 0.03070175438596491
1 0.39364035087719296 0.3352521929824561 0.012426900584795321 0.0356359649122807
1 0.40679824561403505 0.4183114035087719 0.02046783625730994 0.03070175438596491
1 0.46966374269005845 0.412828947368421 0.01827485380116959 0.020833333333333332
1 0.5637792397660818 0.40625 0.01425438596491228 0.020833333333333332
1 0.614766081871345 0.4194078947368421 0.009502923976608187 0.02412280701754386
1 0.721125730994152 0.38596491228070173 0.008771929824561403 0.017543859649122806
1 0.6385233918128654 0.34347587719298245 0.011695906432748537 0.019188596491228067
1 0.9270833333333333 0.4920504385964912 0.03764619883040936 0.038925438596491224
1 0.42525584795321636 0.7234100877192982 0.029605263157894735 0.0356359649122807
1 0.45997807017543857 0.7143640350877193 0.01644736842105263 0.019736842105263157
1 0.4985380116959064 0.7014802631578947 0.021198830409356724 0.018092105263157895
1 0.5332602339181286 0.6962719298245613 0.014619883040935672 0.02412280701754386
1 0.6509502923976608 0.6833881578947368 0.013157894736842105 0.03125
1 0.7520102339181286 0.6885964912280701 0.010599415204678362 0.01644736842105263
1 0.7149122807017544 0.6211622807017544 0.009502923976608187 0.020833333333333332
1 0.7865497076023391 0.6806469298245613 0.013888888888888888 0.02357456140350877
1 0.9868421052631579 0.6875 0.013888888888888888 0.029605263157894735
1 0.9917763157894737 0.8040021929824561 0.0062134502923976605 0.018092105263157895
1 0.8892543859649122 0.9114583333333333 0.013157894736842105 0.02357456140350877
1 0.8559941520467835 0.9172149122807017 0.007309941520467836 0.020833333333333332
1 0.6641081871345029 0.90625 0.01827485380116959 0.029605263157894735
1 0.5869883040935672 0.8843201754385964 0.019005847953216373 0.03508771929824561
1 0.47404970760233917 0.9725877192982456 0.03728070175438596 0.05482456140350877
1 0.439875730994152 0.8571820175438596 0.019371345029239765 0.03782894736842105
1 0.7298976608187134 0.9216008771929824 0.01023391812865497 0.019736842105263157
