1 0.01023391812865497 0.8728070175438596 0.019736842105263157 0.03618421052631579
1 0.024853801169590642 0.7902960526315789 0.019736842105263157 0.0268640350877193
1 0.06889619883040936 0.7875548245614035 0.019371345029239765 0.03453947368421052
1 0.10946637426900584 0.7837171052631579 0.015716374269005847 0.0268640350877193
1 0.06889619883040936 0.8777412280701754 0.034722222222222224 0.06030701754385964
1 0.07182017543859649 0.9462719298245613 0.023757309941520467 0.029605263157894735
1 0.23391812865497075 0.7733004385964912 0.027046783625730993 0.02357456140350877
1 0.28326023391812866 0.7606907894736842 0.019005847953216373 0.03782894736842105
1 0.31743421052631576 0.772203947368421 0.032529239766081866 0.03234649122807017
1 0.45175438596491224 0.7478070175438596 0.02046783625730994 0.02850877192982456
1 0.4956140350877193 0.7727521929824561 0.02412280701754386 0.05317982456140351
1 0.31304824561403505 0.8500548245614035 0.02010233918128655 0.020285087719298246
1 0.44243421052631576 0.868969298245614 0.02448830409356725 0.03399122807017543
1 0.5093201754385964 0.8574561403508771 0.017909356725146198 0.03618421052631579
1 0.5493421052631579 0.8486842105263157 0.019005847953216373 0.021929824561403508
1 0.5645102339181286 0.7461622807017544 0.03179824561403509 0.039473684210526314
1 0.6255482456140351 0.8410087719298245 0.0222953216374269 0.02631578947368421
1 0.63578216374269 0.7733004385964912 0.021564327485380116 0.05098684210526316
1 0.6854897660818713 0.7554824561403508 0.021564327485380116 0.027412280701754384
1 0.6924342105263157 0.8536184210526315 0.019371345029239765 0.03289473684210526
1 0.7344663742690059 0.7494517543859649 0.025219298245614034 0.039473684210526314
1 0.8388157894736842 0.7365679824561403 0.019005847953216373 0.043311403508771926
1 0.9057017543859649 0.7140899122807017 0.029239766081871343 0.03453947368421052
1 0.9914108187134503 0.7086074561403508 0.017178362573099414 0.03015350877192982
1 0.9155701754385964 0.8059210526315789 0.017543859649122806 0.017543859649122806
1 0.9082602339181286 0.9174890350877193 0.04751461988304093 0.08388157894736842
1 0.9868421052631579 0.9553179824561403 0.02631578947368421 0.03453947368421052
1 0.8267543859649122 0.931469298245614 0.02631578947368421 0.020833333333333332
1 0.7068713450292398 0.9147478070175438 0.02046783625730994 0.015899122807017545
1 0.7861842105263157 0.9339364035087718 0.02631578947368421 0.03453947368421052
1 0.6971856725146198 0.9698464912280701 0.03033625730994152 0.03728070175438596
1 0.6763523391812866 0.9202302631578947 0.025219298245614034 0.042214912280701754
1 0.60453216374269 0.9550438596491228 0.03216374269005848 0.025219298245614034
1 0.552266081871345 0.9473684210526315 0.014619883040935672 0.020833333333333332
1 0.5230263157894737 0.9912280701754386 0.019005847953216373 0.017543859649122806
1 0.4756944444444444 0.9816337719298245 0.0222953216374269 0.03673245614035087
1 0.4634502923976608 0.966282894736842 0.02631578947368421 0.04989035087719298
1 0.4292763157894737 0.9906798245614035 0.025950292397660817 0.01864035087719298
1 0.34923245614035087 0.984923245614035 0.02887426900584795 0.016995614035087717
