1 0.03033625730994152 0.007401315789473684 0.027046783625730993 0.012609649122807017
1 0.1597222222222222 0.009868421052631578 0.016812865497076022 0.01864035087719298
1 0.17927631578947367 0.01343201754385965 0.02010233918128655 0.02357456140350877
1 0.2134502923976608 0.007401315789473684 0.021929824561403508 0.012609649122807017
1 0.24177631578947367 0.007401315789473684 0.017909356725146198 0.012609649122807017
1 0.2744883040935672 0.01343201754385965 0.02850877192982456 0.02357456140350877
1 0.31304824561403505 0.013706140350877192 0.032529239766081866 0.02631578947368421
1 0.4453581871345029 0.08881578947368421 0.011330409356725146 0.01425438596491228
1 0.3925438596491228 0.10553728070175437 0.01023391812865497 0.016995614035087717
1 0.28326023391812866 0.09923245614035087 0.01608187134502924 0.025219298245614034
1 0.21582602339181287 0.11403508771929824 0.008406432748538011 0.013157894736842105
1 0.0884502923976608 0.2099780701754386 0.009502923976608187 0.01864035087719298
1 0.14163011695906433 0.22724780701754385 0.019371345029239765 0.02796052631578947
1 0.16904239766081872 0.2149122807017544 0.017909356725146198 0.03070175438596491
1 0.29970760233918126 0.21737938596491227 0.02046783625730994 0.0268640350877193
1 0.34137426900584794 0.19682017543859648 0.024853801169590642 0.03399122807017543
1 0.39747807017543857 0.18283991228070173 0.025219298245614034 0.03673245614035087
1 0.43951023391812866 0.19846491228070173 0.0222953216374269 0.03728070175438596
1 0.43804824561403505 0.3075657894736842 0.007675438596491228 0.023026315789473683
1 0.35800438596491224 0.30893640350877194 0.02010233918128655 0.018092105263157895
1 0.302266081871345 0.31688596491228066 0.012426900584795321 0.01644736842105263
1 0.23720760233918128 0.3125 0.008771929824561403 0.02412280701754386
1 0.20760233918128654 0.3223684210526316 0.013888888888888888 0.020833333333333332
1 0.11476608187134502 0.3256578947368421 0.011695906432748537 0.023026315789473683
1 0.05555555555555555 0.31798245614035087 0.008771929824561403 0.02631578947368421
1 0.4336622807017544 0.6022478070175439 0.032529239766081866 0.02576754385964912
1 0.45175438596491224 0.6362390350877193 0.021198830409356724 0.024671052631578948
1 0.364766081871345 0.622532894736842 0.035818713450292396 0.03782894736842105
1 0.16264619883040934 0.6178728070175439 0.014619883040935672 0.020833333333333332
1 0.07328216374269006 0.6167763157894737 0.027412280701754384 0.05482456140350877
1 0.01864035087719298 0.7365679824561403 0.027777777777777776 0.02576754385964912
1 0.21728801169590642 0.7376644736842105 0.01644736842105263 0.02576754385964912
1 0.3203581871345029 0.7280701754385964 0.009137426900584795 0.013157894736842105
1 0.43457602339181284 0.8459429824561403 0.021198830409356724 0.04057017543859649
1 0.4336622807017544 0.9372258771929824 0.01864035087719298 0.03015350877192982
1 0.26809210526315785 0.815515350877193 0.011330409356725146 0.024671052631578948
1 0.15040204678362573 0.9270833333333333 0.025950292397660817 0.05043859649122807
1 0.10928362573099415 0.944078947368421 0.01608187134502924 0.025219298245614034
1 0.07364766081871345 0.9517543859649122 0.023757309941520467 0.03179824561403509
1 0.06048976608187134 0.9396929824561403 0.023757309941520467 0.03399122807017543
1 0.023391812865497075 0.9339364035087718 0.021929824561403508 0.03015350877192982
1 0.5692616959064327 0.1894188596491228 0.023026315789473683 0.02905701754385965
1 0.5712719298245613 0.3015350877192982 0.014619883040935672 0.02412280701754386
1 0.781798245614035 0.4851973684210526 0.029239766081871343 0.05592105263157894
1 0.8280336257309941 0.4994517543859649 0.03399122807017543 0.03179824561403509
1 0.9725877192982456 0.48300438596491224 0.027046783625730993 0.039473684210526314
1 0.5913742690058479 0.8133223684210525 0.021198830409356724 0.02576754385964912
