1 0.017543859649122806 0.07209429824561403 0.03289473684210526 0.03673245614035087
1 0.11677631578947367 0.10005482456140351 0.017909356725146198 0.018092105263157895
1 0.2622441520467836 0.09594298245614034 0.01864035087719298 0.02631578947368421
1 0.2934941520467836 0.05098684210526316 0.019736842105263157 0.025219298245614034
1 0.36860380116959063 0.044956140350877194 0.04788011695906433 0.0581140350877193
1 0.3163377192982456 0.21737938596491227 0.0222953216374269 0.024671052631578948
1 0.29678362573099415 0.3100328947368421 0.027777777777777776 0.02905701754385965
1 0.521016081871345 0.3144188596491228 0.034722222222222224 0.03782894736842105
1 0.5747441520467836 0.3020833333333333 0.014985380116959063 0.023026315789473683
1 0.614766081871345 0.29660087719298245 0.019005847953216373 0.039473684210526314
1 0.5776681286549707 0.0762061403508772 0.032529239766081866 0.044956140350877194
1 0.6363304093567251 0.32346491228070173 0.019736842105263157 0.02631578947368421
1 0.6714181286549707 0.3177083333333333 0.021198830409356724 0.016995614035087717
1 0.7050438596491228 0.3081140350877193 0.02046783625730994 0.02850877192982456
1 0.7324561403508771 0.319078947368421 0.021198830409356724 0.02631578947368421
1 0.6971856725146198 0.22807017543859648 0.0222953216374269 0.03179824561403509
1 0.7461622807017544 0.10882675438596491 0.020833333333333332 0.041118421052631575
1 0.8101242690058479 0.08470394736842105 0.01425438596491228 0.02576754385964912
1 0.8119517543859649 0.2025767543859649 0.023757309941520467 0.043311403508771926
1 0.9111842105263157 0.08771929824561403 0.029970760233918127 0.02850877192982456
1 0.7894736842105263 0.31496710526315785 0.010964912280701754 0.022478070175438597
1 0.8530701754385964 0.3470394736842105 0.031432748538011694 0.042763157894736836
1 0.15332602339181287 0.40625 0.032529239766081866 0.03728070175438596
1 0.15387426900584794 0.3470394736842105 0.024853801169590642 0.025219298245614034
1 0.19279970760233917 0.4240679824561403 0.05007309941520467 0.06085526315789473
1 0.24177631578947367 0.4199561403508772 0.0266812865497076 0.04057017543859649
1 0.29934210526315785 0.4514802631578947 0.031432748538011694 0.043311403508771926
1 0.3505116959064327 0.47368421052631576 0.04093567251461988 0.043859649122807015
1 0.41447368421052627 0.4155701754385965 0.043859649122807015 0.0756578947368421
1 0.4784356725146199 0.43722587719298245 0.017543859649122806 0.016995614035087717
1 0.5274122807017544 0.40213815789473684 0.04239766081871345 0.05317982456140351
1 0.6220760233918128 0.4290021929824561 0.016812865497076022 0.044407894736842105
1 0.6438230994152047 0.4564144736842105 0.0625 0.06414473684210525
1 0.7671783625730993 0.43996710526315785 0.031432748538011694 0.0356359649122807
1 0.8079312865497076 0.4487390350877193 0.01864035087719298 0.019188596491228067
1 0.8406432748538011 0.5674342105263157 0.01608187134502924 0.02631578947368421
1 0.8174342105263157 0.5553728070175439 0.04057017543859649 0.020833333333333332
1 0.7744883040935672 0.5649671052631579 0.0402046783625731 0.042214912280701754
1 0.7298976608187134 0.5553728070175439 0.027777777777777776 0.05482456140350877
1 0.6944444444444444 0.572094298245614 0.02850877192982456 0.02357456140350877
1 0.5957602339181286 0.5871710526315789 0.02631578947368421 0.027412280701754384
1 0.5796783625730993 0.5603070175438596 0.03289473684210526 0.03508771929824561
1 0.5365497076023391 0.5701754385964912 0.03289473684210526 0.03508771929824561
1 0.5020102339181286 0.5646929824561403 0.03399122807017543 0.043859649122807015
1 0.48282163742690054 0.5932017543859649 0.01608187134502924 0.046052631578947366
1 0.4444444444444444 0.5822368421052632 0.021929824561403508 0.03728070175438596
1 0.42872807017543857 0.5899122807017544 0.027046783625730993 0.03179824561403509
1 0.3951023391812865 0.5855263157894737 0.023391812865497075 0.03399122807017543
1 0.3501461988304093 0.5575657894736842 0.029970760233918127 0.05482456140350877
1 0.2596856725146199 0.5674342105263157 0.039108187134502925 0.03728070175438596
1 0.23830409356725146 0.5674342105263157 0.03070175438596491 0.04824561403508772
1 0.19535818713450293 0.5657894736842105 0.027412280701754384 0.041666666666666664
1 0.013706140350877192 0.665844298245614 0.025950292397660817 0.05756578947368421
1 0.03764619883040936 0.6765350877192982 0.0402046783625731 0.0756578947368421
1 0.20559210526315788 0.6825657894736842 0.03399122807017543 0.044956140350877194
1 0.26900584795321636 0.6833881578947368 0.02850877192982456 0.044407894736842105
1 0.31798245614035087 0.6713267543859649 0.027777777777777776 0.02796052631578947
1 0.4047880116959064 0.6896929824561403 0.03326023391812866 0.044956140350877194
1 0.46966374269005845 0.7050438596491228 0.02850877192982456 0.0537280701754386
1 0.5350877192982456 0.6790021929824561 0.007309941520467836 0.013706140350877192
1 0.5557383040935672 0.6929824561403508 0.01644736842105263 0.020833333333333332
1 0.5858918128654971 0.6896929824561403 0.017543859649122806 0.038377192982456135
1 0.6259137426900584 0.7025767543859649 0.025950292397660817 0.038925438596491224
1 0.7832602339181286 0.7108004385964912 0.03508771929824561 0.045504385964912276
1 0.7149122807017544 0.8511513157894737 0.029970760233918127 0.048793859649122806
1 0.6747076023391813 0.8308662280701754 0.012426900584795321 0.03782894736842105
1 0.5942982456140351 0.8078399122807017 0.014619883040935672 0.014802631578947368
1 0.5610380116959064 0.8056469298245613 0.021929824561403508 0.038925438596491224
1 0.518640350877193 0.803453947368421 0.021198830409356724 0.018092105263157895
1 0.42196637426900585 0.8075657894736842 0.03399122807017543 0.029605263157894735
1 0.3740862573099415 0.8001644736842105 0.0222953216374269 0.03234649122807017
1 0.29203216374269003 0.856907894736842 0.033625730994152045 0.04057017543859649
1 0.15332602339181287 0.7809758771929824 0.031067251461988302 0.024671052631578948
1 0.20157163742690057 0.7924890350877193 0.029605263157894735 0.022478070175438597
1 0.1600877192982456 0.944078947368421 0.01827485380116959 0.013157894736842105
1 0.17763157894736842 0.9237938596491228 0.015350877192982455 0.010964912280701754
1 0.2222222222222222 0.9331140350877193 0.023391812865497075 0.019736842105263157
1 0.2598684210526316 0.9355811403508771 0.01608187134502924 0.018092105263157895
1 0.29203216374269003 0.9152960526315789 0.02046783625730994 0.013706140350877192
1 0.34941520467836257 0.9407894736842105 0.014619883040935672 0.021929824561403508
1 0.38523391812865493 0.9385964912280701 0.014619883040935672 0.013157894736842105
1 0.5254020467836257 0.9355811403508771 0.010599415204678362 0.018092105263157895
1 0.5508040935672515 0.9605263157894737 0.009502923976608187 0.01425438596491228
1 0.7520102339181286 0.9418859649122806 0.012792397660818713 0.01644736842105263
1 0.94828216374269 0.09594298245614034 0.0398391812865497 0.041666666666666664
1 0.996345029239766 0.018092105263157895 0.007309941520467836 0.021929824561403508
1 0.9722222222222222 0.303453947368421 0.023391812865497075 0.048793859649122806
1 0.9228801169590642 0.47560307017543857 0.011695906432748537 0.02905701754385965
1 0.9599780701754386 0.5581140350877193 0.014985380116959063 0.027412280701754384
1 0.927266081871345 0.5512609649122807 0.016812865497076022 0.03015350877192982
1 0.939875730994152 0.7121710526315789 0.01644736842105263 0.015350877192982455
1 0.9839181286549707 0.697094298245614 0.00804093567251462 0.013706140350877192
1 0.9409722222222222 0.8752741228070174 0.023757309941520467 0.0400219298245614
1 0.8373538011695906 0.9533991228070174 0.006578947368421052 0.015350877192982455
1 0.7733918128654971 0.9492872807017544 0.009502923976608187 0.015899122807017545
1 0.9243421052631579 0.9512061403508771 0.03289473684210526 0.044956140350877194
1 0.9755116959064327 0.9616228070175438 0.024853801169590642 0.043859649122807015
