1 0.06341374269005848 0.5657894736842105 0.03033625730994152 0.05153508771929824
1 0.011695906432748537 0.6343201754385964 0.021198830409356724 0.019736842105263157
1 0.14071637426900585 0.5167214912280701 0.021929824561403508 0.02357456140350877
1 0.29934210526315785 0.549890350877193 0.019736842105263157 0.021929824561403508
1 0.11275584795321637 0.7494517543859649 0.03618421052631579 0.02850877192982456
1 0.07894736842105263 0.7628837719298245 0.029239766081871343 0.02796052631578947
1 0.29239766081871343 0.7724780701754386 0.017543859649122806 0.02631578947368421
1 0.34173976608187134 0.7546600877192982 0.01827485380116959 0.03125
1 0.37262426900584794 0.7376644736842105 0.025219298245614034 0.041118421052631575
1 0.29550438596491224 0.8591008771929824 0.023757309941520467 0.027412280701754384
1 0.5248538011695906 0.5268640350877193 0.019005847953216373 0.029605263157894735
1 0.5484283625730993 0.643640350877193 0.03033625730994152 0.03179824561403509
1 0.48684210526315785 0.781798245614035 0.04093567251461988 0.044956140350877194
1 0.6743421052631579 0.7768640350877193 0.01608187134502924 0.027412280701754384
1 0.614766081871345 0.7902960526315789 0.010964912280701754 0.016995614035087717
1 0.6089181286549707 0.8980263157894737 0.027777777777777776 0.039473684210526314
1 0.7425073099415205 0.781798245614035 0.023026315789473683 0.027412280701754384
1 0.7925804093567251 0.7680921052631579 0.01206140350877193 0.02631578947368421
1 0.7627923976608186 0.8489583333333333 0.011695906432748537 0.02357456140350877
1 0.8282163742690059 0.7746710526315789 0.015350877192982455 0.019736842105263157
1 0.85453216374269 0.7417763157894737 0.01827485380116959 0.03070175438596491
1 0.6611842105263157 0.546875 0.02266081871345029 0.038925438596491224
1 0.7134502923976608 0.49862938596491224 0.014619883040935672 0.019188596491228067
1 0.888157894736842 0.48739035087719296 0.01827485380116959 0.02631578947368421
1 0.9053362573099415 0.6334978070175439 0.015350877192982455 0.02357456140350877
1 0.9351242690058479 0.5296052631578947 0.015716374269005847 0.038377192982456135
1 0.9736842105263157 0.5090460526315789 0.014619883040935672 0.0268640350877193
1 0.9976242690058479 0.750548245614035 0.014985380116959063 0.023026315789473683
1 0.896016081871345 0.8566337719298245 0.01864035087719298 0.02796052631578947
1 0.9634502923976608 0.8601973684210525 0.017543859649122806 0.03070175438596491
1 0.4755116959064327 1 0.019736842105263157 0.024671052631578948
1 0.6270102339181286 1 0.02448830409356725 0.03344298245614035
