1 0.03654970760233918 0.1606359649122807 0.033625730994152045 0.046052631578947366
1 0.018092105263157895 0.2294407894736842 0.01425438596491228 0.02905701754385965
1 0.04842836257309941 0.3399122807017544 0.03399122807017543 0.049342105263157895
1 0.059576023391812866 0.6567982456140351 0.010964912280701754 0.01864035087719298
1 0.012244152046783625 0.7711074561403508 0.017909356725146198 0.02796052631578947
1 0.06048976608187134 0.78125 0.01425438596491228 0.020833333333333332
1 0.017178362573099414 0.893640350877193 0.014619883040935672 0.027412280701754384
1 0.02448830409356725 0.9838267543859649 0.03654970760233918 0.03234649122807017
1 0.32821637426900585 0.08717105263157894 0.014619883040935672 0.019736842105263157
1 0.7695540935672515 0.06716008771929824 0.0266812865497076 0.044407894736842105
1 0.7315423976608186 0.1762609649122807 0.019371345029239765 0.020285087719298246
1 0.11038011695906433 0.2099780701754386 0.019736842105263157 0.038377192982456135
1 0.13779239766081872 0.34484649122807015 0.014619883040935672 0.042763157894736836
1 0.18110380116959063 0.31304824561403505 0.03033625730994152 0.05701754385964912
1 0.26498538011695905 0.32401315789473684 0.01608187134502924 0.021929824561403508
1 0.3369883040935672 0.29084429824561403 0.021929824561403508 0.048793859649122806
1 0.4223318713450292 0.30372807017543857 0.035453216374269 0.03618421052631579
1 0.45997807017543857 0.296875 0.027412280701754384 0.03782894736842105
1 0.7260599415204678 0.26206140350877194 0.05153508771929824 0.046052631578947366
1 0.6006944444444444 0.2900219298245614 0.029605263157894735 0.04057017543859649
1 0.6244517543859649 0.4246162280701754 0.01425438596491228 0.0268640350877193
1 0.5975877192982456 0.4095394736842105 0.01608187134502924 0.03179824561403509
1 0.5098684210526315 0.4311951754385965 0.021198830409356724 0.0268640350877193
1 0.471125730994152 0.4194078947368421 0.02046783625730994 0.029605263157894735
1 0.3364400584795321 0.4325657894736842 0.009868421052631578 0.03070175438596491
1 0.3086622807017544 0.4396929824561403 0.013523391812865496 0.02412280701754386
1 0.22277046783625729 0.4533991228070175 0.01206140350877193 0.015350877192982455
1 0.15826023391812866 0.45559210526315785 0.014619883040935672 0.02412280701754386
1 0.7441520467836257 0.5106907894736842 0.02412280701754386 0.048793859649122806
1 0.4786184210526315 0.7299890350877193 0.013523391812865496 0.016995614035087717
1 0.7149122807017544 0.9575109649122806 0.023391812865497075 0.046600877192982455
1 0.6659356725146198 0.953125 0.039473684210526314 0.024671052631578948
1 0.5844298245614035 0.944078947368421 0.02412280701754386 0.043859649122807015
1 0.489766081871345 0.9605263157894737 0.021929824561403508 0.03728070175438596
1 0.4541301169590643 0.9583333333333333 0.0266812865497076 0.023026315789473683
1 0.3813961988304093 0.9668311403508771 0.0222953216374269 0.03782894736842105
1 0.2178362573099415 0.9797149122807017 0.03728070175438596 0.02850877192982456
1 0.9565058479532164 0.9827302631578947 0.027777777777777776 0.0268640350877193
1 0.9111842105263157 0.9824561403508771 0.029239766081871343 0.021929824561403508
1 0.9413377192982456 0.8149671052631579 0.023026315789473683 0.0268640350877193
1 0.9780701754385964 0.7302631578947368 0.023391812865497075 0.044956140350877194
1 0.9438961988304093 0.737390350877193 0.0266812865497076 0.03728070175438596
1 0.9214181286549707 0.7341008771929824 0.02266081871345029 0.020833333333333332
1 0.971125730994152 0.6000548245614035 0.029239766081871343 0.02576754385964912
1 0.9228801169590642 0.4915021929824561 0.027046783625730993 0.06962719298245613
1 0.938048245614035 0.397203947368421 0.025950292397660817 0.02796052631578947
1 0.9894005847953216 0.40213815789473684 0.021198830409356724 0.03125
1 0.9228801169590642 0.013980263157894735 0.019736842105263157 0.0268640350877193
1 0.9075292397660818 0.24424342105263155 0.03070175438596491 0.02357456140350877
1 0.9375 0.25109649122807015 0.03216374269005848 0.03728070175438596
1 0.9842836257309941 0.24862938596491227 0.01827485380116959 0.019188596491228067
