1 0.2596856725146199 0.08799342105263157 0.025219298245614034 0.02796052631578947
1 0.17288011695906433 0.08963815789473684 0.012426900584795321 0.022478070175438597
1 0.13285818713450293 0.09484649122807016 0.0025584795321637425 0.009868421052631578
1 0.2803362573099415 0.29660087719298245 0.021929824561403508 0.03618421052631579
1 0.05317982456140351 0.453125 0.04349415204678363 0.0356359649122807
1 0.18311403508771928 0.518640350877193 0.012426900584795321 0.023026315789473683
1 0.1509502923976608 0.5309758771929824 0.01827485380116959 0.03015350877192982
1 0.10891812865497075 0.5087719298245614 0.015350877192982455 0.029605263157894735
1 0.06926169590643275 0.5008223684210527 0.019371345029239765 0.02576754385964912
1 0.01864035087719298 0.5233004385964912 0.024853801169590642 0.0268640350877193
1 0.19371345029239764 0.703125 0.01023391812865497 0.021381578947368418
1 0.26169590643274854 0.7365679824561403 0.011695906432748537 0.020285087719298246
1 0.16264619883040934 0.7231359649122807 0.011695906432748537 0.020833333333333332
1 0.11184210526315788 0.7242324561403508 0.008771929824561403 0.020833333333333332
1 0.1067251461988304 0.9013157894736842 0.021929824561403508 0.05263157894736842
1 0.17525584795321636 0.9237938596491228 0.03179824561403509 0.027412280701754384
1 0.9395102339181286 0.0581140350877193 0.0266812865497076 0.042763157894736836
1 0.9013157894736842 0.058388157894736836 0.019736842105263157 0.020285087719298246
1 0.8700657894736842 0.05317982456140351 0.025219298245614034 0.015350877192982455
1 0.837719298245614 0.06332236842105263 0.021929824561403508 0.02357456140350877
1 0.7923976608187134 0.06085526315789473 0.021198830409356724 0.023026315789473683
1 0.7359283625730993 0.06277412280701754 0.021564327485380116 0.0400219298245614
1 0.6971856725146198 0.07154605263157894 0.02010233918128655 0.014802631578947368
1 0.6401681286549707 0.05646929824561403 0.01644736842105263 0.038377192982456135
1 0.4672880116959064 0.07017543859649122 0.01206140350877193 0.017543859649122806
1 0.414656432748538 0.06661184210526315 0.023757309941520467 0.0268640350877193
1 0.3887061403508772 0.07839912280701754 0.0222953216374269 0.019736842105263157
1 0.3638523391812865 0.07839912280701754 0.025219298245614034 0.02850877192982456
1 0.48245614035087714 0.17023026315789472 0.01827485380116959 0.043311403508771926
1 0.6226242690058479 0.16557017543859648 0.028143274853801168 0.023026315789473683
1 0.65625 0.17023026315789472 0.0222953216374269 0.045504385964912276
1 0.6968201754385964 0.19216008771929824 0.0266812865497076 0.0268640350877193
1 0.7563961988304093 0.20093201754385964 0.032529239766081866 0.038925438596491224
1 0.8150584795321637 0.17434210526315788 0.02266081871345029 0.03070175438596491
1 0.8740862573099415 0.18338815789473684 0.028143274853801168 0.044407894736842105
1 0.9088084795321637 0.19051535087719298 0.028143274853801168 0.046600877192982455
1 0.97953216374269 0.1650219298245614 0.029239766081871343 0.06359649122807018
1 0.9612573099415204 0.3928179824561403 0.019005847953216373 0.020285087719298246
1 0.8013523391812865 0.2905701754385965 0.019371345029239765 0.02412280701754386
1 0.6690423976608186 0.27192982456140347 0.013523391812865496 0.027412280701754384
1 0.6401681286549707 0.31359649122807015 0.01644736842105263 0.03070175438596491
1 0.445906432748538 0.28234649122807015 0.021198830409356724 0.03508771929824561
1 0.5067616959064327 0.28097587719298245 0.023026315789473683 0.03234649122807017
1 0.5381944444444444 0.29550438596491224 0.014985380116959063 0.025219298245614034
1 0.38614766081871343 0.3242872807017544 0.028143274853801168 0.03234649122807017
1 0.37993421052631576 0.4862938596491228 0.038377192982456135 0.02631578947368421
1 0.4184941520467836 0.47971491228070173 0.01827485380116959 0.03179824561403509
1 0.4471856725146199 0.47834429824561403 0.03326023391812866 0.05756578947368421
1 0.5180921052631579 0.4152960526315789 0.0222953216374269 0.018092105263157895
1 0.5376461988304093 0.42872807017543857 0.019005847953216373 0.027412280701754384
1 0.6138523391812866 0.4290021929824561 0.01425438596491228 0.03125
1 0.6971856725146198 0.4377741228070175 0.02448830409356725 0.022478070175438597
1 0.6929824561403508 0.5271381578947368 0.02266081871345029 0.022478070175438597
1 0.4495614035087719 0.546875 0.02046783625730994 0.03125
1 0.4307383040935672 0.6118421052631579 0.014985380116959063 0.021929824561403508
1 0.4713084795321637 0.634594298245614 0.02448830409356725 0.041118421052631575
1 0.4932383040935672 0.6439144736842105 0.014985380116959063 0.03673245614035087
1 0.5303362573099415 0.6343201754385964 0.02412280701754386 0.044956140350877194
1 0.5659722222222222 0.640625 0.025950292397660817 0.0356359649122807
1 0.5986842105263157 0.6252741228070176 0.029970760233918127 0.0356359649122807
1 0.7149122807017544 0.6302083333333333 0.02266081871345029 0.03234649122807017
1 0.7578581871345029 0.6178728070175439 0.025950292397660817 0.03618421052631579
1 0.7913011695906432 0.6203399122807017 0.02631578947368421 0.03234649122807017
1 0.8369883040935672 0.6208881578947368 0.029239766081871343 0.0356359649122807
1 0.8720760233918128 0.6208881578947368 0.02412280701754386 0.0356359649122807
1 0.91703216374269 0.6027960526315789 0.025584795321637425 0.03125
1 0.8697002923976608 0.518640350877193 0.017909356725146198 0.01864035087719298
1 0.939875730994152 0.6137609649122807 0.023026315789473683 0.041118421052631575
1 0.97953216374269 0.6211622807017544 0.033625730994152045 0.043859649122807015
1 0.9899488304093567 0.5970394736842105 0.02010233918128655 0.03508771929824561
1 0.9281798245614035 0.7116228070175438 0.0222953216374269 0.02850877192982456
1 0.8223684210526315 0.7143640350877193 0.019005847953216373 0.021929824561403508
1 0.8870614035087718 0.7108004385964912 0.013157894736842105 0.022478070175438597
1 0.7803362573099415 0.7064144736842105 0.01827485380116959 0.02576754385964912
1 0.7485380116959064 0.7264254385964912 0.01827485380116959 0.03399122807017543
1 0.6884137426900584 0.7316337719298245 0.019371345029239765 0.03125
1 0.6494883040935672 0.7236842105263157 0.024853801169590642 0.027412280701754384
1 0.5829678362573099 0.7192982456140351 0.014619883040935672 0.021929824561403508
1 0.5593932748538012 0.7275219298245613 0.015716374269005847 0.02412280701754386
1 0.4576023391812865 0.7415021929824561 0.01827485380116959 0.0268640350877193
1 0.5244883040935672 0.7239583333333333 0.019005847953216373 0.02576754385964912
1 0.4130116959064327 0.8234649122807017 0.012426900584795321 0.02412280701754386
1 0.4947002923976608 0.8231907894736842 0.01206140350877193 0.018092105263157895
1 0.46235380116959063 0.8086622807017544 0.010964912280701754 0.021929824561403508
1 0.5826023391812866 0.8215460526315789 0.019005847953216373 0.024671052631578948
1 0.6407163742690059 0.8355263157894737 0.01608187134502924 0.021929824561403508
1 0.6734283625730993 0.8262061403508771 0.01864035087719298 0.021929824561403508
1 0.6900584795321637 0.8262061403508771 0.013888888888888888 0.019736842105263157
1 0.712719298245614 0.831140350877193 0.014619883040935672 0.01864035087719298
1 0.7563961988304093 0.8604714912280701 0.0266812865497076 0.043311403508771926
1 0.9322002923976608 0.7971491228070176 0.01864035087719298 0.021929824561403508
1 0.8930921052631579 0.7971491228070176 0.013523391812865496 0.019736842105263157
1 0.8662280701754386 0.8212719298245613 0.01023391812865497 0.023026315789473683
1 0.8408260233918128 0.8125 0.013523391812865496 0.021929824561403508
1 0.90625 0.9673793859649122 0.01644736842105263 0.03125
1 0.9539473684210525 0.9882127192982456 0.024853801169590642 0.02357456140350877
1 0.8457602339181286 0.9509320175438596 0.013157894736842105 0.020285087719298246
1 0.79203216374269 0.9712171052631579 0.02412280701754386 0.03344298245614035
1 0.7525584795321637 0.9673793859649122 0.02046783625730994 0.0356359649122807
1 0.7026681286549707 0.9443530701754386 0.012792397660818713 0.0268640350877193
1 0.6611842105263157 0.9487390350877193 0.019736842105263157 0.03125
1 0.6074561403508771 0.9558662280701754 0.017543859649122806 0.019188596491228067
1 0.5537280701754386 0.9736842105263157 0.013157894736842105 0.03618421052631579
1 0.5195540935672515 0.9925986842105262 0.014985380116959063 0.014802631578947368
1 0.4292763157894737 0.9528508771929824 0.01864035087719298 0.039473684210526314
