1 0.009868421052631578 0.8840460526315789 0.01023391812865497 0.0268640350877193
1 0.041118421052631575 0.8111293859649122 0.038377192982456135 0.05317982456140351
1 0.12554824561403508 0.8525219298245613 0.014985380116959063 0.03508771929824561
1 0.11823830409356724 0.7996162280701754 0.04568713450292397 0.06524122807017543
1 0.1474780701754386 0.7683662280701754 0.02448830409356725 0.05098684210526316
1 0.19535818713450293 0.8127741228070176 0.04130116959064327 0.06743421052631579
1 0.25201023391812866 0.8023574561403508 0.0442251461988304 0.07730263157894736
1 0.3050073099415205 0.7464364035087719 0.02887426900584795 0.04989035087719298
1 0.346125730994152 0.778782894736842 0.0445906432748538 0.07182017543859649
1 0.32328216374269003 0.8500548245614035 0.027412280701754384 0.05427631578947368
1 0.3324195906432748 0.9246162280701754 0.04349415204678363 0.07072368421052631
1 0.32072368421052627 0.5800438596491228 0.02887426900584795 0.0537280701754386
1 0.25109649122807015 0.444078947368421 0.027046783625730993 0.03289473684210526
1 0.22404970760233917 0.6790021929824561 0.019736842105263157 0.03125
1 0.15826023391812866 0.5833333333333333 0.027046783625730993 0.044956140350877194
1 0.12353801169590642 0.5715460526315789 0.025584795321637425 0.0356359649122807
1 0.0884502923976608 0.5523574561403508 0.02850877192982456 0.038925438596491224
1 0.01864035087719298 0.575657894736842 0.019736842105263157 0.03179824561403509
1 0.051352339181286545 0.4251644736842105 0.023026315789473683 0.03453947368421052
1 0.10307017543859648 0.45559210526315785 0.01608187134502924 0.029605263157894735
1 0.4888523391812865 0.941611842105263 0.06469298245614034 0.08388157894736842
1 0.44828216374269003 0.7637061403508771 0.025219298245614034 0.044956140350877194
1 0.4990862573099415 0.7771381578947368 0.023026315789473683 0.044407894736842105
1 0.5391081871345029 0.781798245614035 0.029239766081871343 0.04824561403508772
1 0.4917763157894737 0.5715460526315789 0.014985380116959063 0.022478070175438597
1 0.5721856725146198 0.4317434210526316 0.020833333333333332 0.0400219298245614
1 0.5698099415204678 0.5671600877192983 0.013157894736842105 0.0268640350877193
1 0.6299342105263157 0.5646929824561403 0.01644736842105263 0.02412280701754386
1 0.6302997076023391 0.6847587719298245 0.03399122807017543 0.05043859649122807
1 0.66703216374269 0.7483552631578947 0.02412280701754386 0.029605263157894735
1 0.8373538011695906 0.5542763157894737 0.014619883040935672 0.021929824561403508
1 0.9713084795321637 0.6258223684210525 0.03399122807017543 0.041118421052631575
1 0.7138157894736842 0.7776864035087719 0.027777777777777776 0.043311403508771926
1 0.7490862573099415 0.7708333333333333 0.031067251461988302 0.043859649122807015
1 0.7905701754385964 0.7724780701754386 0.03216374269005848 0.041666666666666664
1 0.8150584795321637 0.7532894736842105 0.031432748538011694 0.041666666666666664
1 0.8432017543859649 0.7574013157894737 0.024853801169590642 0.038925438596491224
1 0.8974780701754386 0.7749451754385964 0.02887426900584795 0.046600877192982455
1 0.9365862573099415 0.7771381578947368 0.025219298245614034 0.0400219298245614
1 0.987390350877193 0.6959978070175438 0.025950292397660817 0.0400219298245614
