1 0.017909356725146198 0.3665021929824561 0.029239766081871343 0.03125
1 0.0579312865497076 0.37911184210526316 0.025950292397660817 0.0356359649122807
1 0.11330409356725146 0.3837719298245614 0.027046783625730993 0.03289473684210526
1 0.1597222222222222 0.3711622807017544 0.01827485380116959 0.02412280701754386
1 0.2050438596491228 0.3612938596491228 0.01608187134502924 0.025219298245614034
1 0.33059210526315785 0.36376096491228066 0.025219298245614034 0.046600877192982455
1 0.39071637426900585 0.37033991228070173 0.013888888888888888 0.020285087719298246
1 0.36330409356725146 0.3621162280701754 0.012426900584795321 0.012609649122807017
1 0.46271929824561403 0.3536184210526316 0.019005847953216373 0.029605263157894735
1 0.49616228070175433 0.3399122807017544 0.019371345029239765 0.027412280701754384
1 0.5323464912280701 0.3514254385964912 0.010599415204678362 0.015350877192982455
1 0.5625 0.3432017543859649 0.019736842105263157 0.039473684210526314
1 0.4605263157894737 0.47121710526315785 0.011695906432748537 0.0268640350877193
1 0.2097953216374269 0.5402960526315789 0.024853801169590642 0.03125
1 0.3050073099415205 0.6337719298245613 0.017178362573099414 0.02850877192982456
1 0.6332236842105263 0.846765350877193 0.01864035087719298 0.03782894736842105
1 0.5820540935672515 0.8862390350877193 0.012792397660818713 0.020285087719298246
1 0.5361842105263157 0.8366228070175438 0.016812865497076022 0.029605263157894735
1 0.3667763157894737 0.8580043859649122 0.013523391812865496 0.01864035087719298
1 0.3081140350877193 0.8826754385964912 0.029970760233918127 0.021929824561403508
1 0.2308114035087719 0.9890350877192982 0.039108187134502925 0.021929824561403508
1 0.2807017543859649 0.9923245614035087 0.021198830409356724 0.015350877192982455
1 0.3247441520467836 0.8667763157894737 0.014985380116959063 0.025219298245614034
1 0.06779970760233918 0.8804824561403508 0.03179824561403509 0.015350877192982455
1 0.7803362573099415 0.009868421052631578 0.017543859649122806 0.01864035087719298
1 0.9707602339181286 0.015625 0.02850877192982456 0.02905701754385965
1 0.8963815789473684 0.4777960526315789 0.04714912280701754 0.07949561403508772
1 0.8559941520467835 0.47971491228070173 0.04751461988304093 0.0537280701754386
1 0.7695540935672515 0.6247258771929824 0.0266812865497076 0.02796052631578947
1 0.8198099415204678 0.6392543859649122 0.01023391812865497 0.025219298245614034
1 0.8428362573099415 0.609375 0.021929824561403508 0.03015350877192982
1 0.8804824561403508 0.6137609649122807 0.013888888888888888 0.02576754385964912
1 0.9409722222222222 0.6156798245614035 0.01206140350877193 0.023026315789473683
1 0.938048245614035 0.7351973684210525 0.01206140350877193 0.015350877192982455
