1 0.4141081871345029 0.022752192982456138 0.027046783625730993 0.03782894736842105
1 0.518640350877193 0.057839912280701754 0.02412280701754386 0.03125
1 0.6533260233918128 0.03453947368421052 0.0442251461988304 0.03618421052631579
1 0.7055921052631579 0.054002192982456135 0.035453216374269 0.0356359649122807
1 0.739766081871345 0.05866228070175438 0.03508771929824561 0.044956140350877194
1 0.8035453216374269 0.03070175438596491 0.01864035087719298 0.04057017543859649
1 0.8475877192982456 0.02631578947368421 0.027046783625730993 0.049342105263157895
1 0.8828581871345029 0.042214912280701754 0.020833333333333332 0.042763157894736836
1 0.813048245614035 0.28152412280701755 0.01644736842105263 0.022478070175438597
1 0.4325657894736842 0.2924890350877193 0.017178362573099414 0.0268640350877193
1 0.5310672514619883 0.6255482456140351 0.014619883040935672 0.02412280701754386
1 0.5826023391812866 0.6515899122807017 0.025584795321637425 0.02357456140350877
1 0.8037280701754386 0.6296600877192982 0.016812865497076022 0.022478070175438597
1 0.8486842105263157 0.6631030701754386 0.021198830409356724 0.015899122807017545
1 0.9594298245614035 0.6573464912280701 0.03289473684210526 0.01206140350877193
1 0.5180921052631579 0.8168859649122806 0.05592105263157894 0.06907894736842105
1 0.4471856725146199 0.944078947368421 0.05080409356725146 0.09868421052631579
1 0.5361842105263157 0.9618969298245613 0.0402046783625731 0.05317982456140351
1 0.5789473684210527 0.9161184210526315 0.03070175438596491 0.03179824561403509
1 0.7598684210526315 0.9317434210526315 0.03289473684210526 0.042214912280701754
1 0.8174342105263157 0.9690241228070174 0.0266812865497076 0.0400219298245614
1 0.9351242690058479 0.8928179824561403 0.028143274853801168 0.042214912280701754
