1 0.11074561403508772 0.171875 0.02266081871345029 0.020285087719298246
1 0.07510964912280702 0.18146929824561403 0.03179824561403509 0.021929824561403508
1 0.008406432748538011 0.3053728070175438 0.01608187134502924 0.03728070175438596
1 0.09228801169590643 0.31880482456140347 0.029605263157894735 0.0356359649122807
1 0.09649122807017543 0.3015350877192982 0.03216374269005848 0.038377192982456135
1 0.1421783625730994 0.3881578947368421 0.021929824561403508 0.03070175438596491
1 0.012244152046783625 0.7228618421052632 0.023026315789473683 0.041118421052631575
1 0.03673245614035087 0.703125 0.019371345029239765 0.02576754385964912
1 0.11330409356725146 0.8423793859649122 0.033625730994152045 0.05317982456140351
1 0.24616228070175436 0.16365131578947367 0.025950292397660817 0.0356359649122807
1 0.29203216374269003 0.17708333333333331 0.021198830409356724 0.03070175438596491
1 0.3369883040935672 0.1581688596491228 0.02412280701754386 0.02796052631578947
1 0.4131944444444444 0.16584429824561403 0.02448830409356725 0.045504385964912276
1 0.971125730994152 0.15186403508771928 0.02046783625730994 0.029605263157894735
1 0.8877923976608186 0.35005482456140347 0.016812865497076022 0.03015350877192982
1 0.831140350877193 0.33251096491228066 0.019005847953216373 0.03015350877192982
1 0.750548245614035 0.35800438596491224 0.0222953216374269 0.03508771929824561
1 0.6337719298245613 0.3314144736842105 0.013157894736842105 0.018092105263157895
1 0.596125730994152 0.34155701754385964 0.013888888888888888 0.038377192982456135
1 0.4471856725146199 0.350328947368421 0.021564327485380116 0.021929824561403508
1 0.28326023391812866 0.5827850877192983 0.021929824561403508 0.02850877192982456
1 0.45321637426900585 0.5893640350877193 0.017543859649122806 0.021929824561403508
1 0.8607456140350876 0.7590460526315789 0.008771929824561403 0.022478070175438597
1 0.6348684210526315 0.7946820175438596 0.015350877192982455 0.03125
1 0.583516081871345 0.7990679824561403 0.009137426900584795 0.03125
1 0.3505116959064327 0.803453947368421 0.013157894736842105 0.03344298245614035
1 0.27521929824561403 0.8215460526315789 0.017543859649122806 0.0268640350877193
1 0.3159722222222222 0.8127741228070176 0.017909356725146198 0.0356359649122807
1 0.41739766081871343 0.7902960526315789 0.01608187134502924 0.0356359649122807
1 0.4322002923976608 0.8925438596491228 0.025219298245614034 0.03070175438596491
1 0.4619883040935672 0.9372258771929824 0.014619883040935672 0.02796052631578947
1 0.864766081871345 0.9358552631578947 0.014619883040935672 0.029605263157894735
1 0.9619883040935672 0.9459978070175438 0.019736842105263157 0.038925438596491224
1 0.9614400584795321 0.8692434210526315 0.013523391812865496 0.03125
1 0.7026681286549707 0.9690241228070174 0.009868421052631578 0.03125
1 0.6538742690058479 0.9418859649122806 0.00804093567251462 0.025219298245614034
1 0.9800804093567251 0.056195175438596486 0.010599415204678362 0.024671052631578948
1 0.9643640350877193 0.4915021929824561 0.03399122807017543 0.044407894736842105
1 0.9678362573099415 0.6271929824561403 0.043859649122807015 0.05921052631578947
1 0.9879385964912281 0.6222587719298245 0.02412280701754386 0.05153508771929824
1 0.9968932748538011 0.75 0.0062134502923976605 0.02412280701754386
1 0.9914108187134503 0.9394188596491228 0.017178362573099414 0.044407894736842105
