1 0.03125 0.44188596491228066 0.03326023391812866 0.03399122807017543
1 0.0800438596491228 0.4194078947368421 0.024853801169590642 0.03508771929824561
1 0.14364035087719298 0.3887061403508772 0.019736842105263157 0.03618421052631579
1 0.1644736842105263 0.3939144736842105 0.019005847953216373 0.042214912280701754
1 0.22569444444444442 0.3262061403508772 0.020833333333333332 0.03179824561403509
1 0.3115862573099415 0.3489583333333333 0.029605263157894735 0.043311403508771926
1 0.32383040935672514 0.3075657894736842 0.03216374269005848 0.04714912280701754
1 0.31012426900584794 0.4451754385964912 0.023757309941520467 0.04057017543859649
1 0.3744517543859649 0.3706140350877193 0.02010233918128655 0.05043859649122807
1 0.4221491228070175 0.29934210526315785 0.01608187134502924 0.03508771929824561
1 0.42434210526315785 0.3881578947368421 0.02266081871345029 0.038377192982456135
1 0.44828216374269003 0.42434210526315785 0.01644736842105263 0.03618421052631579
1 0.47404970760233917 0.4084429824561403 0.03216374269005848 0.04057017543859649
1 0.5010964912280701 0.34402412280701755 0.025584795321637425 0.044407894736842105
1 0.5449561403508771 0.42434210526315785 0.024853801169590642 0.044956140350877194
1 0.5502558479532164 0.27247807017543857 0.02887426900584795 0.02850877192982456
1 0.6138523391812866 0.31304824561403505 0.029605263157894735 0.029605263157894735
1 0.664656432748538 0.4309210526315789 0.02887426900584795 0.03508771929824561
1 0.7236842105263157 0.42434210526315785 0.01827485380116959 0.04057017543859649
1 0.7938596491228069 0.32538377192982454 0.029239766081871343 0.0400219298245614
1 0.8980263157894737 0.34402412280701755 0.035818713450292396 0.0400219298245614
1 0.9932383040935672 0.3558114035087719 0.01425438596491228 0.046052631578947366
1 0.9413377192982456 0.3125 0.03179824561403509 0.043859649122807015
1 0.94828216374269 0.42872807017543857 0.0266812865497076 0.049342105263157895
1 0.9373172514619883 0.061129385964912276 0.06103801169590643 0.07072368421052631
1 0.7699195906432749 0.07182017543859649 0.04641812865497076 0.07785087719298245
1 0.43457602339181284 0.0625 0.017543859649122806 0.03508771929824561
1 0.3744517543859649 0.07154605263157894 0.044956140350877194 0.0849780701754386
1 0.1684941520467836 0.06716008771929824 0.029970760233918127 0.048793859649122806
1 0.11769005847953215 0.05317982456140351 0.03728070175438596 0.07894736842105263
