1 0.3428362573099415 0.015350877192982455 0.021929824561403508 0.02412280701754386
1 0.22660818713450293 0.02631578947368421 0.023391812865497075 0.020833333333333332
1 0.022478070175438597 0.1074561403508772 0.017178362573099414 0.021929824561403508
1 0.07529239766081872 0.1337719298245614 0.019736842105263157 0.020833333333333332
1 0.42872807017543857 0.11348684210526315 0.017543859649122806 0.01864035087719298
1 0.4460891812865497 0.20778508771929824 0.02010233918128655 0.029605263157894735
1 0.5142543859649122 0.20093201754385964 0.025584795321637425 0.038925438596491224
1 0.5180921052631579 0.29221491228070173 0.025950292397660817 0.03179824561403509
1 0.5869883040935672 0.3015350877192982 0.019005847953216373 0.03618421052631579
1 0.1381578947368421 0.2231359649122807 0.02046783625730994 0.019736842105263157
1 0.10928362573099415 0.2149122807017544 0.021198830409356724 0.021929824561403508
1 0.04057017543859649 0.32209429824561403 0.021929824561403508 0.05646929824561403
1 0.11239035087719297 0.34347587719298245 0.011330409356725146 0.016995614035087717
1 0.28654970760233917 0.30838815789473684 0.025584795321637425 0.048793859649122806
1 0.3638523391812865 0.32922149122807015 0.031067251461988302 0.042214912280701754
1 0.4009502923976608 0.31688596491228066 0.029239766081871343 0.029605263157894735
1 0.4546783625730994 0.3059210526315789 0.023391812865497075 0.04057017543859649
1 0.4755116959064327 0.3001644736842105 0.019736842105263157 0.03015350877192982
1 0.5586622807017544 0.4383223684210526 0.03618421052631579 0.0356359649122807
1 0.4947002923976608 0.4004934210526316 0.025219298245614034 0.03453947368421052
1 0.3887061403508772 0.4152960526315789 0.017909356725146198 0.022478070175438597
1 0.0762061403508772 0.5137061403508771 0.054459064327485374 0.05592105263157894
1 0.18951023391812866 0.490953947368421 0.013523391812865496 0.02905701754385965
1 0.22404970760233917 0.5449561403508771 0.019005847953216373 0.021929824561403508
1 0.051352339181286545 0.5701754385964912 0.048611111111111105 0.05263157894736842
1 0.09868421052631579 0.5767543859649122 0.04239766081871345 0.07236842105263158
1 0.4985380116959064 0.5583881578947368 0.02046783625730994 0.0268640350877193
1 0.5586622807017544 0.5356359649122807 0.03033625730994152 0.044956140350877194
1 0.6010599415204678 0.5137061403508771 0.05226608187134503 0.049342105263157895
1 0.54203216374269 0.6208881578947368 0.02266081871345029 0.0356359649122807
1 0.5078581871345029 0.6430921052631579 0.01864035087719298 0.03289473684210526
1 0.439875730994152 0.6474780701754386 0.02010233918128655 0.03728070175438596
1 0.2803362573099415 0.650219298245614 0.02046783625730994 0.021929824561403508
1 0.23830409356725146 0.6611842105263157 0.021929824561403508 0.03508771929824561
1 0.19298245614035087 0.6726973684210525 0.021929824561403508 0.03508771929824561
1 0.14985380116959063 0.6833881578947368 0.021929824561403508 0.0356359649122807
1 0.08406432748538012 0.665844298245614 0.02850877192982456 0.04989035087719298
1 0.11019736842105263 0.8083881578947368 0.05665204678362573 0.0805921052631579
1 0.1913377192982456 0.8834978070175438 0.017909356725146198 0.024671052631578948
1 0.2598684210526316 0.9169407894736842 0.013157894736842105 0.02905701754385965
1 0.20851608187134502 0.8127741228070176 0.042763157894736836 0.044407894736842105
1 0.25091374269005845 0.787828947368421 0.023757309941520467 0.041666666666666664
1 0.2777777777777778 0.8081140350877193 0.04312865497076023 0.09539473684210525
1 0.34027777777777773 0.8127741228070176 0.03216374269005848 0.03344298245614035
1 0.31304824561403505 0.8925438596491228 0.01644736842105263 0.027412280701754384
1 0.39455409356725146 0.9816337719298245 0.025950292397660817 0.03673245614035087
1 0.4184941520467836 0.8218201754385964 0.056286549707602336 0.05592105263157894
1 0.47697368421052627 0.8144188596491228 0.04093567251461988 0.05866228070175438
1 0.5380116959064327 0.796875 0.03874269005847953 0.08388157894736842
1 0.5376461988304093 0.9131030701754386 0.021198830409356724 0.020285087719298246
1 0.614766081871345 0.8125 0.029239766081871343 0.043859649122807015
1 0.9400584795321637 0.03974780701754386 0.03070175438596491 0.03344298245614035
1 0.8711622807017544 0.078125 0.019371345029239765 0.02576754385964912
1 0.8079312865497076 0.09594298245614034 0.027412280701754384 0.02850877192982456
1 0.7284356725146198 0.1162280701754386 0.021929824561403508 0.03179824561403509
1 0.9678362573099415 0.1762609649122807 0.049707602339181284 0.07291666666666666
1 0.9278143274853801 0.20339912280701752 0.048611111111111105 0.06469298245614034
1 0.8872441520467835 0.1836622807017544 0.038377192982456135 0.05263157894736842
1 0.8598318713450291 0.22834429824561403 0.04203216374269006 0.06633771929824561
1 0.7593201754385964 0.1992872807017544 0.05665204678362573 0.05098684210526316
1 0.7001096491228069 0.19216008771929824 0.05153508771929824 0.05975877192982456
1 0.6553362573099415 0.1907894736842105 0.019005847953216373 0.02631578947368421
1 0.6915204678362573 0.3171600877192982 0.02266081871345029 0.022478070175438597
1 0.7520102339181286 0.31743421052631576 0.025219298245614034 0.025219298245614034
1 0.7898391812865496 0.32209429824561403 0.021929824561403508 0.0268640350877193
1 0.7730263157894737 0.33497807017543857 0.02046783625730994 0.03399122807017543
1 0.9038742690058479 0.334703947368421 0.019736842105263157 0.02796052631578947
1 0.9214181286549707 0.30975877192982454 0.025584795321637425 0.025219298245614034
1 0.9857456140350876 0.31798245614035087 0.02046783625730994 0.01644736842105263
1 0.706140350877193 0.44188596491228066 0.04751461988304093 0.03399122807017543
1 0.7695540935672515 0.42489035087719296 0.0398391812865497 0.05263157894736842
1 0.8980263157894737 0.4427083333333333 0.03289473684210526 0.048793859649122806
1 0.9360380116959064 0.4306469298245614 0.03728070175438596 0.048793859649122806
1 0.9565058479532164 0.43338815789473684 0.03435672514619883 0.0356359649122807
1 0.9292763157894737 0.5010964912280701 0.03179824561403509 0.03399122807017543
1 0.8799342105263157 0.522203947368421 0.029605263157894735 0.0356359649122807
1 0.781798245614035 0.5150767543859649 0.025584795321637425 0.03673245614035087
1 0.7640716374269005 0.5446820175438596 0.029605263157894735 0.042214912280701754
1 0.706140350877193 0.549890350877193 0.019736842105263157 0.03179824561403509
1 0.7344663742690059 0.6603618421052632 0.03618421052631579 0.046600877192982455
1 0.8028143274853801 0.6806469298245613 0.027412280701754384 0.03453947368421052
1 0.8174342105263157 0.6699561403508771 0.027412280701754384 0.04057017543859649
1 0.8887061403508771 0.6513157894736842 0.029605263157894735 0.03728070175438596
1 0.9438961988304093 0.6403508771929824 0.023757309941520467 0.029605263157894735
1 0.9859283625730993 0.640625 0.028143274853801168 0.02905701754385965
1 0.897843567251462 0.8059210526315789 0.05007309941520467 0.05592105263157894
1 0.799890350877193 0.7461622807017544 0.023757309941520467 0.043859649122807015
1 0.7680921052631579 0.7324561403508771 0.01206140350877193 0.049342105263157895
1 0.8145102339181286 0.8234649122807017 0.01864035087719298 0.043859649122807015
1 0.7582236842105263 0.8448464912280701 0.05080409356725146 0.07675438596491227
1 0.7138157894736842 0.8933662280701754 0.02046783625730994 0.048793859649122806
1 0.739766081871345 0.8950109649122806 0.019736842105263157 0.0268640350877193
1 0.7627923976608186 0.9026864035087718 0.019736842105263157 0.03234649122807017
1 0.7949561403508771 0.9106359649122806 0.025584795321637425 0.03728070175438596
1 0.8603801169590642 0.8933662280701754 0.02266081871345029 0.041118421052631575
1 0.9844663742690057 0.8925438596491228 0.031067251461988302 0.05263157894736842
1 0.7196637426900584 0.9777960526315789 0.02412280701754386 0.044407894736842105
1 0.6743421052631579 0.9912280701754386 0.014619883040935672 0.017543859649122806
1 0.8530701754385964 0.9851973684210525 0.03289473684210526 0.029605263157894735
1 0.831140350877193 0.9021381578947368 0.017543859649122806 0.0268640350877193
