1 0.4234283625730994 0.11485745614035087 0.023026315789473683 0.02796052631578947
1 0.3506944444444444 0.14775219298245612 0.015716374269005847 0.022478070175438597
1 0.29696637426900585 0.14967105263157893 0.020833333333333332 0.02850877192982456
1 0.20906432748538012 0.20175438596491227 0.013157894736842105 0.020833333333333332
1 0.195906432748538 0.17242324561403508 0.014619883040935672 0.019188596491228067
1 0.1474780701754386 0.15625 0.01864035087719298 0.021929824561403508
1 0.16154970760233917 0.2151864035087719 0.02412280701754386 0.045504385964912276
1 0.15387426900584794 0.24616228070175436 0.014619883040935672 0.021929824561403508
1 0.1332236842105263 0.2768640350877193 0.01864035087719298 0.02631578947368421
1 0.1162280701754386 0.20614035087719296 0.015350877192982455 0.027412280701754384
1 0.06633771929824561 0.17900219298245612 0.014985380116959063 0.022478070175438597
1 0.029605263157894735 0.29934210526315785 0.008771929824561403 0.017543859649122806
1 0.3609283625730994 0.25 0.01425438596491228 0.019736842105263157
1 0.4453581871345029 0.2612390350877193 0.01206140350877193 0.016995614035087717
1 0.45906432748538006 0.28344298245614036 0.009502923976608187 0.017543859649122806
1 0.49707602339181284 0.3199013157894737 0.015350877192982455 0.019188596491228067
1 0.3432017543859649 0.3881578947368421 0.03654970760233918 0.03399122807017543
1 0.439875730994152 0.48739035087719296 0.020833333333333332 0.027412280701754384
1 0.4473684210526315 0.5359100877192983 0.009502923976608187 0.018092105263157895
1 0.055190058479532164 0.5789473684210527 0.013888888888888888 0.023026315789473683
1 0.29239766081871343 0.8157894736842105 0.01023391812865497 0.021929824561403508
1 0.1913377192982456 0.8053728070175438 0.009868421052631578 0.008771929824561403
1 0.2569444444444444 0.8146929824561403 0.008771929824561403 0.017543859649122806
1 0.13194444444444445 0.8209978070175438 0.012426900584795321 0.016995614035087717
1 0.09484649122807016 0.8168859649122806 0.007675438596491228 0.01644736842105263
1 0.06304824561403509 0.803453947368421 0.009868421052631578 0.013706140350877192
1 0.2138157894736842 0.9533991228070174 0.014619883040935672 0.02631578947368421
1 0.5449561403508771 0.9070723684210525 0.01827485380116959 0.02796052631578947
1 0.5610380116959064 0.7003837719298245 0.031432748538011694 0.048793859649122806
1 0.5566520467836257 0.12582236842105263 0.021929824561403508 0.02357456140350877
1 0.8530701754385964 0.1162280701754386 0.025584795321637425 0.03289473684210526
1 0.9111842105263157 0.11677631578947367 0.015350877192982455 0.013157894736842105
1 0.9468201754385964 0.10279605263157894 0.025219298245614034 0.0268640350877193
1 0.6131213450292398 0.3056469298245614 0.027412280701754384 0.038925438596491224
1 0.6226242690058479 0.37554824561403505 0.0222953216374269 0.03179824561403509
1 0.7911184210526315 0.33031798245614036 0.031067251461988302 0.048793859649122806
1 0.8662280701754386 0.45038377192982454 0.009502923976608187 0.018092105263157895
1 0.8296783625730993 0.4377741228070175 0.013888888888888888 0.018092105263157895
1 0.7832602339181286 0.4427083333333333 0.016812865497076022 0.016995614035087717
1 0.6430921052631579 0.4862938596491228 0.010599415204678362 0.017543859649122806
1 0.6001461988304093 0.4865679824561403 0.019005847953216373 0.022478070175438597
1 0.5712719298245613 0.4668311403508772 0.013157894736842105 0.013706140350877192
1 0.6260964912280701 0.4621710526315789 0.01023391812865497 0.015350877192982455
1 0.6074561403508771 0.5715460526315789 0.021929824561403508 0.022478070175438597
1 0.6343201754385964 0.5825109649122807 0.025950292397660817 0.03782894736842105
1 0.6524122807017544 0.5715460526315789 0.021929824561403508 0.0268640350877193
1 0.7163742690058479 0.5805921052631579 0.027046783625730993 0.03399122807017543
1 0.7324561403508771 0.5202850877192983 0.025584795321637425 0.03289473684210526
1 0.8291301169590642 0.5674342105263157 0.023757309941520467 0.023026315789473683
1 0.8770102339181286 0.5668859649122807 0.028143274853801168 0.03179824561403509
1 0.9027777777777777 0.5586622807017544 0.021198830409356724 0.025219298245614034
1 0.9766081871345029 0.5679824561403508 0.031432748538011694 0.03399122807017543
1 0.5625 0.6044407894736842 0.025584795321637425 0.03015350877192982
1 0.7563961988304093 0.7771381578947368 0.0266812865497076 0.0356359649122807
1 0.8907163742690059 0.7776864035087719 0.025584795321637425 0.038925438596491224
1 0.7412280701754386 0.8977521929824561 0.029970760233918127 0.0400219298245614
1 0.8428362573099415 0.8681469298245613 0.027046783625730993 0.041118421052631575
1 0.8697002923976608 0.881578947368421 0.013523391812865496 0.02631578947368421
1 0.6176900584795322 0.9925986842105262 0.013157894736842105 0.014802631578947368
