1 0.04349415204678363 0.8506030701754386 0.019736842105263157 0.03344298245614035
1 0.022478070175438597 0.9906798245614035 0.028143274853801168 0.01864035087719298
1 0.06487573099415204 0.8135964912280701 0.023757309941520467 0.03070175438596491
1 0.11915204678362573 0.8097587719298245 0.029239766081871343 0.05153508771929824
1 0.13486842105263158 0.8656798245614035 0.033625730994152045 0.05701754385964912
1 0.1997441520467836 0.8179824561403508 0.020833333333333332 0.025219298245614034
1 0.18512426900584794 0.8215460526315789 0.020833333333333332 0.03125
1 0.2273391812865497 0.8399122807017544 0.027777777777777776 0.046052631578947366
1 0.24415204678362573 0.8355263157894737 0.023391812865497075 0.03399122807017543
1 0.2797880116959064 0.8157894736842105 0.0222953216374269 0.039473684210526314
1 0.3013523391812865 0.8223684210526315 0.029605263157894735 0.03179824561403509
1 0.12207602339181287 0.987390350877193 0.02850877192982456 0.01864035087719298
1 0.35928362573099415 0.8089364035087719 0.019736842105263157 0.038925438596491224
1 0.3559941520467836 0.9827302631578947 0.027046783625730993 0.03453947368421052
1 0.3784722222222222 0.9862938596491228 0.023026315789473683 0.027412280701754384
1 0.38998538011695905 0.8259320175438596 0.029239766081871343 0.05975877192982456
1 0.48245614035087714 0.975328947368421 0.024853801169590642 0.029605263157894735
1 0.5277777777777778 0.9846491228070174 0.021929824561403508 0.03070175438596491
1 0.4468201754385965 0.8199013157894737 0.020833333333333332 0.02796052631578947
1 0.4539473684210526 0.8396381578947368 0.03070175438596491 0.03125
1 0.4921418128654971 0.8179824561403508 0.03033625730994152 0.043859649122807015
1 0.5434941520467836 0.7993421052631579 0.02412280701754386 0.03618421052631579
1 0.583516081871345 0.8146929824561403 0.02887426900584795 0.0537280701754386
1 0.6538742690058479 0.2741228070175438 0.02266081871345029 0.04714912280701754
1 0.677266081871345 0.2708333333333333 0.01827485380116959 0.03399122807017543
1 0.7143640350877193 0.34868421052631576 0.014985380116959063 0.01864035087719298
1 0.7850877192982456 0.27960526315789475 0.007309941520467836 0.01644736842105263
1 0.8203581871345029 0.2593201754385965 0.010599415204678362 0.010964912280701754
1 0.8667763157894737 0.26809210526315785 0.007675438596491228 0.010964912280701754
1 0.8877923976608186 0.26781798245614036 0.007309941520467836 0.013706140350877192
1 0.7158260233918128 0.9868421052631579 0.017909356725146198 0.02631578947368421
1 0.6778143274853801 0.9777960526315789 0.038377192982456135 0.044407894736842105
1 0.8740862573099415 0.9915021929824561 0.019371345029239765 0.016995614035087717
1 0.9089912280701754 0.9865679824561403 0.021929824561403508 0.0268640350877193
