1 0.03691520467836257 0.018914473684210526 0.008771929824561403 0.019188596491228067
1 0.07383040935672514 0.020285087719298246 0.011695906432748537 0.023026315789473683
1 0.17909356725146197 0.022478070175438597 0.012426900584795321 0.013157894736842105
1 0.30372807017543857 0.024396929824561403 0.017543859649122806 0.018092105263157895
1 0.4097222222222222 0.04413377192982456 0.015350877192982455 0.03344298245614035
1 0.4956140350877193 0.01343201754385965 0.011695906432748537 0.02357456140350877
1 0.5645102339181286 0.017543859649122806 0.01206140350877193 0.020833333333333332
1 0.6226242690058479 0.015899122807017545 0.027412280701754384 0.03070175438596491
1 0.7328216374269005 0.03179824561403509 0.03216374269005848 0.03289473684210526
1 0.7286184210526315 0.27658991228070173 0.04714912280701754 0.05975877192982456
1 0.6796418128654971 0.2650767543859649 0.02448830409356725 0.038925438596491224
1 0.6255482456140351 0.2702850877192982 0.023026315789473683 0.038377192982456135
1 0.6030701754385964 0.2905701754385965 0.02850877192982456 0.0625
1 0.5610380116959064 0.26809210526315785 0.029239766081871343 0.03399122807017543
1 0.5745614035087719 0.18832236842105263 0.017543859649122806 0.018092105263157895
1 0.5339912280701754 0.1293859649122807 0.011695906432748537 0.025219298245614034
1 0.37591374269005845 0.1282894736842105 0.020833333333333332 0.03289473684210526
1 0.19883040935672514 0.1162280701754386 0.017543859649122806 0.020833333333333332
1 0.11513157894736842 0.14528508771929824 0.009502923976608187 0.017543859649122806
1 0.08406432748538012 0.13788377192982457 0.010964912280701754 0.02796052631578947
1 0.03618421052631579 0.27960526315789475 0.021198830409356724 0.03508771929824561
1 0.0805921052631579 0.2631578947368421 0.01864035087719298 0.03618421052631579
1 0.12353801169590642 0.27001096491228066 0.019736842105263157 0.03125
1 0.15679824561403508 0.2631578947368421 0.02266081871345029 0.03179824561403509
1 0.19682017543859648 0.2831688596491228 0.01644736842105263 0.03125
1 0.2403143274853801 0.28179824561403505 0.029605263157894735 0.04057017543859649
1 0.2759502923976608 0.26343201754385964 0.02850877192982456 0.044407894736842105
1 0.3603801169590643 0.28563596491228066 0.02412280701754386 0.03070175438596491
1 0.39692982456140347 0.2746710526315789 0.019736842105263157 0.03618421052631579
1 0.43804824561403505 0.2702850877192982 0.025219298245614034 0.03070175438596491
1 0.47989766081871343 0.28179824561403505 0.02631578947368421 0.03618421052631579
1 0.7010233918128654 0.4226973684210526 0.021929824561403508 0.020833333333333332
1 0.48428362573099415 0.40597587719298245 0.023391812865497075 0.02796052631578947
1 0.2269736842105263 0.40871710526315785 0.008771929824561403 0.018092105263157895
1 0.16264619883040934 0.4024122807017544 0.008771929824561403 0.023026315789473683
1 0.0805921052631579 0.41968201754385964 0.021564327485380116 0.0268640350877193
1 0.039473684210526314 0.4139254385964912 0.010964912280701754 0.03728070175438596
1 0.034722222222222224 0.5422149122807017 0.021929824561403508 0.03399122807017543
1 0.18548976608187134 0.5545504385964912 0.03179824561403509 0.038925438596491224
1 0.2525584795321637 0.490953947368421 0.03728070175438596 0.06414473684210525
1 0.33771929824561403 0.5556469298245613 0.029239766081871343 0.02576754385964912
1 0.4438961988304093 0.5446820175438596 0.01864035087719298 0.0268640350877193
1 0.4921418128654971 0.5496162280701754 0.01644736842105263 0.0268640350877193
1 0.5449561403508771 0.5317982456140351 0.027046783625730993 0.03618421052631579
1 0.5674342105263157 0.5345394736842105 0.0266812865497076 0.041666666666666664
1 0.5975877192982456 0.5581140350877193 0.024853801169590642 0.044956140350877194
1 0.6885964912280701 0.5737390350877193 0.031432748538011694 0.042214912280701754
1 0.7280701754385964 0.7009320175438596 0.03070175438596491 0.0356359649122807
1 0.6988304093567251 0.685032894736842 0.019005847953216373 0.012609649122807017
1 0.6416301169590642 0.6674890350877193 0.019371345029239765 0.018092105263157895
1 0.5782163742690059 0.6828399122807017 0.02266081871345029 0.02576754385964912
1 0.5254020467836257 0.6861293859649122 0.017178362573099414 0.011513157894736841
1 0.4228801169590643 0.6831140350877193 0.008771929824561403 0.020833333333333332
1 0.3212719298245614 0.6570723684210525 0.008771929824561403 0.019188596491228067
1 0.2905701754385965 0.65625 0.008771929824561403 0.02412280701754386
1 0.24561403508771928 0.6759868421052632 0.01827485380116959 0.01864035087719298
1 0.15752923976608185 0.6573464912280701 0.01023391812865497 0.019736842105263157
1 0.09722222222222221 0.6513157894736842 0.007309941520467836 0.019736842105263157
1 0.044956140350877194 0.8133223684210525 0.01827485380116959 0.018092105263157895
1 0.0800438596491228 0.8020833333333333 0.019005847953216373 0.02850877192982456
1 0.11074561403508772 0.7730263157894737 0.019005847953216373 0.023026315789473683
1 0.16611842105263158 0.7859100877192982 0.01864035087719298 0.018092105263157895
1 0.19426169590643275 0.7796052631578947 0.017178362573099414 0.03289473684210526
1 0.22989766081871343 0.8067434210526315 0.011695906432748537 0.024671052631578948
1 0.27485380116959063 0.7976973684210525 0.012426900584795321 0.01864035087719298
1 0.30939327485380114 0.765625 0.012792397660818713 0.024671052631578948
1 0.3530701754385965 0.7785087719298245 0.015350877192982455 0.03289473684210526
1 0.4009502923976608 0.7785087719298245 0.017543859649122806 0.029605263157894735
1 0.427266081871345 0.8031798245614035 0.010964912280701754 0.02412280701754386
1 0.46984649122807015 0.8215460526315789 0.021564327485380116 0.0356359649122807
1 0.5381944444444444 0.7922149122807017 0.014985380116959063 0.01644736842105263
1 0.6162280701754386 0.8042763157894737 0.016812865497076022 0.02631578947368421
1 0.6895102339181286 0.9451754385964912 0.017909356725146198 0.02850877192982456
1 0.6597222222222222 0.9353070175438596 0.02850877192982456 0.05043859649122807
1 0.5665204678362573 0.9309210526315789 0.016812865497076022 0.017543859649122806
1 0.49122807017543857 0.925986842105263 0.021929824561403508 0.05153508771929824
1 0.41703216374269003 0.925986842105263 0.027777777777777776 0.04057017543859649
1 0.3813961988304093 0.9243421052631579 0.021564327485380116 0.0537280701754386
1 0.3192616959064327 0.9385964912280701 0.023757309941520467 0.01644736842105263
1 0.2490862573099415 0.938048245614035 0.014985380116959063 0.017543859649122806
1 0.06451023391812866 0.9216008771929824 0.0222953216374269 0.038377192982456135
1 0.09576023391812866 0.9879385964912281 0.029239766081871343 0.02412280701754386
1 0.9004020467836257 0.5578399122807017 0.054459064327485374 0.05756578947368421
1 0.8411915204678362 0.8040021929824561 0.058845029239766075 0.0849780701754386
1 0.8682383040935672 0.7834429824561403 0.02448830409356725 0.05153508771929824
