1 0.1162280701754386 0.038377192982456135 0.043859649122807015 0.0668859649122807
1 0.008406432748538011 0.044956140350877194 0.015350877192982455 0.0625
1 0.21527777777777776 0.06085526315789473 0.03070175438596491 0.03508771929824561
1 0.125 0.5759320175438596 0.029239766081871343 0.05427631578947368
1 0.1611842105263158 0.5984100877192983 0.02631578947368421 0.0400219298245614
1 0.18019005847953215 0.6907894736842105 0.01023391812865497 0.01644736842105263
1 0.15277777777777776 0.6962719298245613 0.024853801169590642 0.038377192982456135
1 0.11330409356725146 0.7003837719298245 0.021929824561403508 0.02796052631578947
1 0.09283625730994152 0.6792763157894737 0.017543859649122806 0.021929824561403508
1 0.06743421052631579 0.6806469298245613 0.02887426900584795 0.03673245614035087
1 0.025950292397660817 0.7072368421052632 0.02850877192982456 0.03289473684210526
1 0.24360380116959063 0.9761513157894737 0.0442251461988304 0.04769736842105263
1 0.19389619883040934 0.9925986842105262 0.025950292397660817 0.014802631578947368
1 0.3125 0.058388157894736836 0.031432748538011694 0.0356359649122807
1 0.4853801169590643 0.3379934210526316 0.024853801169590642 0.041118421052631575
1 0.35508040935672514 0.5433114035087719 0.042763157894736836 0.05921052631578947
1 0.9457236842105262 0.7521929824561403 0.02448830409356725 0.03618421052631579
1 0.8907163742690059 0.7574013157894737 0.021198830409356724 0.03015350877192982
1 0.721125730994152 0.9764254385964912 0.019736842105263157 0.029605263157894735
