1 0.5376461988304093 0.07182017543859649 0.02266081871345029 0.042763157894736836
1 0.5782163742690059 0.0825109649122807 0.01608187134502924 0.03453947368421052
1 0.6191520467836257 0.0805921052631579 0.01827485380116959 0.03399122807017543
1 0.6465643274853801 0.06578947368421052 0.02412280701754386 0.044956140350877194
1 0.10983187134502924 0.058388157894736836 0.0537280701754386 0.048793859649122806
1 0.08442982456140351 0.04961622807017543 0.033625730994152045 0.05756578947368421
1 0.03654970760233918 0.04084429824561403 0.0402046783625731 0.041118421052631575
1 0.05573830409356725 0.1787280701754386 0.027412280701754384 0.03070175438596491
1 0.16593567251461988 0.20614035087719296 0.03435672514619883 0.041666666666666664
1 0.1836622807017544 0.27713815789473684 0.02448830409356725 0.022478070175438597
1 0.29239766081871343 0.29906798245614036 0.017543859649122806 0.03015350877192982
1 0.3475877192982456 0.27247807017543857 0.023391812865497075 0.019736842105263157
1 0.44883040935672514 0.2075109649122807 0.02046783625730994 0.02796052631578947
1 0.5292397660818713 0.18859649122807015 0.011695906432748537 0.01864035087719298
1 0.612390350877193 0.20531798245614033 0.01206140350877193 0.03015350877192982
1 0.6553362573099415 0.18832236842105263 0.035818713450292396 0.0400219298245614
1 0.708516081871345 0.058388157894736836 0.025219298245614034 0.0356359649122807
1 0.7426900584795322 0.0537280701754386 0.01608187134502924 0.019736842105263157
1 0.9766081871345029 0.044956140350877194 0.021198830409356724 0.03179824561403509
1 0.9740497076023391 0.09429824561403508 0.015350877192982455 0.04057017543859649
1 0.9033260233918128 0.04029605263157895 0.023757309941520467 0.03125
1 0.8662280701754386 0.06304824561403509 0.021198830409356724 0.03508771929824561
1 0.8609283625730993 0.04468201754385965 0.010599415204678362 0.015899122807017545
1 0.8013523391812865 0.0756578947368421 0.019371345029239765 0.03179824561403509
1 0.7401315789473684 0.1806469298245614 0.019005847953216373 0.0400219298245614
1 0.6831140350877193 0.20339912280701752 0.029970760233918127 0.02850877192982456
1 0.7695540935672515 0.19682017543859648 0.015716374269005847 0.025219298245614034
1 0.8207236842105262 0.17269736842105263 0.03033625730994152 0.03618421052631579
1 0.8565423976608186 0.16721491228070173 0.023026315789473683 0.04057017543859649
1 0.8916301169590642 0.18996710526315788 0.025950292397660817 0.0400219298245614
1 0.9468201754385964 0.12966008771929824 0.01206140350877193 0.03125
1 0.993969298245614 0.1995614035087719 0.025950292397660817 0.02412280701754386
1 0.9961622807017543 0.3119517543859649 0.01206140350877193 0.03179824561403509
1 0.9409722222222222 0.2949561403508772 0.028143274853801168 0.03618421052631579
1 0.9115497076023391 0.30235745614035087 0.01827485380116959 0.02576754385964912
1 0.8432017543859649 0.26288377192982454 0.02046783625730994 0.02796052631578947
1 0.8369883040935672 0.30975877192982454 0.017543859649122806 0.03070175438596491
1 0.7715643274853801 0.29523026315789475 0.01608187134502924 0.03015350877192982
1 0.7554824561403508 0.2590460526315789 0.016812865497076022 0.022478070175438597
1 0.7134502923976608 0.25219298245614036 0.01827485380116959 0.03070175438596491
1 0.689875730994152 0.2924890350877193 0.01425438596491228 0.022478070175438597
1 0.6509502923976608 0.25054824561403505 0.02046783625730994 0.03070175438596491
1 0.5005482456140351 0.2546600877192982 0.019371345029239765 0.03125
1 0.4360380116959064 0.3157894736842105 0.02046783625730994 0.03289473684210526
1 0.51078216374269 0.29523026315789475 0.025950292397660817 0.03673245614035087
1 0.5645102339181286 0.32209429824561403 0.019371345029239765 0.048793859649122806
1 0.502375730994152 0.3889802631578947 0.027412280701754384 0.045504385964912276
1 0.41118421052631576 0.3802083333333333 0.02266081871345029 0.041118421052631575
1 0.3636695906432748 0.4690241228070175 0.017543859649122806 0.03125
1 0.3125 0.4629934210526315 0.013888888888888888 0.02576754385964912
1 0.35489766081871343 0.5646929824561403 0.017543859649122806 0.021929824561403508
1 0.4409722222222222 0.4964364035087719 0.02010233918128655 0.03453947368421052
1 0.46875 0.5043859649122807 0.017909356725146198 0.029605263157894735
1 0.4815423976608187 0.5093201754385964 0.017178362573099414 0.03728070175438596
1 0.5350877192982456 0.5134320175438596 0.027046783625730993 0.04769736842105263
1 0.5380116959064327 0.40487938596491224 0.016812865497076022 0.03782894736842105
1 0.5707236842105263 0.390625 0.0222953216374269 0.038925438596491224
1 0.6226242690058479 0.38843201754385964 0.017178362573099414 0.015899122807017545
1 0.6538742690058479 0.3870614035087719 0.02266081871345029 0.021929824561403508
1 0.5776681286549707 0.475328947368421 0.025950292397660817 0.05263157894736842
1 0.6284722222222222 0.48245614035087714 0.019371345029239765 0.021929824561403508
1 0.6346856725146198 0.5046600877192983 0.02448830409356725 0.0356359649122807
1 0.6719663742690059 0.5117872807017544 0.029605263157894735 0.02796052631578947
1 0.7041301169590642 0.49780701754385964 0.020833333333333332 0.03399122807017543
1 0.6944444444444444 0.41721491228070173 0.016812865497076022 0.03399122807017543
1 0.7315423976608186 0.4004934210526316 0.02448830409356725 0.02905701754385965
1 0.7627923976608186 0.42050438596491224 0.021198830409356724 0.03618421052631579
1 0.7266081871345029 0.4917763157894737 0.021929824561403508 0.03070175438596491
1 0.8726242690058479 0.4095394736842105 0.031067251461988302 0.038377192982456135
1 0.8057383040935672 0.37938596491228066 0.015716374269005847 0.01644736842105263
1 0.91703216374269 0.4311951754385965 0.02046783625730994 0.03782894736842105
1 0.9698464912280701 0.3862390350877193 0.013523391812865496 0.020285087719298246
1 0.9853801169590642 0.4794407894736842 0.02412280701754386 0.03673245614035087
1 0.9316520467836257 0.49780701754385964 0.02046783625730994 0.029605263157894735
1 0.8574561403508771 0.47834429824561403 0.021198830409356724 0.03453947368421052
1 0.8326023391812865 0.5323464912280701 0.016812865497076022 0.03289473684210526
1 0.7850877192982456 0.5052083333333333 0.017543859649122806 0.04769736842105263
1 0.9188596491228069 0.5268640350877193 0.02266081871345029 0.03728070175438596
1 0.9384137426900584 0.5424890350877193 0.021564327485380116 0.044407894736842105
1 0.38633040935672514 0.07839912280701754 0.02046783625730994 0.04057017543859649
1 0.28691520467836257 0.056743421052631575 0.03654970760233918 0.06853070175438596
1 0.03033625730994152 0.37609649122807015 0.023391812865497075 0.020833333333333332
1 0.005482456140350877 0.38651315789473684 0.009502923976608187 0.013157894736842105
1 0.017543859649122806 0.4827302631578947 0.01827485380116959 0.015899122807017545
1 0.05610380116959064 0.47121710526315785 0.023026315789473683 0.03344298245614035
1 0.08589181286549707 0.47560307017543857 0.016812865497076022 0.022478070175438597
1 0.02887426900584795 0.6088267543859649 0.027777777777777776 0.0268640350877193
1 0.01864035087719298 0.7058662280701754 0.033625730994152045 0.0400219298245614
1 0.03965643274853801 0.7042214912280701 0.03399122807017543 0.05208333333333333
1 0.07218567251461988 0.7077850877192982 0.034722222222222224 0.049342105263157895
1 0.10800438596491227 0.712719298245614 0.0442251461988304 0.05482456140350877
1 0.13285818713450293 0.7143640350877193 0.038377192982456135 0.0537280701754386
1 0.1602704678362573 0.7140899122807017 0.042763157894736836 0.06085526315789473
1 0.1997441520467836 0.6984649122807017 0.035453216374269 0.0668859649122807
1 0.22551169590643275 0.6965460526315789 0.03289473684210526 0.0849780701754386
1 0.26151315789473684 0.6885964912280701 0.04349415204678363 0.06140350877192982
1 0.2768640350877193 0.7099780701754386 0.038377192982456135 0.0625
1 0.3086622807017544 0.6924342105263157 0.038377192982456135 0.0668859649122807
1 0.34484649122807015 0.6896929824561403 0.035453216374269 0.08442982456140351
1 0.37591374269005845 0.7009320175438596 0.03618421052631579 0.06414473684210525
1 0.42050438596491224 0.7384868421052632 0.023757309941520467 0.03508771929824561
1 0.4634502923976608 0.7083333333333333 0.031432748538011694 0.03289473684210526
1 0.4473684210526315 0.8511513157894737 0.021929824561403508 0.038925438596491224
1 0.48008040935672514 0.8530701754385964 0.03618421052631579 0.039473684210526314
1 0.439875730994152 0.6025219298245613 0.023757309941520467 0.044956140350877194
1 0.4859283625730994 0.5666118421052632 0.01864035087719298 0.022478070175438597
1 0.5508040935672515 0.609375 0.027777777777777776 0.02796052631578947
1 0.5840643274853801 0.5893640350877193 0.012426900584795321 0.019736842105263157
1 0.6304824561403508 0.5962171052631579 0.02850877192982456 0.046600877192982455
1 0.7070540935672515 0.6165021929824561 0.01864035087719298 0.0356359649122807
1 0.7549342105263157 0.606907894736842 0.025950292397660817 0.03179824561403509
1 0.5707236842105263 0.728344298245614 0.025219298245614034 0.03234649122807017
1 0.5637792397660818 0.8432017543859649 0.011330409356725146 0.02412280701754386
1 0.4751461988304093 0.9838267543859649 0.02266081871345029 0.03344298245614035
1 0.23885233918128654 0.8478618421052632 0.02448830409356725 0.016995614035087717
1 0.5449561403508771 0.9462719298245613 0.013888888888888888 0.025219298245614034
1 0.5526315789473684 0.981907894736842 0.017543859649122806 0.038377192982456135
1 0.575657894736842 0.9586074561403508 0.021929824561403508 0.038925438596491224
1 0.6006944444444444 0.9712171052631579 0.0222953216374269 0.0356359649122807
1 0.6317616959064327 0.9638157894736842 0.027412280701754384 0.03179824561403509
1 0.6220760233918128 0.8580043859649122 0.016812865497076022 0.03618421052631579
1 0.6288377192982456 0.7574013157894737 0.017909356725146198 0.05866228070175438
1 0.6445540935672515 0.8544407894736842 0.0266812865497076 0.043311403508771926
1 0.6719663742690059 0.8771929824561403 0.025950292397660817 0.044956140350877194
1 0.6571637426900584 0.9487390350877193 0.02631578947368421 0.0268640350877193
1 0.6699561403508771 0.9808114035087718 0.031432748538011694 0.039473684210526314
1 0.6416301169590642 0.694078947368421 0.029605263157894735 0.03179824561403509
1 0.6767178362573099 0.7206688596491228 0.03764619883040936 0.038925438596491224
1 0.7240497076023391 0.7543859649122806 0.025584795321637425 0.041666666666666664
1 0.7192982456140351 0.8626644736842105 0.021198830409356724 0.043311403508771926
1 0.7642543859649122 0.8530701754385964 0.014619883040935672 0.044956140350877194
1 0.7832602339181286 0.8470394736842105 0.013888888888888888 0.042763157894736836
1 0.8008040935672515 0.8733552631578947 0.01608187134502924 0.043859649122807015
1 0.8086622807017544 0.7519188596491228 0.020833333333333332 0.04769736842105263
1 0.875548245614035 0.6430921052631579 0.01425438596491228 0.04057017543859649
1 0.9073464912280701 0.6101973684210525 0.01206140350877193 0.03399122807017543
1 0.9638157894736842 0.6228070175438596 0.019736842105263157 0.02850877192982456
1 1 0.7149122807017544 0.025950292397660817 0.04057017543859649
1 0.9576023391812865 0.7384868421052632 0.013157894736842105 0.06030701754385964
1 0.8921783625730993 0.7593201754385964 0.023391812865497075 0.04714912280701754
1 0.8448464912280701 0.7733004385964912 0.023757309941520467 0.05537280701754386
1 0.875548245614035 0.8245614035087718 0.02448830409356725 0.021929824561403508
1 0.8090277777777777 0.9558662280701754 0.008406432748538011 0.013706140350877192
1 0.831140350877193 0.96875 0.01608187134502924 0.017543859649122806
1 0.8726242690058479 0.9736842105263157 0.017909356725146198 0.0537280701754386
1 0.8945540935672515 0.9712171052631579 0.019371345029239765 0.03782894736842105
1 0.9707602339181286 0.9871162280701754 0.021198830409356724 0.0268640350877193
1 0.9839181286549707 0.9786184210526315 0.02046783625730994 0.043859649122807015
1 0.9016812865497076 0.8511513157894737 0.029239766081871343 0.038925438596491224
1 0.9546783625730993 0.8262061403508771 0.021929824561403508 0.03179824561403509
