1 0.08351608187134503 0.06880482456140351 0.007675438596491228 0.014802631578947368
1 0.14802631578947367 0.0756578947368421 0.014619883040935672 0.021929824561403508
1 0.24269005847953215 0.06195175438596491 0.01608187134502924 0.021929824561403508
1 0.27832602339181284 0.0693530701754386 0.01644736842105263 0.015899122807017545
1 0.3603801169590643 0.06332236842105263 0.014619883040935672 0.014802631578947368
1 0.4053362573099415 0.05208333333333333 0.014619883040935672 0.021929824561403508
1 0.4766081871345029 0.041118421052631575 0.012426900584795321 0.023026315789473683
1 0.5321637426900585 0.03125 0.011695906432748537 0.017543859649122806
1 0.5840643274853801 0.03782894736842105 0.014619883040935672 0.01864035087719298
1 0.7251461988304093 0.031524122807017545 0.023391812865497075 0.022478070175438597
1 0.7549342105263157 0.0356359649122807 0.020833333333333332 0.02412280701754386
1 0.7447002923976608 0.14309210526315788 0.028143274853801168 0.03399122807017543
1 0.5765716374269005 0.15213815789473684 0.029605263157894735 0.0400219298245614
1 0.548611111111111 0.16557017543859648 0.023391812865497075 0.03070175438596491
1 0.5009137426900585 0.18119517543859648 0.021564327485380116 0.024671052631578948
1 0.4784356725146199 0.19736842105263158 0.03508771929824561 0.041666666666666664
1 0.4301900584795321 0.20038377192982454 0.02046783625730994 0.02576754385964912
1 0.4100877192982456 0.21217105263157893 0.041666666666666664 0.03289473684210526
1 0.35818713450292394 0.18338815789473684 0.029239766081871343 0.0356359649122807
1 0.3358918128654971 0.18777412280701752 0.013157894736842105 0.022478070175438597
1 0.3125 0.21957236842105263 0.023391812865497075 0.0268640350877193
1 0.2715643274853801 0.20970394736842105 0.03070175438596491 0.03125
1 0.2359283625730994 0.1781798245614035 0.025950292397660817 0.03399122807017543
1 0.19535818713450293 0.19654605263157893 0.023757309941520467 0.03125
1 0.15826023391812866 0.2118969298245614 0.04093567251461988 0.07182017543859649
1 0.1153143274853801 0.19682017543859648 0.025950292397660817 0.044956140350877194
1 0.11330409356725146 0.29331140350877194 0.029239766081871343 0.041666666666666664
1 0.1513157894736842 0.3086622807017544 0.03070175438596491 0.0537280701754386
1 0.1997441520467836 0.29742324561403505 0.03691520467836257 0.06195175438596491
1 0.23830409356725146 0.27905701754385964 0.041666666666666664 0.049342105263157895
1 0.26571637426900585 0.2702850877192982 0.03874269005847953 0.04714912280701754
1 0.314875730994152 0.28810307017543857 0.03033625730994152 0.022478070175438597
1 0.347953216374269 0.26096491228070173 0.03508771929824561 0.05482456140350877
1 0.387609649122807 0.27658991228070173 0.02887426900584795 0.041118421052631575
1 0.4199561403508772 0.272203947368421 0.03728070175438596 0.04769736842105263
1 0.4678362573099415 0.28536184210526316 0.03874269005847953 0.041118421052631575
1 0.49067982456140347 0.2543859649122807 0.025950292397660817 0.03618421052631579
1 0.5219298245614035 0.2450657894736842 0.027777777777777776 0.05592105263157894
1 0.4926900584795321 0.328125 0.04312865497076023 0.04989035087719298
1 0.5762061403508771 0.2845394736842105 0.03691520467836257 0.041666666666666664
1 0.6034356725146198 0.27987938596491224 0.03070175438596491 0.041118421052631575
1 0.6811038011695906 0.26809210526315785 0.04203216374269006 0.06469298245614034
1 0.7490862573099415 0.25493421052631576 0.03033625730994152 0.0581140350877193
1 0.7158260233918128 0.2727521929824561 0.03179824561403509 0.06414473684210525
1 0.633406432748538 0.36156798245614036 0.013157894736842105 0.015899122807017545
1 0.5069444444444444 0.39364035087719296 0.010964912280701754 0.021929824561403508
1 0.40826023391812866 0.3870614035087719 0.014619883040935672 0.01425438596491228
1 0.36220760233918126 0.36376096491228066 0.010964912280701754 0.011513157894736841
1 0.31048976608187134 0.3711622807017544 0.011330409356725146 0.013157894736842105
1 0.18512426900584794 0.4018640350877193 0.007675438596491228 0.021929824561403508
1 0.1648391812865497 0.39610745614035087 0.01608187134502924 0.013706140350877192
1 0.10928362573099415 0.5296052631578947 0.02850877192982456 0.04824561403508772
1 0.14400584795321636 0.5463267543859649 0.02631578947368421 0.04769736842105263
1 0.21198830409356723 0.5337171052631579 0.025584795321637425 0.042214912280701754
1 0.25 0.5402960526315789 0.01827485380116959 0.0356359649122807
1 0.271016081871345 0.5128837719298245 0.028143274853801168 0.038925438596491224
1 0.3046418128654971 0.528782894736842 0.031067251461988302 0.03782894736842105
1 0.32766812865497075 0.5246710526315789 0.02448830409356725 0.029605263157894735
1 0.3638523391812865 0.5202850877192983 0.01864035087719298 0.03289473684210526
1 0.418859649122807 0.5024671052631579 0.021929824561403508 0.03125
1 0.45906432748538006 0.5230263157894737 0.01608187134502924 0.03179824561403509
1 0.5 0.537828947368421 0.02266081871345029 0.03399122807017543
1 0.5254020467836257 0.513157894736842 0.025950292397660817 0.03728070175438596
1 0.5440423976608186 0.5024671052631579 0.017178362573099414 0.042214912280701754
1 0.5922880116959064 0.5227521929824561 0.019371345029239765 0.0268640350877193
1 0.6215277777777778 0.5010964912280701 0.023026315789473683 0.025219298245614034
1 0.6518640350877193 0.5046600877192983 0.01864035087719298 0.022478070175438597
1 0.6900584795321637 0.5106907894736842 0.015350877192982455 0.02576754385964912
1 0.7196637426900584 0.5052083333333333 0.015350877192982455 0.02796052631578947
1 0.7525584795321637 0.5142543859649122 0.029239766081871343 0.041666666666666664
1 0.6957236842105263 0.596765350877193 0.02448830409356725 0.0268640350877193
1 0.625 0.6121162280701754 0.021929824561403508 0.0268640350877193
1 0.5604897660818713 0.5871710526315789 0.013523391812865496 0.020833333333333332
1 0.40716374269005845 0.6367872807017544 0.013157894736842105 0.03125
1 0.34173976608187134 0.640625 0.007309941520467836 0.02905701754385965
1 0.27229532163742687 0.6565241228070176 0.03654970760233918 0.048793859649122806
1 0.24543128654970758 0.6148574561403508 0.03179824561403509 0.024671052631578948
1 0.2002923976608187 0.6293859649122807 0.013888888888888888 0.02412280701754386
1 0.1909722222222222 0.6458333333333333 0.0062134502923976605 0.03508771929824561
1 0.12701023391812866 0.6691337719298245 0.013523391812865496 0.021381578947368418
1 0.13925438596491227 0.7305372807017544 0.012426900584795321 0.021381578947368418
1 0.17580409356725146 0.737390350877193 0.010964912280701754 0.017543859649122806
1 0.23976608187134502 0.7428728070175438 0.014619883040935672 0.02412280701754386
1 0.3216374269005848 0.7376644736842105 0.014619883040935672 0.019188596491228067
1 0.3788377192982456 0.750548245614035 0.012792397660818713 0.02631578947368421
1 0.42580409356725146 0.7280701754385964 0.013157894736842105 0.017543859649122806
1 0.4941520467836257 0.734923245614035 0.012426900584795321 0.018092105263157895
1 0.5604897660818713 0.7105263157894737 0.014985380116959063 0.01425438596491228
1 0.63578216374269 0.7277960526315789 0.005482456140350877 0.015899122807017545
1 0.6851242690058479 0.7302631578947368 0.025219298245614034 0.021929824561403508
1 0.7112573099415205 0.7146381578947368 0.014619883040935672 0.013706140350877192
1 0.7359283625730993 0.5986842105263157 0.032529239766081866 0.0537280701754386
1 0.6781798245614035 0.8530701754385964 0.021564327485380116 0.03618421052631579
1 0.6392543859649122 0.834703947368421 0.01827485380116959 0.0268640350877193
1 0.7182017543859649 0.9772478070175438 0.025584795321637425 0.03453947368421052
1 0.7383040935672515 0.9925986842105262 0.014619883040935672 0.014802631578947368
1 0.7880116959064327 0.9895833333333333 0.02412280701754386 0.020833333333333332
1 0.6644736842105263 0.9799890350877193 0.019005847953216373 0.03782894736842105
1 0.5893640350877193 0.9904057017543859 0.017909356725146198 0.019188596491228067
1 0.5283260233918128 0.987390350877193 0.025950292397660817 0.025219298245614034
1 0.40423976608187134 0.9906798245614035 0.016812865497076022 0.01864035087719298
1 0.1736111111111111 0.9912280701754386 0.01608187134502924 0.017543859649122806
1 0.20906432748538012 0.9925986842105262 0.013157894736842105 0.014802631578947368
1 0.11677631578947367 0.8684210526315789 0.021564327485380116 0.03399122807017543
1 0.15387426900584794 0.8571820175438596 0.009502923976608187 0.03125
1 0.2538377192982456 0.8706140350877193 0.013523391812865496 0.025219298245614034
1 0.2978801169590643 0.8612938596491228 0.02412280701754386 0.03179824561403509
1 0.32821637426900585 0.8728070175438596 0.016812865497076022 0.03399122807017543
1 0.3603801169590643 0.8640350877192982 0.021929824561403508 0.02850877192982456
1 0.39747807017543857 0.8714364035087718 0.025950292397660817 0.03453947368421052
1 0.43439327485380114 0.8591008771929824 0.027412280701754384 0.03289473684210526
1 0.4751461988304093 0.8530701754385964 0.02412280701754386 0.039473684210526314
1 0.4990862573099415 0.8618421052631579 0.025950292397660817 0.03289473684210526
1 0.57328216374269 0.8637609649122806 0.01644736842105263 0.02576754385964912
1 0.5858918128654971 0.8662280701754386 0.01827485380116959 0.03399122807017543
1 0.49122807017543857 0.9912280701754386 0.01827485380116959 0.017543859649122806
1 0.9082602339181286 0.28810307017543857 0.019736842105263157 0.02905701754385965
1 0.9175804093567251 0.9777960526315789 0.04788011695906433 0.044407894736842105
1 0.9784356725146198 0.9649122807017543 0.038011695906432746 0.07017543859649122
