1 0.046966374269005844 0.2012061403508772 0.03179824561403509 0.03618421052631579
1 0.0805921052631579 0.17297149122807018 0.023757309941520467 0.0400219298245614
1 0.08351608187134503 0.09484649122807016 0.025219298245614034 0.041666666666666664
1 0.08735380116959064 0.07154605263157894 0.03289473684210526 0.0400219298245614
1 0.14948830409356725 0.0625 0.023391812865497075 0.05153508771929824
1 0.125 0.1650219298245614 0.025584795321637425 0.02412280701754386
1 0.20358187134502922 0.1680372807017544 0.02631578947368421 0.045504385964912276
1 0.28618421052631576 0.14912280701754385 0.023391812865497075 0.029605263157894735
1 0.3159722222222222 0.06469298245614034 0.029605263157894735 0.04057017543859649
1 0.37993421052631576 0.09676535087719297 0.019371345029239765 0.024671052631578948
1 0.35928362573099415 0.18283991228070173 0.027777777777777776 0.03673245614035087
1 0.5151681286549707 0.14089912280701752 0.05153508771929824 0.10526315789473684
1 0.25 0.16392543859649122 0.02412280701754386 0.029605263157894735
1 0.31743421052631576 0.15487938596491227 0.020833333333333332 0.02796052631578947
1 0.22112573099415203 0.43804824561403505 0.019005847953216373 0.05263157894736842
1 0.023391812865497075 0.32593201754385964 0.0445906432748538 0.10361842105263157
1 0.03216374269005848 0.45614035087719296 0.04093567251461988 0.044956140350877194
1 0.346125730994152 0.5559210526315789 0.02046783625730994 0.038377192982456135
1 0.3196271929824561 0.5635964912280701 0.017178362573099414 0.03728070175438596
1 0.13432017543859648 0.5715460526315789 0.01864035087719298 0.018092105263157895
1 0.09630847953216373 0.596765350877193 0.031067251461988302 0.02796052631578947
1 0.16593567251461988 0.6696820175438596 0.027777777777777776 0.044407894736842105
1 0.3817616959064327 0.671875 0.021564327485380116 0.041118421052631575
1 0.356359649122807 0.659265350877193 0.024853801169590642 0.03782894736842105
1 0.325109649122807 0.6631030701754386 0.03033625730994152 0.0356359649122807
1 0.3784722222222222 0.5578399122807017 0.006944444444444444 0.014802631578947368
1 0.20157163742690057 0.6803728070175438 0.029605263157894735 0.03179824561403509
1 0.23830409356725146 0.6639254385964912 0.02631578947368421 0.05482456140350877
1 0.08114035087719298 0.8199013157894737 0.019736842105263157 0.018092105263157895
1 0.1734283625730994 0.7993421052631579 0.02887426900584795 0.03070175438596491
1 0.29239766081871343 0.7837171052631579 0.021929824561403508 0.0268640350877193
1 0.26955409356725146 0.7856359649122806 0.013523391812865496 0.017543859649122806
1 0.22953216374269003 0.9109100877192982 0.02266081871345029 0.018092105263157895
1 0.48739035087719296 0.925986842105263 0.04788011695906433 0.06907894736842105
1 0.5160818713450293 0.8930921052631579 0.02412280701754386 0.03399122807017543
1 0.8072002923976608 0.6104714912280701 0.01864035087719298 0.03782894736842105
1 0.9576023391812865 0.7543859649122806 0.027777777777777776 0.042763157894736836
1 0.614766081871345 0.7450657894736842 0.019736842105263157 0.044956140350877194
