1 0.017178362573099414 0.22368421052631576 0.015350877192982455 0.027412280701754384
1 0.013157894736842105 0.011787280701754384 0.017543859649122806 0.021381578947368418
1 0.10508040935672514 0.010690789473684209 0.01644736842105263 0.018092105263157895
1 0.14364035087719298 0.035910087719298246 0.019005847953216373 0.022478070175438597
1 0.21875 0.018366228070175437 0.01644736842105263 0.02357456140350877
1 0.31304824561403505 0.021107456140350877 0.013523391812865496 0.024671052631578948
1 0.35197368421052627 0.018092105263157895 0.011695906432748537 0.017543859649122806
1 0.14071637426900585 0.1474780701754386 0.02412280701754386 0.02631578947368421
1 0.2567616959064327 0.11842105263157894 0.01644736842105263 0.038377192982456135
1 0.4228801169590643 0.13459429824561403 0.027046783625730993 0.03234649122807017
1 0.4678362573099415 0.10718201754385964 0.025584795321637425 0.048793859649122806
1 0.5005482456140351 0.06907894736842105 0.025219298245614034 0.04714912280701754
1 0.7447002923976608 0.1074561403508772 0.03326023391812866 0.03618421052631579
1 0.7540204678362573 0.19654605263157893 0.01827485380116959 0.0268640350877193
1 0.2759502923976608 0.34813596491228066 0.014619883040935672 0.019736842105263157
1 0.15533625730994152 0.46875 0.03070175438596491 0.041666666666666664
1 0.1332236842105263 0.5021929824561403 0.07054093567251461 0.07346491228070175
1 0.13468567251461988 0.5474232456140351 0.03618421052631579 0.0268640350877193
1 0.17580409356725146 0.5822368421052632 0.016812865497076022 0.025219298245614034
1 0.21144005847953215 0.5808662280701754 0.017178362573099414 0.018092105263157895
1 0.28234649122807015 0.4931469298245614 0.0398391812865497 0.05098684210526316
1 0.4234283625730994 0.5718201754385964 0.048611111111111105 0.05153508771929824
1 0.5244883040935672 0.4421600877192982 0.02046783625730994 0.022478070175438597
1 0.5762061403508771 0.41173245614035087 0.03764619883040936 0.04824561403508772
1 0.5946637426900584 0.5276864035087719 0.014619883040935672 0.02357456140350877
1 0.6547880116959064 0.5274122807017544 0.03399122807017543 0.03179824561403509
1 0.708516081871345 0.5531798245614035 0.0222953216374269 0.041666666666666664
1 0.7447002923976608 0.46408991228070173 0.03179824561403509 0.05866228070175438
1 0.7099780701754386 0.4421600877192982 0.017909356725146198 0.03782894736842105
1 0.6626461988304093 0.4396929824561403 0.027046783625730993 0.042763157894736836
1 0.6792763157894737 0.4772478070175438 0.0266812865497076 0.03673245614035087
1 0.79203216374269 0.41776315789473684 0.02850877192982456 0.04057017543859649
1 0.4413377192982456 0.5137061403508771 0.023026315789473683 0.021929824561403508
1 0.21875 0.6565241228070176 0.01644736842105263 0.0268640350877193
1 0.21527777777777776 0.6773574561403508 0.033625730994152045 0.020285087719298246
1 0.23903508771929824 0.7099780701754386 0.019005847953216373 0.0537280701754386
1 0.66703216374269 0.6899671052631579 0.021929824561403508 0.02905701754385965
1 0.7783260233918128 0.6729714912280701 0.029605263157894735 0.046600877192982455
1 0.7982456140350876 0.7524671052631579 0.017543859649122806 0.011513157894736841
1 0.5484283625730993 0.790844298245614 0.012792397660818713 0.016995614035087717
1 0.4184941520467836 0.8009868421052632 0.010964912280701754 0.01425438596491228
1 0.33114035087719296 0.7867324561403508 0.013888888888888888 0.021929824561403508
1 0.2797880116959064 0.8056469298245613 0.01206140350877193 0.014802631578947368
1 0.25 0.8174342105263157 0.023391812865497075 0.021929824561403508
1 0.16739766081871343 0.8168859649122806 0.014619883040935672 0.017543859649122806
1 0.258406432748538 0.9901315789473684 0.027046783625730993 0.019736842105263157
1 0.3697002923976608 0.9923245614035087 0.03399122807017543 0.015350877192982455
1 0.4546783625730994 0.9931469298245613 0.027046783625730993 0.013706140350877192
1 0.6421783625730993 0.9095394736842105 0.03289473684210526 0.03179824561403509
1 0.6001461988304093 0.9857456140350876 0.04239766081871345 0.02850877192982456
1 0.7730263157894737 0.9860197368421052 0.0445906432748538 0.02796052631578947
1 0.8428362573099415 0.12225877192982455 0.027046783625730993 0.03179824561403509
1 0.9634502923976608 0.09320175438596491 0.021929824561403508 0.03070175438596491
1 0.9261695906432748 0.3045504385964912 0.017543859649122806 0.03673245614035087
1 0.8806652046783625 0.33059210526315785 0.034722222222222224 0.04057017543859649
1 0.8819444444444444 0.4237938596491228 0.03508771929824561 0.05153508771929824
1 0.8408260233918128 0.4421600877192982 0.02448830409356725 0.048793859649122806
1 0.9755116959064327 0.5331688596491228 0.03874269005847953 0.048793859649122806
