1 0.038011695906432746 0.3837719298245614 0.04751461988304093 0.02631578947368421
1 0.08205409356725146 0.3862390350877193 0.01864035087719298 0.03125
1 0.17635233918128654 0.3665021929824561 0.028143274853801168 0.044407894736842105
1 0.2578581871345029 0.3796600877192982 0.038377192982456135 0.0268640350877193
1 0.302266081871345 0.3870614035087719 0.021198830409356724 0.044956140350877194
1 0.3735380116959064 0.3840460526315789 0.015350877192982455 0.0356359649122807
1 0.03673245614035087 0.49122807017543857 0.03179824561403509 0.02412280701754386
1 0.19682017543859648 0.4734100877192982 0.02010233918128655 0.0268640350877193
1 0.3843201754385965 0.5874451754385964 0.01644736842105263 0.02905701754385965
1 0.3364400584795321 0.5871710526315789 0.023026315789473683 0.03618421052631579
1 0.18877923976608185 0.5940241228070176 0.011330409356725146 0.0268640350877193
1 0.13139619883040934 0.6080043859649122 0.017178362573099414 0.029605263157894735
1 0.05427631578947368 0.6252741228070176 0.025219298245614034 0.03125
1 0.11823830409356724 0.7129934210526315 0.013523391812865496 0.016995614035087717
1 0.3086622807017544 0.7143640350877193 0.013523391812865496 0.025219298245614034
1 0.02010233918128655 0.9646381578947368 0.006578947368421052 0.022478070175438597
1 0.38048245614035087 0.962719298245614 0.029970760233918127 0.041666666666666664
1 0.408625730994152 0.947094298245614 0.02412280701754386 0.043311403508771926
1 0.5215643274853801 0.03179824561403509 0.021929824561403508 0.019736842105263157
1 0.5674342105263157 0.019736842105263157 0.029605263157894735 0.021929824561403508
1 0.813048245614035 0.025219298245614034 0.023757309941520467 0.04057017543859649
1 0.9634502923976608 0.018366228070175437 0.031432748538011694 0.03125
1 0.5171783625730993 0.16145833333333331 0.027046783625730993 0.04769736842105263
1 0.5610380116959064 0.15926535087719298 0.02850877192982456 0.03782894736842105
1 0.6065423976608186 0.17735745614035087 0.017909356725146198 0.02796052631578947
1 0.677266081871345 0.17708333333333331 0.025584795321637425 0.03179824561403509
1 0.7967836257309941 0.14802631578947367 0.027046783625730993 0.03179824561403509
1 0.8633040935672515 0.15186403508771928 0.02412280701754386 0.046052631578947366
1 0.9009502923976608 0.14035087719298245 0.03508771929824561 0.041666666666666664
1 0.9605263157894737 0.18283991228070173 0.01608187134502924 0.018092105263157895
1 0.971125730994152 0.24616228070175436 0.027777777777777776 0.03399122807017543
1 0.8817616959064327 0.24177631578947367 0.020833333333333332 0.02631578947368421
1 0.9663742690058479 0.2963267543859649 0.02046783625730994 0.03673245614035087
1 0.9115497076023391 0.3125 0.033625730994152045 0.029605263157894735
1 0.8135964912280701 0.2319078947368421 0.01608187134502924 0.025219298245614034
1 0.7454312865497076 0.24808114035087717 0.017178362573099414 0.03782894736842105
1 0.7094298245614035 0.23656798245614033 0.02266081871345029 0.018092105263157895
1 0.6065423976608186 0.23848684210526314 0.019371345029239765 0.03070175438596491
1 0.5361842105263157 0.24122807017543857 0.021929824561403508 0.03070175438596491
1 0.49689327485380114 0.4202302631578947 0.01864035087719298 0.0268640350877193
1 0.5347222222222222 0.4240679824561403 0.01827485380116959 0.018092105263157895
1 0.6171418128654971 0.40158991228070173 0.025950292397660817 0.03673245614035087
1 0.6988304093567251 0.4336622807017544 0.02850877192982456 0.029605263157894735
1 0.75 0.4290021929824561 0.021929824561403508 0.0356359649122807
1 0.7964181286549707 0.43146929824561403 0.019736842105263157 0.03618421052631579
1 0.8603801169590642 0.4018640350877193 0.01608187134502924 0.02631578947368421
1 0.9082602339181286 0.390625 0.03070175438596491 0.03344298245614035
1 0.9872076023391813 0.3933662280701754 0.024853801169590642 0.02357456140350877
1 0.6516812865497076 0.5076754385964912 0.014619883040935672 0.015350877192982455
1 0.5849780701754386 0.515625 0.013523391812865496 0.014802631578947368
1 0.5190058479532164 0.5041118421052632 0.013157894736842105 0.0268640350877193
1 0.6763523391812866 0.600328947368421 0.027412280701754384 0.025219298245614034
1 0.9594298245614035 0.685032894736842 0.019005847953216373 0.0268640350877193
1 0.8667763157894737 0.6855811403508771 0.019371345029239765 0.018092105263157895
1 0.8580043859649122 0.7250548245614035 0.04641812865497076 0.03673245614035087
1 0.7803362573099415 0.703125 0.013157894736842105 0.016995614035087717
1 0.6831140350877193 0.7165570175438596 0.02850877192982456 0.05153508771929824
1 0.6553362573099415 0.7160087719298245 0.016812865497076022 0.03070175438596491
1 0.57328216374269 0.7209429824561403 0.01206140350877193 0.03289473684210526
1 0.5487938596491228 0.7456140350877193 0.039108187134502925 0.042763157894736836
1 0.49652777777777773 0.7275219298245613 0.03179824561403509 0.03728070175438596
1 0.7832602339181286 0.8396381578947368 0.03874269005847953 0.0400219298245614
1 0.7315423976608186 0.844298245614035 0.025950292397660817 0.03618421052631579
1 0.7065058479532164 0.84375 0.02631578947368421 0.038377192982456135
1 0.6708698830409356 0.8355263157894737 0.03399122807017543 0.06140350877192982
1 0.6365131578947368 0.8706140350877193 0.03179824561403509 0.05153508771929824
1 0.5922880116959064 0.878015350877193 0.017178362573099414 0.02576754385964912
1 0.6313961988304093 0.9761513157894737 0.017178362573099414 0.03125
1 0.5864400584795322 0.9780701754385964 0.01206140350877193 0.021929824561403508
1 0.535453216374269 0.9761513157894737 0.014619883040935672 0.02905701754385965
1 0.5111476608187134 0.8681469298245613 0.03326023391812866 0.04989035087719298
1 0.7432383040935672 0.7075109649122807 0.01864035087719298 0.020285087719298246
