1 0.08150584795321637 0.2733004385964912 0.03070175438596491 0.041118421052631575
1 0.13139619883040934 0.27001096491228066 0.025950292397660817 0.043311403508771926
1 0.19426169590643275 0.27001096491228066 0.03179824561403509 0.05098684210526316
1 0.1913377192982456 0.23026315789473684 0.05007309941520467 0.0668859649122807
1 0.22989766081871343 0.26151315789473684 0.033625730994152045 0.05153508771929824
1 0.2934941520467836 0.23163377192982454 0.0489766081871345 0.05646929824561403
1 0.3296783625730994 0.22094298245614033 0.019005847953216373 0.03289473684210526
1 0.40332602339181284 0.23273026315789472 0.017178362573099414 0.043311403508771926
1 0.027777777777777776 0.5540021929824561 0.0533625730994152 0.0762061403508772
1 0.01516812865497076 0.9533991228070174 0.017178362573099414 0.02850877192982456
1 0.5572002923976608 0.08086622807017543 0.023757309941520467 0.0268640350877193
1 0.7324561403508771 0.09375 0.03874269005847953 0.0581140350877193
1 0.9950657894736842 0.0649671052631579 0.009868421052631578 0.02905701754385965
1 0.8965643274853801 0.06277412280701754 0.005847953216374269 0.013706140350877192
1 0.9413377192982456 0.2324561403508772 0.03033625730994152 0.03070175438596491
1 0.8432017543859649 0.1836622807017544 0.02046783625730994 0.02412280701754386
1 0.695906432748538 0.2006578947368421 0.03654970760233918 0.04057017543859649
1 0.6611842105263157 0.19216008771929824 0.029239766081871343 0.0356359649122807
1 0.44828216374269003 0.32209429824561403 0.012792397660818713 0.015899122807017545
1 0.4766081871345029 0.3621162280701754 0.019736842105263157 0.041118421052631575
1 0.8784722222222222 0.29660087719298245 0.007675438596491228 0.021929824561403508
1 0.9325657894736842 0.3001644736842105 0.013523391812865496 0.016995614035087717
1 0.9926900584795321 0.29934210526315785 0.005847953216374269 0.013157894736842105
1 0.6615497076023391 0.4421600877192982 0.01827485380116959 0.0268640350877193
1 0.42489035087719296 0.4838267543859649 0.014985380116959063 0.015899122807017545
1 0.4047880116959064 0.5674342105263157 0.023026315789473683 0.04824561403508772
1 0.5513523391812866 0.5515350877192983 0.019371345029239765 0.05153508771929824
1 0.40423976608187134 0.8179824561403508 0.027777777777777776 0.03179824561403509
1 0.5215643274853801 0.7683662280701754 0.03728070175438596 0.0400219298245614
1 0.445906432748538 0.966282894736842 0.02850877192982456 0.03015350877192982
1 0.44864766081871343 0.9895833333333333 0.025950292397660817 0.020833333333333332
1 0.5142543859649122 0.893640350877193 0.014619883040935672 0.03399122807017543
1 0.583516081871345 0.893640350877193 0.02010233918128655 0.029605263157894735
1 0.6260964912280701 0.9775219298245613 0.019736842105263157 0.02412280701754386
1 0.6304824561403508 0.8791118421052632 0.013888888888888888 0.02357456140350877
1 0.6787280701754386 0.8662280701754386 0.010964912280701754 0.025219298245614034
