1 0.3285818713450292 0.5411184210526315 0.023391812865497075 0.05043859649122807
1 0.2450657894736842 0.5808662280701754 0.01864035087719298 0.043311403508771926
1 0.06304824561403509 0.6104714912280701 0.01864035087719298 0.02576754385964912
1 0.1299342105263158 0.6907894736842105 0.0222953216374269 0.03728070175438596
1 0.23428362573099415 0.6918859649122807 0.010964912280701754 0.019736842105263157
1 0.3428362573099415 0.6674890350877193 0.027046783625730993 0.03782894736842105
1 0.8028143274853801 0.09402412280701754 0.028143274853801168 0.044407894736842105
1 0.8548976608187134 0.10718201754385964 0.027777777777777776 0.06414473684210525
1 0.9258040935672515 0.09594298245614034 0.03654970760233918 0.02850877192982456
1 0.4161184210526316 0.690515350877193 0.017909356725146198 0.02796052631578947
1 0.45614035087719296 0.6929824561403508 0.023391812865497075 0.03179824561403509
1 0.47953216374269003 0.6918859649122807 0.02412280701754386 0.029605263157894735
1 0.5455043859649122 0.6995614035087719 0.020833333333333332 0.021929824561403508
1 0.6133040935672515 0.6836622807017544 0.021198830409356724 0.021929824561403508
1 0.6743421052631579 0.6880482456140351 0.02046783625730994 0.02631578947368421
1 0.7178362573099415 0.6751644736842105 0.021929824561403508 0.02357456140350877
1 0.7470760233918128 0.6655701754385964 0.017543859649122806 0.023026315789473683
1 0.8413742690058479 0.6795504385964912 0.023391812865497075 0.02576754385964912
1 0.8828581871345029 0.6713267543859649 0.01864035087719298 0.02357456140350877
1 0.9102704678362573 0.6655701754385964 0.023757309941520467 0.02412280701754386
1 0.9672880116959064 0.6699561403508771 0.023757309941520467 0.03179824561403509
1 0.43512426900584794 0.8352521929824561 0.011330409356725146 0.022478070175438597
1 0.856907894736842 0.9846491228070174 0.06469298245614034 0.03070175438596491
