1 0.875548245614035 0.10910087719298245 0.04714912280701754 0.09210526315789473
1 0.9144736842105262 0.12554824561403508 0.0445906432748538 0.07675438596491227
1 0.9375 0.09895833333333333 0.02850877192982456 0.043311403508771926
1 1 0.12527412280701752 0.029605263157894735 0.0356359649122807
1 1 0.4618969298245614 0.04203216374269006 0.06962719298245613
1 0.9780701754385964 0.5002741228070176 0.041666666666666664 0.05317982456140351
1 0.9205043859649122 0.48684210526315785 0.025950292397660817 0.049342105263157895
1 0.5572002923976608 0.47313596491228066 0.04057017543859649 0.05263157894736842
1 0.39455409356725146 0.47834429824561403 0.032529239766081866 0.06195175438596491
1 0.36184210526315785 0.503015350877193 0.039473684210526314 0.05317982456140351
1 0.3291301169590643 0.47313596491228066 0.03764619883040936 0.044956140350877194
1 0.29239766081871343 0.4876644736842105 0.039473684210526314 0.05208333333333333
1 0.2622441520467836 0.46875 0.029605263157894735 0.05701754385964912
1 0.17671783625730994 0.4865679824561403 0.039108187134502925 0.05427631578947368
1 0.07913011695906433 0.4602521929824561 0.04568713450292397 0.05317982456140351
1 0.044956140350877194 0.45422149122807015 0.03435672514619883 0.048793859649122806
1 0.03326023391812866 0.822094298245614 0.03654970760233918 0.05975877192982456
1 0.00932017543859649 0.9407894736842105 0.017178362573099414 0.043859649122807015
1 0.1112938596491228 0.9553179824561403 0.02887426900584795 0.046600877192982455
1 0.14309210526315788 0.9564144736842105 0.03691520467836257 0.04769736842105263
1 0.20851608187134502 0.8500548245614035 0.035453216374269 0.042214912280701754
1 0.22587719298245612 0.9468201754385964 0.03508771929824561 0.0537280701754386
1 0.2803362573099415 0.9558662280701754 0.031432748538011694 0.04989035087719298
1 0.3159722222222222 0.9646381578947368 0.0398391812865497 0.05317982456140351
1 0.33114035087719296 0.8177083333333333 0.021198830409356724 0.0356359649122807
1 0.356359649122807 0.959703947368421 0.029970760233918127 0.046600877192982455
1 0.4375 0.9660087719298245 0.027777777777777776 0.042763157894736836
