1 0.021564327485380116 0.7881030701754386 0.029970760233918127 0.03344298245614035
1 0.04568713450292397 0.7055921052631579 0.02046783625730994 0.03618421052631579
1 0.03234649122807017 0.8262061403508771 0.034722222222222224 0.049342105263157895
1 0.04678362573099415 0.9155701754385964 0.02266081871345029 0.029605263157894735
1 0.06341374269005848 0.9481907894736842 0.023757309941520467 0.06853070175438596
1 0.09228801169590643 0.9199561403508771 0.025219298245614034 0.049342105263157895
1 0.14309210526315788 0.9114583333333333 0.023026315789473683 0.03453947368421052
1 0.11385233918128654 0.819078947368421 0.028143274853801168 0.05482456140350877
1 0.14455409356725146 0.7590460526315789 0.035453216374269 0.05866228070175438
1 0.18859649122807015 0.8037280701754386 0.03070175438596491 0.044956140350877194
1 0.3252923976608187 0.11485745614035087 0.0489766081871345 0.07182017543859649
1 0.396016081871345 0.1074561403508772 0.04568713450292397 0.06907894736842105
1 0.7129020467836257 0.04029605263157895 0.054459064327485374 0.07072368421052631
1 0.9427997076023391 0.09895833333333333 0.06103801169590643 0.05866228070175438
1 0.8872441520467835 0.18037280701754385 0.044956140350877194 0.03289473684210526
1 0.8457602339181286 0.11266447368421052 0.02850877192982456 0.03453947368421052
1 0.7821637426900584 0.1400767543859649 0.046052631578947366 0.06195175438596491
1 0.7123538011695906 0.10307017543859648 0.04532163742690058 0.044956140350877194
1 0.7041301169590642 0.14364035087719298 0.05592105263157894 0.06359649122807018
1 0.6343201754385964 0.14364035087719298 0.054459064327485374 0.0668859649122807
1 0.5840643274853801 0.14336622807017543 0.0533625730994152 0.08388157894736842
1 0.34137426900584794 0.2475328947368421 0.029239766081871343 0.05537280701754386
1 0.8042763157894737 0.5263157894736842 0.05007309941520467 0.0800438596491228
1 0.927266081871345 0.600328947368421 0.049707602339181284 0.06578947368421052
1 0.3790204678362573 0.6847587719298245 0.04751461988304093 0.06907894736842105
1 0.5394736842105263 0.6875 0.0402046783625731 0.05153508771929824
1 0.3506944444444444 0.9174890350877193 0.03326023391812866 0.04989035087719298
1 0.3983918128654971 0.9240679824561403 0.029970760233918127 0.03782894736842105
1 0.4375 0.9306469298245613 0.03508771929824561 0.05317982456140351
1 0.5005482456140351 0.9358552631578947 0.013523391812865496 0.042763157894736836
1 0.5581140350877193 0.9602521929824561 0.029970760233918127 0.044407894736842105
1 0.6072733918128654 0.9427083333333333 0.039108187134502925 0.045504385964912276
1 0.6438230994152047 0.9035087719298245 0.04057017543859649 0.0537280701754386
1 0.6869517543859649 0.9443530701754386 0.03179824561403509 0.05427631578947368
1 0.7309941520467835 0.9424342105263157 0.031432748538011694 0.044956140350877194
1 0.7637061403508771 0.910361842105263 0.03618421052631579 0.06085526315789473
1 0.802266081871345 0.9533991228070174 0.038011695906432746 0.04057017543859649
1 0.8463084795321637 0.9243421052631579 0.0442251461988304 0.0537280701754386
1 0.8834064327485379 0.935032894736842 0.035818713450292396 0.048793859649122806
1 0.9281798245614035 0.928453947368421 0.03326023391812866 0.048793859649122806
1 0.9614400584795321 0.9133771929824561 0.035453216374269 0.0537280701754386
1 0.9835526315789473 0.9174890350877193 0.03289473684210526 0.05756578947368421
