1 0.6756213450292398 0.06085526315789473 0.049342105263157895 0.04057017543859649
1 0.63578216374269 0.04797149122807017 0.031067251461988302 0.05208333333333333
1 0.606907894736842 0.05235745614035087 0.049342105263157895 0.038925438596491224
1 0.5455043859649122 0.049342105263157895 0.025950292397660817 0.03179824561403509
1 0.518640350877193 0.07154605263157894 0.029239766081871343 0.042214912280701754
1 0.48391812865497075 0.0537280701754386 0.04093567251461988 0.02850877192982456
1 0.4307383040935672 0.06030701754385964 0.03179824561403509 0.041666666666666664
1 0.37554824561403505 0.08114035087719298 0.04130116959064327 0.04824561403508772
1 0.3119517543859649 0.07593201754385964 0.02887426900584795 0.042214912280701754
1 0.2569444444444444 0.07757675438596491 0.03070175438596491 0.045504385964912276
1 0.24323830409356723 0.06524122807017543 0.0222953216374269 0.0581140350877193
1 0.1684941520467836 0.08141447368421052 0.03289473684210526 0.06085526315789473
1 0.08187134502923976 0.09210526315789473 0.03070175438596491 0.05592105263157894
1 0.043859649122807015 0.10334429824561403 0.029239766081871343 0.05756578947368421
1 0.01864035087719298 0.21463815789473684 0.016812865497076022 0.0268640350877193
1 0.20321637426900585 0.2162828947368421 0.021929824561403508 0.046600877192982455
1 0.22660818713450293 0.19654605263157893 0.019736842105263157 0.042214912280701754
1 0.3013523391812865 0.1943530701754386 0.013523391812865496 0.022478070175438597
1 0.37298976608187134 0.1943530701754386 0.013523391812865496 0.00932017543859649
1 0.5625 0.1737938596491228 0.027046783625730993 0.039473684210526314
1 0.6317616959064327 0.18311403508771928 0.023026315789473683 0.02412280701754386
1 0.6778143274853801 0.32538377192982454 0.04349415204678363 0.03015350877192982
1 0.6363304093567251 0.3275767543859649 0.03654970760233918 0.05646929824561403
1 0.5858918128654971 0.31304824561403505 0.0402046783625731 0.03399122807017543
1 0.4990862573099415 0.32785087719298245 0.038377192982456135 0.044956140350877194
1 0.3638523391812865 0.27713815789473684 0.04788011695906433 0.03782894736842105
1 0.1825657894736842 0.3333333333333333 0.027412280701754384 0.025219298245614034
1 0.3125 0.4065241228070175 0.02631578947368421 0.0400219298245614
1 0.0805921052631579 0.32785087719298245 0.03691520467836257 0.03289473684210526
1 0.12408625730994151 0.34676535087719296 0.02448830409356725 0.05427631578947368
1 0.11275584795321637 0.3042763157894737 0.02887426900584795 0.07017543859649122
1 0.38029970760233917 0.444078947368421 0.05080409356725146 0.07675438596491227
1 0.41118421052631576 0.46408991228070173 0.056286549707602336 0.06962719298245613
1 0.4292763157894737 0.5671600877192983 0.023026315789473683 0.0400219298245614
1 0.4358552631578947 0.5337171052631579 0.012792397660818713 0.0268640350877193
1 0.3057383040935672 0.5635964912280701 0.0398391812865497 0.05921052631578947
1 0.3340643274853801 0.5323464912280701 0.012426900584795321 0.021929824561403508
1 0.28125 0.5285087719298245 0.0222953216374269 0.029605263157894735
1 0.1699561403508772 0.5671600877192983 0.010964912280701754 0.022478070175438597
1 0.09466374269005848 0.5753837719298245 0.010964912280701754 0.014802631578947368
1 0.43512426900584794 0.671875 0.01644736842105263 0.03125
1 0.4921418128654971 0.6787280701754386 0.017909356725146198 0.03179824561403509
1 0.2900219298245614 0.906798245614035 0.058845029239766075 0.07894736842105263
1 0.23008040935672514 0.8083881578947368 0.028143274853801168 0.0400219298245614
1 0.12116228070175437 0.8566337719298245 0.038377192982456135 0.048793859649122806
1 0.04130116959064327 0.922423245614035 0.024853801169590642 0.03782894736842105
1 0.034722222222222224 0.8089364035087719 0.014619883040935672 0.043311403508771926
1 0.08114035087719298 0.8840460526315789 0.016812865497076022 0.022478070175438597
1 0.971125730994152 0.03673245614035087 0.024853801169590642 0.015350877192982455
1 0.9672880116959064 0.15350877192982454 0.03179824561403509 0.05263157894736842
1 0.7852704678362573 0.15652412280701752 0.0266812865497076 0.0356359649122807
1 0.9947002923976608 0.1606359649122807 0.010599415204678362 0.03070175438596491
1 0.9278143274853801 0.24122807017543857 0.020833333333333332 0.02631578947368421
1 0.8877923976608186 0.296875 0.023391812865497075 0.02905701754385965
1 0.8565423976608186 0.3758223684210526 0.020833333333333332 0.02357456140350877
1 0.8344298245614035 0.3993969298245614 0.038011695906432746 0.04769736842105263
1 0.7896564327485379 0.5501644736842105 0.03326023391812866 0.042214912280701754
1 0.8355263157894737 0.5005482456140351 0.03435672514619883 0.044956140350877194
1 0.8843201754385964 0.5202850877192983 0.03033625730994152 0.03179824561403509
1 0.9097222222222222 0.4890350877192982 0.021929824561403508 0.038377192982456135
1 0.9722222222222222 0.5419407894736842 0.03216374269005848 0.044407894736842105
1 0.971125730994152 0.6304824561403508 0.051900584795321635 0.0756578947368421
1 0.9526681286549707 0.6334978070175439 0.03764619883040936 0.06524122807017543
1 0.8788377192982456 0.6326754385964912 0.04130116959064327 0.05263157894736842
1 0.8393640350877193 0.6540570175438596 0.0398391812865497 0.08552631578947367
1 0.7832602339181286 0.7574013157894737 0.01827485380116959 0.03234649122807017
1 0.8784722222222222 0.7763157894736842 0.023026315789473683 0.03618421052631579
1 0.9623538011695906 0.750548245614035 0.01827485380116959 0.023026315789473683
1 0.9930555555555555 0.8571820175438596 0.013888888888888888 0.03125
1 0.8457602339181286 0.875 0.024853801169590642 0.05153508771929824
1 0.9033260233918128 0.8930921052631579 0.032529239766081866 0.03399122807017543
1 0.9131944444444444 0.859375 0.03399122807017543 0.048793859649122806
1 0.9104532163742689 0.9761513157894737 0.021929824561403508 0.02796052631578947
1 0.9495614035087718 0.9816337719298245 0.019005847953216373 0.03673245614035087
