1 0.02887426900584795 0.36896929824561403 0.012426900584795321 0.019736842105263157
1 0.055190058479532164 0.4777960526315789 0.00804093567251462 0.018092105263157895
1 0.7461622807017544 0.2006578947368421 0.019371345029239765 0.015350877192982455
1 0.71875 0.20559210526315788 0.015716374269005847 0.010964912280701754
1 0.6553362573099415 0.1992872807017544 0.02266081871345029 0.0268640350877193
1 0.39729532163742687 0.11650219298245613 0.014619883040935672 0.022478070175438597
1 0.813048245614035 0.10718201754385964 0.012792397660818713 0.02905701754385965
1 0.1387061403508772 0.2362938596491228 0.023757309941520467 0.02412280701754386
1 0.4307383040935672 0.22615131578947367 0.025950292397660817 0.02905701754385965
1 0.49159356725146197 0.22532894736842105 0.006578947368421052 0.013157894736842105
1 0.5248538011695906 0.21463815789473684 0.013888888888888888 0.0268640350877193
1 0.7969663742690059 0.31277412280701755 0.0222953216374269 0.0268640350877193
1 0.677266081871345 0.31880482456140347 0.016812865497076022 0.020285087719298246
1 0.6571637426900584 0.3237390350877193 0.01608187134502924 0.020285087719298246
1 0.6226242690058479 0.33360745614035087 0.019371345029239765 0.021381578947368418
1 0.5840643274853801 0.3388157894736842 0.011695906432748537 0.021929824561403508
1 0.3828581871345029 0.4355811403508772 0.025950292397660817 0.046600877192982455
1 0.3119517543859649 0.4199561403508772 0.01425438596491228 0.017543859649122806
1 0.20175438596491227 0.4114583333333333 0.027777777777777776 0.041118421052631575
1 0.22989766081871343 0.3536184210526316 0.008771929824561403 0.01864035087719298
1 0.20358187134502922 0.47971491228070173 0.019736842105263157 0.029605263157894735
1 0.1913377192982456 0.5893640350877193 0.01206140350877193 0.025219298245614034
1 0.32072368421052627 0.6211622807017544 0.03179824561403509 0.03179824561403509
1 0.42507309941520466 0.5397478070175439 0.011695906432748537 0.020285087719298246
1 0.41173245614035087 0.6743421052631579 0.017909356725146198 0.02412280701754386
1 0.427266081871345 0.65625 0.01827485380116959 0.020833333333333332
1 0.4539473684210526 0.5559210526315789 0.007309941520467836 0.01644736842105263
1 0.5317982456140351 0.5224780701754386 0.014619883040935672 0.013157894736842105
1 0.45705409356725146 0.6691337719298245 0.0266812865497076 0.03125
1 0.481359649122807 0.6661184210526315 0.023391812865497075 0.039473684210526314
1 0.5972222222222222 0.5493421052631579 0.013888888888888888 0.03070175438596491
1 0.6504020467836257 0.5583881578947368 0.014985380116959063 0.013706140350877192
1 0.6392543859649122 0.45285087719298245 0.021198830409356724 0.025219298245614034
1 0.6880482456140351 0.4525767543859649 0.03399122807017543 0.041118421052631575
1 0.7554824561403508 0.421875 0.02850877192982456 0.0356359649122807
1 0.7227704678362573 0.5433114035087719 0.01644736842105263 0.015350877192982455
1 0.7417763157894737 0.5959429824561403 0.013523391812865496 0.02631578947368421
1 0.7494517543859649 0.6567982456140351 0.023026315789473683 0.02631578947368421
1 0.7251461988304093 0.6652960526315789 0.02412280701754386 0.0400219298245614
1 0.6885964912280701 0.6746162280701754 0.02850877192982456 0.021381578947368418
1 0.6684941520467836 0.6650219298245613 0.021929824561403508 0.03289473684210526
1 0.6407163742690059 0.6461074561403508 0.01608187134502924 0.02576754385964912
1 0.6171418128654971 0.6609100877192982 0.028143274853801168 0.0400219298245614
1 0.5844298245614035 0.6951754385964912 0.01827485380116959 0.03728070175438596
1 0.5604897660818713 0.6790021929824561 0.02448830409356725 0.03125
1 0.7896564327485379 0.7675438596491228 0.0266812865497076 0.0581140350877193
1 0.6343201754385964 0.7719298245614035 0.02887426900584795 0.03618421052631579
1 0.3013523391812865 0.6809210526315789 0.03399122807017543 0.025219298245614034
1 0.24396929824561403 0.6705043859649122 0.01864035087719298 0.020833333333333332
1 0.19279970760233917 0.6743421052631579 0.023757309941520467 0.02850877192982456
1 0.14601608187134502 0.7012061403508771 0.021564327485380116 0.03618421052631579
1 0.15040204678362573 0.7979714912280701 0.03399122807017543 0.05427631578947368
1 0.26937134502923976 0.9821820175438596 0.01608187134502924 0.0356359649122807
1 0.35782163742690054 0.8730811403508771 0.023391812865497075 0.03344298245614035
1 0.38633040935672514 0.8440241228070176 0.019736842105263157 0.022478070175438597
1 0.3463084795321637 0.987390350877193 0.025950292397660817 0.025219298245614034
1 0.43457602339181284 0.9736842105263157 0.02266081871345029 0.04057017543859649
1 0.49067982456140347 0.8752741228070174 0.02448830409356725 0.044407894736842105
1 0.5157163742690059 0.8591008771929824 0.014619883040935672 0.023026315789473683
1 0.47368421052631576 0.9846491228070174 0.019005847953216373 0.03070175438596491
1 0.4990862573099415 0.9706688596491228 0.01864035087719298 0.02357456140350877
1 0.7026681286549707 0.9868421052631579 0.03326023391812866 0.02631578947368421
1 0.6895102339181286 0.8752741228070174 0.029605263157894735 0.048793859649122806
1 0.7584064327485379 0.8621162280701754 0.031432748538011694 0.06195175438596491
1 0.96875 0.06277412280701754 0.03179824561403509 0.0356359649122807
1 0.9217836257309941 0.07593201754385964 0.01827485380116959 0.013706140350877192
1 0.8788377192982456 0.08744517543859649 0.0222953216374269 0.022478070175438597
1 0.9780701754385964 0.2118969298245614 0.027046783625730993 0.0356359649122807
1 0.9258040935672515 0.2162828947368421 0.02266081871345029 0.03125
1 0.9888523391812865 0.3212719298245614 0.0222953216374269 0.02850877192982456
1 0.9219663742690059 0.6650219298245613 0.03326023391812866 0.041666666666666664
1 0.8633040935672515 0.7151864035087719 0.035818713450292396 0.03125
1 0.9497441520467835 0.8111293859649122 0.05080409356725146 0.06304824561403509
