1 0.28125 0.02905701754385965 0.025950292397660817 0.05482456140350877
1 0.17196637426900585 0.0400219298245614 0.019371345029239765 0.041666666666666664
1 0.11184210526315788 0.023026315789473683 0.029239766081871343 0.03070175438596491
1 0.03234649122807017 0.1581688596491228 0.01644736842105263 0.03015350877192982
1 0.06048976608187134 0.1425438596491228 0.02010233918128655 0.03399122807017543
1 0.12591374269005848 0.1356907894736842 0.012792397660818713 0.0268640350877193
1 0.17288011695906433 0.14473684210526316 0.019736842105263157 0.023026315789473683
1 0.18951023391812866 0.13459429824561403 0.017178362573099414 0.022478070175438597
1 0.23428362573099415 0.15679824561403508 0.02046783625730994 0.03618421052631579
1 0.25548245614035087 0.14610745614035087 0.015350877192982455 0.02576754385964912
1 0.14839181286549707 0.34594298245614036 0.014619883040935672 0.025219298245614034
1 0.04057017543859649 0.5455043859649122 0.010964912280701754 0.02631578947368421
1 0.16301169590643275 0.5718201754385964 0.02412280701754386 0.03618421052631579
1 0.2490862573099415 0.5490679824561403 0.01864035087719298 0.02796052631578947
1 0.2744883040935672 0.9780701754385964 0.009502923976608187 0.027412280701754384
1 0.049342105263157895 0.9797149122807017 0.010964912280701754 0.03399122807017543
1 0.3638523391812865 0.03234649122807017 0.028143274853801168 0.04824561403508772
1 0.4817251461988304 0.0268640350877193 0.03508771929824561 0.025219298245614034
1 0.6092836257309941 0.024671052631578948 0.027046783625730993 0.03289473684210526
1 0.7578581871345029 0.015350877192982455 0.017909356725146198 0.021929824561403508
1 0.9512061403508771 0.0268640350877193 0.023026315789473683 0.03399122807017543
1 0.9555921052631579 0.11184210526315788 0.031067251461988302 0.0625
1 0.8240131578947368 0.11787280701754385 0.027412280701754384 0.05263157894736842
1 0.6407163742690059 0.09594298245614034 0.02631578947368421 0.049342105263157895
1 0.5610380116959064 0.12554824561403508 0.05263157894736842 0.07346491228070175
1 0.43804824561403505 0.1299342105263158 0.03764619883040936 0.0537280701754386
1 0.4307383040935672 0.10882675438596491 0.017909356725146198 0.02357456140350877
1 0.40716374269005845 0.2727521929824561 0.017543859649122806 0.0268640350877193
1 0.4678362573099415 0.26096491228070173 0.014619883040935672 0.02850877192982456
1 0.5537280701754386 0.24561403508771928 0.02266081871345029 0.03179824561403509
1 0.6197002923976608 0.33059210526315785 0.013523391812865496 0.044956140350877194
1 0.6513157894736842 0.3223684210526316 0.01608187134502924 0.020833333333333332
1 0.6677631578947368 0.2902960526315789 0.019005847953216373 0.0268640350877193
1 0.6938961988304093 0.33114035087719296 0.01864035087719298 0.03070175438596491
1 0.739766081871345 0.24561403508771928 0.019005847953216373 0.015350877192982455
1 0.8037280701754386 0.23410087719298245 0.016812865497076022 0.03508771929824561
1 0.8563596491228069 0.2431469298245614 0.027046783625730993 0.042214912280701754
1 0.938048245614035 0.32839912280701755 0.034722222222222224 0.02850877192982456
1 0.8159722222222222 0.3665021929824561 0.020833333333333332 0.0356359649122807
1 0.4605263157894737 0.33497807017543857 0.02046783625730994 0.03728070175438596
1 0.5215643274853801 0.34429824561403505 0.009502923976608187 0.021929824561403508
1 0.3877923976608187 0.3555372807017544 0.031432748538011694 0.03234649122807017
1 0.4634502923976608 0.48684210526315785 0.014619883040935672 0.021929824561403508
1 0.5175438596491228 0.5364583333333333 0.01608187134502924 0.021381578947368418
1 0.5244883040935672 0.5553728070175439 0.019005847953216373 0.020833333333333332
1 0.5840643274853801 0.5553728070175439 0.016812865497076022 0.03289473684210526
1 0.5467836257309941 0.4734100877192982 0.011695906432748537 0.013706140350877192
1 0.6204312865497076 0.5353618421052632 0.017178362573099414 0.02905701754385965
1 0.6553362573099415 0.546875 0.013888888888888888 0.0268640350877193
1 0.6869517543859649 0.5276864035087719 0.01644736842105263 0.022478070175438597
1 0.7149122807017544 0.5265899122807017 0.012426900584795321 0.018092105263157895
1 0.7774122807017544 0.5309758771929824 0.01608187134502924 0.03125
1 0.8296783625730993 0.5400219298245613 0.013888888888888888 0.019736842105263157
1 0.9413377192982456 0.5317982456140351 0.023757309941520467 0.03179824561403509
1 0.9415204678362572 0.6965460526315789 0.06359649122807018 0.05427631578947368
1 0.8726242690058479 0.7053179824561403 0.03326023391812866 0.042214912280701754
1 0.82328216374269 0.7138157894736842 0.03764619883040936 0.042763157894736836
1 0.7792397660818713 0.665844298245614 0.02631578947368421 0.02796052631578947
1 0.8408260233918128 0.7576754385964912 0.014985380116959063 0.020833333333333332
1 0.8954678362573099 0.7730263157894737 0.019005847953216373 0.02412280701754386
1 0.9698464912280701 0.7628837719298245 0.027412280701754384 0.03673245614035087
1 0.7330043859649122 0.703125 0.034722222222222224 0.04769736842105263
1 0.7867324561403508 0.7532894736842105 0.01206140350877193 0.027412280701754384
1 0.754203216374269 0.765625 0.015716374269005847 0.019188596491228067
1 0.8115862573099415 0.7680921052631579 0.009868421052631578 0.013157894736842105
1 0.6726973684210525 0.7275219298245613 0.03764619883040936 0.041666666666666664
1 0.7134502923976608 0.7406798245614035 0.01827485380116959 0.02850877192982456
1 0.6277412280701754 0.6781798245614035 0.03326023391812866 0.046052631578947366
1 0.6089181286549707 0.6949013157894737 0.021198830409356724 0.04989035087719298
1 0.5869883040935672 0.7593201754385964 0.014619883040935672 0.02412280701754386
1 0.5785818713450293 0.7861842105263157 0.03070175438596491 0.0537280701754386
1 0.48684210526315785 0.7637061403508771 0.021929824561403508 0.049342105263157895
1 0.45906432748538006 0.7055921052631579 0.029970760233918127 0.04057017543859649
1 0.3919956140350877 0.7055921052631579 0.039108187134502925 0.0537280701754386
1 0.3848684210526316 0.7886513157894737 0.01827485380116959 0.03125
1 0.3784722222222222 0.8448464912280701 0.04203216374269006 0.06798245614035087
1 0.4360380116959064 0.8390899122807017 0.033625730994152045 0.05646929824561403
1 0.5038377192982456 0.8637609649122806 0.01864035087719298 0.018092105263157895
1 0.6615497076023391 0.8127741228070176 0.021929824561403508 0.022478070175438597
1 0.7001096491228069 0.8574561403508771 0.0398391812865497 0.044956140350877194
1 0.7534722222222222 0.8366228070175438 0.023757309941520467 0.03728070175438596
1 0.8236476608187134 0.8352521929824561 0.04349415204678363 0.048793859649122806
1 0.9605263157894737 0.9599780701754386 0.01827485380116959 0.025219298245614034
1 0.9214181286549707 0.9731359649122806 0.013888888888888888 0.020833333333333332
1 0.8344298245614035 0.9605263157894737 0.013157894736842105 0.01644736842105263
1 0.7967836257309941 0.9660087719298245 0.01023391812865497 0.01644736842105263
1 0.7679093567251462 0.9780701754385964 0.013157894736842105 0.017543859649122806
1 0.6533260233918128 0.9618969298245613 0.009868421052631578 0.018092105263157895
1 0.6197002923976608 0.9564144736842105 0.01864035087719298 0.02357456140350877
1 0.5964912280701754 0.9736842105263157 0.014619883040935672 0.025219298245614034
1 0.53125 0.9525767543859649 0.012792397660818713 0.014802631578947368
1 0.42141812865497075 0.978344298245614 0.013157894736842105 0.02357456140350877
1 0.45942982456140347 0.9564144736842105 0.013157894736842105 0.02357456140350877
