1 0.019554093567251463 0.07154605263157894 0.0266812865497076 0.03344298245614035
1 0.0710891812865497 0.06743421052631579 0.023026315789473683 0.03399122807017543
1 0.10526315789473684 0.04742324561403508 0.02046783625730994 0.024671052631578948
1 0.15277777777777776 0.057839912280701754 0.021929824561403508 0.03344298245614035
1 0.20760233918128654 0.0712719298245614 0.021929824561403508 0.03399122807017543
1 0.27887426900584794 0.1049890350877193 0.019005847953216373 0.03344298245614035
1 0.1153143274853801 0.1894188596491228 0.025219298245614034 0.02576754385964912
1 0.18603801169590642 0.19873903508771928 0.029970760233918127 0.02905701754385965
1 0.2403143274853801 0.19873903508771928 0.017909356725146198 0.02905701754385965
1 0.27485380116959063 0.19490131578947367 0.02631578947368421 0.03125
1 0.01608187134502924 0.30126096491228066 0.029970760233918127 0.04989035087719298
1 0.05573830409356725 0.3020833333333333 0.031067251461988302 0.03728070175438596
1 0.11385233918128654 0.2949561403508772 0.025950292397660817 0.021929824561403508
1 0.14108187134502922 0.31798245614035087 0.029239766081871343 0.03289473684210526
1 0.16154970760233917 0.3042763157894737 0.023391812865497075 0.04824561403508772
1 0.17178362573099415 0.3393640350877193 0.017543859649122806 0.03179824561403509
1 0.20266812865497075 0.3366228070175438 0.023026315789473683 0.039473684210526314
1 0.25529970760233917 0.30098684210526316 0.027412280701754384 0.03618421052631579
1 0.3042763157894737 0.2996162280701754 0.03399122807017543 0.046600877192982455
1 0.3428362573099415 0.32785087719298245 0.02850877192982456 0.04057017543859649
1 0.283625730994152 0.40487938596491224 0.029970760233918127 0.0400219298245614
1 0.1074561403508772 0.3711622807017544 0.031432748538011694 0.05921052631578947
1 0.10800438596491227 0.4690241228070175 0.0398391812865497 0.05317982456140351
1 0.4301900584795321 0.3053728070175438 0.02266081871345029 0.029605263157894735
1 0.4360380116959064 0.3848684210526316 0.013888888888888888 0.03179824561403509
1 0.5012792397660818 0.34155701754385964 0.027412280701754384 0.049342105263157895
1 0.5307017543859649 0.3308662280701754 0.025584795321637425 0.0356359649122807
1 0.5703581871345029 0.3300438596491228 0.02010233918128655 0.042763157894736836
1 0.6346856725146198 0.3802083333333333 0.027412280701754384 0.0400219298245614
1 0.6575292397660818 0.34484649122807015 0.021929824561403508 0.03289473684210526
1 0.6597222222222222 0.3212719298245614 0.021198830409356724 0.03618421052631579
1 0.7715643274853801 0.31359649122807015 0.027046783625730993 0.03070175438596491
1 0.8013523391812865 0.33305921052631576 0.029605263157894735 0.0400219298245614
1 0.8159722222222222 0.40350877192982454 0.023026315789473683 0.042763157894736836
1 0.9018640350877193 0.3549890350877193 0.025219298245614034 0.03782894736842105
1 0.9082602339181286 0.31688596491228066 0.02412280701754386 0.03289473684210526
1 0.9409722222222222 0.2944078947368421 0.023026315789473683 0.03070175438596491
1 0.9199561403508771 0.3993969298245614 0.017543859649122806 0.045504385964912276
