1 0.04733187134502924 0.2741228070175438 0.03618421052631579 0.05482456140350877
1 0.13139619883040934 0.265625 0.028143274853801168 0.05537280701754386
1 0.16173245614035087 0.272203947368421 0.03691520467836257 0.042214912280701754
1 0.2447002923976608 0.2787828947368421 0.023026315789473683 0.045504385964912276
1 0.2593201754385965 0.26781798245614036 0.028143274853801168 0.05208333333333333
1 0.1924342105263158 0.2612390350877193 0.03326023391812866 0.046600877192982455
1 0.4133771929824561 0.2683662280701754 0.04239766081871345 0.06633771929824561
1 0.7905701754385964 0.2631578947368421 0.025584795321637425 0.044956140350877194
1 0.8475877192982456 0.2689144736842105 0.038011695906432746 0.06304824561403509
1 0.8861476608187134 0.22998903508771928 0.03326023391812866 0.05866228070175438
1 0.9780701754385964 0.24424342105263155 0.03728070175438596 0.0849780701754386
1 0.02887426900584795 0.7264254385964912 0.03508771929824561 0.049342105263157895
1 0.09064327485380116 0.6208881578947368 0.02631578947368421 0.042214912280701754
1 0.1509502923976608 0.6140350877192982 0.013888888888888888 0.023026315789473683
1 0.11476608187134502 0.7151864035087719 0.029970760233918127 0.04989035087719298
1 0.164656432748538 0.7234100877192982 0.031067251461988302 0.044407894736842105
1 0.20906432748538012 0.7256030701754386 0.03289473684210526 0.042214912280701754
1 0.22076023391812866 0.59375 0.02631578947368421 0.043859649122807015
1 0.24360380116959063 0.7297149122807017 0.034722222222222224 0.046052631578947366
1 0.3188961988304093 0.7428728070175438 0.03179824561403509 0.043859649122807015
