1 0.1597222222222222 0.12225877192982455 0.007309941520467836 0.01425438596491228
1 0.13194444444444445 0.22368421052631576 0.027046783625730993 0.03070175438596491
1 0.12006578947368421 0.3412828947368421 0.03033625730994152 0.05975877192982456
1 0.160453216374269 0.31661184210526316 0.02046783625730994 0.02905701754385965
1 0.1924342105263158 0.2012061403508772 0.01864035087719298 0.03179824561403509
1 0.2134502923976608 0.2025767543859649 0.021929824561403508 0.02905701754385965
1 0.227156432748538 0.13020833333333331 0.012792397660818713 0.014802631578947368
1 0.22112573099415203 0.3059210526315789 0.027046783625730993 0.038377192982456135
1 0.2534722222222222 0.3289473684210526 0.03691520467836257 0.03508771929824561
1 0.289656432748538 0.319078947368421 0.017909356725146198 0.023026315789473683
1 0.3432017543859649 0.35005482456140347 0.03289473684210526 0.05866228070175438
1 0.13468567251461988 0.4468201754385965 0.039108187134502925 0.0537280701754386
1 0.12207602339181287 0.5337171052631579 0.03728070175438596 0.042214912280701754
1 0.1109283625730994 0.5608552631578947 0.042763157894736836 0.0537280701754386
1 0.18804824561403508 0.6211622807017544 0.023026315789473683 0.027412280701754384
1 0.22368421052631576 0.6609100877192982 0.013888888888888888 0.013706140350877192
1 0.2534722222222222 0.6408991228070176 0.014985380116959063 0.017543859649122806
1 0.19535818713450293 0.5542763157894737 0.04057017543859649 0.0756578947368421
1 0.2403143274853801 0.5553728070175439 0.03326023391812866 0.044956140350877194
1 0.2733918128654971 0.5567434210526315 0.029239766081871343 0.03344298245614035
1 0.2225877192982456 0.421875 0.0402046783625731 0.038925438596491224
1 0.25054824561403505 0.42489035087719296 0.01425438596491228 0.02631578947368421
1 0.2847222222222222 0.4339364035087719 0.03508771929824561 0.06085526315789473
1 0.30007309941520466 0.4155701754385965 0.02046783625730994 0.029605263157894735
1 0.3775584795321637 0.43859649122807015 0.031432748538011694 0.06140350877192982
1 0.33150584795321636 0.5589364035087719 0.03508771929824561 0.038925438596491224
1 0.40040204678362573 0.5243969298245613 0.029605263157894735 0.043311403508771926
1 0.3110380116959064 0.6609100877192982 0.01608187134502924 0.018092105263157895
1 0.33497807017543857 0.6121162280701754 0.03179824561403509 0.05098684210526316
1 0.41758040935672514 0.640625 0.014985380116959063 0.02576754385964912
1 0.42141812865497075 0.5753837719298245 0.02850877192982456 0.04769736842105263
1 0.44279970760233917 0.5783991228070176 0.023026315789473683 0.042763157894736836
1 0.30317982456140347 0.2075109649122807 0.02448830409356725 0.024671052631578948
1 0.3464912280701754 0.2075109649122807 0.02046783625730994 0.024671052631578948
1 0.364766081871345 0.2149122807017544 0.019736842105263157 0.01864035087719298
1 0.3983918128654971 0.19682017543859648 0.01608187134502924 0.03508771929824561
1 0.3296783625730994 0.12966008771929824 0.019005847953216373 0.013706140350877192
1 0.33735380116959063 0.1049890350877193 0.019005847953216373 0.024671052631578948
1 0.3740862573099415 0.11787280701754385 0.023757309941520467 0.020833333333333332
1 0.4130116959064327 0.04303728070175438 0.014619883040935672 0.024671052631578948
1 0.45997807017543857 0.21244517543859648 0.01644736842105263 0.03125
1 0.47441520467836257 0.1006030701754386 0.01608187134502924 0.03344298245614035
1 0.4932383040935672 0.12362938596491227 0.017909356725146198 0.016995614035087717
1 0.4857456140350877 0.21984649122807015 0.01827485380116959 0.03070175438596491
1 0.513157894736842 0.21052631578947367 0.01827485380116959 0.021929824561403508
1 0.5513523391812866 0.22423245614035087 0.028143274853801168 0.021929824561403508
1 0.5805921052631579 0.2308114035087719 0.029605263157894735 0.039473684210526314
1 0.6255482456140351 0.22642543859649122 0.023757309941520467 0.03508771929824561
1 0.6597222222222222 0.21737938596491227 0.019736842105263157 0.03125
1 0.6957236842105263 0.2256030701754386 0.0222953216374269 0.020285087719298246
1 0.6494883040935672 0.140625 0.013888888888888888 0.012609649122807017
1 0.66703216374269 0.1293859649122807 0.012426900584795321 0.01206140350877193
1 0.6913377192982456 0.11842105263157894 0.017178362573099414 0.019736842105263157
1 0.7309941520467835 0.11924342105263157 0.01827485380116959 0.02576754385964912
1 0.7339181286549707 0.21080043859649122 0.01608187134502924 0.022478070175438597
1 0.6445540935672515 0.32346491228070173 0.025219298245614034 0.03179824561403509
1 0.5409356725146198 0.33251096491228066 0.038011695906432746 0.0400219298245614
1 0.4155701754385965 0.3371710526315789 0.0402046783625731 0.0712719298245614
1 0.4672880116959064 0.4375 0.03179824561403509 0.043859649122807015
1 0.49360380116959063 0.43859649122807015 0.027412280701754384 0.05153508771929824
1 0.5078581871345029 0.4336622807017544 0.025950292397660817 0.03179824561403509
1 0.549890350877193 0.4407894736842105 0.0266812865497076 0.044956140350877194
1 0.5694444444444444 0.4199561403508772 0.025584795321637425 0.044956140350877194
1 0.6030701754385964 0.43722587719298245 0.02631578947368421 0.06085526315789473
1 0.6167763157894737 0.428453947368421 0.031067251461988302 0.038925438596491224
1 0.6538742690058479 0.43859649122807015 0.02046783625730994 0.043859649122807015
1 0.6860380116959064 0.4265350877192982 0.041666666666666664 0.042763157894736836
1 0.7090643274853801 0.40679824561403505 0.021929824561403508 0.0537280701754386
1 0.4780701754385965 0.5424890350877193 0.03728070175438596 0.048793859649122806
1 0.512609649122807 0.5233004385964912 0.04057017543859649 0.0400219298245614
1 0.5723684210526315 0.5759320175438596 0.03435672514619883 0.05098684210526316
1 0.6328581871345029 0.6118421052631579 0.02010233918128655 0.017543859649122806
1 0.6270102339181286 0.5471491228070176 0.021564327485380116 0.044956140350877194
1 0.6865862573099415 0.5359100877192983 0.03399122807017543 0.048793859649122806
1 0.7222222222222222 0.5230263157894737 0.03654970760233918 0.046052631578947366
1 0.7328216374269005 0.6291118421052632 0.01023391812865497 0.02357456140350877
1 0.5137061403508771 0.6392543859649122 0.010599415204678362 0.01206140350877193
1 0.16410818713450293 0.7667214912280701 0.03070175438596491 0.016995614035087717
1 0.015716374269005847 0.7815241228070176 0.029239766081871343 0.046600877192982455
1 0.21198830409356723 0.756578947368421 0.031432748538011694 0.023026315789473683
1 0.2447002923976608 0.7606907894736842 0.03326023391812866 0.024671052631578948
1 0.2774122807017544 0.7864583333333333 0.031432748538011694 0.03234649122807017
1 0.3057383040935672 0.768640350877193 0.029605263157894735 0.02850877192982456
1 0.3711622807017544 0.7730263157894737 0.023026315789473683 0.03070175438596491
1 0.39364035087719296 0.7911184210526315 0.02266081871345029 0.046052631578947366
1 0.4614400584795321 0.7856359649122806 0.02448830409356725 0.038377192982456135
1 0.5146198830409356 0.7442434210526315 0.024853801169590642 0.02576754385964912
1 0.5604897660818713 0.7724780701754386 0.013523391812865496 0.03070175438596491
1 0.5762061403508771 0.7875548245614035 0.020833333333333332 0.0268640350877193
1 0.6465643274853801 0.7765899122807017 0.017543859649122806 0.03015350877192982
1 0.6284722222222222 0.8662280701754386 0.019371345029239765 0.03399122807017543
1 0.5899122807017544 0.8618421052631579 0.02266081871345029 0.02850877192982456
1 0.5434941520467836 0.8667763157894737 0.01608187134502924 0.03070175438596491
1 0.4926900584795321 0.8670504385964912 0.021198830409356724 0.03234649122807017
1 0.4751461988304093 0.8733552631578947 0.01827485380116959 0.03289473684210526
1 0.42489035087719296 0.8670504385964912 0.017178362573099414 0.02796052631578947
1 0.3501461988304093 0.8736293859649122 0.027777777777777776 0.0356359649122807
1 0.29239766081871343 0.8618421052631579 0.021929824561403508 0.03070175438596491
1 0.26151315789473684 0.8736293859649122 0.025950292397660817 0.02796052631578947
1 0.23885233918128654 0.8667763157894737 0.021564327485380116 0.04057017543859649
1 0.18603801169590642 0.8703399122807017 0.027046783625730993 0.02796052631578947
1 0.15387426900584794 0.8626644736842105 0.027777777777777776 0.03673245614035087
1 0.12262426900584794 0.8733552631578947 0.020833333333333332 0.023026315789473683
1 0.12701023391812866 0.9824561403508771 0.02448830409356725 0.03618421052631579
1 0.15826023391812866 0.981907894736842 0.021198830409356724 0.03618421052631579
1 0.19919590643274854 0.984375 0.02266081871345029 0.02796052631578947
1 0.22989766081871343 0.984375 0.025584795321637425 0.02357456140350877
1 0.2704678362573099 0.9978070175438596 0.017543859649122806 0.02850877192982456
1 0.30372807017543857 0.9868421052631579 0.021198830409356724 0.029605263157894735
1 0.3706140350877193 0.9824561403508771 0.01827485380116959 0.02412280701754386
1 0.41118421052631576 0.9841008771929824 0.014619883040935672 0.03289473684210526
1 0.445906432748538 0.978344298245614 0.02046783625730994 0.0268640350877193
1 0.4892178362573099 0.9690241228070174 0.029605263157894735 0.018092105263157895
1 0.5190058479532164 1 0.019005847953216373 0.04989035087719298
1 0.5537280701754386 0.9871162280701754 0.02412280701754386 0.0268640350877193
1 0.5782163742690059 0.9777960526315789 0.016812865497076022 0.03125
1 0.6343201754385964 0.9690241228070174 0.010599415204678362 0.018092105263157895
1 0.664656432748538 1 0.013523391812865496 0.03125
1 0.695906432748538 0.993969298245614 0.010964912280701754 0.020833333333333332
1 0.7298976608187134 0.9651864035087718 0.02631578947368421 0.02357456140350877
1 0.814875730994152 0.9978070175438596 0.017178362573099414 0.01864035087719298
1 0.88578216374269 0.0893640350877193 0.03764619883040936 0.0668859649122807
1 0.8638523391812865 0.1370614035087719 0.025219298245614034 0.03399122807017543
1 0.8304093567251462 0.33908991228070173 0.021929824561403508 0.02796052631578947
1 0.8691520467836257 0.4306469298245614 0.015350877192982455 0.038925438596491224
1 0.8267543859649122 0.4553179824561403 0.021929824561403508 0.03782894736842105
1 0.785453216374269 0.537828947368421 0.029239766081871343 0.0581140350877193
1 0.8921783625730993 0.5540021929824561 0.019005847953216373 0.03125
1 0.8486842105263157 0.6022478070175439 0.02266081871345029 0.03782894736842105
1 0.8925438596491228 0.662828947368421 0.02046783625730994 0.04057017543859649
1 0.8472222222222222 0.6702302631578947 0.01827485380116959 0.03782894736842105
1 0.8066520467836257 0.7510964912280701 0.029970760233918127 0.042763157894736836
1 0.8671418128654971 0.8670504385964912 0.0222953216374269 0.03673245614035087
1 0.8706140350877193 0.9673793859649122 0.021198830409356724 0.02796052631578947
1 0.9316520467836257 0.7763157894736842 0.015350877192982455 0.010964912280701754
1 0.9104532163742689 0.8489583333333333 0.029239766081871343 0.048793859649122806
1 0.9682017543859649 0.8440241228070176 0.017543859649122806 0.03125
1 0.924890350877193 0.5471491228070176 0.03691520467836257 0.0668859649122807
1 0.9599780701754386 0.6450109649122807 0.019371345029239765 0.0268640350877193
1 0.9769736842105262 0.6337719298245613 0.010964912280701754 0.020833333333333332
1 0.9188596491228069 0.4331140350877193 0.02266081871345029 0.044956140350877194
1 0.9232456140350876 0.3231907894736842 0.019736842105263157 0.014802631578947368
1 0.9526681286549707 0.4199561403508772 0.021564327485380116 0.017543859649122806
1 0.9649122807017543 0.44243421052631576 0.016812865497076022 0.042763157894736836
1 0.9769736842105262 0.544407894736842 0.012426900584795321 0.017543859649122806
1 0.9998172514619883 0.534265350877193 0.04057017543859649 0.06853070175438596
1 0.9950657894736842 0.40625 0.031067251461988302 0.06030701754385964
1 0.9146564327485379 0.09210526315789473 0.017178362573099414 0.03179824561403509
