1 0.7012061403508771 0.12527412280701752 0.01864035087719298 0.02905701754385965
1 0.633406432748538 0.12554824561403508 0.02046783625730994 0.02631578947368421
1 0.5884502923976608 0.12966008771929824 0.01827485380116959 0.0268640350877193
1 0.5391081871345029 0.12061403508771928 0.017543859649122806 0.03399122807017543
1 0.45650584795321636 0.13843201754385964 0.01608187134502924 0.02576754385964912
1 0.4336622807017544 0.12966008771929824 0.017178362573099414 0.022478070175438597
1 0.3819444444444444 0.12911184210526316 0.02266081871345029 0.02905701754385965
1 0.3163377192982456 0.1299342105263158 0.01425438596491228 0.03070175438596491
1 0.28125 0.1387061403508772 0.015716374269005847 0.021929824561403508
1 0.24159356725146197 0.1269188596491228 0.015350877192982455 0.018092105263157895
1 0.19883040935672514 0.13898026315789472 0.011695906432748537 0.022478070175438597
1 0.03965643274853801 0.24150219298245612 0.034722222222222224 0.0356359649122807
1 0.08552631578947367 0.24780701754385964 0.03728070175438596 0.05592105263157894
1 0.15040204678362573 0.2590460526315789 0.025219298245614034 0.0356359649122807
1 0.20303362573099415 0.25 0.044956140350877194 0.0800438596491228
1 0.3110380116959064 0.2508223684210526 0.029239766081871343 0.04769736842105263
1 0.40826023391812866 0.2637061403508772 0.03289473684210526 0.0581140350877193
1 0.4546783625730994 0.23711622807017543 0.033625730994152045 0.046600877192982455
1 0.5317982456140351 0.2590460526315789 0.033625730994152045 0.05756578947368421
1 0.5946637426900584 0.23848684210526314 0.043859649122807015 0.05153508771929824
1 0.6884137426900584 0.26096491228070173 0.039108187134502925 0.05263157894736842
1 0.7152777777777778 0.3577302631578947 0.05116959064327485 0.06195175438596491
1 0.6641081871345029 0.3796600877192982 0.03728070175438596 0.06195175438596491
1 0.6346856725146198 0.3527960526315789 0.04203216374269006 0.05756578947368421
1 0.6036184210526315 0.36156798245614036 0.04568713450292397 0.046600877192982455
1 0.5736476608187134 0.35060307017543857 0.03764619883040936 0.042214912280701754
1 0.5157163742690059 0.35800438596491224 0.041666666666666664 0.04824561403508772
1 0.4755116959064327 0.3527960526315789 0.029970760233918127 0.04989035087719298
1 0.46290204678362573 0.428453947368421 0.03179824561403509 0.07401315789473684
1 0.39016812865497075 0.3725328947368421 0.04203216374269006 0.07072368421052631
1 0.3530701754385965 0.3489583333333333 0.03874269005847953 0.06195175438596491
1 0.3203581871345029 0.359375 0.042763157894736836 0.05975877192982456
1 0.2640716374269006 0.3558114035087719 0.03179824561403509 0.07456140350877193
1 0.2324561403508772 0.35471491228070173 0.03874269005847953 0.06907894736842105
1 0.19755116959064326 0.3670504385964912 0.03033625730994152 0.06304824561403509
1 0.1602704678362573 0.3640350877192982 0.04714912280701754 0.06030701754385964
1 0.12609649122807018 0.3612938596491228 0.03435672514619883 0.07236842105263158
1 0.08735380116959064 0.3484100877192982 0.03654970760233918 0.06853070175438596
1 0.02101608187134503 0.3700657894736842 0.032529239766081866 0.07456140350877193
1 0.03033625730994152 0.4934210526315789 0.012426900584795321 0.02412280701754386
1 0.0796783625730994 0.46600877192982454 0.019736842105263157 0.021929824561403508
1 0.13285818713450293 0.490953947368421 0.01206140350877193 0.02905701754385965
1 0.19389619883040934 0.47176535087719296 0.0222953216374269 0.02357456140350877
1 0.32766812865497075 0.4819078947368421 0.01644736842105263 0.03070175438596491
1 0.35928362573099415 0.4739583333333333 0.01023391812865497 0.021381578947368418
1 0.5151681286549707 0.47505482456140347 0.01864035087719298 0.03782894736842105
1 0.5423976608187134 0.4851973684210526 0.017543859649122806 0.03508771929824561
1 0.5849780701754386 0.4808114035087719 0.017909356725146198 0.021929824561403508
1 0.65625 0.4777960526315789 0.0222953216374269 0.0356359649122807
1 0.7280701754385964 0.6606359649122807 0.04312865497076023 0.0537280701754386
1 0.6957236842105263 0.6302083333333333 0.028143274853801168 0.038925438596491224
1 0.6259137426900584 0.6587171052631579 0.0266812865497076 0.05317982456140351
1 0.6005116959064327 0.6282894736842105 0.024853801169590642 0.04824561403508772
1 0.43841374269005845 0.6557017543859649 0.04788011695906433 0.05153508771929824
1 0.33771929824561403 0.6030701754385964 0.017543859649122806 0.03070175438596491
1 0.31451023391812866 0.6491228070175439 0.02448830409356725 0.046052631578947366
1 0.21089181286549707 0.6384320175438596 0.031432748538011694 0.03673245614035087
1 0.14948830409356725 0.6206140350877193 0.04312865497076023 0.03289473684210526
1 0.1332236842105263 0.6546052631578947 0.03399122807017543 0.05482456140350877
1 0.044956140350877194 0.6091008771929824 0.016812865497076022 0.023026315789473683
1 0.06944444444444445 0.6313048245614035 0.035818713450292396 0.03015350877192982
1 0.0847953216374269 0.7993421052631579 0.023391812865497075 0.0537280701754386
1 0.02540204678362573 0.96875 0.02448830409356725 0.05921052631578947
1 0.11476608187134502 0.8336074561403508 0.03728070175438596 0.04989035087719298
1 0.1509502923976608 0.8826754385964912 0.027777777777777776 0.041666666666666664
1 0.13633040935672514 0.9841008771929824 0.024853801169590642 0.03179824561403509
1 0.26114766081871343 0.8670504385964912 0.023026315789473683 0.02357456140350877
1 0.34137426900584794 0.7563048245614035 0.017543859649122806 0.038925438596491224
1 0.36239035087719296 0.7541118421052632 0.02448830409356725 0.03673245614035087
1 0.36860380116959063 0.9797149122807017 0.023026315789473683 0.04057017543859649
1 0.4013157894736842 0.9816337719298245 0.03070175438596491 0.03673245614035087
1 0.4307383040935672 0.9821820175438596 0.02448830409356725 0.0268640350877193
1 0.42141812865497075 0.7587719298245613 0.019736842105263157 0.06469298245614034
1 0.4473684210526315 0.7508223684210525 0.021929824561403508 0.048793859649122806
1 0.49067982456140347 0.9736842105263157 0.02448830409356725 0.03179824561403509
1 0.49762426900584794 0.7294407894736842 0.03326023391812866 0.046600877192982455
1 0.5188230994152047 0.8670504385964912 0.04057017543859649 0.05208333333333333
1 0.6240862573099415 0.988486842105263 0.0266812865497076 0.023026315789473683
1 0.6553362573099415 0.9860197368421052 0.017543859649122806 0.02796052631578947
1 0.7171052631578947 0.9824561403508771 0.027777777777777776 0.03508771929824561
1 0.6407163742690059 0.8802083333333333 0.0402046783625731 0.06304824561403509
1 0.5977704678362573 0.7368421052631579 0.025219298245614034 0.049342105263157895
1 0.643640350877193 0.7771381578947368 0.015350877192982455 0.044407894736842105
1 0.6997441520467836 0.7949561403508771 0.023757309941520467 0.044956140350877194
1 0.7163742690058479 0.8577302631578947 0.03654970760233918 0.048793859649122806
1 0.8282163742690059 0.9237938596491228 0.029239766081871343 0.05592105263157894
1 0.8013523391812865 0.7902960526315789 0.03326023391812866 0.04769736842105263
1 0.9223318713450291 0.9262609649122806 0.04203216374269006 0.05756578947368421
1 0.9736842105263157 0.9183114035087718 0.04093567251461988 0.0537280701754386
1 0.9901315789473684 0.8930921052631579 0.019736842105263157 0.044956140350877194
1 0.9755116959064327 0.734923245614035 0.03435672514619883 0.0356359649122807
1 0.8980263157894737 0.34786184210526316 0.029970760233918127 0.042214912280701754
