1 0.2563961988304093 0.16748903508771928 0.019371345029239765 0.02905701754385965
1 0.3603801169590643 0.16282894736842105 0.021929824561403508 0.038377192982456135
1 0.1836622807017544 0.1650219298245614 0.017909356725146198 0.03399122807017543
1 0.04057017543859649 0.7354714912280701 0.03216374269005848 0.045504385964912276
1 0.08260233918128654 0.7058662280701754 0.03728070175438596 0.0356359649122807
1 0.12262426900584794 0.7642543859649122 0.032529239766081866 0.04824561403508772
1 0.17964181286549707 0.7102521929824561 0.027412280701754384 0.03344298245614035
1 0.3252923976608187 0.7341008771929824 0.029239766081871343 0.04824561403508772
1 0.3697002923976608 0.7502741228070176 0.028143274853801168 0.046600877192982455
1 0.40716374269005845 0.6595394736842105 0.025584795321637425 0.043859649122807015
1 0.9943347953216374 0.28179824561403505 0.011330409356725146 0.021929824561403508
1 0.9459064327485379 0.27192982456140347 0.025584795321637425 0.05482456140350877
1 0.7832602339181286 0.2631578947368421 0.03508771929824561 0.04824561403508772
1 0.7149122807017544 0.16557017543859648 0.03435672514619883 0.0800438596491228
1 0.4438961988304093 0.2807017543859649 0.02887426900584795 0.05921052631578947
1 0.4541301169590643 0.4065241228070175 0.03033625730994152 0.0356359649122807
1 0.54203216374269 0.3834978070175438 0.019736842105263157 0.045504385964912276
1 0.5694444444444444 0.3752741228070175 0.0445906432748538 0.048793859649122806
1 0.6997441520467836 0.36622807017543857 0.038377192982456135 0.06907894736842105
1 0.768640350877193 0.39501096491228066 0.009502923976608187 0.020285087719298246
1 0.8291301169590642 0.3993969298245614 0.032529239766081866 0.05646929824561403
1 0.8642178362573099 0.40405701754385964 0.03326023391812866 0.049342105263157895
1 0.8969298245614035 0.39473684210526316 0.03070175438596491 0.05921052631578947
1 0.924890350877193 0.3887061403508772 0.035453216374269 0.0625
1 0.9780701754385964 0.37609649122807015 0.03508771929824561 0.06359649122807018
1 0.9904970760233918 0.38596491228070173 0.019005847953216373 0.06798245614035087
1 0.9369517543859649 0.5490679824561403 0.025950292397660817 0.05317982456140351
1 0.8413742690058479 0.6655701754385964 0.02412280701754386 0.044956140350877194
1 0.8031798245614035 0.625 0.03179824561403509 0.039473684210526314
1 0.7225877192982456 0.6491228070175439 0.027777777777777776 0.039473684210526314
1 0.6626461988304093 0.6428179824561403 0.02412280701754386 0.0400219298245614
1 0.5776681286549707 0.6178728070175439 0.01644736842105263 0.027412280701754384
1 0.4941520467836257 0.8840460526315789 0.035818713450292396 0.042214912280701754
