1 0.677266081871345 0.04194078947368421 0.021198830409356724 0.015899122807017545
1 0.643640350877193 0.3771929824561403 0.02631578947368421 0.04057017543859649
1 0.5721856725146198 0.37938596491228066 0.04203216374269006 0.08442982456140351
1 0.6074561403508771 0.3621162280701754 0.025584795321637425 0.045504385964912276
1 0.5137061403508771 0.36239035087719296 0.0222953216374269 0.07456140350877193
1 0.4619883040935672 0.38130482456140347 0.03216374269005848 0.0356359649122807
1 0.5297880116959064 0.44709429824561403 0.035453216374269 0.06304824561403509
1 0.5610380116959064 0.444078947368421 0.025584795321637425 0.038377192982456135
1 0.4365862573099415 0.4468201754385965 0.028143274853801168 0.0537280701754386
1 0.3813961988304093 0.3700657894736842 0.03179824561403509 0.05263157894736842
1 0.3326023391812865 0.3837719298245614 0.03654970760233918 0.07017543859649122
1 0.2894736842105263 0.3914473684210526 0.043859649122807015 0.049342105263157895
1 0.2563961988304093 0.4199561403508772 0.035453216374269 0.049342105263157895
1 0.2852704678362573 0.4775219298245614 0.020833333333333332 0.07346491228070175
1 0.18951023391812866 0.4827302631578947 0.03691520467836257 0.06304824561403509
1 0.14894005847953215 0.41721491228070173 0.05007309941520467 0.05153508771929824
1 0.1419956140350877 0.4931469298245614 0.039108187134502925 0.05646929824561403
1 0.08552631578947367 0.40487938596491224 0.029239766081871343 0.06414473684210525
1 0.05427631578947368 0.3977521929824561 0.044956140350877194 0.07182017543859649
1 0.14108187134502922 0.6096491228070176 0.029970760233918127 0.03618421052631579
1 0.18073830409356725 0.6121162280701754 0.017909356725146198 0.03125
1 0.43402777777777773 0.5759320175438596 0.03618421052631579 0.0356359649122807
1 0.4605263157894737 0.5668859649122807 0.029239766081871343 0.04714912280701754
1 0.5009137426900585 0.5745614035087719 0.012792397660818713 0.021929824561403508
1 0.5630482456140351 0.6918859649122807 0.01425438596491228 0.03289473684210526
1 0.06048976608187134 0.7338267543859649 0.034722222222222224 0.0268640350877193
1 0.04769736842105263 0.8640350877192982 0.03033625730994152 0.03399122807017543
1 0.11915204678362573 0.8793859649122806 0.02412280701754386 0.04714912280701754
1 0.19535818713450293 0.8667763157894737 0.028143274853801168 0.041666666666666664
1 0.22861842105263155 0.8591008771929824 0.025219298245614034 0.042763157894736836
1 0.26114766081871343 0.8700657894736842 0.02448830409356725 0.03399122807017543
1 0.31451023391812866 0.8536184210526315 0.020833333333333332 0.03618421052631579
1 0.3516081871345029 0.8615679824561403 0.02850877192982456 0.042214912280701754
1 0.3916301169590643 0.8506030701754386 0.025219298245614034 0.044407894736842105
1 0.4331140350877193 0.8086622807017544 0.019736842105263157 0.03289473684210526
1 0.4780701754385965 0.8525219298245613 0.02266081871345029 0.03179824561403509
1 0.5296052631578947 0.8330592105263157 0.021929824561403508 0.03782894736842105
1 0.581140350877193 0.8555372807017544 0.02412280701754386 0.03125
1 0.9203216374269005 0.13404605263157893 0.01608187134502924 0.015899122807017545
1 0.8000730994152047 0.25 0.014619883040935672 0.021929824561403508
1 0.9894005847953216 0.2606907894736842 0.021198830409356724 0.02576754385964912
1 0.9705774853801169 0.3769188596491228 0.058845029239766075 0.08607456140350876
1 0.9097222222222222 0.37362938596491224 0.062134502923976605 0.07949561403508772
1 0.8682383040935672 0.3725328947368421 0.031067251461988302 0.06524122807017543
1 0.8422880116959064 0.36622807017543857 0.0266812865497076 0.03070175438596491
1 0.7807017543859649 0.3834978070175438 0.04751461988304093 0.05537280701754386
1 0.8051900584795321 0.4608004385964912 0.017543859649122806 0.021381578947368418
1 0.8391812865497076 0.48300438596491224 0.024853801169590642 0.021929824561403508
1 0.8393640350877193 0.4649122807017544 0.017178362573099414 0.02631578947368421
1 0.91703216374269 0.45942982456140347 0.019736842105263157 0.015350877192982455
1 0.9219663742690059 0.48245614035087714 0.020833333333333332 0.017543859649122806
1 0.9512061403508771 0.5644188596491228 0.04057017543859649 0.038925438596491224
1 0.7861842105263157 0.7075109649122807 0.03728070175438596 0.05756578947368421
1 0.8110380116959064 0.7099780701754386 0.021198830409356724 0.03728070175438596
1 0.8729897660818713 0.7025767543859649 0.04130116959064327 0.05537280701754386
1 0.924890350877193 0.7012061403508771 0.0266812865497076 0.03618421052631579
1 0.9097222222222222 0.8053728070175438 0.02850877192982456 0.025219298245614034
1 0.9649122807017543 0.8769188596491228 0.029970760233918127 0.05317982456140351
1 0.9541301169590642 0.9136513157894737 0.035453216374269 0.06414473684210525
1 0.9395102339181286 0.9734100877192982 0.01644736842105263 0.0268640350877193
1 0.8877923976608186 0.9240679824561403 0.0402046783625731 0.05756578947368421
1 0.8194444444444444 0.9087171052631579 0.03654970760233918 0.05975877192982456
