1 0.29970760233918126 0.8308662280701754 0.021929824561403508 0.0268640350877193
1 0.2774122807017544 0.8536184210526315 0.013157894736842105 0.020833333333333332
1 0.0268640350877193 0.8075657894736842 0.017178362573099414 0.02631578947368421
1 0.07035818713450293 0.8358004385964912 0.029605263157894735 0.038925438596491224
1 0.11951754385964912 0.8081140350877193 0.008771929824561403 0.02631578947368421
1 0.16557017543859648 0.9114583333333333 0.02266081871345029 0.038925438596491224
1 0.18658625730994152 0.9353070175438596 0.02448830409356725 0.03289473684210526
1 0.30317982456140347 0.9333881578947368 0.02448830409356725 0.0356359649122807
1 0.40040204678362573 0.8259320175438596 0.02448830409356725 0.03782894736842105
1 0.4535818713450292 0.9325657894736842 0.01608187134502924 0.02850877192982456
1 0.48830409356725146 0.9331140350877193 0.02266081871345029 0.03618421052631579
1 0.5467836257309941 0.7946820175438596 0.019736842105263157 0.03125
1 0.5972222222222222 0.8259320175438596 0.014619883040935672 0.03125
1 0.7017543859649122 0.8081140350877193 0.013888888888888888 0.03289473684210526
1 0.7317251461988303 0.844298245614035 0.014619883040935672 0.0581140350877193
1 0.7213084795321637 0.881578947368421 0.014985380116959063 0.03070175438596491
1 0.8066520467836257 0.8031798245614035 0.01827485380116959 0.03070175438596491
1 0.8530701754385964 0.8108552631578947 0.010964912280701754 0.029605263157894735
1 0.9119152046783625 0.8174342105263157 0.014619883040935672 0.03618421052631579
1 0.958516081871345 0.8939144736842105 0.031067251461988302 0.03673245614035087
1 0.9950657894736842 0.9953399122807017 0.009868421052631578 0.00932017543859649
1 0.8951023391812865 0.9920504385964912 0.023391812865497075 0.015899122807017545
1 0.7251461988304093 0.9890350877192982 0.021198830409356724 0.021929824561403508
1 0.6659356725146198 0.9950657894736842 0.01608187134502924 0.009868421052631578
1 0.6080043859649122 0.9887609649122806 0.020833333333333332 0.016995614035087717
