1 0.02101608187134503 0.04906798245614035 0.007675438596491228 0.014802631578947368
1 0.17288011695906433 0.03344298245614035 0.00804093567251462 0.019736842105263157
1 0.2744883040935672 0.031524122807017545 0.00804093567251462 0.020285087719298246
1 0.23866959064327484 0.03782894736842105 0.005847953216374269 0.019736842105263157
1 0.258406432748538 0.12527412280701752 0.01023391812865497 0.018092105263157895
1 0.16904239766081872 0.13432017543859648 0.008406432748538011 0.013157894736842105
1 0.2768640350877193 0.21244517543859648 0.013523391812865496 0.03125
1 0.043859649122807015 0.3626644736842105 0.009502923976608187 0.014802631578947368
1 0.02010233918128655 0.3665021929824561 0.015350877192982455 0.0268640350877193
1 0.07913011695906433 0.3544407894736842 0.009137426900584795 0.021381578947368418
1 0.133406432748538 0.35663377192982454 0.01023391812865497 0.015899122807017545
1 0.1557017543859649 0.3522478070175438 0.013157894736842105 0.019188596491228067
1 0.19298245614035087 0.359375 0.009502923976608187 0.014802631578947368
1 0.2891081871345029 0.46408991228070173 0.02412280701754386 0.048793859649122806
1 0.2622441520467836 0.46655701754385964 0.03033625730994152 0.038377192982456135
1 0.22807017543859648 0.4690241228070175 0.041666666666666664 0.048793859649122806
1 0.1924342105263158 0.4671052631578947 0.03399122807017543 0.05043859649122807
1 0.12262426900584794 0.4739583333333333 0.034722222222222224 0.045504385964912276
1 0.05866228070175438 0.47313596491228066 0.028143274853801168 0.05153508771929824
1 0.15880847953216373 0.6699561403508771 0.014985380116959063 0.02631578947368421
1 0.11038011695906433 0.671875 0.014619883040935672 0.018092105263157895
1 0.025950292397660817 0.6650219298245613 0.015350877192982455 0.01864035087719298
1 0.018092105263157895 0.8056469298245613 0.0266812865497076 0.03453947368421052
1 0.14309210526315788 0.7897478070175438 0.014985380116959063 0.02905701754385965
1 0.26900584795321636 0.8878837719298245 0.024853801169590642 0.024671052631578948
1 0.22404970760233917 0.8914473684210525 0.021929824561403508 0.043859649122807015
1 0.16264619883040934 0.8804824561403508 0.017543859649122806 0.03070175438596491
1 0.09941520467836257 0.8840460526315789 0.019005847953216373 0.03125
1 0.061586257309941515 0.8862390350877193 0.01864035087719298 0.024671052631578948
1 0.007309941520467836 0.9780701754385964 0.013157894736842105 0.020833333333333332
1 0.03654970760233918 0.993969298245614 0.015350877192982455 0.01206140350877193
1 0.1611842105263158 0.9851973684210525 0.03654970760233918 0.029605263157894735
1 0.26169590643274854 0.9934210526315789 0.01827485380116959 0.013157894736842105
1 0.37207602339181284 0.006578947368421052 0.015350877192982455 0.010964912280701754
1 0.45942982456140347 0.01644736842105263 0.017543859649122806 0.03070175438596491
1 0.42434210526315785 0.015625 0.012426900584795321 0.016995614035087717
1 0.60453216374269 0.018914473684210526 0.015350877192982455 0.019188596491228067
1 0.6302997076023391 0.010964912280701754 0.012792397660818713 0.019736842105263157
1 0.65625 0.007401315789473684 0.019371345029239765 0.012609649122807017
1 0.9369517543859649 0.006304824561403508 0.01644736842105263 0.010416666666666666
1 0.9853801169590642 0.1074561403508772 0.019005847953216373 0.019736842105263157
1 0.8740862573099415 0.1049890350877193 0.0266812865497076 0.042214912280701754
1 0.5283260233918128 0.13349780701754385 0.013523391812865496 0.020285087719298246
1 0.49652777777777773 0.14172149122807018 0.01425438596491228 0.024671052631578948
1 0.38578216374269003 0.12006578947368421 0.01644736842105263 0.05921052631578947
1 0.37554824561403505 0.24396929824561403 0.021564327485380116 0.043859649122807015
1 0.4053362573099415 0.23547149122807015 0.025584795321637425 0.043311403508771926
1 0.5169956140350876 0.21875 0.04349415204678363 0.03070175438596491
1 0.5796783625730993 0.21957236842105263 0.013157894736842105 0.03453947368421052
1 0.6034356725146198 0.22724780701754385 0.027046783625730993 0.03015350877192982
1 0.6401681286549707 0.22368421052631576 0.028143274853801168 0.039473684210526314
1 0.7585891812865496 0.20422149122807015 0.03326023391812866 0.02576754385964912
1 0.7182017543859649 0.21463815789473684 0.02046783625730994 0.0268640350877193
1 0.7832602339181286 0.19490131578947367 0.014619883040935672 0.03782894736842105
1 0.8095760233918128 0.2050438596491228 0.024853801169590642 0.05263157894736842
1 0.9546783625730993 0.2231359649122807 0.03289473684210526 0.03289473684210526
1 0.971125730994152 0.29906798245614036 0.03435672514619883 0.043311403508771926
1 0.7152777777777778 0.3371710526315789 0.013888888888888888 0.01864035087719298
1 0.7002923976608186 0.3056469298245614 0.019005847953216373 0.021381578947368418
1 0.6451023391812866 0.31359649122807015 0.021929824561403508 0.020833333333333332
1 0.59375 0.33031798245614036 0.017909356725146198 0.018092105263157895
1 0.5635964912280701 0.32675438596491224 0.015350877192982455 0.03508771929824561
1 0.5361842105263157 0.3358004385964912 0.015350877192982455 0.044407894736842105
1 0.45942982456140347 0.3237390350877193 0.017543859649122806 0.024671052631578948
1 0.4126461988304093 0.32593201754385964 0.016812865497076022 0.012609649122807017
1 0.427266081871345 0.47505482456140347 0.011695906432748537 0.03234649122807017
1 0.45705409356725146 0.4695723684210526 0.017178362573099414 0.021381578947368418
1 0.47989766081871343 0.45942982456140347 0.017543859649122806 0.04824561403508772
1 0.5005482456140351 0.5046600877192983 0.027412280701754384 0.048793859649122806
1 0.5826023391812866 0.43283991228070173 0.03216374269005848 0.03453947368421052
1 0.6063596491228069 0.4649122807017544 0.01608187134502924 0.03618421052631579
1 0.6332236842105263 0.4709429824561403 0.023757309941520467 0.02850877192982456
1 0.6801900584795322 0.45997807017543857 0.021198830409356724 0.02850877192982456
1 0.7701023391812865 0.475328947368421 0.031432748538011694 0.03179824561403509
1 0.8037280701754386 0.46655701754385964 0.019736842105263157 0.03179824561403509
1 0.9088084795321637 0.45559210526315785 0.0222953216374269 0.02850877192982456
1 0.9325657894736842 0.49616228070175433 0.019371345029239765 0.04824561403508772
1 0.8980263157894737 0.522203947368421 0.02631578947368421 0.05317982456140351
1 0.9888523391812865 0.5334429824561403 0.0222953216374269 0.021929824561403508
1 0.9917763157894737 0.6408991228070176 0.01644736842105263 0.03618421052631579
1 0.9707602339181286 0.6222587719298245 0.025584795321637425 0.03289473684210526
1 0.9395102339181286 0.6184210526315789 0.03033625730994152 0.03289473684210526
1 0.8697002923976608 0.5542763157894737 0.01864035087719298 0.041666666666666664
1 0.7823464912280701 0.5367324561403508 0.02887426900584795 0.03728070175438596
1 0.6602704678362573 0.537828947368421 0.0266812865497076 0.03179824561403509
1 0.7869152046783625 0.6184210526315789 0.017543859649122806 0.021929824561403508
1 0.7441520467836257 0.6408991228070176 0.019005847953216373 0.038377192982456135
1 0.6869517543859649 0.647203947368421 0.023026315789473683 0.020285087719298246
1 0.6675804093567251 0.6293859649122807 0.017909356725146198 0.01644736842105263
1 0.5630482456140351 0.6655701754385964 0.0266812865497076 0.049342105263157895
1 0.5157163742690059 0.5646929824561403 0.023391812865497075 0.02850877192982456
1 0.5855263157894737 0.549890350877193 0.016812865497076022 0.02631578947368421
1 0.6454678362573099 0.6313048245614035 0.017543859649122806 0.014802631578947368
1 0.4576023391812865 0.6450109649122807 0.029239766081871343 0.02576754385964912
1 0.3916301169590643 0.5622258771929824 0.03691520467836257 0.05317982456140351
1 0.3925438596491228 0.65625 0.03216374269005848 0.02631578947368421
1 0.6162280701754386 0.7532894736842105 0.029970760233918127 0.02850877192982456
1 0.6758040935672515 0.772203947368421 0.011695906432748537 0.02357456140350877
1 0.988486842105263 0.8486842105263157 0.023026315789473683 0.03508771929824561
1 0.91703216374269 0.8486842105263157 0.021198830409356724 0.039473684210526314
1 0.8203581871345029 0.8379934210526315 0.028143274853801168 0.03453947368421052
1 0.6270102339181286 0.8558114035087718 0.017909356725146198 0.03179824561403509
1 0.5972222222222222 0.8558114035087718 0.02266081871345029 0.038377192982456135
1 0.5528143274853801 0.8588267543859649 0.01425438596491228 0.02905701754385965
1 0.5122441520467836 0.8604714912280701 0.017909356725146198 0.03125
1 0.45157163742690054 0.8612938596491228 0.031067251461988302 0.039473684210526314
1 0.41758040935672514 0.8618421052631579 0.028143274853801168 0.03618421052631579
1 0.3735380116959064 0.9838267543859649 0.012426900584795321 0.020285087719298246
1 0.6151315789473684 0.9731359649122806 0.013157894736842105 0.015350877192982455
1 0.6582602339181286 0.9599780701754386 0.015350877192982455 0.017543859649122806
1 0.9331140350877193 0.9673793859649122 0.023391812865497075 0.018092105263157895
1 0.8618421052631579 0.9621710526315789 0.015350877192982455 0.010964912280701754
