1 0.19828216374269006 0.02905701754385965 0.04057017543859649 0.05592105263157894
1 0.2666301169590643 0.08552631578947367 0.017909356725146198 0.03070175438596491
1 0.2978801169590643 0.2546600877192982 0.029970760233918127 0.0268640350877193
1 0.05226608187134503 0.30838815789473684 0.029239766081871343 0.03125
1 0.035270467836257306 0.33059210526315785 0.025219298245614034 0.03289473684210526
1 0.022478070175438597 0.37938596491228066 0.03691520467836257 0.044956140350877194
1 0.03125 0.8840460526315789 0.058845029239766075 0.05427631578947368
1 0.12554824561403508 0.8870614035087718 0.0398391812865497 0.04824561403508772
1 0.3711622807017544 0.24122807017543857 0.015716374269005847 0.023026315789473683
1 0.46235380116959063 0.25301535087719296 0.02046783625730994 0.03015350877192982
1 0.5317982456140351 0.23492324561403508 0.01608187134502924 0.0268640350877193
1 0.5707236842105263 0.2308114035087719 0.01864035087719298 0.017543859649122806
1 0.6034356725146198 0.2182017543859649 0.01827485380116959 0.017543859649122806
1 0.6547880116959064 0.2546600877192982 0.01644736842105263 0.0268640350877193
1 0.7556652046783625 0.21902412280701752 0.015716374269005847 0.0268640350877193
1 0.7432383040935672 0.12061403508771928 0.03764619883040936 0.07785087719298245
1 0.8550804093567251 0.22532894736842105 0.0062134502923976605 0.01644736842105263
1 0.802266081871345 0.22807017543859648 0.01023391812865497 0.013157894736842105
1 0.9468201754385964 0.2256030701754386 0.009868421052631578 0.018092105263157895
1 0.9914108187134503 0.3640350877192982 0.017178362573099414 0.015350877192982455
1 0.825657894736842 0.34594298245614036 0.01023391812865497 0.019736842105263157
1 0.7593201754385964 0.35334429824561403 0.020833333333333332 0.018092105263157895
1 0.7328216374269005 0.35910087719298245 0.008771929824561403 0.020833333333333332
1 0.6235380116959064 0.3678728070175438 0.014619883040935672 0.015350877192982455
1 0.5957602339181286 0.36348684210526316 0.011695906432748537 0.023026315789473683
1 0.47953216374269003 0.37938596491228066 0.011695906432748537 0.01644736842105263
1 0.4009502923976608 0.3802083333333333 0.01608187134502924 0.014802631578947368
1 0.3777412280701754 0.37280701754385964 0.01425438596491228 0.017543859649122806
1 0.3081140350877193 0.3692434210526316 0.02046783625730994 0.022478070175438597
1 0.2810672514619883 0.5010964912280701 0.023391812865497075 0.05592105263157894
1 0.320906432748538 0.48876096491228066 0.03874269005847953 0.05098684210526316
1 0.4296418128654971 0.4799890350877193 0.042763157894736836 0.05537280701754386
1 0.46875 0.49780701754385964 0.03399122807017543 0.05043859649122807
1 0.5414839181286549 0.48684210526315785 0.049342105263157895 0.0537280701754386
1 0.5692616959064327 0.4728618421052631 0.035453216374269 0.0400219298245614
1 0.5244883040935672 0.6208881578947368 0.02850877192982456 0.013706140350877192
1 0.6758040935672515 0.49616228070175433 0.041666666666666664 0.06140350877192982
1 0.7119883040935672 0.4895833333333333 0.0402046783625731 0.0537280701754386
1 0.7222222222222222 0.5893640350877193 0.009502923976608187 0.019736842105263157
1 0.8413742690058479 0.4651864035087719 0.03289473684210526 0.04769736842105263
1 0.8662280701754386 0.49780701754385964 0.03435672514619883 0.05701754385964912
1 0.9205043859649122 0.4709429824561403 0.0398391812865497 0.042763157894736836
1 0.9813596491228069 0.4819078947368421 0.031432748538011694 0.03289473684210526
1 0.9903143274853801 0.6987390350877193 0.010599415204678362 0.022478070175438597
1 0.9468201754385964 0.7055921052631579 0.014985380116959063 0.013157894736842105
1 0.7934941520467835 0.7228618421052632 0.011695906432748537 0.018092105263157895
1 0.6807383040935672 0.7256030701754386 0.012792397660818713 0.020285087719298246
1 0.6440058479532164 0.7387609649122807 0.017543859649122806 0.02796052631578947
1 0.6030701754385964 0.7275219298245613 0.006578947368421052 0.010964912280701754
1 0.5508040935672515 0.7236842105263157 0.016812865497076022 0.019736842105263157
1 0.47441520467836257 0.71875 0.017543859649122806 0.01644736842105263
1 0.4228801169590643 0.725328947368421 0.02046783625730994 0.023026315789473683
1 0.3463084795321637 0.7280701754385964 0.014985380116959063 0.017543859649122806
1 0.28125 0.75 0.017909356725146198 0.02412280701754386
1 0.28618421052631576 0.8462171052631579 0.0445906432748538 0.07182017543859649
1 0.32383040935672514 0.8574561403508771 0.027046783625730993 0.04057017543859649
1 0.35800438596491224 0.8549890350877193 0.052997076023391806 0.07182017543859649
1 0.3848684210526316 0.8396381578947368 0.04093567251461988 0.07182017543859649
1 0.41118421052631576 0.8612938596491228 0.04678362573099415 0.08333333333333333
1 0.4619883040935672 0.8615679824561403 0.046052631578947366 0.0762061403508772
1 0.4921418128654971 0.8368969298245613 0.035453216374269 0.06853070175438596
1 0.5303362573099415 0.859923245614035 0.05263157894736842 0.04769736842105263
1 0.5663377192982456 0.8571820175438596 0.0442251461988304 0.06743421052631579
1 0.6547880116959064 0.8591008771929824 0.06396198830409357 0.08662280701754385
1 0.7494517543859649 0.8577302631578947 0.029605263157894735 0.06633771929824561
1 0.78125 0.8621162280701754 0.02887426900584795 0.10142543859649122
1 0.8989400584795321 0.8640350877192982 0.055190058479532164 0.04714912280701754
1 0.9384137426900584 0.8514254385964912 0.05007309941520467 0.0800438596491228
1 0.9009502923976608 0.978344298245614 0.029970760233918127 0.038925438596491224
1 0.8413742690058479 0.9830043859649122 0.031432748538011694 0.03399122807017543
1 0.7578581871345029 0.9868421052631579 0.020833333333333332 0.02631578947368421
1 0.3850511695906432 0.9816337719298245 0.02887426900584795 0.03673245614035087
1 0.9263523391812865 0.057839912280701754 0.025219298245614034 0.0400219298245614
1 0.8720760233918128 0.01864035087719298 0.05043859649122807 0.03618421052631579
1 0.4954312865497076 0.04057017543859649 0.04203216374269006 0.0800438596491228
