1 0.06048976608187134 0.18996710526315788 0.014985380116959063 0.022478070175438597
1 0.9766081871345029 0.14967105263157893 0.0445906432748538 0.043859649122807015
1 0.7328216374269005 0.28344298245614036 0.027777777777777776 0.02412280701754386
1 0.9906798245614035 0.9081688596491228 0.02010233918128655 0.04989035087719298
1 0.3218201754385965 0.9736842105263157 0.042763157894736836 0.0537280701754386
1 0.90625 0.5356359649122807 0.042763157894736836 0.044956140350877194
1 0.6597222222222222 0.5180921052631579 0.02412280701754386 0.038377192982456135
1 0.6288377192982456 0.515625 0.029605263157894735 0.044407894736842105
1 0.5674342105263157 0.5227521929824561 0.0222953216374269 0.03344298245614035
1 0.48245614035087714 0.5093201754385964 0.02266081871345029 0.03070175438596491
1 0.4141081871345029 0.4884868421052631 0.014619883040935672 0.03399122807017543
1 0.3574561403508772 0.5063048245614035 0.02412280701754386 0.06085526315789473
1 0.20851608187134502 0.5183662280701754 0.04130116959064327 0.06304824561403509
1 0.24360380116959063 0.560032894736842 0.029605263157894735 0.05098684210526316
1 0.049707602339181284 0.5315241228070176 0.02412280701754386 0.03125
1 0.04258040935672514 0.7075109649122807 0.02887426900584795 0.03673245614035087
1 0.044956140350877194 0.8791118421052632 0.01827485380116959 0.0268640350877193
1 0.09027777777777778 0.841282894736842 0.024853801169590642 0.04769736842105263
