1 0.019554093567251463 0.08799342105263157 0.031067251461988302 0.0356359649122807
1 0.07328216374269006 0.0756578947368421 0.025219298245614034 0.03618421052631579
1 0.11769005847953215 0.0756578947368421 0.023391812865497075 0.02631578947368421
1 0.1732456140350877 0.09484649122807016 0.025584795321637425 0.03289473684210526
1 0.20796783625730994 0.0762061403508772 0.010964912280701754 0.017543859649122806
1 0.24652777777777776 0.0805921052631579 0.02887426900584795 0.038377192982456135
1 0.2759502923976608 0.09155701754385964 0.02412280701754386 0.038377192982456135
1 0.31779970760233917 0.042214912280701754 0.02010233918128655 0.029605263157894735
1 0.21290204678362573 0.19407894736842105 0.019371345029239765 0.019736842105263157
1 0.09320175438596491 0.21162280701754385 0.01827485380116959 0.019736842105263157
1 0.31451023391812866 0.3355263157894737 0.035453216374269 0.043859649122807015
1 0.18951023391812866 0.3525219298245614 0.025950292397660817 0.03289473684210526
1 0.21436403508771928 0.3262061403508772 0.05738304093567251 0.049342105263157895
1 0.16703216374269006 0.31359649122807015 0.025584795321637425 0.043859649122807015
1 0.12554824561403508 0.3218201754385965 0.03179824561403509 0.03728070175438596
1 0.08991228070175439 0.33059210526315785 0.019736842105263157 0.044956140350877194
1 0.06012426900584795 0.3355263157894737 0.027412280701754384 0.03618421052631579
1 0.019371345029239765 0.3401864035087719 0.029239766081871343 0.043311403508771926
1 0.06597222222222222 0.42434210526315785 0.01864035087719298 0.021929824561403508
1 0.01663011695906433 0.4915021929824561 0.02887426900584795 0.0400219298245614
1 0.11915204678362573 0.4358552631578947 0.014619883040935672 0.01425438596491228
1 0.17141812865497075 0.4512061403508772 0.019736842105263157 0.021929824561403508
1 0.21198830409356723 0.4662828947368421 0.021198830409356724 0.03453947368421052
1 0.26955409356725146 0.4377741228070175 0.012792397660818713 0.013706140350877192
1 0.3355263157894737 0.4621710526315789 0.016812865497076022 0.03399122807017543
1 0.27192982456140347 0.5400219298245613 0.016812865497076022 0.02631578947368421
1 0.023026315789473683 0.6968201754385964 0.03289473684210526 0.044956140350877194
1 0.046966374269005844 0.7072368421052632 0.03691520467836257 0.03728070175438596
1 0.10051169590643275 0.7077850877192982 0.027777777777777776 0.03179824561403509
1 0.17489035087719298 0.6992872807017544 0.028143274853801168 0.0400219298245614
1 0.20760233918128654 0.7116228070175438 0.038011695906432746 0.042763157894736836
1 0.24250730994152045 0.6831140350877193 0.03033625730994152 0.038377192982456135
1 0.29934210526315785 0.6817434210526315 0.019736842105263157 0.038925438596491224
1 0.31743421052631576 0.7231359649122807 0.03691520467836257 0.042763157894736836
1 0.3013523391812865 0.84375 0.01864035087719298 0.02631578947368421
1 0.08552631578947367 0.84375 0.029239766081871343 0.03399122807017543
1 0.011330409356725146 0.9331140350877193 0.021929824561403508 0.03618421052631579
1 0.09904970760233918 0.9306469298245613 0.024853801169590642 0.05098684210526316
1 0.14546783625730994 0.9353070175438596 0.019005847953216373 0.02631578947368421
1 0.24543128654970758 0.9407894736842105 0.02448830409356725 0.03728070175438596
1 0.3501461988304093 0.9407894736842105 0.029239766081871343 0.042763157894736836
1 0.21198830409356723 0.9202302631578947 0.027777777777777776 0.041118421052631575
1 0.8057383040935672 0.3171600877192982 0.02887426900584795 0.0400219298245614
1 0.638157894736842 0.3215460526315789 0.013157894736842105 0.022478070175438597
1 0.4512061403508772 0.34402412280701755 0.028143274853801168 0.03782894736842105
1 0.4468201754385965 0.4451754385964912 0.028143274853801168 0.03289473684210526
1 0.49762426900584794 0.42489035087719296 0.03399122807017543 0.0668859649122807
1 0.5572002923976608 0.3996710526315789 0.03691520467836257 0.06469298245614034
1 0.5307017543859649 0.44846491228070173 0.03216374269005848 0.03070175438596491
1 0.6109283625730993 0.4306469298245614 0.038377192982456135 0.07072368421052631
1 0.6588084795321637 0.4306469298245614 0.044956140350877194 0.06962719298245613
1 0.69828216374269 0.48684210526315785 0.025950292397660817 0.0668859649122807
1 0.7359283625730993 0.4065241228070175 0.049342105263157895 0.06743421052631579
1 0.7900219298245613 0.43530701754385964 0.05007309941520467 0.0668859649122807
1 0.8413742690058479 0.45751096491228066 0.04751461988304093 0.06304824561403509
1 0.8662280701754386 0.3771929824561403 0.0445906432748538 0.046052631578947366
1 0.8945540935672515 0.4174890350877193 0.04130116959064327 0.06524122807017543
1 0.9360380116959064 0.3887061403508772 0.041666666666666664 0.08662280701754385
1 0.9813596491228069 0.40679824561403505 0.027777777777777776 0.044956140350877194
1 0.9901315789473684 0.42434210526315785 0.019736842105263157 0.0800438596491228
1 0.9853801169590642 0.8262061403508771 0.029239766081871343 0.08881578947368421
1 0.9914108187134503 0.9777960526315789 0.017178362573099414 0.044407894736842105
1 0.7119883040935672 0.8799342105263157 0.04312865497076023 0.043859649122807015
