1 0.13998538011695905 0.0825109649122807 0.023391812865497075 0.048793859649122806
1 0.05317982456140351 0.07867324561403509 0.020833333333333332 0.03125
1 0.227156432748538 0.18612938596491227 0.055190058479532164 0.06085526315789473
1 0.21728801169590642 0.2741228070175438 0.01864035087719298 0.023026315789473683
1 0.2640716374269006 0.1683114035087719 0.035453216374269 0.0625
1 0.03618421052631579 0.7294407894736842 0.029239766081871343 0.05098684210526316
1 0.5122441520467836 0.1513157894736842 0.023757309941520467 0.05153508771929824
1 0.6546052631578947 0.12061403508771928 0.06652046783625731 0.0756578947368421
1 0.7143640350877193 0.11677631578947367 0.042763157894736836 0.05482456140350877
1 0.346125730994152 0.2905701754385965 0.01608187134502924 0.029605263157894735
1 0.59375 0.24342105263157893 0.017909356725146198 0.02631578947368421
1 0.8134137426900584 0.4473684210526315 0.04203216374269006 0.04824561403508772
1 0.6416301169590642 0.4616228070175438 0.032529239766081866 0.043859649122807015
1 0.5992324561403508 0.4643640350877193 0.03179824561403509 0.038377192982456135
1 0.5703581871345029 0.4794407894736842 0.027412280701754384 0.048793859649122806
1 0.439875730994152 0.4558662280701754 0.027412280701754384 0.03125
1 0.3828581871345029 0.46929824561403505 0.049342105263157895 0.0625
1 0.3603801169590643 0.518640350877193 0.02266081871345029 0.04057017543859649
1 0.2987938596491228 0.8020833333333333 0.04788011695906433 0.07675438596491227
1 0.4278143274853801 0.765625 0.038377192982456135 0.038925438596491224
1 0.4473684210526315 0.8980263157894737 0.014619883040935672 0.03070175438596491
1 0.59375 0.7765899122807017 0.03691520467836257 0.06962719298245613
1 0.7099780701754386 0.772203947368421 0.05153508771929824 0.06524122807017543
1 0.8051900584795321 0.7867324561403508 0.041666666666666664 0.05043859649122807
1 0.9629020467836257 0.8059210526315789 0.0398391812865497 0.05592105263157894
1 0.9661915204678362 0.3366228070175438 0.06761695906432748 0.07456140350877193
1 0.9395102339181286 0.24122807017543857 0.028143274853801168 0.03179824561403509
1 0.9413377192982456 0.0762061403508772 0.031067251461988302 0.044956140350877194
1 0.9722222222222222 0.10800438596491227 0.023391812865497075 0.03289473684210526
