1 0.22514619883040934 0.1299342105263158 0.016812865497076022 0.03179824561403509
1 0.1600877192982456 0.1493969298245614 0.010964912280701754 0.019188596491228067
1 0.059576023391812866 0.15625 0.009502923976608187 0.020833333333333332
1 0.03326023391812866 0.15652412280701752 0.01023391812865497 0.020285087719298246
1 0.02887426900584795 0.4608004385964912 0.012426900584795321 0.019188596491228067
1 0.07419590643274854 0.46984649122807015 0.021198830409356724 0.03728070175438596
1 0.17635233918128654 0.44709429824561403 0.027412280701754384 0.048793859649122806
1 0.22404970760233917 0.3714364035087719 0.03070175438596491 0.04769736842105263
1 0.26900584795321636 0.3796600877192982 0.02631578947368421 0.0356359649122807
1 0.2178362573099415 0.6252741228070176 0.029239766081871343 0.06743421052631579
1 0.11677631578947367 0.6206140350877193 0.038377192982456135 0.0625
1 0.09173976608187134 0.6071820175438596 0.027777777777777776 0.0400219298245614
1 0.05317982456140351 0.6025219298245613 0.02448830409356725 0.05592105263157894
1 0.11421783625730994 0.9846491228070174 0.03691520467836257 0.03070175438596491
1 0.6244517543859649 0.4325657894736842 0.034722222222222224 0.03289473684210526
1 0.7657163742690059 0.9851973684210525 0.029239766081871343 0.029605263157894735
