1 0.0796783625730994 0.4081688596491228 0.01608187134502924 0.02905701754385965
1 0.09137426900584794 0.4512061403508772 0.025584795321637425 0.02631578947368421
1 0.1372441520467836 0.5227521929824561 0.025950292397660817 0.05098684210526316
1 0.17927631578947367 0.4764254385964912 0.025950292397660817 0.03399122807017543
1 0.11677631578947367 0.6296600877192982 0.029605263157894735 0.0400219298245614
1 0.13194444444444445 0.6293859649122807 0.02046783625730994 0.042763157894736836
1 0.10014619883040934 0.7552083333333333 0.03654970760233918 0.041118421052631575
1 0.25493421052631576 0.6247258771929824 0.02448830409356725 0.02796052631578947
1 0.26133040935672514 0.7160087719298245 0.01827485380116959 0.020833333333333332
1 0.27540204678362573 0.48300438596491224 0.0398391812865497 0.03728070175438596
1 0.2578581871345029 0.39610745614035087 0.0266812865497076 0.038925438596491224
1 0.3110380116959064 0.3665021929824561 0.02266081871345029 0.0356359649122807
1 0.3954678362573099 0.4934210526315789 0.029239766081871343 0.039473684210526314
1 0.37609649122807015 0.6214364035087719 0.02266081871345029 0.03015350877192982
1 0.4336622807017544 0.7464364035087719 0.035453216374269 0.038925438596491224
1 0.44243421052631576 0.7190241228070176 0.0222953216374269 0.05317982456140351
1 0.4438961988304093 0.6233552631578947 0.025219298245614034 0.03289473684210526
1 0.45997807017543857 0.4270833333333333 0.0266812865497076 0.042763157894736836
1 0.4263523391812865 0.3525219298245614 0.025950292397660817 0.03618421052631579
1 0.49067982456140347 0.34100877192982454 0.02887426900584795 0.03399122807017543
1 0.5297880116959064 0.4915021929824561 0.028143274853801168 0.03782894736842105
1 0.5274122807017544 0.5896381578947368 0.021929824561403508 0.02905701754385965
1 0.5508040935672515 0.6022478070175439 0.02850877192982456 0.038925438596491224
1 0.5762061403508771 0.6115679824561403 0.019371345029239765 0.03015350877192982
1 0.5963084795321637 0.5940241228070176 0.025950292397660817 0.0268640350877193
1 0.51078216374269 0.6699561403508771 0.04130116959064327 0.0712719298245614
1 0.5847953216374269 0.7658991228070176 0.02046783625730994 0.042763157894736836
1 0.614766081871345 0.36348684210526316 0.01608187134502924 0.03289473684210526
1 0.6445540935672515 0.4777960526315789 0.025219298245614034 0.03125
1 0.6553362573099415 0.3042763157894737 0.025584795321637425 0.03508771929824561
1 0.15478801169590642 0.8168859649122806 0.03326023391812866 0.03179824561403509
1 0.1116593567251462 0.8262061403508771 0.04203216374269006 0.049342105263157895
1 0.06048976608187134 0.8396381578947368 0.0625 0.06195175438596491
1 0.03618421052631579 0.9553179824561403 0.027777777777777776 0.02357456140350877
1 0.1557017543859649 0.9575109649122806 0.02266081871345029 0.019188596491228067
1 0.17763157894736842 0.9720394736842105 0.01608187134502924 0.021929824561403508
1 0.20796783625730994 0.956140350877193 0.024853801169590642 0.03618421052631579
1 0.26078216374269003 0.981907894736842 0.017909356725146198 0.03070175438596491
1 0.6807383040935672 0.4602521929824561 0.03326023391812866 0.048793859649122806
1 0.6845760233918128 0.575657894736842 0.014619883040935672 0.029605263157894735
1 0.7213084795321637 0.7053179824561403 0.019371345029239765 0.024671052631578948
1 0.7593201754385964 0.5981359649122807 0.017909356725146198 0.03070175438596491
1 0.7108918128654971 0.5805921052631579 0.011695906432748537 0.02850877192982456
1 0.752375730994152 0.48245614035087714 0.02010233918128655 0.044956140350877194
1 0.8066520467836257 0.34237938596491224 0.02412280701754386 0.02905701754385965
1 0.8174342105263157 0.6959978070175438 0.012792397660818713 0.016995614035087717
1 0.831140350877193 0.6036184210526315 0.015350877192982455 0.03399122807017543
1 0.875548245614035 0.6869517543859649 0.028143274853801168 0.03289473684210526
1 0.9345760233918128 0.6992872807017544 0.019736842105263157 0.03453947368421052
1 0.9934210526315789 0.7053179824561403 0.013157894736842105 0.0400219298245614
1 0.9115497076023391 0.6077302631578947 0.02412280701754386 0.02357456140350877
1 0.9300073099415204 0.5553728070175439 0.01864035087719298 0.03179824561403509
1 0.8828581871345029 0.32593201754385964 0.0222953216374269 0.03125
1 0.8989400584795321 0.3667763157894737 0.020833333333333332 0.03070175438596491
1 0.9502923976608186 0.3824013157894737 0.017543859649122806 0.05866228070175438
1 0.9879385964912281 0.5942982456140351 0.02412280701754386 0.03618421052631579
