1 0.04733187134502924 0.10307017543859648 0.05080409356725146 0.0625
1 0.04239766081871345 0.1875 0.007309941520467836 0.023026315789473683
1 0.47368421052631576 0.15871710526315788 0.008771929824561403 0.018092105263157895
1 0.408625730994152 0.2746710526315789 0.033625730994152045 0.044956140350877194
1 0.3057383040935672 0.29523026315789475 0.038377192982456135 0.06853070175438596
1 0.26571637426900585 0.3996710526315789 0.00804093567251462 0.01425438596491228
1 0.3115862573099415 0.4018640350877193 0.004751461988304093 0.013157894736842105
1 0.4780701754385965 0.48684210526315785 0.05043859649122807 0.0756578947368421
1 0.42050438596491224 0.4934210526315789 0.04057017543859649 0.041666666666666664
1 0.3958333333333333 0.4846491228070175 0.014619883040935672 0.021929824561403508
1 0.36239035087719296 0.5054824561403508 0.01864035087719298 0.05043859649122807
1 0.2704678362573099 0.525219298245614 0.023391812865497075 0.021929824561403508
1 0.24177631578947367 0.53125 0.020833333333333332 0.06030701754385964
1 0.20906432748538012 0.5087719298245614 0.02266081871345029 0.0537280701754386
1 0.14656432748538012 0.5128837719298245 0.01827485380116959 0.0400219298245614
1 0.12591374269005848 0.5263157894736842 0.031067251461988302 0.04714912280701754
1 0.0625 0.5219298245614035 0.025584795321637425 0.046052631578947366
1 0.3223684210526316 0.8379934210526315 0.014619883040935672 0.0268640350877193
1 0.3603801169590643 0.8558114035087718 0.02631578947368421 0.044956140350877194
1 0.375 0.8536184210526315 0.011695906432748537 0.021929824561403508
1 0.6465643274853801 0.07154605263157894 0.013888888888888888 0.022478070175438597
1 0.7997076023391813 0.04797149122807017 0.016812865497076022 0.015899122807017545
1 0.7050438596491228 0.1787280701754386 0.023391812865497075 0.03179824561403509
1 0.8656798245614035 0.1425438596491228 0.03033625730994152 0.04057017543859649
1 0.7485380116959064 0.2631578947368421 0.013157894736842105 0.025219298245614034
1 0.6240862573099415 0.2889254385964912 0.01644736842105263 0.025219298245614034
1 0.833516081871345 0.34813596491228066 0.012792397660818713 0.02631578947368421
1 0.9824561403508771 0.4495614035087719 0.014619883040935672 0.017543859649122806
1 0.79203216374269 0.47834429824561403 0.016812865497076022 0.0268640350877193
1 0.6162280701754386 0.48876096491228066 0.016812865497076022 0.0268640350877193
1 0.6200657894736842 0.6140350877192982 0.02010233918128655 0.02631578947368421
1 0.65625 0.5901864035087719 0.014985380116959063 0.021381578947368418
1 0.69828216374269 0.5849780701754386 0.013523391812865496 0.017543859649122806
1 0.7596856725146198 0.5858004385964912 0.02010233918128655 0.019188596491228067
1 0.8188961988304093 0.5879934210526315 0.01644736842105263 0.015899122807017545
1 0.9188596491228069 0.5814144736842105 0.007309941520467836 0.015899122807017545
1 0.8550804093567251 0.7012061403508771 0.01644736842105263 0.021929824561403508
1 0.8887061403508771 0.6992872807017544 0.015716374269005847 0.014802631578947368
1 0.9448099415204678 0.7003837719298245 0.008771929824561403 0.013706140350877192
1 0.7119883040935672 0.7146381578947368 0.01608187134502924 0.018092105263157895
1 0.6900584795321637 0.7151864035087719 0.014619883040935672 0.02357456140350877
1 0.6626461988304093 0.7138157894736842 0.016812865497076022 0.020833333333333332
1 0.6416301169590642 0.7209429824561403 0.013523391812865496 0.013157894736842105
1 0.6074561403508771 0.7324561403508771 0.014619883040935672 0.021929824561403508
1 0.8318713450292398 0.7151864035087719 0.01608187134502924 0.018092105263157895
1 0.7715643274853801 0.7228618421052632 0.013888888888888888 0.014802631578947368
1 0.7353801169590642 0.7316337719298245 0.016812865497076022 0.016995614035087717
1 0.9468201754385964 0.7963267543859649 0.02010233918128655 0.03782894736842105
1 0.8983918128654971 0.8193530701754386 0.021929824561403508 0.0356359649122807
1 0.8379020467836257 0.8146929824561403 0.02448830409356725 0.03289473684210526
1 0.7967836257309941 0.8144188596491228 0.02266081871345029 0.0356359649122807
1 0.7622441520467835 0.8327850877192982 0.020833333333333332 0.03289473684210526
1 0.7563961988304093 0.8103070175438596 0.025219298245614034 0.041666666666666664
1 0.6900584795321637 0.8081140350877193 0.029239766081871343 0.043859649122807015
1 0.6611842105263157 0.822094298245614 0.031432748538011694 0.045504385964912276
1 0.6781798245614035 0.9309210526315789 0.020833333333333332 0.03179824561403509
