1 0.4415204678362573 0.024671052631578948 0.03289473684210526 0.04714912280701754
1 0.51078216374269 0.04413377192982456 0.023757309941520467 0.02796052631578947
1 0.54203216374269 0.04961622807017543 0.02046783625730994 0.03125
1 0.627375730994152 0.03782894736842105 0.0222953216374269 0.01864035087719298
1 0.6626461988304093 0.01864035087719298 0.013888888888888888 0.01425438596491228
1 0.71875 0.044956140350877194 0.007675438596491228 0.021929824561403508
1 0.8951023391812865 0.022478070175438597 0.023391812865497075 0.019736842105263157
1 0.7578581871345029 0.13404605263157893 0.01864035087719298 0.0268640350877193
1 0.969298245614035 0.022478070175438597 0.017543859649122806 0.041666666666666664
1 0.9950657894736842 0.020833333333333332 0.009868421052631578 0.039473684210526314
1 0.9619883040935672 0.09402412280701754 0.02412280701754386 0.0400219298245614
1 0.8505116959064327 0.9734100877192982 0.03435672514619883 0.05317982456140351
1 0.8221856725146198 0.9906798245614035 0.023026315789473683 0.01864035087719298
1 0.6953581871345029 0.9821820175438596 0.01864035087719298 0.0356359649122807
1 0.6206140350877193 0.9736842105263157 0.04239766081871345 0.05263157894736842
1 0.5762061403508771 0.9827302631578947 0.03326023391812866 0.03453947368421052
