1 0.03380847953216374 0.7138157894736842 0.0266812865497076 0.038377192982456135
1 0.019554093567251463 0.8059210526315789 0.03691520467836257 0.03618421052631579
1 0.1372441520467836 0.7146381578947368 0.03033625730994152 0.022478070175438597
1 0.12591374269005848 0.8144188596491228 0.020833333333333332 0.021381578947368418
1 0.20650584795321636 0.7228618421052632 0.01608187134502924 0.03125
1 0.23739035087719296 0.7099780701754386 0.03399122807017543 0.03289473684210526
1 0.2357456140350877 0.8111293859649122 0.02631578947368421 0.024671052631578948
1 0.3364400584795321 0.6885964912280701 0.028143274853801168 0.038377192982456135
1 0.3150584795321637 0.8305921052631579 0.02850877192982456 0.03289473684210526
1 0.35526315789473684 0.8440241228070176 0.023391812865497075 0.05317982456140351
1 0.4199561403508772 0.8390899122807017 0.01608187134502924 0.022478070175438597
1 0.5254020467836257 0.8349780701754386 0.014985380116959063 0.03070175438596491
1 0.5992324561403508 0.7683662280701754 0.0537280701754386 0.0981359649122807
1 0.5873538011695906 0.6847587719298245 0.01827485380116959 0.021929824561403508
1 0.6226242690058479 0.6869517543859649 0.01644736842105263 0.02850877192982456
1 0.6884137426900584 0.8349780701754386 0.025219298245614034 0.03618421052631579
1 0.7178362573099415 0.7220394736842105 0.02266081871345029 0.03508771929824561
1 0.7470760233918128 0.8237390350877193 0.025584795321637425 0.045504385964912276
1 0.7934941520467835 0.6781798245614035 0.01608187134502924 0.015350877192982455
1 0.768640350877193 0.8977521929824561 0.02412280701754386 0.0356359649122807
1 0.8589181286549707 0.8393640350877193 0.017543859649122806 0.03070175438596491
1 0.85453216374269 0.6740679824561403 0.013157894736842105 0.02576754385964912
1 0.9071637426900584 0.924890350877193 0.025584795321637425 0.03399122807017543
1 0.9842836257309941 0.7919407894736842 0.011695906432748537 0.016995614035087717
1 0.9950657894736842 0.7234100877192982 0.009868421052631578 0.0268640350877193
1 0.8432017543859649 0.9925986842105262 0.02631578947368421 0.014802631578947368
1 0.7123538011695906 0.9396929824561403 0.03070175438596491 0.041666666666666664
1 0.6567982456140351 0.9424342105263157 0.023391812865497075 0.03070175438596491
1 0.5727339181286549 0.975328947368421 0.019005847953216373 0.03179824561403509
1 0.42872807017543857 0.9353070175438596 0.02266081871345029 0.03070175438596491
1 0.3262061403508772 0.9646381578947368 0.023757309941520467 0.022478070175438597
1 0.31451023391812866 0.9734100877192982 0.015716374269005847 0.0356359649122807
1 0.23428362573099415 0.9802631578947368 0.017543859649122806 0.039473684210526314
1 0.17671783625730994 0.9303728070175438 0.028143274853801168 0.021929824561403508
1 0.09173976608187134 0.9797149122807017 0.024853801169590642 0.03728070175438596
