1 0.06652046783625731 0.0712719298245614 0.01608187134502924 0.02412280701754386
1 0.10361842105263157 0.06743421052631579 0.02010233918128655 0.03618421052631579
1 0.17726608187134502 0.07017543859649122 0.013888888888888888 0.02412280701754386
1 0.20650584795321636 0.05866228070175438 0.013888888888888888 0.03618421052631579
1 0.2538377192982456 0.07428728070175439 0.014985380116959063 0.019188596491228067
1 0.2759502923976608 0.10279605263157894 0.01023391812865497 0.0268640350877193
1 0.33735380116959063 0.2099780701754386 0.021929824561403508 0.03070175438596491
1 0.2569444444444444 0.22998903508771928 0.03508771929824561 0.042214912280701754
1 0.2978801169590643 0.18969298245614033 0.017543859649122806 0.02412280701754386
1 0.1820175438596491 0.20148026315789472 0.01023391812865497 0.03015350877192982
1 0.06652046783625731 0.21408991228070173 0.019005847953216373 0.03015350877192982
1 0.1067251461988304 0.31880482456140347 0.01608187134502924 0.02576754385964912
1 0.1611842105263158 0.31030701754385964 0.013888888888888888 0.02631578947368421
1 0.2002923976608187 0.3020833333333333 0.010964912280701754 0.025219298245614034
1 0.18804824561403508 0.3889802631578947 0.029605263157894735 0.048793859649122806
1 0.23282163742690057 0.30098684210526316 0.02046783625730994 0.03399122807017543
1 0.2671783625730994 0.29906798245614036 0.013157894736842105 0.02576754385964912
1 0.36257309941520466 0.3020833333333333 0.021929824561403508 0.029605263157894735
1 0.2631578947368421 0.41913377192982454 0.01827485380116959 0.06414473684210525
1 0.2940423976608187 0.49725877192982454 0.05080409356725146 0.06469298245614034
1 0.13432017543859648 0.5608552631578947 0.0398391812865497 0.06798245614035087
1 0.3472222222222222 0.5575657894736842 0.02412280701754386 0.03508771929824561
1 0.06103801169590643 0.7053179824561403 0.019736842105263157 0.02576754385964912
1 0.15716374269005848 0.671875 0.019736842105263157 0.016995614035087717
1 0.1509502923976608 0.7859100877192982 0.02046783625730994 0.013706140350877192
1 0.22076023391812866 0.7815241228070176 0.012426900584795321 0.018092105263157895
1 0.3432017543859649 0.6743421052631579 0.014619883040935672 0.017543859649122806
1 0.38048245614035087 0.7946820175438596 0.02412280701754386 0.013706140350877192
1 0.023391812865497075 0.8001644736842105 0.012426900584795321 0.016995614035087717
1 0.07383040935672514 0.925986842105263 0.039473684210526314 0.05263157894736842
1 0.1109283625730994 0.928453947368421 0.034722222222222224 0.044407894736842105
1 0.23739035087719296 0.8977521929824561 0.032529239766081866 0.04989035087719298
1 0.2596856725146199 0.9243421052631579 0.0398391812865497 0.0581140350877193
1 0.3159722222222222 0.8996710526315789 0.04349415204678363 0.04057017543859649
1 0.3784722222222222 0.9161184210526315 0.028143274853801168 0.03728070175438596
1 0.4707602339181286 0.04989035087719298 0.011695906432748537 0.017543859649122806
1 0.5464181286549707 0.031524122807017545 0.021198830409356724 0.018092105263157895
1 0.5595760233918128 0.03782894736842105 0.01608187134502924 0.029605263157894735
1 0.6089181286549707 0.03179824561403509 0.010964912280701754 0.025219298245614034
1 0.6489400584795322 0.00932017543859649 0.01644736842105263 0.017543859649122806
1 0.6845760233918128 0.007675438596491228 0.01827485380116959 0.013157894736842105
1 0.7108918128654971 0.023026315789473683 0.016812865497076022 0.02412280701754386
1 0.7412280701754386 0.023300438596491228 0.02266081871345029 0.02357456140350877
1 0.7788742690058479 0.018366228070175437 0.02850877192982456 0.0268640350877193
1 0.8075657894736842 0.04468201754385965 0.021564327485380116 0.022478070175438597
1 0.8501461988304093 0.0268640350877193 0.021198830409356724 0.02631578947368421
1 0.9033260233918128 0.023026315789473683 0.0222953216374269 0.020833333333333332
1 0.9565058479532164 0.009046052631578948 0.024853801169590642 0.014802631578947368
1 0.9736842105263157 0.03179824561403509 0.02850877192982456 0.01425438596491228
1 0.6162280701754386 0.4213267543859649 0.02631578947368421 0.0268640350877193
1 0.5127923976608186 0.5246710526315789 0.015350877192982455 0.043859649122807015
1 0.7273391812865496 0.5405701754385964 0.03070175438596491 0.049342105263157895
1 0.7737573099415205 0.5359100877192983 0.029239766081871343 0.018092105263157895
1 0.9442616959064327 0.5542763157894737 0.039108187134502925 0.05921052631578947
1 0.9535818713450291 0.4317434210526316 0.02046783625730994 0.024671052631578948
1 0.7759502923976608 0.653782894736842 0.038011695906432746 0.0400219298245614
1 0.6480263157894737 0.6496710526315789 0.025584795321637425 0.038377192982456135
1 0.5288742690058479 0.6696820175438596 0.04093567251461988 0.0400219298245614
1 0.47404970760233917 0.8133223684210525 0.023391812865497075 0.0356359649122807
1 0.7185672514619883 0.75 0.021929824561403508 0.023026315789473683
1 0.5307017543859649 0.872532894736842 0.01023391812865497 0.02905701754385965
1 0.4685672514619883 0.8974780701754386 0.01608187134502924 0.013157894736842105
1 0.7938596491228069 0.7933114035087719 0.021198830409356724 0.025219298245614034
1 0.8282163742690059 0.794407894736842 0.019736842105263157 0.017543859649122806
1 0.8631213450292398 0.7590460526315789 0.02887426900584795 0.0356359649122807
1 0.91703216374269 0.768640350877193 0.023391812865497075 0.027412280701754384
1 0.971125730994152 0.7680921052631579 0.027777777777777776 0.021929824561403508
1 0.9809941520467835 0.8042763157894737 0.01827485380116959 0.023026315789473683
1 0.9870248538011696 0.9018640350877193 0.025950292397660817 0.02631578947368421
1 0.6255482456140351 0.8752741228070174 0.012792397660818713 0.022478070175438597
1 0.5942982456140351 0.8908991228070174 0.012426900584795321 0.017543859649122806
1 0.8589181286549707 0.9854714912280701 0.03289473684210526 0.02905701754385965
1 0.8125 0.9901315789473684 0.038011695906432746 0.019736842105263157
1 0.614766081871345 0.9906798245614035 0.023391812865497075 0.01864035087719298
1 0.4751461988304093 0.9934210526315789 0.023391812865497075 0.013157894736842105
