1 0.1288377192982456 0.3908991228070175 0.01864035087719298 0.03399122807017543
1 0.16885964912280702 0.39747807017543857 0.013888888888888888 0.02850877192982456
1 0.19736842105263158 0.38843201754385964 0.015350877192982455 0.03125
1 0.2739400584795321 0.39747807017543857 0.017909356725146198 0.02631578947368421
1 0.3475877192982456 0.3933662280701754 0.02046783625730994 0.03125
1 0.3638523391812865 0.3958333333333333 0.01425438596491228 0.03070175438596491
1 0.4199561403508772 0.40487938596491224 0.02631578947368421 0.03673245614035087
1 0.4844663742690058 0.3914473684210526 0.01864035087719298 0.02631578947368421
1 0.7070540935672515 0.39473684210526316 0.023026315789473683 0.03179824561403509
1 0.7425073099415205 0.3711622807017544 0.017178362573099414 0.023026315789473683
1 0.6407163742690059 0.3840460526315789 0.025584795321637425 0.0356359649122807
1 0.5645102339181286 0.37746710526315785 0.017178362573099414 0.024671052631578948
1 0.7850877192982456 0.4037828947368421 0.02046783625730994 0.024671052631578948
1 0.11038011695906433 0.08114035087719298 0.02266081871345029 0.03289473684210526
1 0.23519736842105263 0.1781798245614035 0.04349415204678363 0.05701754385964912
1 0.5380116959064327 0.04769736842105263 0.019736842105263157 0.03508771929824561
1 0.8125 0.04961622807017543 0.023391812865497075 0.0400219298245614
