1 0.09484649122807016 0.0581140350877193 0.019371345029239765 0.020833333333333332
1 0.14016812865497075 0.0581140350877193 0.042763157894736836 0.05153508771929824
1 0.20248538011695905 0.04961622807017543 0.013157894736842105 0.022478070175438597
1 0.22989766081871343 0.057839912280701754 0.01023391812865497 0.012609649122807017
1 0.42050438596491224 0.026589912280701754 0.035453216374269 0.04989035087719298
1 0.5049342105263157 0.02850877192982456 0.020833333333333332 0.02850877192982456
1 0.39364035087719296 0.1313048245614035 0.06286549707602339 0.05208333333333333
1 0.33059210526315785 0.13788377192982457 0.01644736842105263 0.038925438596491224
1 0.10197368421052631 0.171875 0.027046783625730993 0.042214912280701754
1 0.02448830409356725 0.3045504385964912 0.021198830409356724 0.03015350877192982
1 0.0625 0.2845394736842105 0.019736842105263157 0.02631578947368421
1 0.09173976608187134 0.27960526315789475 0.027777777777777776 0.03728070175438596
1 0.15880847953216373 0.3040021929824561 0.04130116959064327 0.03125
1 0.29934210526315785 0.303453947368421 0.021198830409356724 0.03453947368421052
1 0.32072368421052627 0.27521929824561403 0.021564327485380116 0.029605263157894735
1 0.4126461988304093 0.2746710526315789 0.025584795321637425 0.02412280701754386
1 0.49031432748538006 0.3144188596491228 0.023757309941520467 0.03344298245614035
1 0.5277777777777778 0.2508223684210526 0.039473684210526314 0.06085526315789473
1 0.512609649122807 0.4103618421052631 0.032529239766081866 0.038925438596491224
1 0.48391812865497075 0.4024122807017544 0.017543859649122806 0.03070175438596491
1 0.45650584795321636 0.40625 0.019005847953216373 0.039473684210526314
1 0.42817982456140347 0.4013157894736842 0.028143274853801168 0.03508771929824561
1 0.3980263157894737 0.4161184210526316 0.029970760233918127 0.020833333333333332
1 0.3735380116959064 0.4202302631578947 0.016812865497076022 0.0268640350877193
1 0.34027777777777773 0.40871710526315785 0.02046783625730994 0.024671052631578948
1 0.3192616959064327 0.4046052631578947 0.01864035087719298 0.02850877192982456
1 0.2891081871345029 0.3900767543859649 0.033625730994152045 0.0356359649122807
1 0.25529970760233917 0.3980263157894737 0.021564327485380116 0.03728070175438596
1 0.2222222222222222 0.4226973684210526 0.014619883040935672 0.03289473684210526
1 0.18804824561403508 0.4147478070175438 0.035453216374269 0.03125
1 0.1421783625730994 0.41968201754385964 0.021929824561403508 0.048793859649122806
1 0.0268640350877193 0.40679824561403505 0.028143274853801168 0.03618421052631579
1 0.08552631578947367 0.5049342105263157 0.015350877192982455 0.013157894736842105
1 0.023940058479532164 0.6318530701754386 0.0062134502923976605 0.022478070175438597
1 0.0756578947368421 0.6340460526315789 0.017543859649122806 0.022478070175438597
1 0.13523391812865496 0.49616228070175433 0.013888888888888888 0.023026315789473683
1 0.22843567251461988 0.506578947368421 0.013157894736842105 0.01644736842105263
1 0.21436403508771928 0.6099232456140351 0.009868421052631578 0.018092105263157895
1 0.24269005847953215 0.6260964912280701 0.007309941520467836 0.01206140350877193
1 0.2637061403508772 0.6027960526315789 0.010599415204678362 0.013706140350877192
1 0.3428362573099415 0.6403508771929824 0.015350877192982455 0.020833333333333332
1 0.34375 0.48218201754385964 0.009868421052631578 0.013706140350877192
1 0.3711622807017544 0.4915021929824561 0.010599415204678362 0.012609649122807017
1 0.3530701754385965 0.6091008771929824 0.00804093567251462 0.019736842105263157
1 0.4292763157894737 0.7058662280701754 0.019371345029239765 0.03125
1 0.4199561403508772 0.48218201754385964 0.013888888888888888 0.024671052631578948
1 0.5179093567251462 0.4915021929824561 0.01608187134502924 0.018092105263157895
1 0.4707602339181286 0.6096491228070176 0.013888888888888888 0.015350877192982455
1 0.01663011695906433 0.7209429824561403 0.023026315789473683 0.025219298245614034
1 0.057200292397660814 0.8135964912280701 0.031067251461988302 0.02631578947368421
1 0.10599415204678361 0.813048245614035 0.007309941520467836 0.027412280701754384
1 0.18512426900584794 0.8212719298245613 0.02010233918128655 0.03618421052631579
1 0.13029970760233917 0.9109100877192982 0.055190058479532164 0.07182017543859649
1 0.2149122807017544 0.8826754385964912 0.02046783625730994 0.05043859649122807
1 0.3291301169590643 0.8040021929824561 0.015716374269005847 0.0268640350877193
1 0.3965643274853801 0.9015899122807017 0.02850877192982456 0.046600877192982455
1 0.518640350877193 0.8122258771929824 0.02412280701754386 0.03125
1 0.5254020467836257 0.9018640350877193 0.029605263157894735 0.0625
1 0.6317616959064327 0.04194078947368421 0.0222953216374269 0.0268640350877193
1 0.6589912280701754 0.046875 0.011695906432748537 0.021381578947368418
1 0.6860380116959064 0.02905701754385965 0.012426900584795321 0.021929824561403508
1 0.7280701754385964 0.03179824561403509 0.015350877192982455 0.021929824561403508
1 0.9365862573099415 0.020833333333333332 0.01644736842105263 0.025219298245614034
1 0.9883040935672514 0.046600877192982455 0.01608187134502924 0.01864035087719298
1 0.9276315789473684 0.12527412280701752 0.019005847953216373 0.018092105263157895
1 0.8989400584795321 0.12527412280701752 0.01864035087719298 0.013706140350877192
1 0.7891081871345029 0.13843201754385964 0.02046783625730994 0.03125
1 0.7578581871345029 0.14802631578947367 0.017909356725146198 0.025219298245614034
1 0.7090643274853801 0.14473684210526316 0.019005847953216373 0.021929824561403508
1 0.6822002923976608 0.15487938596491227 0.013523391812865496 0.019188596491228067
1 0.6597222222222222 0.1650219298245614 0.016812865497076022 0.01644736842105263
1 0.6059941520467836 0.17242324561403508 0.021929824561403508 0.041118421052631575
1 0.6176900584795322 0.2774122807017544 0.021198830409356724 0.042763157894736836
1 0.6845760233918128 0.2768640350877193 0.019736842105263157 0.021929824561403508
1 0.8163377192982456 0.22998903508771928 0.025950292397660817 0.0400219298245614
1 0.8101242690058479 0.2924890350877193 0.038377192982456135 0.044407894736842105
1 0.9004020467836257 0.23656798245614033 0.025219298245614034 0.03782894736842105
1 0.9031432748538011 0.2949561403508772 0.024853801169590642 0.03179824561403509
1 0.9336622807017544 0.21655701754385964 0.03399122807017543 0.03618421052631579
1 0.9579678362573099 0.24177631578947367 0.023391812865497075 0.01644736842105263
1 0.9453581871345029 0.350328947368421 0.021564327485380116 0.044956140350877194
1 0.991593567251462 0.3527960526315789 0.016812865497076022 0.046600877192982455
1 0.6127558479532164 0.41118421052631576 0.025950292397660817 0.03728070175438596
1 0.6328581871345029 0.40213815789473684 0.025219298245614034 0.0400219298245614
1 0.6206140350877193 0.490953947368421 0.023391812865497075 0.05317982456140351
1 0.6533260233918128 0.4265350877192982 0.027412280701754384 0.03179824561403509
1 0.674890350877193 0.37938596491228066 0.032529239766081866 0.049342105263157895
1 0.7149122807017544 0.46875 0.019005847953216373 0.02631578947368421
1 0.7520102339181286 0.46847587719298245 0.019371345029239765 0.024671052631578948
1 0.7777777777777777 0.4265350877192982 0.031432748538011694 0.042763157894736836
1 0.7987938596491228 0.3977521929824561 0.032529239766081866 0.0356359649122807
1 0.677266081871345 0.5008223684210527 0.015350877192982455 0.016995614035087717
1 0.712719298245614 0.5175438596491228 0.024853801169590642 0.039473684210526314
1 0.8477704678362573 0.4827302631578947 0.03691520467836257 0.05427631578947368
1 0.8697002923976608 0.45614035087719296 0.03326023391812866 0.04824561403508772
1 0.969298245614035 0.4558662280701754 0.024853801169590642 0.03125
1 0.985562865497076 0.48547149122807015 0.02887426900584795 0.03782894736842105
1 0.9886695906432748 0.6450109649122807 0.019005847953216373 0.022478070175438597
1 0.9053362573099415 0.6521381578947368 0.03216374269005848 0.044407894736842105
1 0.7222222222222222 0.5668859649122807 0.016812865497076022 0.015350877192982455
1 0.6538742690058479 0.578125 0.015350877192982455 0.014802631578947368
1 0.6988304093567251 0.674890350877193 0.016812865497076022 0.02631578947368421
1 0.7138157894736842 0.6858552631578947 0.017543859649122806 0.029605263157894735
1 0.6376096491228069 0.7933114035087719 0.025950292397660817 0.021929824561403508
1 0.6582602339181286 0.7856359649122806 0.011695906432748537 0.017543859649122806
1 0.6854897660818713 0.7845394736842105 0.02010233918128655 0.02412280701754386
1 0.7671783625730993 0.7678179824561403 0.019736842105263157 0.014802631578947368
1 0.7964181286549707 0.7708333333333333 0.01827485380116959 0.01425438596491228
1 0.8285818713450291 0.7724780701754386 0.014619883040935672 0.013157894736842105
1 0.8740862573099415 0.7724780701754386 0.015716374269005847 0.013157894736842105
1 0.8980263157894737 0.765625 0.009502923976608187 0.011513157894736841
1 0.9276315789473684 0.7637061403508771 0.01023391812865497 0.008771929824561403
1 0.9532163742690059 0.7606907894736842 0.017543859649122806 0.02576754385964912
1 0.9643640350877193 0.7845394736842105 0.019371345029239765 0.027412280701754384
1 0.9780701754385964 0.8692434210526315 0.01827485380116959 0.013706140350877192
1 0.9599780701754386 0.8615679824561403 0.025219298245614034 0.03234649122807017
1 0.8901681286549707 0.8596491228070176 0.025950292397660817 0.03399122807017543
1 0.8252923976608186 0.8703399122807017 0.011695906432748537 0.024671052631578948
1 0.7578581871345029 0.8706140350877193 0.019371345029239765 0.02631578947368421
1 0.6938961988304093 0.8752741228070174 0.014985380116959063 0.015899122807017545
1 0.6494883040935672 0.8977521929824561 0.03654970760233918 0.042214912280701754
1 0.7569444444444444 0.9517543859649122 0.011695906432748537 0.008771929824561403
1 0.7832602339181286 0.9621710526315789 0.010964912280701754 0.010964912280701754
1 0.8177997076023391 0.959703947368421 0.011330409356725146 0.00932017543859649
1 0.96875 0.9756030701754386 0.015716374269005847 0.008223684210526315
1 0.8538011695906432 0.9695723684210525 0.013157894736842105 0.012609649122807017
1 0.993969298245614 0.9487390350877193 0.01206140350877193 0.011513157894736841
