1 0.02631578947368421 0.1825657894736842 0.023391812865497075 0.03618421052631579
1 0.06487573099415204 0.18777412280701752 0.015716374269005847 0.0268640350877193
1 0.12061403508771928 0.19846491228070173 0.021929824561403508 0.04714912280701754
1 0.15752923976608185 0.19682017543859648 0.01608187134502924 0.019736842105263157
1 0.1915204678362573 0.1836622807017544 0.024853801169590642 0.03728070175438596
1 0.16319444444444445 0.4202302631578947 0.0266812865497076 0.042214912280701754
1 0.12353801169590642 0.41721491228070173 0.01827485380116959 0.017543859649122806
1 0.08698830409356725 0.4109100877192982 0.02266081871345029 0.022478070175438597
1 0.03654970760233918 0.3308662280701754 0.008771929824561403 0.018092105263157895
1 0.01023391812865497 0.4174890350877193 0.015350877192982455 0.0268640350877193
1 0.03216374269005848 0.5200109649122807 0.027046783625730993 0.03782894736842105
1 0.09466374269005848 0.5512609649122807 0.015350877192982455 0.024671052631578948
1 0.133406432748538 0.5542763157894737 0.014619883040935672 0.043859649122807015
1 0.18110380116959063 0.509594298245614 0.023026315789473683 0.06195175438596491
1 0.19883040935672514 0.6258223684210525 0.01827485380116959 0.043311403508771926
1 0.18055555555555555 0.7524671052631579 0.01023391812865497 0.020285087719298246
1 0.2182017543859649 0.9605263157894737 0.02631578947368421 0.03399122807017543
1 0.1875 0.9684758771929824 0.03435672514619883 0.03453947368421052
1 0.15423976608187134 0.9690241228070174 0.019005847953216373 0.0400219298245614
1 0.14309210526315788 0.9649122807017543 0.020833333333333332 0.02631578947368421
1 0.0884502923976608 0.9698464912280701 0.021198830409356724 0.03179824561403509
1 0.04678362573099415 0.9673793859649122 0.02266081871345029 0.0356359649122807
1 0.6107456140350876 0.08717105263157894 0.023391812865497075 0.03618421052631579
1 0.49689327485380114 0.12582236842105263 0.009868421052631578 0.019188596491228067
1 0.6895102339181286 0.12362938596491227 0.01206140350877193 0.019188596491228067
1 0.7167397660818713 0.12966008771929824 0.013157894736842105 0.013706140350877192
1 0.7441520467836257 0.10663377192982455 0.013888888888888888 0.02576754385964912
1 0.8051900584795321 0.10553728070175437 0.011695906432748537 0.016995614035087717
1 0.8813961988304093 0.07428728070175439 0.029605263157894735 0.03344298245614035
1 0.9082602339181286 0.08278508771929824 0.027777777777777776 0.03508771929824561
1 0.2984283625730994 0.21271929824561403 0.017909356725146198 0.03399122807017543
1 0.32675438596491224 0.21463815789473684 0.012426900584795321 0.013706140350877192
1 0.3565423976608187 0.2376644736842105 0.01206140350877193 0.016995614035087717
1 0.40826023391812866 0.2294407894736842 0.016812865497076022 0.014802631578947368
1 0.4815423976608187 0.21957236842105263 0.01206140350877193 0.016995614035087717
1 0.5347222222222222 0.23547149122807015 0.011695906432748537 0.016995614035087717
1 0.596125730994152 0.22998903508771928 0.011695906432748537 0.018092105263157895
1 0.6270102339181286 0.2118969298245614 0.011330409356725146 0.015899122807017545
1 0.6763523391812866 0.21271929824561403 0.017178362573099414 0.019736842105263157
1 0.7076023391812865 0.21052631578947367 0.012426900584795321 0.023026315789473683
1 0.7587719298245613 0.21025219298245612 0.011695906432748537 0.013706140350877192
1 0.7810672514619883 0.22176535087719296 0.014619883040935672 0.018092105263157895
1 0.8682383040935672 0.33251096491228066 0.020833333333333332 0.03344298245614035
1 0.846125730994152 0.328125 0.019005847953216373 0.024671052631578948
1 0.5789473684210527 0.33031798245614036 0.01608187134502924 0.024671052631578948
1 0.5550073099415205 0.33360745614035087 0.017178362573099414 0.013706140350877192
1 0.481359649122807 0.319078947368421 0.017543859649122806 0.025219298245614034
1 0.4024122807017544 0.350328947368421 0.01827485380116959 0.02412280701754386
1 0.3638523391812865 0.3355263157894737 0.013523391812865496 0.03399122807017543
1 0.3399122807017544 0.3352521929824561 0.016812865497076022 0.0268640350877193
1 0.4921418128654971 0.42872807017543857 0.01864035087719298 0.0537280701754386
1 0.6107456140350876 0.4202302631578947 0.012426900584795321 0.012609649122807017
1 0.8296783625730993 0.41063596491228066 0.03070175438596491 0.03179824561403509
1 0.8472222222222222 0.41721491228070173 0.012426900584795321 0.01644736842105263
1 0.7567616959064327 0.5175438596491228 0.01425438596491228 0.01425438596491228
1 0.6313961988304093 0.5189144736842105 0.013523391812865496 0.010416666666666666
1 0.4223318713450292 0.6052631578947368 0.034722222222222224 0.042763157894736836
1 0.7807017543859649 0.5276864035087719 0.011695906432748537 0.012609649122807017
1 0.8145102339181286 0.6535087719298245 0.014985380116959063 0.01644736842105263
1 0.7520102339181286 0.6340460526315789 0.01206140350877193 0.022478070175438597
1 0.6425438596491228 0.6609100877192982 0.017543859649122806 0.022478070175438597
1 0.37993421052631576 0.6631030701754386 0.014985380116959063 0.024671052631578948
1 0.33150584795321636 0.6683114035087719 0.01608187134502924 0.02412280701754386
1 0.9228801169590642 0.7680921052631579 0.02631578947368421 0.02412280701754386
1 0.8548976608187134 0.7532894736842105 0.024853801169590642 0.019736842105263157
1 0.7993421052631579 0.7458881578947368 0.015350877192982455 0.018092105263157895
1 0.7461622807017544 0.756578947368421 0.01644736842105263 0.013157894736842105
1 0.6951754385964912 0.7741228070175438 0.014619883040935672 0.01644736842105263
1 0.6220760233918128 0.756578947368421 0.013157894736842105 0.015350877192982455
1 0.5826023391812866 0.7680921052631579 0.01608187134502924 0.013157894736842105
1 0.5244883040935672 0.7637061403508771 0.01827485380116959 0.017543859649122806
1 0.4985380116959064 0.763157894736842 0.01608187134502924 0.013157894736842105
1 0.4047880116959064 0.765625 0.01206140350877193 0.016995614035087717
1 0.34484649122807015 0.846765350877193 0.020833333333333332 0.03015350877192982
1 0.3651315789473684 0.853344298245614 0.016812865497076022 0.0356359649122807
1 0.43512426900584794 0.8401864035087718 0.021564327485380116 0.02576754385964912
1 0.49031432748538006 0.8445723684210525 0.01864035087719298 0.02357456140350877
1 0.5352704678362573 0.8368969298245613 0.014985380116959063 0.042214912280701754
1 0.5990497076023391 0.8368969298245613 0.017543859649122806 0.03234649122807017
1 0.63578216374269 0.8308662280701754 0.020833333333333332 0.0356359649122807
1 0.6977339181286549 0.8264802631578947 0.01608187134502924 0.0356359649122807
1 0.8046418128654971 0.831140350877193 0.02887426900584795 0.03179824561403509
1 0.8589181286549707 0.8242872807017544 0.021929824561403508 0.019188596491228067
