1 0.05866228070175438 0.046875 0.032529239766081866 0.0268640350877193
1 0.14455409356725146 0.04797149122807017 0.023757309941520467 0.03015350877192982
1 0.21235380116959063 0.05592105263157894 0.02266081871345029 0.03618421052631579
1 0.25548245614035087 0.03453947368421052 0.015350877192982455 0.02631578947368421
1 0.27247807017543857 0.06304824561403509 0.0266812865497076 0.021929824561403508
1 0.2934941520467836 0.01507675438596491 0.021929824561403508 0.02357456140350877
1 0.3706140350877193 0.0537280701754386 0.019736842105263157 0.03179824561403509
1 0.22953216374269003 0.1631030701754386 0.021198830409356724 0.0268640350877193
1 0.9932383040935672 0.7543859649122806 0.023757309941520467 0.02850877192982456
1 0.9071637426900584 0.7543859649122806 0.023391812865497075 0.03618421052631579
1 0.8759137426900584 0.9106359649122806 0.019371345029239765 0.041666666666666664
1 0.7534722222222222 0.8870614035087718 0.0442251461988304 0.0668859649122807
1 0.6942616959064327 0.7590460526315789 0.04568713450292397 0.05317982456140351
1 0.7538377192982456 0.7702850877192982 0.03618421052631579 0.04057017543859649
1 0.6582602339181286 0.7733004385964912 0.02631578947368421 0.03015350877192982
