1 0.07401315789473684 0.3665021929824561 0.03033625730994152 0.0356359649122807
1 0.07328216374269006 0.25109649122807015 0.025950292397660817 0.025219298245614034
1 0.1065423976608187 0.2494517543859649 0.03179824561403509 0.02850877192982456
1 0.17032163742690057 0.2584978070175438 0.021929824561403508 0.03782894736842105
1 0.16885964912280702 0.3840460526315789 0.011695906432748537 0.05975877192982456
1 0.30957602339181284 0.24150219298245612 0.019005847953216373 0.022478070175438597
1 0.3609283625730994 0.37911184210526316 0.04788011695906433 0.05537280701754386
1 0.4184941520467836 0.29221491228070173 0.023391812865497075 0.042763157894736836
1 0.34173976608187134 0.2563048245614035 0.02412280701754386 0.024671052631578948
1 0.37554824561403505 0.21957236842105263 0.025219298245614034 0.02576754385964912
1 0.3989400584795321 0.21244517543859648 0.0222953216374269 0.03344298245614035
1 0.4307383040935672 0.18996710526315788 0.02448830409356725 0.024671052631578948
1 0.5063961988304093 0.3555372807017544 0.017909356725146198 0.048793859649122806
1 0.5677997076023391 0.21957236842105263 0.03618421052631579 0.03453947368421052
1 0.6001461988304093 0.19873903508771928 0.027046783625730993 0.04989035087719298
1 0.6288377192982456 0.3209978070175438 0.03179824561403509 0.044407894736842105
1 0.6626461988304093 0.22395833333333331 0.02046783625730994 0.038925438596491224
1 0.6758040935672515 0.16529605263157893 0.02266081871345029 0.0356359649122807
1 0.827485380116959 0.18475877192982454 0.027777777777777776 0.023026315789473683
1 0.8196271929824561 0.25301535087719296 0.021564327485380116 0.013706140350877192
1 0.8726242690058479 0.21299342105263155 0.02448830409356725 0.03125
1 0.9088084795321637 0.16091008771929824 0.01864035087719298 0.0400219298245614
1 0.9263523391812865 0.20778508771929824 0.02887426900584795 0.03399122807017543
1 0.9590643274853801 0.30372807017543857 0.021198830409356724 0.044956140350877194
1 0.952485380116959 0.21957236842105263 0.017543859649122806 0.022478070175438597
1 0.9751461988304093 0.18804824561403508 0.023391812865497075 0.04057017543859649
