1 0.11842105263157894 0.016721491228070175 0.01023391812865497 0.015899122807017545
1 0.377375730994152 0.11485745614035087 0.014985380116959063 0.021381578947368418
1 0.3393640350877193 0.12746710526315788 0.015716374269005847 0.0268640350877193
1 0.18951023391812866 0.140625 0.01864035087719298 0.021381578947368418
1 0.04824561403508772 0.1713267543859649 0.019005847953216373 0.04769736842105263
1 0.0537280701754386 0.2774122807017544 0.059941520467836254 0.08552631578947367
1 0.14985380116959063 0.27658991228070173 0.03216374269005848 0.06304824561403509
1 0.17781432748538012 0.2749451754385965 0.029605263157894735 0.09594298245614034
1 0.2940423976608187 0.28618421052631576 0.05153508771929824 0.0537280701754386
1 0.33497807017543857 0.27001096491228066 0.04130116959064327 0.07072368421052631
1 0.3072002923976608 0.40350877192982454 0.023026315789473683 0.03508771929824561
1 0.26809210526315785 0.48218201754385964 0.01425438596491228 0.018092105263157895
1 0.35891812865497075 0.6236293859649122 0.03216374269005848 0.07401315789473684
1 0.40679824561403505 0.6282894736842105 0.05116959064327485 0.05921052631578947
1 0.2353801169590643 0.4915021929824561 0.008771929824561403 0.018092105263157895
1 0.17434210526315788 0.5068530701754386 0.01023391812865497 0.0268640350877193
1 0.1524122807017544 0.5054824561403508 0.015350877192982455 0.02412280701754386
1 0.17434210526315788 0.6296600877192982 0.03070175438596491 0.06962719298245613
1 0.10307017543859648 0.49122807017543857 0.019005847953216373 0.02412280701754386
1 0.15862573099415203 0.3952850877192982 0.016812865497076022 0.03399122807017543
1 0.04239766081871345 0.9736842105263157 0.02412280701754386 0.02631578947368421
1 0.06195175438596491 0.9912280701754386 0.025950292397660817 0.017543859649122806
1 0.017178362573099414 0.8758223684210525 0.009502923976608187 0.02357456140350877
1 0.06304824561403509 0.7316337719298245 0.009137426900584795 0.02576754385964912
1 0.019554093567251463 0.7658991228070176 0.009137426900584795 0.017543859649122806
1 0.1597222222222222 0.9904057017543859 0.019736842105263157 0.019188596491228067
1 0.12353801169590642 0.7198464912280701 0.011695906432748537 0.019736842105263157
1 0.2850877192982456 0.9890350877192982 0.021198830409356724 0.021929824561403508
1 0.17580409356725146 0.7365679824561403 0.013157894736842105 0.019188596491228067
1 0.2324561403508772 0.7568530701754386 0.010964912280701754 0.024671052631578948
1 0.283625730994152 0.7724780701754386 0.010964912280701754 0.02631578947368421
1 0.320906432748538 0.9821820175438596 0.03435672514619883 0.0356359649122807
1 0.3192616959064327 0.7746710526315789 0.01864035087719298 0.02631578947368421
1 0.35197368421052627 0.7341008771929824 0.019005847953216373 0.020833333333333332
1 0.7185672514619883 0.023026315789473683 0.03216374269005848 0.03179824561403509
1 0.5818713450292398 0.0381030701754386 0.023391812865497075 0.0356359649122807
1 0.5478801169590642 0.14336622807017543 0.04532163742690058 0.06195175438596491
1 0.49616228070175433 0.13623903508771928 0.03326023391812866 0.05208333333333333
1 0.6421783625730993 0.13486842105263158 0.02631578947368421 0.049342105263157895
1 0.7286184210526315 0.125 0.048611111111111105 0.05043859649122807
1 0.7708333333333333 0.15186403508771928 0.029239766081871343 0.039473684210526314
1 0.8042763157894737 0.14967105263157893 0.042763157894736836 0.049342105263157895
1 0.8305921052631579 0.13404605263157893 0.03764619883040936 0.05866228070175438
1 0.8530701754385964 0.1318530701754386 0.03070175438596491 0.046600877192982455
1 0.8726242690058479 0.1225328947368421 0.032529239766081866 0.04989035087719298
1 0.8799342105263157 0.22971491228070173 0.025219298245614034 0.02412280701754386
1 0.9415204678362572 0.1074561403508772 0.0402046783625731 0.0581140350877193
1 0.9798976608187134 0.09210526315789473 0.0402046783625731 0.039473684210526314
1 0.9307383040935672 0.37033991228070173 0.02887426900584795 0.046600877192982455
1 0.8965643274853801 0.3692434210526316 0.025584795321637425 0.0356359649122807
1 0.7456140350877193 0.34429824561403505 0.019005847953216373 0.03508771929824561
1 0.6390716374269005 0.38130482456140347 0.032529239766081866 0.03673245614035087
1 0.5791301169590642 0.36622807017543857 0.028143274853801168 0.02850877192982456
1 0.5297880116959064 0.3558114035087719 0.025950292397660817 0.04714912280701754
1 0.48739035087719296 0.41063596491228066 0.03179824561403509 0.04824561403508772
1 0.4707602339181286 0.4621710526315789 0.014619883040935672 0.025219298245614034
1 0.5307017543859649 0.484375 0.01608187134502924 0.02357456140350877
1 0.5537280701754386 0.47560307017543857 0.01608187134502924 0.024671052631578948
1 0.5975877192982456 0.4649122807017544 0.027046783625730993 0.039473684210526314
1 0.643640350877193 0.4838267543859649 0.025584795321637425 0.03344298245614035
1 0.722953216374269 0.459703947368421 0.039473684210526314 0.038925438596491224
1 0.7867324561403508 0.5046600877192983 0.01644736842105263 0.022478070175438597
1 0.8326023391812865 0.49588815789473684 0.027777777777777776 0.03125
1 0.8832236842105262 0.4605263157894737 0.02448830409356725 0.01864035087719298
1 0.9047880116959064 0.47834429824561403 0.010599415204678362 0.021381578947368418
1 0.9583333333333333 0.45997807017543857 0.039473684210526314 0.039473684210526314
1 0.9155701754385964 0.7184758771929824 0.014619883040935672 0.021381578947368418
1 0.8174342105263157 0.6458333333333333 0.0222953216374269 0.03070175438596491
1 0.7298976608187134 0.6269188596491228 0.019736842105263157 0.010416666666666666
1 0.6792763157894737 0.6324013157894737 0.021564327485380116 0.02576754385964912
1 0.6299342105263157 0.5918311403508771 0.014985380116959063 0.015899122807017545
1 0.4784356725146199 0.6178728070175439 0.017543859649122806 0.01644736842105263
1 0.6063596491228069 0.753015350877193 0.027046783625730993 0.03125
1 0.7622441520467835 0.7234100877192982 0.028143274853801168 0.0400219298245614
1 0.5467836257309941 0.703125 0.01608187134502924 0.0268640350877193
1 0.4886695906432748 0.984375 0.017543859649122806 0.02357456140350877
1 0.5873538011695906 0.978344298245614 0.023391812865497075 0.03015350877192982
1 0.6776315789473684 0.9550438596491228 0.016812865497076022 0.029605263157894735
1 0.7777777777777777 0.9640899122807017 0.019005847953216373 0.021381578947368418
1 0.8788377192982456 0.9580592105263157 0.017909356725146198 0.02905701754385965
1 0.9205043859649122 0.9764254385964912 0.01206140350877193 0.025219298245614034
1 0.9826388888888888 0.9821820175438596 0.034722222222222224 0.0356359649122807
