1 0.061586257309941515 0.6483004385964912 0.017909356725146198 0.02796052631578947
1 0.012244152046783625 0.806469298245614 0.01206140350877193 0.01644736842105263
1 0.44828216374269003 0.3925438596491228 0.027412280701754384 0.046052631578947366
1 0.518640350877193 0.3733552631578947 0.02266081871345029 0.029605263157894735
1 0.5972222222222222 0.4199561403508772 0.02266081871345029 0.029605263157894735
1 0.44243421052631576 0.7900219298245613 0.02448830409356725 0.03728070175438596
1 0.5630482456140351 0.7184758771929824 0.014985380116959063 0.03015350877192982
1 0.471125730994152 0.7324561403508771 0.01608187134502924 0.03070175438596491
1 0.6957236842105263 0.4199561403508772 0.02010233918128655 0.021929824561403508
1 0.7582236842105263 0.3692434210526316 0.02010233918128655 0.02576754385964912
1 0.7938596491228069 0.5049342105263157 0.021929824561403508 0.039473684210526314
1 0.9175804093567251 0.3925438596491228 0.0222953216374269 0.046052631578947366
1 0.988486842105263 0.34347587719298245 0.023026315789473683 0.048793859649122806
1 0.9278143274853801 0.6428179824561403 0.032529239766081866 0.05427631578947368
1 0.9031432748538011 0.7129934210526315 0.021929824561403508 0.03015350877192982
1 0.7584064327485379 0.7118969298245613 0.017543859649122806 0.02796052631578947
