1 0.48391812865497075 0.01781798245614035 0.01827485380116959 0.013706140350877192
1 0.27247807017543857 0.05866228070175438 0.031067251461988302 0.042763157894736836
1 0.24013157894736842 0.05866228070175438 0.01608187134502924 0.02850877192982456
1 0.10508040935672514 0.06304824561403509 0.049342105263157895 0.07785087719298245
1 0.18165204678362573 0.11239035087719297 0.008771929824561403 0.021929824561403508
1 0.03125 0.07346491228070175 0.025219298245614034 0.03070175438596491
1 0.017178362573099414 0.1683114035087719 0.008771929824561403 0.013157894736842105
1 0.05116959064327485 0.18969298245614033 0.016812865497076022 0.021929824561403508
1 0.13194444444444445 0.16968201754385964 0.016812865497076022 0.020285087719298246
1 0.20413011695906433 0.14336622807017543 0.009868421052631578 0.018092105263157895
1 0.15899122807017543 0.28125 0.017543859649122806 0.038377192982456135
1 0.2225877192982456 0.28371710526315785 0.025584795321637425 0.05098684210526316
1 0.29970760233918126 0.13596491228070173 0.01023391812865497 0.019736842105263157
1 0.2838084795321637 0.26809210526315785 0.03691520467836257 0.02631578947368421
1 0.3326023391812865 0.26781798245614036 0.029239766081871343 0.042214912280701754
1 0.3951023391812865 0.25054824561403505 0.027046783625730993 0.044956140350877194
1 0.4141081871345029 0.26343201754385964 0.016812865497076022 0.05975877192982456
1 0.37262426900584794 0.1751644736842105 0.05226608187134503 0.05208333333333333
1 0.4232456140350877 0.15487938596491227 0.011695906432748537 0.020285087719298246
1 0.4672880116959064 0.1513157894736842 0.010599415204678362 0.021929824561403508
1 0.4643640350877193 0.24342105263157893 0.025950292397660817 0.04714912280701754
1 0.4994517543859649 0.2584978070175438 0.02010233918128655 0.03453947368421052
1 0.5157163742690059 0.35334429824561403 0.02850877192982456 0.05317982456140351
1 0.4775219298245614 0.37938596491228066 0.05080409356725146 0.07785087719298245
1 0.40679824561403505 0.390625 0.025584795321637425 0.03453947368421052
1 0.3574561403508772 0.381578947368421 0.02412280701754386 0.038377192982456135
1 0.3188961988304093 0.375 0.023757309941520467 0.044956140350877194
1 0.2730263157894737 0.36567982456140347 0.025584795321637425 0.043859649122807015
1 0.25054824561403505 0.4065241228070175 0.027412280701754384 0.0356359649122807
1 0.1509502923976608 0.3769188596491228 0.027046783625730993 0.03782894736842105
1 0.18457602339181287 0.39747807017543857 0.01827485380116959 0.02850877192982456
1 0.08442982456140351 0.3826754385964912 0.03728070175438596 0.04714912280701754
1 0.15716374269005848 0.518640350877193 0.01827485380116959 0.01644736842105263
1 0.1787280701754386 0.5441337719298245 0.014619883040935672 0.02576754385964912
1 0.38669590643274854 0.47176535087719296 0.01608187134502924 0.02357456140350877
1 0.5122441520467836 0.5254934210526315 0.012792397660818713 0.02576754385964912
1 0.3987573099415204 0.6027960526315789 0.014619883040935672 0.018092105263157895
1 0.3291301169590643 0.5693530701754386 0.023757309941520467 0.046600877192982455
1 0.3188961988304093 0.6233552631578947 0.032529239766081866 0.049342105263157895
1 0.18859649122807015 0.631578947368421 0.0533625730994152 0.09320175438596491
1 0.11842105263157894 0.6162280701754386 0.011695906432748537 0.023026315789473683
1 0.0884502923976608 0.625 0.04312865497076023 0.06798245614035087
1 0.04678362573099415 0.7727521929824561 0.014619883040935672 0.03125
1 0.12353801169590642 0.7856359649122806 0.021198830409356724 0.043859649122807015
1 0.15277777777777776 0.7521929824561403 0.009502923976608187 0.021929824561403508
1 0.18841374269005848 0.756578947368421 0.01864035087719298 0.03289473684210526
1 0.29203216374269003 0.7563048245614035 0.015350877192982455 0.05208333333333333
1 0.31743421052631576 0.7192982456140351 0.015716374269005847 0.021929824561403508
1 0.38633040935672514 0.7324561403508771 0.015350877192982455 0.03618421052631579
1 0.4473684210526315 0.7297149122807017 0.009502923976608187 0.023026315789473683
1 0.48300438596491224 0.7190241228070176 0.025219298245614034 0.044407894736842105
1 0.5254020467836257 0.7050438596491228 0.03326023391812866 0.04057017543859649
1 0.0268640350877193 0.8144188596491228 0.009868421052631578 0.016995614035087717
1 0.4442616959064327 0.8031798245614035 0.03179824561403509 0.043859649122807015
1 0.3983918128654971 0.8308662280701754 0.027777777777777776 0.04769736842105263
1 0.34466374269005845 0.8308662280701754 0.029239766081871343 0.048793859649122806
1 0.31816520467836257 0.8336074561403508 0.025950292397660817 0.03782894736842105
1 0.26461988304093564 0.8177083333333333 0.02046783625730994 0.048793859649122806
1 0.24798976608187134 0.837719298245614 0.02448830409356725 0.046052631578947366
1 0.2178362573099415 0.8399122807017544 0.021198830409356724 0.043859649122807015
1 0.18658625730994152 0.8333333333333333 0.029605263157894735 0.044956140350877194
1 0.12554824561403508 0.8327850877192982 0.025219298245614034 0.03618421052631579
1 0.08552631578947367 0.846765350877193 0.03070175438596491 0.04989035087719298
1 0.04349415204678363 0.8645833333333333 0.014619883040935672 0.017543859649122806
1 0.04641812865497076 0.9484649122807017 0.03435672514619883 0.05592105263157894
1 0.07529239766081872 0.9649122807017543 0.029970760233918127 0.041666666666666664
1 0.12591374269005848 0.9621710526315789 0.02010233918128655 0.03399122807017543
1 0.14948830409356725 0.9377741228070174 0.021929824561403508 0.0400219298245614
1 0.1869517543859649 0.9375 0.042763157894736836 0.05153508771929824
1 0.2622441520467836 0.9449013157894737 0.03326023391812866 0.05317982456140351
1 0.2911184210526316 0.9369517543859649 0.020833333333333332 0.029605263157894735
1 0.31451023391812866 0.9734100877192982 0.02448830409356725 0.05317982456140351
1 0.3262061403508772 0.9199561403508771 0.052997076023391806 0.049342105263157895
1 0.3711622807017544 0.953125 0.03326023391812866 0.04989035087719298
1 0.41703216374269003 0.9451754385964912 0.02850877192982456 0.06798245614035087
1 0.450109649122807 0.9583333333333333 0.028143274853801168 0.041666666666666664
1 0.46984649122807015 0.9303728070175438 0.019371345029239765 0.05592105263157894
1 0.9864766081871345 0.023300438596491228 0.027046783625730993 0.041118421052631575
1 0.9111842105263157 0.048793859649122806 0.03654970760233918 0.03618421052631579
1 0.8843201754385964 0.054550438596491224 0.05080409356725146 0.05756578947368421
1 0.8887061403508771 0.08552631578947367 0.04057017543859649 0.042763157894736836
1 0.8326023391812865 0.04797149122807017 0.021929824561403508 0.04989035087719298
1 0.7768640350877193 0.044956140350877194 0.04130116959064327 0.0537280701754386
1 0.6822002923976608 0.061129385964912276 0.054459064327485374 0.06962719298245613
1 0.6533260233918128 0.15213815789473684 0.01644736842105263 0.022478070175438597
1 0.7134502923976608 0.14912280701754385 0.021929824561403508 0.021929824561403508
1 0.7578581871345029 0.14802631578947367 0.04057017543859649 0.039473684210526314
1 0.8457602339181286 0.20833333333333331 0.03216374269005848 0.05482456140350877
1 0.9155701754385964 0.24342105263157893 0.03728070175438596 0.0581140350877193
1 0.8879751461988303 0.26973684210526316 0.03618421052631579 0.03289473684210526
1 0.9780701754385964 0.36184210526315785 0.029239766081871343 0.029605263157894735
1 0.9033260233918128 0.37993421052631576 0.035453216374269 0.0537280701754386
1 0.9901315789473684 0.4695723684210526 0.019736842105263157 0.03015350877192982
1 0.7949561403508771 0.36567982456140347 0.027777777777777776 0.02412280701754386
1 0.7637061403508771 0.3889802631578947 0.019371345029239765 0.041118421052631575
1 0.6001461988304093 0.3692434210526316 0.021929824561403508 0.02357456140350877
1 0.7403143274853801 0.5019188596491228 0.02448830409356725 0.03782894736842105
1 0.7001096491228069 0.6252741228070176 0.029605263157894735 0.044407894736842105
1 0.7359283625730993 0.6115679824561403 0.03691520467836257 0.042214912280701754
1 0.7768640350877193 0.6025219298245613 0.0266812865497076 0.03728070175438596
1 0.8042763157894737 0.6208881578947368 0.0266812865497076 0.0400219298245614
1 0.8384502923976608 0.5915570175438596 0.027777777777777776 0.041666666666666664
1 0.8667763157894737 0.5959429824561403 0.023757309941520467 0.04714912280701754
1 0.9126461988304093 0.5893640350877193 0.027046783625730993 0.020833333333333332
1 0.9431652046783625 0.5833333333333333 0.03033625730994152 0.041666666666666664
1 0.9888523391812865 0.6022478070175439 0.0222953216374269 0.038925438596491224
1 0.9881213450292398 0.7143640350877193 0.023757309941520467 0.03289473684210526
1 0.958516081871345 0.7075109649122807 0.01864035087719298 0.024671052631578948
1 0.9155701754385964 0.7053179824561403 0.019736842105263157 0.019188596491228067
1 0.8726242690058479 0.7190241228070176 0.017178362573099414 0.03125
1 0.8530701754385964 0.7220394736842105 0.017543859649122806 0.027412280701754384
1 0.8355263157894737 0.7371162280701754 0.029970760233918127 0.03125
1 0.7923976608187134 0.7294407894736842 0.031432748538011694 0.038925438596491224
1 0.7613304093567251 0.7234100877192982 0.02046783625730994 0.02905701754385965
1 0.7192982456140351 0.7234100877192982 0.02046783625730994 0.0400219298245614
1 0.6717836257309941 0.7275219298245613 0.02631578947368421 0.03618421052631579
1 0.6915204678362573 0.8456688596491228 0.03874269005847953 0.05208333333333333
1 0.8843201754385964 0.8061951754385964 0.035453216374269 0.048793859649122806
1 0.9146564327485379 0.8193530701754386 0.05592105263157894 0.06085526315789473
1 0.9859283625730993 0.8179824561403508 0.028143274853801168 0.06140350877192982
1 0.9307383040935672 0.9331140350877193 0.03326023391812866 0.03399122807017543
1 0.8519736842105262 0.962719298245614 0.03289473684210526 0.05701754385964912
1 0.8046418128654971 0.966282894736842 0.023757309941520467 0.0356359649122807
1 0.6836622807017544 0.9018640350877193 0.02010233918128655 0.021929824561403508
