1 0.5323464912280701 0.5981359649122807 0.048611111111111105 0.05592105263157894
1 0.9736842105263157 0.5712719298245613 0.013157894736842105 0.03070175438596491
1 0.6995614035087719 0.35471491228070173 0.021929824561403508 0.025219298245614034
1 0.47697368421052627 0.3843201754385965 0.008771929824561403 0.013157894736842105
1 0.4047880116959064 0.4147478070175438 0.0398391812865497 0.06633771929824561
1 0.48044590643274854 0.3484100877192982 0.04349415204678363 0.06085526315789473
1 0.3711622807017544 0.35663377192982454 0.04130116959064327 0.07510964912280702
1 0.32328216374269003 0.3782894736842105 0.025219298245614034 0.04714912280701754
1 0.26955409356725146 0.3977521929824561 0.03033625730994152 0.05208333333333333
1 0.31012426900584794 0.20778508771929824 0.07346491228070175 0.0625
1 0.03033625730994152 0.5109649122807017 0.02412280701754386 0.039473684210526314
1 0.023026315789473683 0.622532894736842 0.007309941520467836 0.02576754385964912
1 0.025950292397660817 0.7510964912280701 0.02046783625730994 0.029605263157894735
1 0.11805555555555555 1 0.01023391812865497 0.0268640350877193
1 0.14163011695906433 0.375 0.04788011695906433 0.05921052631578947
1 0.17781432748538012 0.39473684210526316 0.028143274853801168 0.03618421052631579
1 0.22076023391812866 0.37472587719298245 0.035818713450292396 0.07072368421052631
1 0.1509502923976608 0.6088267543859649 0.015350877192982455 0.02796052631578947
