1 0.8843201754385964 0.0800438596491228 0.03179824561403509 0.04714912280701754
1 0.8422880116959064 0.06907894736842105 0.020833333333333332 0.03179824561403509
1 0.7549342105263157 0.09594298245614034 0.025219298245614034 0.02850877192982456
1 0.69828216374269 0.06058114035087719 0.025219298245614034 0.03125
1 0.8037280701754386 0.1806469298245614 0.02412280701754386 0.03015350877192982
1 0.612390350877193 0.06798245614035087 0.02887426900584795 0.03728070175438596
1 0.5581140350877193 0.05317982456140351 0.016812865497076022 0.01864035087719298
1 0.5288742690058479 0.06332236842105263 0.02266081871345029 0.03234649122807017
1 0.5049342105263157 0.06359649122807018 0.025219298245614034 0.038377192982456135
1 0.42817982456140347 0.06277412280701754 0.04130116959064327 0.0356359649122807
1 0.36239035087719296 0.05427631578947368 0.03326023391812866 0.046052631578947366
1 0.32766812865497075 0.07182017543859649 0.025950292397660817 0.042763157894736836
1 0.29989035087719296 0.056195175438596486 0.029605263157894735 0.0356359649122807
1 0.18512426900584794 0.07099780701754385 0.03326023391812866 0.03673245614035087
1 0.12353801169590642 0.06661184210526315 0.03508771929824561 0.03782894736842105
1 0.054641812865497075 0.42735745614035087 0.028143274853801168 0.024671052631578948
1 0.14948830409356725 0.48163377192982454 0.03874269005847953 0.0268640350877193
1 0.12755847953216373 0.572094298245614 0.033625730994152045 0.044407894736842105
1 0.22112573099415203 0.5553728070175439 0.054093567251461985 0.043859649122807015
1 0.2567616959064327 0.5723684210526315 0.014985380116959063 0.0668859649122807
1 0.35891812865497075 0.475328947368421 0.027777777777777776 0.03070175438596491
1 0.42178362573099415 0.45093201754385964 0.023391812865497075 0.022478070175438597
1 0.564875730994152 0.4690241228070175 0.023026315789473683 0.0268640350877193
1 0.6626461988304093 0.5441337719298245 0.027046783625730993 0.03782894736842105
1 0.9429824561403508 0.4772478070175438 0.012426900584795321 0.02796052631578947
1 0.9943347953216374 0.4553179824561403 0.011330409356725146 0.05208333333333333
1 0.985562865497076 0.0668859649122807 0.02887426900584795 0.05043859649122807
