1 0.9468201754385964 0.34402412280701755 0.013523391812865496 0.022478070175438597
1 0.9365862573099415 0.2324561403508772 0.017909356725146198 0.03289473684210526
1 0.9395102339181286 0.17845394736842105 0.029605263157894735 0.03453947368421052
1 0.9766081871345029 0.12335526315789473 0.039473684210526314 0.06469298245614034
1 0.9926900584795321 0.14775219298245612 0.02412280701754386 0.03125
1 0.8305921052631579 0.2763157894736842 0.015716374269005847 0.04057017543859649
1 0.9111842105263157 0.45860745614035087 0.015350877192982455 0.03125
1 0.8930921052631579 0.5 0.017909356725146198 0.029605263157894735
1 0.9725877192982456 0.6000548245614035 0.02046783625730994 0.041118421052631575
1 0.9413377192982456 0.6101973684210525 0.023757309941520467 0.03728070175438596
1 0.9276315789473684 0.7220394736842105 0.012426900584795321 0.021929824561403508
1 0.8477704678362573 0.7680921052631579 0.021564327485380116 0.04057017543859649
1 0.8013523391812865 0.7354714912280701 0.019371345029239765 0.0356359649122807
1 0.906798245614035 0.8366228070175438 0.017543859649122806 0.03728070175438596
1 0.737390350877193 0.8242872807017544 0.020833333333333332 0.038925438596491224
1 0.750548245614035 0.756578947368421 0.020833333333333332 0.03070175438596491
1 0.6845760233918128 0.7497258771929824 0.025584795321637425 0.041118421052631575
1 0.5829678362573099 0.7384868421052632 0.027046783625730993 0.02631578947368421
1 0.5815058479532164 0.875548245614035 0.029239766081871343 0.03399122807017543
1 0.5380116959064327 0.8566337719298245 0.017543859649122806 0.03453947368421052
1 0.5142543859649122 0.8445723684210525 0.02046783625730994 0.03234649122807017
1 0.45321637426900585 0.8352521929824561 0.013888888888888888 0.022478070175438597
1 0.4672880116959064 0.7617872807017544 0.02448830409356725 0.02796052631578947
1 0.38961988304093564 0.7190241228070176 0.024853801169590642 0.0400219298245614
1 0.3574561403508772 0.6428179824561403 0.019736842105263157 0.048793859649122806
1 0.29934210526315785 0.6362390350877193 0.02412280701754386 0.0356359649122807
1 0.3203581871345029 0.7680921052631579 0.01644736842105263 0.02850877192982456
1 0.7039473684210525 0.988486842105263 0.02046783625730994 0.025219298245614034
1 0.6719663742690059 0.9846491228070174 0.014985380116959063 0.03179824561403509
1 0.5855263157894737 0.984375 0.019005847953216373 0.02905701754385965
1 0.5365497076023391 0.9638157894736842 0.02046783625730994 0.03289473684210526
1 0.4263523391812865 0.9830043859649122 0.027412280701754384 0.03508771929824561
1 0.45321637426900585 0.5032894736842105 0.025584795321637425 0.049342105263157895
1 0.581140350877193 0.5868969298245613 0.021929824561403508 0.03453947368421052
1 0.2149122807017544 0.09375 0.0402046783625731 0.06469298245614034
1 0.3042763157894737 0.02850877192982456 0.04130116959064327 0.03399122807017543
1 0.7207602339181286 0.023026315789473683 0.016812865497076022 0.023026315789473683
1 0.6513157894736842 0.14309210526315788 0.02631578947368421 0.042763157894736836
1 0.6162280701754386 0.12088815789473684 0.014619883040935672 0.0268640350877193
1 0.57328216374269 0.2308114035087719 0.028143274853801168 0.023026315789473683
1 0.5195540935672515 0.23218201754385964 0.05226608187134503 0.06633771929824561
1 0.45303362573099415 0.18612938596491227 0.03399122807017543 0.03782894736842105
1 0.34375 0.1683114035087719 0.029605263157894735 0.04714912280701754
1 0.28326023391812866 0.1680372807017544 0.019736842105263157 0.03125
1 0.2942251461988304 0.25109649122807015 0.027777777777777776 0.04057017543859649
1 0.3291301169590643 0.27001096491228066 0.023757309941520467 0.042214912280701754
1 0.5098684210526315 0.3574561403508772 0.015350877192982455 0.02631578947368421
1 0.7602339181286549 0.24342105263157893 0.01023391812865497 0.020833333333333332
1 0.7925804093567251 0.25301535087719296 0.02448830409356725 0.03673245614035087
1 0.11385233918128654 0.3752741228070175 0.07200292397660818 0.0762061403508772
