1 0.06944444444444445 0.26672149122807015 0.027777777777777776 0.045504385964912276
1 0.09173976608187134 0.2768640350877193 0.02266081871345029 0.044956140350877194
1 0.12737573099415203 0.25685307017543857 0.021564327485380116 0.0356359649122807
1 0.16410818713450293 0.2637061403508772 0.02266081871345029 0.044956140350877194
1 0.28125 0.25548245614035087 0.01644736842105263 0.03508771929824561
1 0.29934210526315785 0.2727521929824561 0.027046783625730993 0.0400219298245614
1 0.3530701754385965 0.28152412280701755 0.02631578947368421 0.0268640350877193
1 0.39455409356725146 0.397203947368421 0.015716374269005847 0.021381578947368418
1 0.5010964912280701 0.5254934210526315 0.027046783625730993 0.044407894736842105
1 0.14894005847953215 0.5090460526315789 0.025219298245614034 0.03344298245614035
1 0.13578216374269006 0.5246710526315789 0.038377192982456135 0.0800438596491228
1 0.04586988304093567 0.5359100877192983 0.05592105263157894 0.06304824561403509
1 0.3607456140350877 0.6096491228070176 0.01608187134502924 0.04057017543859649
1 0.29934210526315785 0.5290570175438596 0.035818713450292396 0.044956140350877194
1 0.2563961988304093 0.4103618421052631 0.017909356725146198 0.020285087719298246
1 0.5946637426900584 0.1337719298245614 0.03654970760233918 0.038377192982456135
1 0.6465643274853801 0.14309210526315788 0.03728070175438596 0.04057017543859649
1 0.7821637426900584 0.11924342105263157 0.019005847953216373 0.03673245614035087
1 0.8653143274853801 0.11842105263157894 0.038377192982456135 0.05592105263157894
1 0.9316520467836257 0.12143640350877193 0.03216374269005848 0.04989035087719298
1 0.875 0.37033991228070173 0.014619883040935672 0.022478070175438597
1 0.6153143274853801 0.40734649122807015 0.035453216374269 0.0756578947368421
1 0.6182383040935672 0.7436951754385964 0.027412280701754384 0.03125
1 0.65625 0.7277960526315789 0.035453216374269 0.06304824561403509
1 0.7880116959064327 0.7431469298245613 0.0402046783625731 0.046600877192982455
1 0.8536184210526315 0.7398574561403508 0.031067251461988302 0.0400219298245614
1 0.8802997076023391 0.7546600877192982 0.03033625730994152 0.048793859649122806
1 0.939875730994152 0.8692434210526315 0.03618421052631579 0.020285087719298246
1 0.969298245614035 0.859375 0.029239766081871343 0.020285087719298246
1 0.8594663742690059 0.8665021929824561 0.025219298245614034 0.013706140350877192
