1 0.18804824561403508 0.12143640350877193 0.06030701754385964 0.06414473684210525
1 0.24561403508771928 0.13267543859649122 0.056286549707602336 0.06578947368421052
1 0.4126461988304093 0.140625 0.04532163742690058 0.06085526315789473
1 0.5317982456140351 0.14830043859649122 0.05043859649122807 0.06743421052631579
1 0.5820540935672515 0.1425438596491228 0.05007309941520467 0.0800438596491228
1 0.6348684210526315 0.09868421052631579 0.03728070175438596 0.0668859649122807
1 0.8081140350877193 0.11896929824561403 0.03508771929824561 0.06140350877192982
1 0.846125730994152 0.13843201754385964 0.046052631578947366 0.0400219298245614
1 0.8828581871345029 0.14089912280701752 0.044956140350877194 0.0712719298245614
1 0.9263523391812865 0.13925438596491227 0.04641812865497076 0.0800438596491228
1 0.8890716374269005 0.6233552631578947 0.05665204678362573 0.06798245614035087
1 0.8417397660818713 0.6206140350877193 0.0533625730994152 0.07785087719298245
1 0.7905701754385964 0.6282894736842105 0.05263157894736842 0.06140350877192982
1 0.7196637426900584 0.6403508771929824 0.02412280701754386 0.04824561403508772
1 0.6875 0.6121162280701754 0.03435672514619883 0.048793859649122806
1 0.6083698830409356 0.6343201754385964 0.0442251461988304 0.049342105263157895
1 0.5740131578947368 0.6049890350877193 0.03326023391812866 0.05866228070175438
1 0.5391081871345029 0.612390350877193 0.014619883040935672 0.01864035087719298
1 0.4990862573099415 0.6148574561403508 0.05007309941520467 0.05646929824561403
1 0.4232456140350877 0.5992324561403508 0.01608187134502924 0.041666666666666664
1 0.3881578947368421 0.6384320175438596 0.023391812865497075 0.05098684210526316
1 0.3159722222222222 0.6677631578947368 0.04788011695906433 0.0668859649122807
1 0.28179824561403505 0.6088267543859649 0.0402046783625731 0.05646929824561403
1 0.2359283625730994 0.6206140350877193 0.04057017543859649 0.0625
1 0.17635233918128654 0.6318530701754386 0.0442251461988304 0.05646929824561403
1 0.21637426900584794 0.6269188596491228 0.027046783625730993 0.041118421052631575
1 0.10946637426900584 0.6140350877192982 0.03399122807017543 0.02850877192982456
1 0.06597222222222222 0.6134868421052632 0.032529239766081866 0.03618421052631579
1 0.02010233918128655 0.5852521929824561 0.03654970760233918 0.0268640350877193
1 0.26425438596491224 0.7365679824561403 0.015350877192982455 0.018092105263157895
1 0.34082602339181284 0.7371162280701754 0.01864035087719298 0.0268640350877193
1 0.44883040935672514 0.7390350877192982 0.021929824561403508 0.029605263157894735
1 0.9285453216374269 0.9015899122807017 0.025950292397660817 0.038925438596491224
