1 0.05665204678362573 0.011239035087719298 0.014619883040935672 0.012609649122807017
1 0.02448830409356725 0.12362938596491227 0.012426900584795321 0.02796052631578947
1 0.04349415204678363 0.15734649122807018 0.02850877192982456 0.05592105263157894
1 0.059393274853801165 0.4295504385964912 0.015716374269005847 0.0268640350877193
1 0.025950292397660817 0.7434210526315789 0.03216374269005848 0.06469298245614034
1 0.012792397660818713 0.8401864035087718 0.010964912280701754 0.043311403508771926
1 0.03673245614035087 0.9509320175438596 0.023026315789473683 0.044407894736842105
1 0.8379020467836257 0.0825109649122807 0.027412280701754384 0.03344298245614035
1 0.7783260233918128 0.0893640350877193 0.025950292397660817 0.038377192982456135
1 0.7244152046783625 0.0956688596491228 0.029239766081871343 0.03344298245614035
1 0.7255116959064327 0.1606359649122807 0.023391812865497075 0.03070175438596491
1 0.6588084795321637 0.12746710526315788 0.019371345029239765 0.0356359649122807
1 0.6030701754385964 0.11156798245614034 0.029239766081871343 0.03344298245614035
1 0.4375 0.10471491228070175 0.012426900584795321 0.023026315789473683
1 0.40625 0.11650219298245613 0.021564327485380116 0.0356359649122807
1 0.35891812865497075 0.12061403508771928 0.02412280701754386 0.03618421052631579
1 0.3223684210526316 0.12719298245614036 0.012426900584795321 0.017543859649122806
1 0.30317982456140347 0.10334429824561403 0.020833333333333332 0.0356359649122807
1 0.2596856725146199 0.14775219298245612 0.023026315789473683 0.044407894736842105
1 0.1957236842105263 0.1381578947368421 0.017178362573099414 0.02850877192982456
1 0.20650584795321636 0.1356907894736842 0.00804093567251462 0.03344298245614035
1 0.1684941520467836 0.16913377192982454 0.023391812865497075 0.03234649122807017
1 0.12116228070175437 0.23163377192982454 0.0581140350877193 0.10581140350877193
1 0.17635233918128654 0.24725877192982454 0.04130116959064327 0.07675438596491227
1 0.2949561403508772 0.272203947368421 0.05116959064327485 0.042214912280701754
1 0.43877923976608185 0.24342105263157893 0.049342105263157895 0.042763157894736836
1 0.4985380116959064 0.23684210526315788 0.04824561403508772 0.0712719298245614
1 0.6401681286549707 0.2543859649122807 0.05153508771929824 0.05592105263157894
1 0.7593201754385964 0.22286184210526314 0.06103801169590643 0.07949561403508772
1 0.8486842105263157 0.23656798245614033 0.07529239766081872 0.07291666666666666
1 0.8145102339181286 0.3144188596491228 0.06103801169590643 0.08278508771929824
1 0.6451023391812866 0.3379934210526316 0.03508771929824561 0.06195175438596491
1 0.59375 0.34676535087719296 0.01644736842105263 0.021381578947368418
1 0.8086622807017544 0.4240679824561403 0.023026315789473683 0.0356359649122807
1 0.7372076023391813 0.4369517543859649 0.017543859649122806 0.017543859649122806
1 0.4100877192982456 0.3522478070175438 0.04312865497076023 0.05646929824561403
1 0.3559941520467836 0.3223684210526316 0.035818713450292396 0.043859649122807015
1 0.33040935672514615 0.35800438596491224 0.029239766081871343 0.03508771929824561
1 0.21966374269005848 0.3308662280701754 0.017543859649122806 0.0268640350877193
1 0.26991959064327486 0.375 0.055190058479532164 0.0581140350877193
1 0.14163011695906433 0.35718201754385964 0.02448830409356725 0.038925438596491224
1 0.14016812865497075 0.475328947368421 0.012792397660818713 0.023026315789473683
1 0.17050438596491227 0.47121710526315785 0.010599415204678362 0.02905701754385965
1 0.36220760233918126 0.45997807017543857 0.013157894736842105 0.021929824561403508
1 0.41447368421052627 0.46600877192982454 0.016812865497076022 0.02631578947368421
1 0.539656432748538 0.3796600877192982 0.02010233918128655 0.03125
1 0.581140350877193 0.44243421052631576 0.019005847953216373 0.01425438596491228
1 0.6063596491228069 0.45038377192982454 0.01827485380116959 0.02576754385964912
1 0.6494883040935672 0.45942982456140347 0.023391812865497075 0.025219298245614034
1 0.7715643274853801 0.5515350877192983 0.033625730994152045 0.05592105263157894
1 0.7978801169590642 0.5849780701754386 0.02631578947368421 0.038377192982456135
1 0.8464912280701754 0.6044407894736842 0.03216374269005848 0.046600877192982455
1 0.5546418128654971 0.578125 0.03179824561403509 0.046600877192982455
1 0.4400584795321637 0.5981359649122807 0.02412280701754386 0.03289473684210526
1 0.4018640350877193 0.5800438596491228 0.02448830409356725 0.039473684210526314
1 0.3653143274853801 0.6088267543859649 0.0222953216374269 0.041118421052631575
1 0.2182017543859649 0.556469298245614 0.027777777777777776 0.04057017543859649
1 0.1421783625730994 0.5984100877192983 0.024853801169590642 0.0400219298245614
1 0.11823830409356724 0.6883223684210525 0.048611111111111105 0.05317982456140351
1 0.15186403508771928 0.690515350877193 0.031067251461988302 0.07182017543859649
1 0.22551169590643275 0.7195723684210525 0.038011695906432746 0.06633771929824561
1 0.28216374269005845 0.7012061403508771 0.04678362573099415 0.08223684210526315
1 0.1299342105263158 0.9646381578947368 0.010599415204678362 0.024671052631578948
1 0.27887426900584794 0.9797149122807017 0.035818713450292396 0.04057017543859649
1 0.3218201754385965 0.6759868421052632 0.04057017543859649 0.08771929824561403
1 0.34064327485380114 0.7053179824561403 0.03070175438596491 0.06304824561403509
1 0.396016081871345 0.7012061403508771 0.04568713450292397 0.049342105263157895
1 0.4438961988304093 0.7146381578947368 0.0398391812865497 0.06304824561403509
1 0.49031432748538006 0.7028508771929824 0.05226608187134503 0.06798245614035087
1 0.4612573099415204 0.9418859649122806 0.014619883040935672 0.023026315789473683
1 0.47953216374269003 0.9065241228070174 0.015350877192982455 0.022478070175438597
1 0.5423976608187134 0.685032894736842 0.03874269005847953 0.05317982456140351
1 0.5630482456140351 0.7072368421052632 0.03618421052631579 0.06359649122807018
1 0.6200657894736842 0.7039473684210525 0.04130116959064327 0.04824561403508772
1 0.7114400584795322 0.6965460526315789 0.0442251461988304 0.07072368421052631
1 0.7525584795321637 0.7086074561403508 0.02046783625730994 0.0356359649122807
1 0.783625730994152 0.6918859649122807 0.03728070175438596 0.04714912280701754
1 0.8329678362573099 0.6943530701754386 0.03070175438596491 0.044407894736842105
1 0.7200292397660818 0.9240679824561403 0.021929824561403508 0.0356359649122807
1 0.9576023391812865 0.43283991228070173 0.03070175438596491 0.0268640350877193
1 0.9870248538011696 0.4226973684210526 0.025950292397660817 0.025219298245614034
