1 0.125 0.08580043859649122 0.010964912280701754 0.04769736842105263
1 0.2598684210526316 0.058936403508771926 0.006578947368421052 0.018092105263157895
1 0.11421783625730994 0.18530701754385964 0.038377192982456135 0.03618421052631579
1 0.26571637426900585 0.21902412280701752 0.024853801169590642 0.0400219298245614
1 0.3399122807017544 0.0956688596491228 0.035818713450292396 0.05975877192982456
1 0.3916301169590643 0.21299342105263155 0.0222953216374269 0.044407894736842105
1 0.33150584795321636 0.3125 0.009502923976608187 0.03070175438596491
1 0.4780701754385965 0.11348684210526315 0.033625730994152045 0.02850877192982456
1 0.5557383040935672 0.10882675438596491 0.042763157894736836 0.06414473684210525
1 0.5093201754385964 0.09320175438596491 0.017178362573099414 0.042763157894736836
1 0.6078216374269005 0.06880482456140351 0.017543859649122806 0.03453947368421052
1 0.6509502923976608 0.09237938596491227 0.04093567251461988 0.048793859649122806
1 0.39016812865497075 0.09676535087719297 0.019371345029239765 0.021381578947368418
1 0.0891812865497076 0.3843201754385965 0.01608187134502924 0.03070175438596491
1 0.28179824561403505 0.35718201754385964 0.019005847953216373 0.015899122807017545
1 0.4161184210526316 0.36156798245614036 0.019371345029239765 0.022478070175438597
1 0.48300438596491224 0.32648026315789475 0.025219298245614034 0.03234649122807017
1 0.45211988304093564 0.3678728070175438 0.013157894736842105 0.01864035087719298
1 0.54203216374269 0.34375 0.015350877192982455 0.03289473684210526
1 0.5948464912280701 0.3368969298245614 0.020833333333333332 0.020285087719298246
1 0.6673976608187134 0.3484100877192982 0.01827485380116959 0.022478070175438597
1 0.4766081871345029 0.572094298245614 0.03435672514619883 0.04989035087719298
1 0.4270833333333333 0.5737390350877193 0.03179824561403509 0.03782894736842105
1 0.3399122807017544 0.6014254385964912 0.02266081871345029 0.03508771929824561
1 0.2317251461988304 0.5896381578947368 0.023391812865497075 0.0356359649122807
1 0.19005847953216373 0.6121162280701754 0.025584795321637425 0.0356359649122807
1 0.09210526315789473 0.5805921052631579 0.029239766081871343 0.04057017543859649
1 0.1109283625730994 0.7206688596491228 0.035453216374269 0.05537280701754386
1 0.15716374269005848 0.7143640350877193 0.04239766081871345 0.0625
1 0.2525584795321637 0.7140899122807017 0.033625730994152045 0.05537280701754386
1 0.3399122807017544 0.6981907894736842 0.04678362573099415 0.05646929824561403
1 0.3784722222222222 0.7231359649122807 0.0222953216374269 0.043859649122807015
1 0.40826023391812866 0.7239583333333333 0.03435672514619883 0.06195175438596491
1 0.43859649122807015 0.7077850877192982 0.03874269005847953 0.05153508771929824
1 0.4672880116959064 0.7105263157894737 0.0266812865497076 0.05263157894736842
1 0.4892178362573099 0.7042214912280701 0.03399122807017543 0.04769736842105263
1 0.5067616959064327 0.8212719298245613 0.019371345029239765 0.021929824561403508
1 0.5566520467836257 0.6899671052631579 0.038011695906432746 0.05975877192982456
1 0.596125730994152 0.671875 0.039473684210526314 0.04769736842105263
1 0.6197002923976608 0.6839364035087719 0.03691520467836257 0.05317982456140351
1 0.6538742690058479 0.665844298245614 0.056286549707602336 0.045504385964912276
1 0.6703216374269005 0.9646381578947368 0.019736842105263157 0.0356359649122807
1 0.5464181286549707 0.957236842105263 0.019005847953216373 0.039473684210526314
1 0.5171783625730993 0.9577850877192982 0.021198830409356724 0.04057017543859649
1 0.364766081871345 0.9358552631578947 0.019736842105263157 0.02850877192982456
1 0.3051900584795321 0.984375 0.01608187134502924 0.03125
1 0.25237573099415206 0.9629934210526315 0.03179824561403509 0.02576754385964912
1 0.20266812865497075 0.9577850877192982 0.028143274853801168 0.03179824561403509
1 0.14016812865497075 0.9424342105263157 0.01864035087719298 0.039473684210526314
1 0.10197368421052631 0.9895833333333333 0.027777777777777776 0.020833333333333332
1 0.8861476608187134 0.05427631578947368 0.034722222222222224 0.05482456140350877
1 0.969298245614035 0.03179824561403509 0.02412280701754386 0.046052631578947366
1 0.9652777777777777 0.203125 0.024853801169590642 0.02357456140350877
1 0.924890350877193 0.20285087719298245 0.03179824561403509 0.025219298245614034
1 0.8843201754385964 0.19407894736842105 0.04057017543859649 0.05153508771929824
1 0.8908991228070174 0.29906798245614036 0.04057017543859649 0.045504385964912276
1 0.971125730994152 0.3218201754385965 0.039473684210526314 0.03618421052631579
1 0.9857456140350876 0.3977521929824561 0.02850877192982456 0.013706140350877192
1 0.8865131578947368 0.421875 0.039108187134502925 0.041118421052631575
1 0.875548245614035 0.4780701754385965 0.0266812865497076 0.021929824561403508
1 0.9375 0.5452302631578947 0.031432748538011694 0.0400219298245614
1 0.9839181286549707 0.5455043859649122 0.031432748538011694 0.029605263157894735
1 0.8715277777777777 0.6672149122807017 0.05226608187134503 0.06140350877192982
1 0.9444444444444444 0.6831140350877193 0.04093567251461988 0.0581140350877193
1 0.9903143274853801 0.6474780701754386 0.019371345029239765 0.0756578947368421
1 0.8240131578947368 0.8149671052631579 0.04057017543859649 0.03125
