1 0.03654970760233918 0.05592105263157894 0.029970760233918127 0.03399122807017543
1 0.08698830409356725 0.06880482456140351 0.031432748538011694 0.043311403508771926
1 0.11330409356725146 0.07593201754385964 0.024853801169590642 0.0400219298245614
1 0.18402777777777776 0.04084429824561403 0.021564327485380116 0.03234649122807017
1 0.22076023391812866 0.08908991228070175 0.02631578947368421 0.03015350877192982
1 0.2569444444444444 0.04523026315789473 0.02850877192982456 0.042214912280701754
1 0.26425438596491224 0.14967105263157893 0.02266081871345029 0.02412280701754386
1 0.2149122807017544 0.19682017543859648 0.019736842105263157 0.03618421052631579
1 0.15862573099415203 0.17955043859649122 0.03070175438596491 0.043311403508771926
1 0.13212719298245612 0.18996710526315788 0.015716374269005847 0.02905701754385965
1 0.06341374269005848 0.1513157894736842 0.027412280701754384 0.042763157894736836
1 0.04239766081871345 0.18037280701754385 0.014619883040935672 0.025219298245614034
1 0.01023391812865497 0.24725877192982454 0.01827485380116959 0.03179824561403509
1 0.09466374269005848 0.29934210526315785 0.031432748538011694 0.044956140350877194
1 0.13578216374269006 0.31661184210526316 0.028143274853801168 0.03234649122807017
1 0.2050438596491228 0.29331140350877194 0.017543859649122806 0.023026315789473683
1 0.2567616959064327 0.2754934210526316 0.01864035087719298 0.019188596491228067
1 0.2847222222222222 0.2930372807017544 0.014619883040935672 0.02796052631578947
1 0.25 0.3977521929824561 0.02850877192982456 0.0356359649122807
1 0.2671783625730994 0.3908991228070175 0.021929824561403508 0.03399122807017543
1 0.20559210526315788 0.37088815789473684 0.0222953216374269 0.03782894736842105
1 0.1513157894736842 0.3933662280701754 0.024853801169590642 0.03125
1 0.12701023391812866 0.4057017543859649 0.02448830409356725 0.029605263157894735
1 0.1524122807017544 0.42489035087719296 0.027046783625730993 0.03179824561403509
1 0.0796783625730994 0.37225877192982454 0.02412280701754386 0.029605263157894735
1 0.03125 0.39364035087719296 0.027412280701754384 0.04057017543859649
1 0.09283625730994152 0.5150767543859649 0.021929824561403508 0.03125
1 0.13176169590643275 0.5076754385964912 0.01864035087719298 0.019736842105263157
1 0.17562134502923976 0.5063048245614035 0.03033625730994152 0.02357456140350877
1 0.23885233918128654 0.47834429824561403 0.020833333333333332 0.021381578947368418
1 0.2666301169590643 0.5024671052631579 0.01864035087719298 0.03125
1 0.2178362573099415 0.6025219298245613 0.03216374269005848 0.03618421052631579
1 0.25054824561403505 0.6165021929824561 0.034722222222222224 0.0400219298245614
1 0.16758040935672514 0.6291118421052632 0.017178362573099414 0.03015350877192982
1 0.09137426900584794 0.6324013157894737 0.03435672514619883 0.044407894736842105
1 0.04057017543859649 0.6356907894736842 0.02631578947368421 0.038925438596491224
1 0.01516812865497076 0.6200657894736842 0.028143274853801168 0.041666666666666664
1 0.007858187134502924 0.750548245614035 0.013523391812865496 0.039473684210526314
1 0.0849780701754386 0.7072368421052632 0.025219298245614034 0.023026315789473683
1 0.1153143274853801 0.7387609649122807 0.03179824561403509 0.0400219298245614
1 0.1781798245614035 0.728344298245614 0.031067251461988302 0.03234649122807017
1 0.25493421052631576 0.7138157894736842 0.025219298245614034 0.025219298245614034
1 0.29641812865497075 0.7549342105263157 0.025584795321637425 0.03618421052631579
1 0.2582236842105263 0.8371710526315789 0.023757309941520467 0.029605263157894735
1 0.20266812865497075 0.875548245614035 0.031067251461988302 0.03179824561403509
1 0.17489035087719298 0.8760964912280701 0.023757309941520467 0.03618421052631579
1 0.10508040935672514 0.8681469298245613 0.020833333333333332 0.03015350877192982
1 0.08991228070175439 0.8730811403508771 0.021198830409356724 0.03782894736842105
1 0.02010233918128655 0.8379934210526315 0.03435672514619883 0.03015350877192982
1 0.01608187134502924 0.9468201754385964 0.029970760233918127 0.03070175438596491
1 0.03673245614035087 0.9756030701754386 0.03399122807017543 0.0400219298245614
1 0.08625730994152046 0.9339364035087718 0.03654970760233918 0.03234649122807017
1 0.1197002923976608 0.9706688596491228 0.029605263157894735 0.03234649122807017
1 0.17288011695906433 0.9512061403508771 0.03289473684210526 0.0537280701754386
1 0.1924342105263158 0.9646381578947368 0.031067251461988302 0.0356359649122807
1 0.23976608187134502 0.984923245614035 0.019736842105263157 0.041118421052631575
1 0.2777777777777778 0.9512061403508771 0.039473684210526314 0.044956140350877194
1 0.96875 0.058388157894736836 0.02448830409356725 0.044407894736842105
1 0.9438961988304093 0.06277412280701754 0.027412280701754384 0.048793859649122806
1 0.8994883040935672 0.06578947368421052 0.023391812865497075 0.043859649122807015
1 0.875548245614035 0.05592105263157894 0.02887426900584795 0.039473684210526314
1 0.8101242690058479 0.04961622807017543 0.031067251461988302 0.048793859649122806
1 0.768640350877193 0.04714912280701754 0.027777777777777776 0.04714912280701754
1 0.7227704678362573 0.04769736842105263 0.028143274853801168 0.043859649122807015
1 0.7123538011695906 0.05235745614035087 0.031432748538011694 0.044407894736842105
1 0.6396198830409356 0.0512609649122807 0.027046783625730993 0.04989035087719298
1 0.6206140350877193 0.048793859649122806 0.02266081871345029 0.03728070175438596
1 0.5557383040935672 0.0668859649122807 0.025219298245614034 0.038377192982456135
1 0.5332602339181286 0.05756578947368421 0.031432748538011694 0.042763157894736836
1 0.5175438596491228 0.06661184210526315 0.02631578947368421 0.038925438596491224
1 0.47989766081871343 0.046875 0.02412280701754386 0.03344298245614035
1 0.43859649122807015 0.04989035087719298 0.03216374269005848 0.043859649122807015
1 0.40826023391812866 0.049342105263157895 0.029239766081871343 0.049342105263157895
1 0.4060672514619883 0.28179824561403505 0.038011695906432746 0.06030701754385964
1 0.4336622807017544 0.2831688596491228 0.028143274853801168 0.043311403508771926
1 0.5038377192982456 0.2606907894736842 0.03618421052631579 0.05098684210526316
1 0.53125 0.26096491228070173 0.0266812865497076 0.041666666666666664
1 0.625 0.2768640350877193 0.035818713450292396 0.05592105263157894
1 0.6929824561403508 0.26096491228070173 0.021198830409356724 0.03179824561403509
1 0.7240497076023391 0.27001096491228066 0.01827485380116959 0.0356359649122807
1 0.7582236842105263 0.2664473684210526 0.020833333333333332 0.03070175438596491
1 0.7993421052631579 0.27713815789473684 0.031432748538011694 0.044407894736842105
1 0.8300438596491228 0.2763157894736842 0.029970760233918127 0.05263157894736842
1 0.8653143274853801 0.27850877192982454 0.035453216374269 0.05482456140350877
1 0.8965643274853801 0.27960526315789475 0.029970760233918127 0.042763157894736836
1 0.7768640350877193 0.4709429824561403 0.03326023391812866 0.04714912280701754
1 0.9442616959064327 0.2905701754385965 0.034722222222222224 0.0581140350877193
1 0.9605263157894737 0.2574013157894737 0.03070175438596491 0.05098684210526316
1 0.9965277777777777 0.2949561403508772 0.03764619883040936 0.05153508771929824
1 0.956140350877193 0.9564144736842105 0.02850877192982456 0.03673245614035087
1 0.8704312865497076 0.9281798245614035 0.02887426900584795 0.04824561403508772
1 0.950657894736842 0.743969298245614 0.023391812865497075 0.04714912280701754
1 0.8042763157894737 0.7302631578947368 0.035453216374269 0.04057017543859649
1 0.7421418128654971 0.7297149122807017 0.031067251461988302 0.041666666666666664
1 0.7055921052631579 0.7236842105263157 0.032529239766081866 0.0581140350877193
1 0.6494883040935672 0.7143640350877193 0.031432748538011694 0.038377192982456135
1 0.6319444444444444 0.728344298245614 0.025584795321637425 0.044407894736842105
1 0.5634137426900584 0.7231359649122807 0.03618421052631579 0.05153508771929824
1 0.5347222222222222 0.6389802631578947 0.03216374269005848 0.05537280701754386
1 0.44572368421052627 0.7330043859649122 0.0398391812865497 0.046052631578947366
