1 0.06889619883040936 0.06743421052631579 0.011330409356725146 0.027412280701754384
1 0.262609649122807 0.057839912280701754 0.02887426900584795 0.06414473684210525
1 0.02540204678362573 0.7497258771929824 0.009868421052631578 0.015899122807017545
1 0.3775584795321637 0.058388157894736836 0.019736842105263157 0.022478070175438597
1 0.4649122807017544 0.0556469298245614 0.015350877192982455 0.024671052631578948
1 0.4932383040935672 0.0581140350877193 0.02448830409356725 0.038377192982456135
1 0.5142543859649122 0.058936403508771926 0.016812865497076022 0.0268640350877193
1 0.5767543859649122 0.04797149122807017 0.01827485380116959 0.03125
1 0.6206140350877193 0.05345394736842105 0.019736842105263157 0.03453947368421052
1 0.6533260233918128 0.054002192982456135 0.0222953216374269 0.0356359649122807
1 0.7421418128654971 0.12746710526315788 0.049342105263157895 0.06743421052631579
1 0.8042763157894737 0.0556469298245614 0.017178362573099414 0.02576754385964912
1 0.8519736842105262 0.056743421052631575 0.019736842105263157 0.0268640350877193
1 0.9126461988304093 0.04961622807017543 0.02412280701754386 0.03125
1 0.9502923976608186 0.04742324561403508 0.019736842105263157 0.02357456140350877
1 0.552266081871345 0.3840460526315789 0.03874269005847953 0.05646929824561403
1 0.5244883040935672 0.6674890350877193 0.0577485380116959 0.06743421052631579
1 0.7611476608187134 0.8366228070175438 0.0398391812865497 0.06798245614035087
1 0.8916301169590642 0.84375 0.03691520467836257 0.049342105263157895
1 0.3682383040935672 0.953125 0.017178362573099414 0.020285087719298246
1 0.9395102339181286 0.9832785087719298 0.05007309941520467 0.03344298245614035
