1 0.05226608187134503 0.08086622807017543 0.019736842105263157 0.03125
1 0.097953216374269 0.05317982456140351 0.03216374269005848 0.04714912280701754
1 0.17580409356725146 0.0693530701754386 0.015350877192982455 0.05317982456140351
1 0.23391812865497075 0.09375 0.03070175438596491 0.04057017543859649
1 0.3079312865497076 0.171875 0.017178362573099414 0.0268640350877193
1 0.3358918128654971 0.0762061403508772 0.02850877192982456 0.0625
1 0.34868421052631576 0.17900219298245612 0.015350877192982455 0.022478070175438597
1 0.4155701754385965 0.16529605263157893 0.016812865497076022 0.0268640350877193
1 0.41703216374269003 0.06798245614035087 0.03654970760233918 0.05701754385964912
1 0.46673976608187134 0.057839912280701754 0.03216374269005848 0.05537280701754386
1 0.46290204678362573 0.17845394736842105 0.027412280701754384 0.03125
1 0.5409356725146198 0.16557017543859648 0.019005847953216373 0.029605263157894735
1 0.5208333333333333 0.06469298245614034 0.021929824561403508 0.03728070175438596
1 0.5566520467836257 0.06304824561403509 0.03435672514619883 0.049342105263157895
1 0.6631944444444444 0.08360745614035087 0.052997076023391806 0.06304824561403509
1 0.8667763157894737 0.0625 0.029605263157894735 0.041666666666666664
1 0.9219663742690059 0.05756578947368421 0.039108187134502925 0.043859649122807015
1 0.9413377192982456 0.05756578947368421 0.029605263157894735 0.03508771929824561
1 0.9009502923976608 0.20531798245614033 0.023391812865497075 0.016995614035087717
1 0.868969298245614 0.2231359649122807 0.023026315789473683 0.021929824561403508
1 0.9311038011695906 0.21600877192982454 0.025950292397660817 0.02412280701754386
1 0.9707602339181286 0.21299342105263155 0.027046783625730993 0.02357456140350877
1 0.7953216374269005 0.319078947368421 0.02850877192982456 0.02412280701754386
1 0.8305921052631579 0.3125 0.020833333333333332 0.03728070175438596
1 0.8536184210526315 0.32839912280701755 0.017909356725146198 0.0537280701754386
1 0.8896198830409356 0.32648026315789475 0.023391812865497075 0.04769736842105263
1 0.9316520467836257 0.33114035087719296 0.02850877192982456 0.01644736842105263
1 0.9512061403508771 0.3201754385964912 0.028143274853801168 0.021929824561403508
1 0.9895833333333333 0.3314144736842105 0.020833333333333332 0.016995614035087717
1 0.5723684210526315 0.3352521929824561 0.033625730994152045 0.05866228070175438
1 0.5380116959064327 0.32593201754385964 0.03216374269005848 0.05756578947368421
1 0.4941520467836257 0.35005482456140347 0.04751461988304093 0.04989035087719298
1 0.42434210526315785 0.29989035087719296 0.031432748538011694 0.049342105263157895
1 0.3432017543859649 0.31661184210526316 0.04093567251461988 0.05537280701754386
1 0.22130847953216373 0.3574561403508772 0.03764619883040936 0.049342105263157895
1 0.21198830409356723 0.3144188596491228 0.02850877192982456 0.05756578947368421
1 0.1737938596491228 0.3421052631578947 0.0398391812865497 0.06578947368421052
1 0.04349415204678363 0.4643640350877193 0.013157894736842105 0.02850877192982456
1 0.09576023391812866 0.4194078947368421 0.01827485380116959 0.03508771929824561
1 0.13633040935672514 0.4495614035087719 0.016812865497076022 0.02631578947368421
1 0.2149122807017544 0.46875 0.019736842105263157 0.02412280701754386
1 0.8028143274853801 0.4643640350877193 0.05153508771929824 0.03618421052631579
1 0.9311038011695906 0.44709429824561403 0.03618421052631579 0.038925438596491224
1 0.9565058479532164 0.47834429824561403 0.021929824561403508 0.02796052631578947
1 0.9714912280701754 0.5737390350877193 0.029239766081871343 0.03125
1 0.8863304093567251 0.5537280701754386 0.03289473684210526 0.03618421052631579
1 0.8262061403508771 0.5959429824561403 0.032529239766081866 0.03508771929824561
1 0.6767178362573099 0.5896381578947368 0.044956140350877194 0.05866228070175438
1 0.6138523391812866 0.569078947368421 0.025950292397660817 0.05263157894736842
1 0.5826023391812866 0.5515350877192983 0.03435672514619883 0.044956140350877194
1 0.5434941520467836 0.5649671052631579 0.041666666666666664 0.044407894736842105
1 0.47697368421052627 0.584703947368421 0.04239766081871345 0.06085526315789473
1 0.4619883040935672 0.572094298245614 0.03070175438596491 0.04989035087719298
1 0.38633040935672514 0.5581140350877193 0.019736842105263157 0.049342105263157895
1 0.2797880116959064 0.5674342105263157 0.019371345029239765 0.04714912280701754
1 0.22076023391812866 0.5759320175438596 0.027046783625730993 0.043311403508771926
1 0.14108187134502922 0.5674342105263157 0.02631578947368421 0.04057017543859649
1 0.07766812865497076 0.5827850877192983 0.023757309941520467 0.042763157894736836
1 0.018092105263157895 0.5940241228070176 0.025950292397660817 0.048793859649122806
1 0.044956140350877194 0.6880482456140351 0.029970760233918127 0.027412280701754384
1 0.1787280701754386 0.6918859649122807 0.05555555555555555 0.08442982456140351
1 0.42141812865497075 0.6938048245614035 0.043859649122807015 0.05866228070175438
1 0.4751461988304093 0.6959978070175438 0.0533625730994152 0.07401315789473684
1 0.5586622807017544 0.6740679824561403 0.04203216374269006 0.06524122807017543
1 0.581140350877193 0.6899671052631579 0.04751461988304093 0.06524122807017543
1 0.6299342105263157 0.6896929824561403 0.042763157894736836 0.0756578947368421
1 0.674890350877193 0.6938048245614035 0.05080409356725146 0.07730263157894736
1 0.8393640350877193 0.7075109649122807 0.017909356725146198 0.013706140350877192
1 0.8188961988304093 0.7116228070175438 0.02010233918128655 0.01644736842105263
1 0.9057017543859649 0.6965460526315789 0.015350877192982455 0.0268640350877193
1 0.9817251461988303 0.7124451754385964 0.017543859649122806 0.013706140350877192
1 0.9910453216374269 0.8371710526315789 0.017909356725146198 0.03399122807017543
1 0.96875 0.8201754385964912 0.025950292397660817 0.06907894736842105
1 0.9453581871345029 0.8105811403508771 0.03179824561403509 0.05317982456140351
1 0.8580043859649122 0.8374451754385964 0.0442251461988304 0.048793859649122806
1 0.6953581871345029 0.8300438596491228 0.03326023391812866 0.05921052631578947
1 0.6509502923976608 0.8368969298245613 0.025584795321637425 0.03453947368421052
1 0.6133040935672515 0.8640350877192982 0.04678362573099415 0.0800438596491228
1 0.5078581871345029 0.8574561403508771 0.03399122807017543 0.04057017543859649
1 0.4535818713450292 0.856907894736842 0.02046783625730994 0.03179824561403509
1 0.4413377192982456 0.875548245614035 0.032529239766081866 0.049342105263157895
1 0.3203581871345029 0.9270833333333333 0.025219298245614034 0.06140350877192982
1 0.18951023391812866 0.8530701754385964 0.023026315789473683 0.0625
1 0.09137426900584794 0.8793859649122806 0.017543859649122806 0.042763157894736836
1 0.049342105263157895 0.8484100877192982 0.007309941520467836 0.0268640350877193
1 0.039473684210526314 0.9262609649122806 0.019736842105263157 0.043311403508771926
1 0.23958333333333331 0.971765350877193 0.03326023391812866 0.041118421052631575
1 0.3740862573099415 0.9739583333333333 0.0222953216374269 0.03453947368421052
1 0.5634137426900584 0.9512061403508771 0.03033625730994152 0.03399122807017543
1 0.7494517543859649 0.9734100877192982 0.03326023391812866 0.046600877192982455
1 0.8340643274853801 0.9690241228070174 0.016812865497076022 0.022478070175438597
1 0.8622076023391813 0.9558662280701754 0.017543859649122806 0.015899122807017545
1 0.9205043859649122 0.9512061403508771 0.02010233918128655 0.013157894736842105
1 0.9766081871345029 0.969298245614035 0.015350877192982455 0.021929824561403508
