1 0.1387061403508772 0.07319078947368421 0.03764619883040936 0.04989035087719298
1 0.11860380116959064 0.0912828947368421 0.01864035087719298 0.0356359649122807
1 0.07328216374269006 0.09676535087719297 0.0537280701754386 0.06853070175438596
1 0.18019005847953215 0.29934210526315785 0.03508771929824561 0.0712719298245614
1 0.0805921052631579 0.28152412280701755 0.03399122807017543 0.06743421052631579
1 0.04989035087719298 0.42872807017543857 0.009868421052631578 0.021929824561403508
1 0.08644005847953216 0.41584429824561403 0.01864035087719298 0.02357456140350877
1 0.1381578947368421 0.40871710526315785 0.017543859649122806 0.03125
1 0.17470760233918128 0.5334429824561403 0.019005847953216373 0.042763157894736836
1 0.14108187134502922 0.5493421052631579 0.010964912280701754 0.027412280701754384
1 0.09758771929824561 0.5359100877192983 0.029970760233918127 0.0356359649122807
1 0.04093567251461988 0.7376644736842105 0.009502923976608187 0.02576754385964912
1 0.10635964912280702 0.7415021929824561 0.00804093567251462 0.018092105263157895
1 0.1822002923976608 0.8478618421052632 0.021564327485380116 0.024671052631578948
1 0.14601608187134502 0.8665021929824561 0.011330409356725146 0.0268640350877193
1 0.10946637426900584 0.8678728070175438 0.01864035087719298 0.029605263157894735
1 0.049707602339181284 0.8706140350877193 0.01608187134502924 0.025219298245614034
1 0.08260233918128654 0.8637609649122806 0.014619883040935672 0.02357456140350877
1 0.05866228070175438 0.9758771929824561 0.055190058479532164 0.04824561403508772
1 0.04148391812865497 0.9857456140350876 0.0442251461988304 0.02850877192982456
1 0.3501461988304093 0.0400219298245614 0.010964912280701754 0.043859649122807015
1 0.47277046783625726 0.024396929824561403 0.01864035087719298 0.02796052631578947
1 0.5601242690058479 0.013706140350877192 0.0266812865497076 0.02631578947368421
1 0.5692616959064327 0.054002192982456135 0.01864035087719298 0.0268640350877193
1 0.6162280701754386 0.019736842105263157 0.021929824561403508 0.03728070175438596
1 0.7256944444444444 0.024396929824561403 0.023757309941520467 0.02576754385964912
1 0.8101242690058479 0.013706140350877192 0.0222953216374269 0.02631578947368421
1 0.9104532163742689 0.00932017543859649 0.029239766081871343 0.017543859649122806
1 0.9468201754385964 0.01288377192982456 0.035453216374269 0.022478070175438597
1 0.8603801169590642 0.14281798245614033 0.029239766081871343 0.03782894736842105
1 0.8086622807017544 0.16173245614035087 0.038377192982456135 0.041666666666666664
1 0.7596856725146198 0.15871710526315788 0.025950292397660817 0.042214912280701754
1 0.7348318713450293 0.16091008771929824 0.03326023391812866 0.03782894736842105
1 0.674890350877193 0.15487938596491227 0.025950292397660817 0.0400219298245614
1 0.6615497076023391 0.16721491228070173 0.027777777777777776 0.03399122807017543
1 0.6343201754385964 0.15405701754385964 0.025950292397660817 0.03618421052631579
1 0.5975877192982456 0.17461622807017543 0.038011695906432746 0.041118421052631575
1 0.5292397660818713 0.1918859649122807 0.024853801169590642 0.03618421052631579
1 0.4921418128654971 0.17708333333333331 0.031067251461988302 0.043859649122807015
1 0.4228801169590643 0.20778508771929824 0.019736842105263157 0.021929824561403508
1 0.3916301169590643 0.2006578947368421 0.02010233918128655 0.029605263157894735
1 0.302266081871345 0.19490131578947367 0.02850877192982456 0.03234649122807017
1 0.26589912280701755 0.2006578947368421 0.03179824561403509 0.03399122807017543
1 0.29989035087719296 0.31085526315789475 0.025950292397660817 0.05482456140350877
1 0.33442982456140347 0.29550438596491224 0.03508771929824561 0.05043859649122807
1 0.3642178362573099 0.2864583333333333 0.02887426900584795 0.05208333333333333
1 0.4184941520467836 0.2793311403508772 0.033625730994152045 0.048793859649122806
1 0.45906432748538006 0.27521929824561403 0.04239766081871345 0.05263157894736842
1 0.48775584795321636 0.27247807017543857 0.04057017543859649 0.0625
1 0.5434941520467836 0.2746710526315789 0.027046783625730993 0.0537280701754386
1 0.5601242690058479 0.26589912280701755 0.02010233918128655 0.03179824561403509
1 0.5975877192982456 0.26343201754385964 0.039473684210526314 0.04769736842105263
1 0.6197002923976608 0.2749451754385965 0.0266812865497076 0.0268640350877193
1 0.6807383040935672 0.2675438596491228 0.0398391812865497 0.044956140350877194
1 0.7070540935672515 0.2590460526315789 0.029605263157894735 0.03125
1 0.7383040935672515 0.2774122807017544 0.03728070175438596 0.044956140350877194
1 0.7362938596491228 0.24150219298245612 0.04057017543859649 0.044407894736842105
1 0.7881944444444444 0.2593201754385965 0.03764619883040936 0.049342105263157895
1 0.8355263157894737 0.25548245614035087 0.038011695906432746 0.05482456140350877
1 0.8711622807017544 0.2637061403508772 0.032529239766081866 0.05592105263157894
1 0.893640350877193 0.23985745614035087 0.027777777777777776 0.05208333333333333
1 0.9159356725146198 0.37554824561403505 0.027046783625730993 0.03508771929824561
1 0.8399122807017544 0.3678728070175438 0.01608187134502924 0.027412280701754384
1 0.813048245614035 0.3837719298245614 0.019371345029239765 0.03179824561403509
1 0.7821637426900584 0.38048245614035087 0.02046783625730994 0.029605263157894735
1 0.7454312865497076 0.3991228070175438 0.023026315789473683 0.03179824561403509
1 0.76078216374269 0.43722587719298245 0.013523391812865496 0.016995614035087717
1 0.6763523391812866 0.3733552631578947 0.025219298245614034 0.03179824561403509
1 0.6284722222222222 0.3862390350877193 0.0222953216374269 0.03344298245614035
1 0.5963084795321637 0.40625 0.01206140350877193 0.019736842105263157
1 0.5899122807017544 0.3752741228070175 0.017543859649122806 0.03125
1 0.552266081871345 0.3939144736842105 0.016812865497076022 0.02576754385964912
1 0.535453216374269 0.37938596491228066 0.019005847953216373 0.03289473684210526
1 0.5071271929824561 0.3928179824561403 0.01864035087719298 0.0356359649122807
1 0.45705409356725146 0.38651315789473684 0.017909356725146198 0.021929824561403508
1 0.43804824561403505 0.3977521929824561 0.015716374269005847 0.022478070175438597
1 0.40277777777777773 0.38788377192982454 0.02046783625730994 0.03015350877192982
1 0.36860380116959063 0.4095394736842105 0.02010233918128655 0.023026315789473683
1 0.26133040935672514 0.40405701754385964 0.01608187134502924 0.03070175438596491
1 0.2593201754385965 0.5496162280701754 0.02010233918128655 0.03125
1 0.30902777777777773 0.528782894736842 0.023757309941520467 0.0400219298245614
1 0.3994883040935672 0.5224780701754386 0.01827485380116959 0.03399122807017543
1 0.4853801169590643 0.518640350877193 0.015350877192982455 0.03070175438596491
1 0.5164473684210527 0.5117872807017544 0.017543859649122806 0.03015350877192982
1 0.5508040935672515 0.5219298245614035 0.023391812865497075 0.023026315789473683
1 0.6487573099415205 0.5049342105263157 0.03216374269005848 0.03070175438596491
1 0.7432383040935672 0.5002741228070176 0.028143274853801168 0.0356359649122807
1 0.7997076023391813 0.4936951754385965 0.02412280701754386 0.0268640350877193
1 0.9228801169590642 0.49780701754385964 0.02631578947368421 0.041666666666666664
1 0.9570540935672515 0.5671600877192983 0.029605263157894735 0.03125
1 0.9073464912280701 0.584703947368421 0.032529239766081866 0.043311403508771926
1 0.8799342105263157 0.5759320175438596 0.025950292397660817 0.03125
1 0.8475877192982456 0.5852521929824561 0.024853801169590642 0.0400219298245614
1 0.8267543859649122 0.5836074561403508 0.031432748538011694 0.02796052631578947
1 0.7759502923976608 0.5984100877192983 0.027777777777777776 0.0268640350877193
1 0.7344663742690059 0.584703947368421 0.03179824561403509 0.038925438596491224
1 0.6825657894736842 0.6027960526315789 0.04057017543859649 0.044407894736842105
1 0.6465643274853801 0.5737390350877193 0.021929824561403508 0.042214912280701754
1 0.6197002923976608 0.5984100877192983 0.032529239766081866 0.05537280701754386
1 0.5513523391812866 0.6206140350877193 0.02887426900584795 0.038377192982456135
1 0.5049342105263157 0.6025219298245613 0.020833333333333332 0.029605263157894735
1 0.40716374269005845 0.6011513157894737 0.024853801169590642 0.038925438596491224
1 0.36622807017543857 0.6299342105263157 0.03289473684210526 0.03179824561403509
1 0.32821637426900585 0.6384320175438596 0.021198830409356724 0.03125
1 0.293859649122807 0.6255482456140351 0.033625730994152045 0.04057017543859649
1 0.2759502923976608 0.7546600877192982 0.01608187134502924 0.018092105263157895
1 0.3843201754385965 0.7450657894736842 0.01864035087719298 0.020833333333333332
1 0.45687134502923976 0.7102521929824561 0.03654970760233918 0.03782894736842105
1 0.504203216374269 0.7236842105263157 0.012792397660818713 0.02631578947368421
1 0.549890350877193 0.7149122807017544 0.010599415204678362 0.03179824561403509
1 0.6546052631578947 0.716282894736842 0.013157894736842105 0.018092105263157895
1 0.6997441520467836 0.7212171052631579 0.01864035087719298 0.013706140350877192
1 0.7498172514619883 0.7108004385964912 0.01864035087719298 0.0356359649122807
1 0.862390350877193 0.7055921052631579 0.020833333333333332 0.021929824561403508
1 0.9442616959064327 0.7231359649122807 0.023026315789473683 0.03070175438596491
1 0.9546783625730993 0.8168859649122806 0.019736842105263157 0.02412280701754386
1 0.8589181286549707 0.8023574561403508 0.021929824561403508 0.0268640350877193
1 0.8207236842105262 0.8199013157894737 0.025219298245614034 0.02796052631578947
1 0.875548245614035 0.9375 0.025219298245614034 0.03618421052631579
1 0.6880482456140351 0.825657894736842 0.025219298245614034 0.029605263157894735
1 0.65625 0.8401864035087718 0.025219298245614034 0.021381578947368418
1 0.6191520467836257 0.841282894736842 0.017543859649122806 0.019188596491228067
1 0.5537280701754386 0.8352521929824561 0.01608187134502924 0.013706140350877192
1 0.481359649122807 0.8322368421052632 0.01608187134502924 0.05263157894736842
1 0.4468201754385965 0.8448464912280701 0.01864035087719298 0.01864035087719298
1 0.4131944444444444 0.8393640350877193 0.025219298245614034 0.02412280701754386
1 0.3744517543859649 0.8245614035087718 0.023026315789473683 0.023026315789473683
1 0.35197368421052627 0.84375 0.025584795321637425 0.06030701754385964
1 0.3017178362573099 0.8525219298245613 0.027412280701754384 0.03399122807017543
1 0.262609649122807 0.8484100877192982 0.039108187134502925 0.048793859649122806
1 0.3994883040935672 0.9838267543859649 0.03435672514619883 0.03234649122807017
1 0.49159356725146197 0.9673793859649122 0.013157894736842105 0.0356359649122807
1 0.5078581871345029 0.9731359649122806 0.01864035087719298 0.042763157894736836
1 0.5674342105263157 0.9155701754385964 0.03326023391812866 0.0668859649122807
1 0.5776681286549707 0.9514802631578947 0.02448830409356725 0.05317982456140351
1 0.6703216374269005 0.9287280701754386 0.014619883040935672 0.02412280701754386
1 0.7134502923976608 0.9564144736842105 0.012426900584795321 0.019188596491228067
