1 0.5688961988304093 0.9237938596491228 0.010599415204678362 0.013157894736842105
1 0.46929824561403505 0.9353070175438596 0.031432748538011694 0.03179824561403509
1 0.39455409356725146 0.9292763157894737 0.032529239766081866 0.044956140350877194
1 0.2909356725146199 0.940515350877193 0.03508771929824561 0.05427631578947368
1 0.2567616959064327 0.9375 0.02010233918128655 0.03399122807017543
1 0.21052631578947367 0.9575109649122806 0.010964912280701754 0.011513157894736841
1 0.10197368421052631 0.9605263157894737 0.03216374269005848 0.029605263157894735
1 0.03125 0.9558662280701754 0.028143274853801168 0.0268640350877193
1 0.6822002923976608 0.125 0.021564327485380116 0.03289473684210526
1 0.71875 0.10663377192982455 0.019371345029239765 0.03015350877192982
1 0.7680921052631579 0.09676535087719297 0.013523391812865496 0.021381578947368418
1 0.7967836257309941 0.10773026315789473 0.02412280701754386 0.04989035087719298
1 0.8682383040935672 0.09895833333333333 0.03179824561403509 0.045504385964912276
1 0.8980263157894737 0.13349780701754385 0.015350877192982455 0.02576754385964912
1 0.9714912280701754 0.0912828947368421 0.013157894736842105 0.02357456140350877
1 0.8081140350877193 0.33031798245614036 0.0445906432748538 0.05975877192982456
1 0.8384502923976608 0.3086622807017544 0.041666666666666664 0.05153508771929824
1 0.9307383040935672 0.3308662280701754 0.034722222222222224 0.05427631578947368
1 0.9532163742690059 0.29934210526315785 0.029239766081871343 0.044956140350877194
1 0.9453581871345029 0.5542763157894737 0.028143274853801168 0.03618421052631579
1 0.6690423976608186 0.5627741228070176 0.025950292397660817 0.022478070175438597
