1 0.06012426900584795 0.37033991228070173 0.032529239766081866 0.05317982456140351
1 0.11677631578947367 0.38843201754385964 0.0266812865497076 0.020285087719298246
1 0.01663011695906433 0.5002741228070176 0.03179824561403509 0.05756578947368421
1 0.04057017543859649 0.490953947368421 0.03874269005847953 0.06524122807017543
1 0.09429824561403508 0.48218201754385964 0.038011695906432746 0.05317982456140351
1 0.12627923976608185 0.4917763157894737 0.04203216374269006 0.05921052631578947
1 0.23739035087719296 0.5158991228070176 0.042763157894736836 0.0625
1 0.17434210526315788 0.6387061403508771 0.0533625730994152 0.0537280701754386
1 0.04788011695906433 0.6450109649122807 0.04751461988304093 0.07291666666666666
1 0.18585526315789472 0.7875548245614035 0.04641812865497076 0.05208333333333333
1 0.3744517543859649 0.13349780701754385 0.02448830409356725 0.048793859649122806
1 0.4373172514619883 0.12033991228070175 0.015716374269005847 0.02796052631578947
1 0.47277046783625726 0.12088815789473684 0.025219298245614034 0.044407894736842105
1 0.6162280701754386 0.16611842105263158 0.023391812865497075 0.025219298245614034
1 0.8305921052631579 0.1425438596491228 0.017178362573099414 0.02631578947368421
1 0.8740862573099415 0.11211622807017543 0.023026315789473683 0.041118421052631575
1 0.94828216374269 0.12280701754385964 0.020833333333333332 0.03399122807017543
1 0.9756944444444444 0.12527412280701752 0.017909356725146198 0.03125
1 0.9234283625730993 0.24205043859649122 0.03764619883040936 0.05208333333333333
1 0.8846856725146198 0.28125 0.0222953216374269 0.0581140350877193
1 0.8432017543859649 0.26206140350877194 0.027777777777777776 0.04057017543859649
1 0.7701023391812865 0.2650767543859649 0.043859649122807015 0.07291666666666666
1 0.7266081871345029 0.26589912280701755 0.0445906432748538 0.0581140350877193
1 0.6997441520467836 0.24780701754385964 0.05007309941520467 0.07236842105263158
1 0.6465643274853801 0.26398026315789475 0.041666666666666664 0.05756578947368421
1 0.6094663742690059 0.27905701754385964 0.023026315789473683 0.04714912280701754
1 0.5405701754385964 0.25959429824561403 0.041666666666666664 0.06414473684210525
1 0.5239400584795322 0.29989035087719296 0.013523391812865496 0.020833333333333332
1 0.3996710526315789 0.28426535087719296 0.05226608187134503 0.07510964912280702
1 0.5063961988304093 0.993969298245614 0.020833333333333332 0.01206140350877193
1 0.6122076023391813 0.9950657894736842 0.013157894736842105 0.009868421052631578
1 0.5893640350877193 0.9972587719298245 0.01644736842105263 0.005482456140350877
1 0.6732456140350876 0.993969298245614 0.012426900584795321 0.01206140350877193
1 0.7076023391812865 0.9931469298245613 0.013157894736842105 0.013706140350877192
1 0.8834064327485379 0.9912280701754386 0.012426900584795321 0.017543859649122806
