1 0.26516812865497075 0.05098684210526316 0.025950292397660817 0.029605263157894735
1 0.16264619883040934 0.05975877192982456 0.025584795321637425 0.03289473684210526
1 0.1873172514619883 0.0556469298245614 0.012792397660818713 0.014802631578947368
1 0.12755847953216373 0.06304824561403509 0.016812865497076022 0.02631578947368421
1 0.2987938596491228 0.18832236842105263 0.03326023391812866 0.07291666666666666
1 0.2671783625730994 0.19873903508771928 0.029970760233918127 0.06853070175438596
1 0.2002923976608187 0.17434210526315788 0.03654970760233918 0.049342105263157895
1 0.16758040935672514 0.17434210526315788 0.03033625730994152 0.0581140350877193
1 0.2905701754385965 0.2996162280701754 0.013157894736842105 0.0268640350877193
1 0.2571271929824561 0.31277412280701755 0.01864035087719298 0.022478070175438597
1 0.17580409356725146 0.29934210526315785 0.013888888888888888 0.017543859649122806
1 0.14364035087719298 0.4358552631578947 0.013888888888888888 0.03618421052631579
1 0.20906432748538012 0.4292763157894737 0.013888888888888888 0.02631578947368421
1 0.24853801169590642 0.44846491228070173 0.029970760233918127 0.06469298245614034
1 0.2777777777777778 0.4265350877192982 0.03216374269005848 0.03618421052631579
1 0.3384502923976608 0.4331140350877193 0.019005847953216373 0.03289473684210526
1 0.36239035087719296 0.5868969298245613 0.042763157894736836 0.041118421052631575
1 0.33790204678362573 0.6765350877192982 0.04568713450292397 0.0756578947368421
1 0.30957602339181284 0.6877741228070176 0.041666666666666664 0.0356359649122807
1 0.28216374269005845 0.6880482456140351 0.02850877192982456 0.044956140350877194
1 0.2309941520467836 0.6790021929824561 0.03070175438596491 0.04989035087719298
1 0.20614035087719296 0.6825657894736842 0.031432748538011694 0.0581140350877193
1 0.08735380116959064 0.6828399122807017 0.03728070175438596 0.038925438596491224
1 0.059576023391812866 0.6746162280701754 0.03435672514619883 0.05646929824561403
1 0.025219298245614034 0.6631030701754386 0.043859649122807015 0.048793859649122806
1 0.01864035087719298 0.8952850877192982 0.02266081871345029 0.03399122807017543
1 0.055190058479532164 0.8843201754385964 0.019736842105263157 0.027412280701754384
1 0.12554824561403508 0.8843201754385964 0.012792397660818713 0.021929824561403508
1 0.10197368421052631 0.8974780701754386 0.008771929824561403 0.019736842105263157
1 0.125 0.9906798245614035 0.039473684210526314 0.01864035087719298
1 0.18293128654970758 0.9838267543859649 0.03326023391812866 0.03234649122807017
1 0.1684941520467836 0.8961074561403508 0.015350877192982455 0.03125
1 0.23135964912280702 0.9084429824561403 0.019736842105263157 0.03399122807017543
1 0.28654970760233917 0.8939144736842105 0.01608187134502924 0.021381578947368418
1 0.3285818713450292 0.8892543859649122 0.01827485380116959 0.03728070175438596
1 0.9839181286549707 0.04742324561403508 0.021929824561403508 0.016995614035087717
1 0.9243421052631579 0.046875 0.02412280701754386 0.021381578947368418
1 0.8850511695906432 0.027412280701754384 0.02887426900584795 0.03508771929824561
1 0.8817616959064327 0.05427631578947368 0.0222953216374269 0.021929824561403508
1 0.7759502923976608 0.07538377192982455 0.02412280701754386 0.03782894736842105
1 0.7368421052631579 0.044407894736842105 0.021929824561403508 0.03508771929824561
1 0.6865862573099415 0.078125 0.0222953216374269 0.03125
1 0.44828216374269003 0.04961622807017543 0.02448830409356725 0.0356359649122807
1 0.47368421052631576 0.06907894736842105 0.016812865497076022 0.02412280701754386
1 0.583516081871345 0.0424890350877193 0.009868421052631578 0.019188596491228067
1 0.6626461988304093 0.08031798245614034 0.013888888888888888 0.019188596491228067
1 0.4917763157894737 0.20093201754385964 0.0668859649122807 0.06524122807017543
1 0.5376461988304093 0.20175438596491227 0.029239766081871343 0.03289473684210526
1 0.5677997076023391 0.17242324561403508 0.0581140350877193 0.07839912280701754
1 0.6175073099415205 0.17845394736842105 0.03326023391812866 0.06085526315789473
1 0.6825657894736842 0.20339912280701752 0.0398391812865497 0.042763157894736836
1 0.7041301169590642 0.18338815789473684 0.04203216374269006 0.03782894736842105
1 0.7596856725146198 0.1938048245614035 0.03618421052631579 0.042214912280701754
1 0.8559941520467835 0.1938048245614035 0.0402046783625731 0.05208333333333333
1 0.9082602339181286 0.20093201754385964 0.03728070175438596 0.04989035087719298
1 0.9097222222222222 0.15707236842105263 0.021929824561403508 0.03234649122807017
1 0.9588815789473684 0.2099780701754386 0.05226608187134503 0.049342105263157895
1 0.48008040935672514 0.3125 0.019371345029239765 0.019736842105263157
1 0.65625 0.33059210526315785 0.03033625730994152 0.03618421052631579
1 0.7552997076023391 0.3059210526315789 0.05153508771929824 0.09210526315789473
1 0.8104897660818713 0.3484100877192982 0.03326023391812866 0.048793859649122806
1 0.8726242690058479 0.34594298245614036 0.0222953216374269 0.02850877192982456
1 0.9395102339181286 0.3100328947368421 0.0266812865497076 0.02576754385964912
1 0.9649122807017543 0.3527960526315789 0.029970760233918127 0.04769736842105263
1 0.9742324561403508 0.44709429824561403 0.031067251461988302 0.06195175438596491
1 0.8726242690058479 0.4306469298245614 0.034722222222222224 0.04989035087719298
1 0.7626096491228069 0.40213815789473684 0.052997076023391806 0.05646929824561403
1 0.7026681286549707 0.4339364035087719 0.03399122807017543 0.07730263157894736
1 0.6778143274853801 0.4331140350877193 0.04203216374269006 0.08442982456140351
1 0.5575657894736842 0.4057017543859649 0.05665204678362573 0.07017543859649122
1 0.5259502923976608 0.45093201754385964 0.03654970760233918 0.07839912280701754
1 0.4926900584795321 0.45093201754385964 0.02412280701754386 0.038925438596491224
1 0.4502923976608187 0.43612938596491224 0.0489766081871345 0.05427631578947368
1 0.45175438596491224 0.5537280701754386 0.03654970760233918 0.03070175438596491
1 0.556469298245614 0.5671600877192983 0.049342105263157895 0.03782894736842105
1 0.6518640350877193 0.5583881578947368 0.032529239766081866 0.048793859649122806
1 0.7412280701754386 0.5825109649122807 0.02631578947368421 0.05317982456140351
1 0.768640350877193 0.5627741228070176 0.03654970760233918 0.0400219298245614
1 0.8384502923976608 0.5896381578947368 0.023391812865497075 0.0400219298245614
1 0.9311038011695906 0.5923793859649122 0.05007309941520467 0.03453947368421052
1 0.8463084795321637 0.6683114035087719 0.017909356725146198 0.017543859649122806
1 0.97953216374269 0.6787280701754386 0.02850877192982456 0.02850877192982456
1 0.9427997076023391 0.6655701754385964 0.01644736842105263 0.017543859649122806
1 0.6822002923976608 0.6809210526315789 0.0222953216374269 0.02631578947368421
1 0.6074561403508771 0.6713267543859649 0.01827485380116959 0.0268640350877193
1 0.6469298245614035 0.685032894736842 0.01827485380116959 0.020285087719298246
1 0.5303362573099415 0.6885964912280701 0.01827485380116959 0.038377192982456135
1 0.5610380116959064 0.6943530701754386 0.023391812865497075 0.0268640350877193
1 0.49707602339181284 0.6877741228070176 0.019736842105263157 0.0400219298245614
1 0.4541301169590643 0.909265350877193 0.044956140350877194 0.042214912280701754
1 0.5926535087719298 0.903782894736842 0.06396198830409357 0.06633771929824561
1 0.5972222222222222 0.8314144736842105 0.019736842105263157 0.03453947368421052
1 0.6865862573099415 0.8848684210526315 0.02887426900584795 0.05482456140350877
1 0.7134502923976608 0.9912280701754386 0.021929824561403508 0.017543859649122806
1 0.8872441520467835 0.9473684210526315 0.04057017543859649 0.0625
1 0.7600511695906432 0.813048245614035 0.034722222222222224 0.0625
1 0.7637061403508771 0.8974780701754386 0.031067251461988302 0.04057017543859649
1 0.8013523391812865 0.9111842105263157 0.034722222222222224 0.08114035087719298
1 0.8028143274853801 0.7963267543859649 0.025950292397660817 0.042214912280701754
1 0.8267543859649122 0.8078399122807017 0.023391812865497075 0.038925438596491224
1 0.8980263157894737 0.7902960526315789 0.016812865497076022 0.02905701754385965
1 0.8530701754385964 0.7853618421052632 0.03289473684210526 0.05317982456140351
1 0.8580043859649122 0.8771929824561403 0.038377192982456135 0.0537280701754386
1 0.9159356725146198 0.8300438596491228 0.023391812865497075 0.03618421052631579
1 0.9438961988304093 0.9155701754385964 0.03618421052631579 0.0712719298245614
1 0.9870248538011696 0.8928179824561403 0.025950292397660817 0.06853070175438596
1 0.9886695906432748 0.8127741228070176 0.02266081871345029 0.0356359649122807
1 0.9475511695906432 0.8366228070175438 0.023026315789473683 0.04057017543859649
