1 0.05226608187134503 0.04632675438596491 0.02850877192982456 0.02905701754385965
1 0.10307017543859648 0.04029605263157895 0.02631578947368421 0.04769736842105263
1 0.13614766081871343 0.02987938596491228 0.028143274853801168 0.02796052631578947
1 0.18073830409356725 0.06716008771929824 0.019371345029239765 0.022478070175438597
1 0.09137426900584794 0.1762609649122807 0.0402046783625731 0.05975877192982456
1 0.1109283625730994 0.1381578947368421 0.04641812865497076 0.06578947368421052
1 0.14108187134502922 0.19682017543859648 0.017543859649122806 0.017543859649122806
1 0.10489766081871345 0.2631578947368421 0.03216374269005848 0.025219298245614034
1 0.02631578947368421 0.31935307017543857 0.05043859649122807 0.06085526315789473
1 0.10508040935672514 0.3212719298245614 0.017178362573099414 0.02631578947368421
1 0.16758040935672514 0.33497807017543857 0.04057017543859649 0.04057017543859649
1 0.007309941520467836 0.40625 0.012426900584795321 0.01425438596491228
1 0.15277777777777776 0.42297149122807015 0.016812865497076022 0.0268640350877193
1 0.03326023391812866 0.4621710526315789 0.027777777777777776 0.03289473684210526
1 0.03179824561403509 0.5093201754385964 0.014619883040935672 0.013157894736842105
1 0.08296783625730994 0.5317982456140351 0.029970760233918127 0.03179824561403509
1 0.1600877192982456 0.5243969298245613 0.014619883040935672 0.018092105263157895
1 0.2134502923976608 0.5164473684210527 0.021929824561403508 0.0537280701754386
1 0.2050438596491228 0.6211622807017544 0.021929824561403508 0.03618421052631579
1 0.17781432748538012 0.6258223684210525 0.0266812865497076 0.048793859649122806
1 0.14802631578947367 0.6499451754385964 0.02412280701754386 0.0400219298245614
1 0.10891812865497075 0.6469298245614035 0.027046783625730993 0.03508771929824561
1 0.09082602339181287 0.6137609649122807 0.027412280701754384 0.044407894736842105
1 0.038011695906432746 0.6400767543859649 0.033625730994152045 0.03782894736842105
1 0.012792397660818713 0.6584429824561403 0.02412280701754386 0.01864035087719298
1 0.19389619883040934 0.7593201754385964 0.023757309941520467 0.02631578947368421
1 0.15625 0.7574013157894737 0.031067251461988302 0.015899122807017545
1 0.11714181286549707 0.7749451754385964 0.027412280701754384 0.0268640350877193
1 0.09082602339181287 0.7450657894736842 0.02448830409356725 0.021929824561403508
1 0.06012426900584795 0.7700109649122806 0.03179824561403509 0.024671052631578948
1 0.018092105263157895 0.7568530701754386 0.034722222222222224 0.022478070175438597
1 0.15423976608187134 0.8692434210526315 0.02631578947368421 0.02357456140350877
1 0.09923245614035087 0.8870614035087718 0.03691520467836257 0.041666666666666664
1 0.04349415204678363 0.8900767543859649 0.03728070175438596 0.05975877192982456
1 0.025950292397660817 0.9945175438596491 0.02046783625730994 0.010964912280701754
1 0.09429824561403508 0.9953399122807017 0.014619883040935672 0.006030701754385965
1 0.2182017543859649 0.9745065789473684 0.019005847953216373 0.05098684210526316
1 0.2739400584795321 0.969298245614035 0.01864035087719298 0.017543859649122806
1 0.23885233918128654 0.13020833333333331 0.04057017543859649 0.06195175438596491
1 0.2774122807017544 0.1112938596491228 0.03508771929824561 0.043859649122807015
1 0.3260233918128655 0.0668859649122807 0.013157894736842105 0.03399122807017543
1 0.3340643274853801 0.14172149122807018 0.029970760233918127 0.03782894736842105
1 0.40387426900584794 0.05016447368421052 0.029970760233918127 0.02576754385964912
1 0.43457602339181284 0.04906798245614035 0.013888888888888888 0.042214912280701754
1 0.4815423976608187 0.049342105263157895 0.013523391812865496 0.029605263157894735
1 0.41154970760233917 0.12609649122807018 0.029970760233918127 0.041666666666666664
1 0.4402412280701754 0.11705043859649122 0.03179824561403509 0.05975877192982456
1 0.5025584795321637 0.16173245614035087 0.041666666666666664 0.06578947368421052
1 0.5449561403508771 0.10663377192982455 0.04239766081871345 0.046600877192982455
1 0.602156432748538 0.0981359649122807 0.0537280701754386 0.06359649122807018
1 0.6138523391812866 0.022752192982456138 0.028143274853801168 0.0268640350877193
1 0.6372441520467836 0.12527412280701752 0.034722222222222224 0.07182017543859649
1 0.6118421052631579 0.15049342105263158 0.035818713450292396 0.06195175438596491
1 0.6942616959064327 0.10526315789473684 0.05738304093567251 0.042763157894736836
1 0.7114400584795322 0.009868421052631578 0.017178362573099414 0.01864035087719298
1 0.7861842105263157 0.023026315789473683 0.009502923976608187 0.029605263157894735
1 0.7730263157894737 0.078125 0.025584795321637425 0.05537280701754386
1 0.8251096491228069 0.10773026315789473 0.04057017543859649 0.048793859649122806
1 0.8320540935672515 0.06304824561403509 0.039108187134502925 0.05701754385964912
1 0.8715277777777777 0.0762061403508772 0.044956140350877194 0.0756578947368421
1 0.9287280701754386 0.1006030701754386 0.03435672514619883 0.044407894736842105
1 0.8887061403508771 0.01644736842105263 0.013523391812865496 0.03070175438596491
1 0.9395102339181286 0.29742324561403505 0.017909356725146198 0.03673245614035087
1 0.893640350877193 0.2464364035087719 0.007309941520467836 0.02796052631578947
1 0.8653143274853801 0.22532894736842105 0.03033625730994152 0.03179824561403509
1 0.8369883040935672 0.22176535087719296 0.027777777777777776 0.03453947368421052
1 0.8046418128654971 0.22368421052631576 0.029605263157894735 0.0537280701754386
1 0.7803362573099415 0.24287280701754385 0.029239766081871343 0.03289473684210526
1 0.7520102339181286 0.24561403508771928 0.020833333333333332 0.03179824561403509
1 0.6255482456140351 0.22971491228070173 0.06615497076023391 0.05482456140350877
1 0.5277777777777778 0.25219298245614036 0.043859649122807015 0.08991228070175439
1 0.5096856725146198 0.35005482456140347 0.05153508771929824 0.05646929824561403
1 0.4183114035087719 0.34594298245614036 0.049342105263157895 0.046052631578947366
1 0.31779970760233917 0.2508223684210526 0.049342105263157895 0.041118421052631575
1 0.27814327485380114 0.24616228070175436 0.04093567251461988 0.044956140350877194
1 0.6655701754385964 0.4150219298245614 0.043859649122807015 0.08223684210526315
1 0.8326023391812865 0.40213815789473684 0.029239766081871343 0.0400219298245614
1 0.9126461988304093 0.4487390350877193 0.031432748538011694 0.05756578947368421
1 0.97953216374269 0.5583881578947368 0.03654970760233918 0.03125
1 0.9544956140350876 0.5836074561403508 0.04641812865497076 0.07839912280701754
1 0.9013157894736842 0.584703947368421 0.0402046783625731 0.042214912280701754
1 0.8627558479532164 0.5583881578947368 0.03033625730994152 0.044407894736842105
1 0.8247441520467835 0.4994517543859649 0.027412280701754384 0.044956140350877194
1 0.7454312865497076 0.5263157894736842 0.01864035087719298 0.04057017543859649
1 0.76078216374269 0.5808662280701754 0.031067251461988302 0.0356359649122807
1 0.7200292397660818 0.5825109649122807 0.027777777777777776 0.03673245614035087
1 0.6480263157894737 0.506578947368421 0.021929824561403508 0.03618421052631579
1 0.6401681286549707 0.569078947368421 0.0442251461988304 0.06798245614035087
1 0.6215277777777778 0.5041118421052632 0.03033625730994152 0.05975877192982456
1 0.533625730994152 0.48218201754385964 0.01608187134502924 0.03125
1 0.47953216374269003 0.4649122807017544 0.027046783625730993 0.03179824561403509
1 0.43548976608187134 0.45860745614035087 0.048611111111111105 0.0400219298245614
1 0.4780701754385965 0.5117872807017544 0.008771929824561403 0.014802631578947368
1 0.4053362573099415 0.4928728070175438 0.016812865497076022 0.01644736842105263
1 0.3877923976608187 0.5241228070175439 0.04312865497076023 0.043859649122807015
1 0.3355263157894737 0.5 0.04239766081871345 0.06798245614035087
1 0.31798245614035087 0.6324013157894737 0.021929824561403508 0.038925438596491224
1 0.4013157894736842 0.643640350877193 0.046052631578947366 0.04824561403508772
1 0.4438961988304093 0.5855263157894737 0.01864035087719298 0.043859649122807015
1 0.4844663742690058 0.6080043859649122 0.013523391812865496 0.020833333333333332
1 0.5230263157894737 0.6049890350877193 0.02046783625730994 0.07182017543859649
1 0.5595760233918128 0.6115679824561403 0.016812865497076022 0.024671052631578948
1 0.5780336257309941 0.5836074561403508 0.04714912280701754 0.05646929824561403
1 0.9663742690058479 0.7138157894736842 0.04239766081871345 0.05701754385964912
1 0.7807017543859649 0.7280701754385964 0.019736842105263157 0.03179824561403509
1 0.5347222222222222 0.7461622807017544 0.04751461988304093 0.04714912280701754
1 0.4756944444444444 0.7212171052631579 0.03326023391812866 0.044407894736842105
1 0.4097222222222222 0.7417763157894737 0.03070175438596491 0.05043859649122807
1 0.39455409356725146 0.7351973684210525 0.025950292397660817 0.04714912280701754
1 0.3516081871345029 0.7606907894736842 0.027777777777777776 0.03782894736842105
1 0.3262061403508772 0.7521929824561403 0.03179824561403509 0.044956140350877194
1 0.3393640350877193 0.8961074561403508 0.025219298245614034 0.02357456140350877
1 0.4453581871345029 0.8662280701754386 0.01206140350877193 0.020833333333333332
1 0.5180921052631579 0.8760964912280701 0.02010233918128655 0.025219298245614034
1 0.6006944444444444 0.8760964912280701 0.025219298245614034 0.020833333333333332
1 0.6794590643274854 0.8728070175438596 0.014619883040935672 0.020833333333333332
1 0.7255116959064327 0.8218201754385964 0.011695906432748537 0.017543859649122806
1 0.7468932748538011 0.8325109649122806 0.009868421052631578 0.018092105263157895
1 0.7744883040935672 0.8950109649122806 0.013888888888888888 0.018092105263157895
1 0.8247441520467835 0.8678728070175438 0.01206140350877193 0.020833333333333332
1 0.8607456140350876 0.8760964912280701 0.015350877192982455 0.03289473684210526
1 0.8802997076023391 0.8536184210526315 0.014985380116959063 0.021929824561403508
1 0.9649122807017543 0.834703947368421 0.010964912280701754 0.013706140350877192
1 0.9228801169590642 0.9605263157894737 0.012426900584795321 0.021929824561403508
1 0.8775584795321637 0.9923245614035087 0.012426900584795321 0.015350877192982455
1 0.7704678362573099 0.9564144736842105 0.01608187134502924 0.013706140350877192
1 0.741593567251462 0.9509320175438596 0.010964912280701754 0.019188596491228067
1 0.6796418128654971 0.9196820175438596 0.021564327485380116 0.02576754385964912
1 0.7050438596491228 0.993969298245614 0.013157894736842105 0.01206140350877193
1 0.6036184210526315 0.9421600877192982 0.017909356725146198 0.022478070175438597
1 0.4888523391812865 0.9643640350877193 0.017909356725146198 0.02412280701754386
1 0.4336622807017544 0.9553179824561403 0.01644736842105263 0.02357456140350877
1 0.3252923976608187 0.9915021929824561 0.024853801169590642 0.016995614035087717
1 0.35197368421052627 0.9923245614035087 0.03508771929824561 0.015350877192982455
