1 0.02448830409356725 1 0.021929824561403508 0.03782894736842105
1 0.08406432748538012 1 0.02412280701754386 0.0356359649122807
1 0.014619883040935672 0.909265350877193 0.027777777777777776 0.03782894736842105
1 0.07821637426900585 0.9191337719298245 0.021929824561403508 0.02905701754385965
1 0.10891812865497075 0.8900767543859649 0.021929824561403508 0.03782894736842105
1 0.009137426900584795 0.7941337719298245 0.017543859649122806 0.03782894736842105
1 0.04788011695906433 0.7590460526315789 0.025584795321637425 0.05975877192982456
1 0.02448830409356725 0.6790021929824561 0.02266081871345029 0.03125
1 0.059576023391812866 0.640625 0.00804093567251462 0.013706140350877192
1 0.08589181286549707 0.6200657894736842 0.029239766081871343 0.03289473684210526
1 0.023026315789473683 0.5183662280701754 0.025584795321637425 0.03125
1 0.04130116959064327 0.3996710526315789 0.023391812865497075 0.03399122807017543
1 0.06889619883040936 0.31935307017543857 0.02448830409356725 0.0268640350877193
1 0.01608187134502924 0.20285087719298245 0.024853801169590642 0.04714912280701754
1 0.04641812865497076 0.1049890350877193 0.02266081871345029 0.05317982456140351
1 0.05007309941520467 0.15597587719298245 0.021929824561403508 0.02796052631578947
1 0.07675438596491227 0.15871710526315788 0.01827485380116959 0.02905701754385965
1 0.10508040935672514 0.17489035087719298 0.029605263157894735 0.043859649122807015
1 0.20559210526315788 0.03344298245614035 0.019371345029239765 0.03289473684210526
1 0.26571637426900585 0.0512609649122807 0.021929824561403508 0.024671052631578948
1 0.36184210526315785 0.078125 0.025584795321637425 0.02905701754385965
1 0.4155701754385965 0.19599780701754385 0.021929824561403508 0.04989035087719298
1 0.38998538011695905 0.22368421052631576 0.01608187134502924 0.03179824561403509
1 0.3364400584795321 0.30838815789473684 0.017178362573099414 0.0356359649122807
1 0.3028143274853801 0.28563596491228066 0.03399122807017543 0.042763157894736836
1 0.2593201754385965 0.19873903508771928 0.01644736842105263 0.02905701754385965
1 0.20413011695906433 0.2050438596491228 0.0266812865497076 0.03399122807017543
1 0.14948830409356725 0.2308114035087719 0.014619883040935672 0.03508771929824561
1 0.102156432748538 0.32456140350877194 0.019371345029239765 0.020833333333333332
1 0.11659356725146199 0.4462719298245614 0.011695906432748537 0.04057017543859649
1 0.1074561403508772 0.5098684210526315 0.02266081871345029 0.03618421052631579
1 0.06195175438596491 0.48739035087719296 0.021564327485380116 0.03070175438596491
1 0.14510233918128654 0.5471491228070176 0.021198830409356724 0.03179824561403509
1 0.20614035087719296 0.5411184210526315 0.013888888888888888 0.03289473684210526
1 0.23976608187134502 0.5098684210526315 0.016812865497076022 0.021929824561403508
1 0.23300438596491227 0.42489035087719296 0.009868421052631578 0.01864035087719298
1 0.25493421052631576 0.3212719298245614 0.020833333333333332 0.03728070175438596
1 0.35453216374269003 0.3881578947368421 0.021198830409356724 0.02850877192982456
1 0.4159356725146199 0.375 0.019005847953216373 0.03289473684210526
1 0.4638157894736842 0.4152960526315789 0.024853801169590642 0.0356359649122807
1 0.45321637426900585 0.5405701754385964 0.01827485380116959 0.03179824561403509
1 0.36567982456140347 0.5200109649122807 0.05080409356725146 0.06743421052631579
1 0.2949561403508772 0.5098684210526315 0.014619883040935672 0.02412280701754386
1 0.11476608187134502 0.6521381578947368 0.019005847953216373 0.0400219298245614
1 0.14491959064327484 0.7771381578947368 0.04568713450292397 0.0762061403508772
1 0.18165204678362573 0.7609649122807017 0.02046783625730994 0.044956140350877194
1 0.15679824561403508 0.6875 0.021929824561403508 0.03179824561403509
1 0.24323830409356723 0.6683114035087719 0.01864035087719298 0.042763157894736836
1 0.2949561403508772 0.6255482456140351 0.021929824561403508 0.02631578947368421
1 0.3198099415204678 0.6269188596491228 0.011695906432748537 0.02576754385964912
1 0.39290935672514615 0.6617324561403508 0.023391812865497075 0.03070175438596491
1 0.47368421052631576 0.6573464912280701 0.027777777777777776 0.041666666666666664
1 0.40387426900584794 0.7286184210526315 0.021198830409356724 0.03070175438596491
1 0.3951023391812865 0.7702850877192982 0.031432748538011694 0.03070175438596491
1 0.3125 0.7584978070175438 0.03508771929824561 0.048793859649122806
1 0.28216374269005845 0.7502741228070176 0.027046783625730993 0.05317982456140351
1 0.25109649122807015 0.7458881578947368 0.021929824561403508 0.05317982456140351
1 0.14309210526315788 0.915844298245614 0.02448830409356725 0.044407894736842105
1 0.18951023391812866 0.9336622807017544 0.0266812865497076 0.03728070175438596
1 0.31743421052631576 0.924890350877193 0.025219298245614034 0.023026315789473683
1 0.3846856725146199 0.8621162280701754 0.023026315789473683 0.041118421052631575
1 0.45175438596491224 0.875 0.023391812865497075 0.029605263157894735
1 0.43877923976608185 1 0.011330409356725146 0.046600877192982455
1 0.3262061403508772 0.9961622807017543 0.025219298245614034 0.03179824561403509
1 0.5619517543859649 0.9287280701754386 0.01425438596491228 0.019736842105263157
1 0.5899122807017544 0.9821820175438596 0.056286549707602336 0.06743421052631579
1 0.6065423976608186 1 0.039108187134502925 0.038925438596491224
1 0.7432383040935672 0.987390350877193 0.052997076023391806 0.08114035087719298
1 0.8192616959064327 0.9396929824561403 0.027412280701754384 0.05482456140350877
1 0.8218201754385964 0.9824561403508771 0.039108187134502925 0.0668859649122807
1 0.5922880116959064 0.5137061403508771 0.03179824561403509 0.02631578947368421
1 0.5855263157894737 0.2741228070175438 0.05701754385964912 0.06798245614035087
1 0.6244517543859649 0.2996162280701754 0.02448830409356725 0.0356359649122807
1 0.6690423976608186 0.27247807017543857 0.04057017543859649 0.0668859649122807
1 0.7143640350877193 0.3075657894736842 0.025950292397660817 0.0581140350877193
1 0.7744883040935672 0.28125 0.03654970760233918 0.042763157894736836
1 0.8134137426900584 0.2546600877192982 0.038377192982456135 0.07182017543859649
1 0.7768640350877193 0.10224780701754385 0.07492690058479531 0.07182017543859649
1 0.8548976608187134 0.31798245614035087 0.039473684210526314 0.05482456140350877
1 0.9301900584795321 0.2431469298245614 0.049707602339181284 0.06195175438596491
1 0.9766081871345029 0.5024671052631579 0.04751461988304093 0.07182017543859649
