1 0.023026315789473683 0.1400767543859649 0.019005847953216373 0.043311403508771926
1 0.08698830409356725 0.0962171052631579 0.01608187134502924 0.02905701754385965
1 0.11074561403508772 0.07785087719298245 0.027777777777777776 0.03508771929824561
1 0.21984649122807015 0.07154605263157894 0.027412280701754384 0.0268640350877193
1 0.24561403508771928 0.08771929824561403 0.02412280701754386 0.041666666666666664
1 0.2578581871345029 0.1162280701754386 0.02010233918128655 0.04057017543859649
1 0.2447002923976608 0.16392543859649122 0.017909356725146198 0.042763157894736836
1 0.03965643274853801 0.22094298245614033 0.032529239766081866 0.04057017543859649
1 0.0884502923976608 0.2138157894736842 0.014619883040935672 0.021929824561403508
1 0.3340643274853801 0.13843201754385964 0.017543859649122806 0.0356359649122807
1 0.3740862573099415 0.09210526315789473 0.028143274853801168 0.04824561403508772
1 0.4097222222222222 0.046600877192982455 0.014619883040935672 0.029605263157894735
1 0.450109649122807 0.0893640350877193 0.0266812865497076 0.03399122807017543
1 0.41703216374269003 0.20614035087719296 0.03070175438596491 0.03070175438596491
1 0.5751096491228069 0.08442982456140351 0.027412280701754384 0.029605263157894735
1 0.5292397660818713 0.10444078947368421 0.027046783625730993 0.03344298245614035
1 0.5497076023391813 0.15625 0.024853801169590642 0.03070175438596491
1 0.6103801169590642 0.1595394736842105 0.027046783625730993 0.03399122807017543
1 0.6513157894736842 0.11458333333333333 0.023391812865497075 0.039473684210526314
1 0.7596856725146198 0.09868421052631579 0.0398391812865497 0.03508771929824561
1 0.8029970760233918 0.12280701754385964 0.014619883040935672 0.015350877192982455
1 0.6489400584795322 0.3289473684210526 0.01864035087719298 0.021929824561403508
1 0.5946637426900584 0.3081140350877193 0.015350877192982455 0.025219298245614034
1 0.5677997076023391 0.3075657894736842 0.017909356725146198 0.019736842105263157
1 0.48026315789473684 0.32456140350877194 0.008771929824561403 0.019736842105263157
1 0.43512426900584794 0.33908991228070173 0.01206140350877193 0.022478070175438597
1 0.3671418128654971 0.26206140350877194 0.025219298245614034 0.046052631578947366
1 0.2593201754385965 0.3308662280701754 0.01206140350877193 0.020285087719298246
1 0.12116228070175437 0.3040021929824561 0.008406432748538011 0.018092105263157895
1 0.06451023391812866 0.32346491228070173 0.0222953216374269 0.02850877192982456
1 0.012792397660818713 0.3177083333333333 0.01608187134502924 0.0268640350877193
1 0.29550438596491224 0.3256578947368421 0.010599415204678362 0.01644736842105263
1 0.05756578947368421 0.45559210526315785 0.025950292397660817 0.021929824561403508
1 0.09173976608187134 0.44709429824561403 0.021198830409356724 0.03673245614035087
1 0.1597222222222222 0.4506578947368421 0.010964912280701754 0.027412280701754384
1 0.18165204678362573 0.4777960526315789 0.01608187134502924 0.0356359649122807
1 0.271016081871345 0.45751096491228066 0.02010233918128655 0.020285087719298246
1 0.3125 0.4602521929824561 0.013888888888888888 0.018092105263157895
1 0.3994883040935672 0.46875 0.024853801169590642 0.02412280701754386
1 0.5440423976608186 0.4468201754385965 0.017178362573099414 0.029605263157894735
1 0.5942982456140351 0.4602521929824561 0.019005847953216373 0.0356359649122807
1 0.6284722222222222 0.5424890350877193 0.025219298245614034 0.0356359649122807
1 0.5893640350877193 0.5586622807017544 0.023026315789473683 0.03179824561403509
1 0.5590277777777778 0.5537280701754386 0.023026315789473683 0.03508771929824561
1 0.4512061403508772 0.5627741228070176 0.01864035087719298 0.03125
1 0.396016081871345 0.5712719298245613 0.015716374269005847 0.02631578947368421
1 0.3636695906432748 0.5674342105263157 0.016812865497076022 0.02412280701754386
1 0.33790204678362573 0.5578399122807017 0.017909356725146198 0.0268640350877193
1 0.31359649122807015 0.5715460526315789 0.02266081871345029 0.0356359649122807
1 0.2774122807017544 0.5805921052631579 0.014619883040935672 0.02412280701754386
1 0.2225877192982456 0.5674342105263157 0.043859649122807015 0.05153508771929824
1 0.1611842105263158 0.5644188596491228 0.021198830409356724 0.0268640350877193
1 0.11860380116959064 0.5699013157894737 0.014985380116959063 0.024671052631578948
1 0.06359649122807018 0.5668859649122807 0.016812865497076022 0.023026315789473683
1 0.02448830409356725 0.5515350877192983 0.014619883040935672 0.019736842105263157
1 0.019005847953216373 0.712719298245614 0.007309941520467836 0.017543859649122806
1 0.06341374269005848 0.678453947368421 0.015716374269005847 0.018092105263157895
1 0.11659356725146199 0.6768092105263157 0.012426900584795321 0.03344298245614035
1 0.17781432748538012 0.6836622807017544 0.01644736842105263 0.01425438596491228
1 0.2046783625730994 0.6839364035087719 0.014619883040935672 0.019188596491228067
1 0.36622807017543857 0.6790021929824561 0.019736842105263157 0.014802631578947368
1 0.39364035087719296 0.6918859649122807 0.016812865497076022 0.02631578947368421
1 0.43457602339181284 0.6899671052631579 0.014619883040935672 0.022478070175438597
1 0.5122441520467836 0.728344298245614 0.01425438596491228 0.018092105263157895
1 0.5244883040935672 0.7009320175438596 0.013157894736842105 0.018092105263157895
1 0.5595760233918128 0.6995614035087719 0.02266081871345029 0.017543859649122806
1 0.6074561403508771 0.7146381578947368 0.016812865497076022 0.0268640350877193
1 0.6480263157894737 0.8448464912280701 0.03508771929824561 0.03070175438596491
1 0.5972222222222222 0.8634868421052632 0.019736842105263157 0.03179824561403509
1 0.54203216374269 0.8267543859649122 0.019736842105263157 0.01206140350877193
1 0.5171783625730993 0.8223684210526315 0.02266081871345029 0.01864035087719298
1 0.47404970760233917 0.8146929824561403 0.019736842105263157 0.02412280701754386
1 0.4009502923976608 0.8218201754385964 0.02046783625730994 0.03070175438596491
1 0.2494517543859649 0.8231907894736842 0.01425438596491228 0.03015350877192982
1 0.1913377192982456 0.850328947368421 0.01644736842105263 0.02412280701754386
1 0.12737573099415203 0.8486842105263157 0.013523391812865496 0.019736842105263157
1 0.15862573099415203 0.8393640350877193 0.007309941520467836 0.01644736842105263
1 0.01663011695906433 0.8547149122807017 0.025950292397660817 0.02412280701754386
1 0.034722222222222224 0.9468201754385964 0.033625730994152045 0.044956140350877194
1 0.09484649122807016 0.9602521929824561 0.025950292397660817 0.03125
1 0.1684941520467836 0.9745065789473684 0.029970760233918127 0.05098684210526316
1 0.24214181286549707 0.9621710526315789 0.02010233918128655 0.02850877192982456
1 0.2982456140350877 0.9780701754385964 0.02631578947368421 0.043859649122807015
1 0.31743421052631576 0.9438048245614035 0.01644736842105263 0.03015350877192982
1 0.35782163742690054 0.9605263157894737 0.012426900584795321 0.02631578947368421
1 0.39455409356725146 0.9761513157894737 0.010599415204678362 0.03453947368421052
1 0.42489035087719296 0.9174890350877193 0.021564327485380116 0.05317982456140351
1 0.4506578947368421 0.956140350877193 0.017543859649122806 0.027412280701754384
1 0.5434941520467836 0.9396929824561403 0.023391812865497075 0.03508771929824561
1 0.5899122807017544 0.9616228070175438 0.02266081871345029 0.041666666666666664
1 0.9031432748538011 0.011239035087719298 0.029239766081871343 0.020285087719298246
1 0.8221856725146198 0.28618421052631576 0.05080409356725146 0.0537280701754386
1 0.9243421052631579 0.3067434210526316 0.038011695906432746 0.03453947368421052
1 0.9599780701754386 0.30372807017543857 0.035453216374269 0.044956140350877194
1 0.9365862573099415 0.4150219298245614 0.025219298245614034 0.02412280701754386
1 0.8887061403508771 0.46271929824561403 0.028143274853801168 0.021929824561403508
1 0.9649122807017543 0.4602521929824561 0.03070175438596491 0.03125
1 0.9111842105263157 0.5688048245614035 0.062134502923976605 0.07730263157894736
1 0.8921783625730993 0.5959429824561403 0.0402046783625731 0.0800438596491228
1 0.7657163742690059 0.5825109649122807 0.05043859649122807 0.07401315789473684
1 0.7490862573099415 0.5715460526315789 0.031067251461988302 0.06853070175438596
1 0.750548245614035 0.703125 0.03033625730994152 0.03344298245614035
1 0.9756944444444444 0.6921600877192982 0.02448830409356725 0.018092105263157895
1 0.8828581871345029 0.8157894736842105 0.0537280701754386 0.11293859649122806
1 0.9175804093567251 0.9369517543859649 0.034722222222222224 0.05153508771929824
1 0.9365862573099415 0.9734100877192982 0.039108187134502925 0.044407894736842105
1 0.9385964912280701 0.9512061403508771 0.027046783625730993 0.03618421052631579
1 0.9623538011695906 0.9421600877192982 0.02850877192982456 0.05317982456140351
