1 0.32072368421052627 0.7368421052631579 0.049342105263157895 0.049342105263157895
1 0.3667763157894737 0.7384868421052632 0.04203216374269006 0.05263157894736842
1 0.4983552631578947 0.753015350877193 0.034722222222222224 0.03782894736842105
1 0.6571637426900584 0.7730263157894737 0.033625730994152045 0.05043859649122807
1 0.7094298245614035 0.7771381578947368 0.02631578947368421 0.05756578947368421
1 0.7450657894736842 0.7658991228070176 0.02448830409356725 0.0537280701754386
1 0.8042763157894737 0.7815241228070176 0.032529239766081866 0.05756578947368421
1 0.8252923976608186 0.7867324561403508 0.02412280701754386 0.05701754385964912
1 0.9141081871345029 0.7990679824561403 0.027046783625730993 0.0400219298245614
1 0.9568713450292398 0.778782894736842 0.027777777777777776 0.042214912280701754
