1 0.8759137426900584 0.4024122807017544 0.03326023391812866 0.04057017543859649
1 0.06451023391812866 0.790844298245614 0.020833333333333332 0.0356359649122807
1 0.0581140350877193 0.9111842105263157 0.019005847953216373 0.020833333333333332
1 0.09228801169590643 0.9155701754385964 0.01864035087719298 0.027412280701754384
1 0.09612573099415204 0.9876644736842105 0.021929824561403508 0.03453947368421052
1 0.10380116959064327 0.7815241228070176 0.017543859649122806 0.03125
1 0.11677631578947367 0.6652960526315789 0.029605263157894735 0.0400219298245614
1 0.18019005847953215 0.7330043859649122 0.02266081871345029 0.03728070175438596
1 0.22989766081871343 0.7864583333333333 0.01608187134502924 0.02796052631578947
1 0.26461988304093564 0.9660087719298245 0.017543859649122806 0.038377192982456135
1 0.3072002923976608 0.9292763157894737 0.019371345029239765 0.03508771929824561
1 0.3159722222222222 0.7146381578947368 0.014985380116959063 0.03125
1 0.4634502923976608 0.7234100877192982 0.02266081871345029 0.048793859649122806
1 0.5096856725146198 0.6927083333333333 0.023026315789473683 0.0268640350877193
1 0.46929824561403505 0.7987938596491228 0.013157894736842105 0.038377192982456135
1 0.42580409356725146 0.8711622807017544 0.012426900584795321 0.0537280701754386
1 0.38925438596491224 0.9558662280701754 0.01608187134502924 0.0400219298245614
1 0.5222953216374269 0.9268092105263157 0.02631578947368421 0.0356359649122807
1 0.6048976608187134 1 0.02046783625730994 0.03453947368421052
1 0.6197002923976608 0.671875 0.023757309941520467 0.03234649122807017
1 0.6387061403508771 0.6833881578947368 0.01644736842105263 0.0400219298245614
1 0.6553362573099415 0.6652960526315789 0.017543859649122806 0.022478070175438597
1 0.7324561403508771 0.6425438596491228 0.04312865497076023 0.06907894736842105
1 0.7964181286549707 0.6683114035087719 0.02631578947368421 0.02412280701754386
1 0.7876461988304093 0.7376644736842105 0.01608187134502924 0.05098684210526316
1 0.8422880116959064 0.8171600877192982 0.023026315789473683 0.0356359649122807
1 0.8965643274853801 0.7963267543859649 0.019005847953216373 0.03673245614035087
1 0.956140350877193 0.7017543859649122 0.023391812865497075 0.039473684210526314
1 0.9941520467836257 0.8283991228070176 0.013157894736842105 0.049342105263157895
1 0.6734283625730993 0.9555921052631579 0.03326023391812866 0.03289473684210526
1 0.7032163742690059 0.9427083333333333 0.016812865497076022 0.03125
1 0.023026315789473683 0.8201754385964912 0.01827485380116959 0.04057017543859649
