1 0.48300438596491224 0.19407894736842105 0.04203216374269006 0.04824561403508772
1 0.5005482456140351 0.16282894736842105 0.029605263157894735 0.027412280701754384
1 0.3963815789473684 0.1992872807017544 0.06615497076023391 0.07730263157894736
1 0.27832602339181284 0.2275219298245614 0.031067251461988302 0.06578947368421052
1 0.04057017543859649 0.234375 0.04312865497076023 0.04989035087719298
1 0.008406432748538011 0.24561403508771928 0.01608187134502924 0.03289473684210526
1 0.5879020467836257 0.5463267543859649 0.03764619883040936 0.07072368421052631
1 0.4190423976608187 0.5375548245614035 0.031067251461988302 0.0400219298245614
1 0.3711622807017544 0.5402960526315789 0.03691520467836257 0.044407894736842105
1 0.33790204678362573 0.553453947368421 0.039108187134502925 0.05756578947368421
1 0.2178362573099415 0.5271381578947368 0.02412280701754386 0.0400219298245614
1 0.15332602339181287 0.5359100877192983 0.0442251461988304 0.06085526315789473
1 0.6116593567251462 0.8711622807017544 0.02887426900584795 0.04714912280701754
1 0.5155336257309941 0.853344298245614 0.0442251461988304 0.05756578947368421
1 0.39747807017543857 0.8530701754385964 0.029605263157894735 0.0668859649122807
1 0.23446637426900582 0.8489583333333333 0.03764619883040936 0.06414473684210525
1 0.09868421052631579 0.8692434210526315 0.05555555555555555 0.08388157894736842
1 0.8607456140350876 0.08086622807017543 0.025584795321637425 0.03125
1 0.7730263157894737 0.09429824561403508 0.014619883040935672 0.017543859649122806
1 0.7549342105263157 0.0762061403508772 0.010599415204678362 0.019736842105263157
1 0.695906432748538 0.07538377192982455 0.014619883040935672 0.0268640350877193
1 0.7032163742690059 0.15871710526315788 0.025584795321637425 0.046600877192982455
1 0.7330043859649122 0.20148026315789472 0.028143274853801168 0.03453947368421052
1 0.8125 0.1938048245614035 0.021929824561403508 0.02576754385964912
1 0.8369883040935672 0.1669407894736842 0.04532163742690058 0.04989035087719298
1 0.88578216374269 0.1836622807017544 0.035453216374269 0.05153508771929824
1 0.9024122807017544 0.1400767543859649 0.031432748538011694 0.03782894736842105
1 0.9468201754385964 0.1537828947368421 0.01206140350877193 0.0400219298245614
1 0.989766081871345 0.16968201754385964 0.02046783625730994 0.05756578947368421
1 0.9532163742690059 0.2963267543859649 0.017543859649122806 0.02576754385964912
1 0.8653143274853801 0.328125 0.035453216374269 0.03782894736842105
1 0.8373538011695906 0.2949561403508772 0.024853801169590642 0.04057017543859649
1 0.781798245614035 0.29468201754385964 0.027046783625730993 0.038925438596491224
1 0.6909722222222222 0.3237390350877193 0.023757309941520467 0.041118421052631575
1 0.7001096491228069 0.4240679824561403 0.049342105263157895 0.06962719298245613
1 0.7412280701754386 0.421875 0.021198830409356724 0.0356359649122807
1 0.7832602339181286 0.4465460526315789 0.0445906432748538 0.07182017543859649
1 0.9555921052631579 0.4199561403508772 0.04714912280701754 0.0668859649122807
1 0.9402412280701754 0.7590460526315789 0.03179824561403509 0.05646929824561403
1 0.9316520467836257 0.6943530701754386 0.013888888888888888 0.020285087719298246
1 0.8784722222222222 0.6883223684210525 0.015716374269005847 0.04769736842105263
1 0.8075657894736842 0.7055921052631579 0.014985380116959063 0.049342105263157895
1 0.7244152046783625 0.8933662280701754 0.027777777777777776 0.048793859649122806
1 0.9265350877192982 0.8530701754385964 0.007309941520467836 0.021929824561403508
1 0.9943347953216374 0.8481359649122806 0.011330409356725146 0.02631578947368421
