1 0.03654970760233918 0.10663377192982455 0.01827485380116959 0.02576754385964912
1 0.10160818713450293 0.11677631578947367 0.01608187134502924 0.02631578947368421
1 0.14163011695906433 0.1025219298245614 0.02448830409356725 0.03179824561403509
1 0.1524122807017544 0.1337719298245614 0.03070175438596491 0.038377192982456135
1 0.19298245614035087 0.08525219298245613 0.021929824561403508 0.03125
1 0.24360380116959063 0.08881578947368421 0.028143274853801168 0.04824561403508772
1 0.258406432748538 0.09923245614035087 0.015350877192982455 0.023026315789473683
1 0.3247441520467836 0.11842105263157894 0.0266812865497076 0.042763157894736836
1 0.36220760233918126 0.09841008771929824 0.019736842105263157 0.022478070175438597
1 0.4097222222222222 0.11705043859649122 0.015350877192982455 0.03453947368421052
1 0.2876461988304093 0.22615131578947367 0.021929824561403508 0.02905701754385965
1 0.22368421052631576 0.17845394736842105 0.02266081871345029 0.0400219298245614
1 0.1602704678362573 0.20394736842105263 0.01425438596491228 0.019736842105263157
1 0.08552631578947367 0.23711622807017543 0.016812865497076022 0.0356359649122807
1 0.0398391812865497 0.26425438596491224 0.029239766081871343 0.029605263157894735
1 0.10635964912280702 0.31304824561403505 0.01827485380116959 0.038377192982456135
1 0.21966374269005848 0.31085526315789475 0.04239766081871345 0.042763157894736836
1 0.2810672514619883 0.3262061403508772 0.014619883040935672 0.03618421052631579
1 0.34064327485380114 0.31661184210526316 0.02046783625730994 0.02905701754385965
1 0.4307383040935672 0.0649671052631579 0.023026315789473683 0.03344298245614035
1 0.3075657894736842 0.4081688596491228 0.052997076023391806 0.07949561403508772
1 0.34082602339181284 0.4292763157894737 0.031067251461988302 0.04057017543859649
1 0.2744883040935672 0.4180372807017544 0.0402046783625731 0.05975877192982456
1 0.24214181286549707 0.4290021929824561 0.04057017543859649 0.044407894736842105
1 0.19682017543859648 0.42434210526315785 0.0266812865497076 0.03508771929824561
1 0.17470760233918128 0.3991228070175438 0.013157894736842105 0.03179824561403509
1 0.12207602339181287 0.45285087719298245 0.049707602339181284 0.043859649122807015
1 0.06103801169590643 0.46408991228070173 0.0445906432748538 0.046600877192982455
1 0.028326023391812866 0.4506578947368421 0.04641812865497076 0.07017543859649122
1 0.04093567251461988 0.48739035087719296 0.0402046783625731 0.08333333333333333
1 0.04733187134502924 0.5627741228070176 0.0668859649122807 0.05317982456140351
1 0.15826023391812866 0.5633223684210527 0.021929824561403508 0.02796052631578947
1 0.1836622807017544 0.5583881578947368 0.027412280701754384 0.02905701754385965
1 0.22514619883040934 0.5633223684210527 0.029970760233918127 0.041118421052631575
1 0.25 0.5540021929824561 0.023391812865497075 0.0356359649122807
1 0.2704678362573099 0.5496162280701754 0.03070175438596491 0.0356359649122807
1 0.3506944444444444 0.6126644736842105 0.013523391812865496 0.046600877192982455
1 0.21984649122807015 0.7003837719298245 0.019371345029239765 0.02905701754385965
1 0.04404239766081871 0.706140350877193 0.04203216374269006 0.08442982456140351
1 0.023026315789473683 0.8144188596491228 0.035818713450292396 0.06633771929824561
1 0.05573830409356725 0.8199013157894737 0.025219298245614034 0.03015350877192982
1 0.13578216374269006 0.7971491228070176 0.017178362573099414 0.019736842105263157
1 0.21875 0.8045504385964912 0.025950292397660817 0.041118421052631575
1 0.28216374269005845 0.734375 0.03070175438596491 0.05975877192982456
1 0.37993421052631576 0.9262609649122806 0.044956140350877194 0.05098684210526316
1 0.35800438596491224 0.9860197368421052 0.04788011695906433 0.02796052631578947
1 0.2759502923976608 0.8758223684210525 0.03654970760233918 0.043311403508771926
1 0.3119517543859649 0.890625 0.029605263157894735 0.042214912280701754
1 0.2640716374269006 0.9024122807017544 0.03764619883040936 0.023026315789473683
1 0.18165204678362573 0.9035087719298245 0.02266081871345029 0.025219298245614034
1 0.15277777777777776 0.8440241228070176 0.01608187134502924 0.0356359649122807
1 0.12591374269005848 0.9024122807017544 0.02887426900584795 0.044956140350877194
1 0.05573830409356725 0.8796600877192982 0.04641812865497076 0.06962719298245613
1 0.5332602339181286 0.0581140350877193 0.021198830409356724 0.042763157894736836
1 0.5244883040935672 0.12746710526315788 0.02850877192982456 0.03344298245614035
1 0.5942982456140351 0.08031798245614034 0.023391812865497075 0.044407894736842105
1 0.6781798245614035 0.04413377192982456 0.04568713450292397 0.05975877192982456
1 0.781798245614035 0.10334429824561403 0.029239766081871343 0.03234649122807017
1 0.7704678362573099 0.11705043859649122 0.01827485380116959 0.019188596491228067
1 0.8784722222222222 0.07428728070175439 0.025950292397660817 0.02576754385964912
1 0.9384137426900584 0.03344298245614035 0.02448830409356725 0.038377192982456135
1 0.9457236842105262 0.08525219298245613 0.023757309941520467 0.03344298245614035
1 0.9267178362573099 0.15707236842105263 0.034722222222222224 0.03125
1 0.9780701754385964 0.16392543859649122 0.029970760233918127 0.029605263157894735
1 0.5855263157894737 0.171875 0.02850877192982456 0.044407894736842105
1 0.6167763157894737 0.1806469298245614 0.020833333333333332 0.03673245614035087
1 0.6440058479532164 0.1839364035087719 0.01608187134502924 0.03234649122807017
1 0.7026681286549707 0.20175438596491227 0.017178362573099414 0.020833333333333332
1 0.46637426900584794 0.3086622807017544 0.016812865497076022 0.01864035087719298
1 0.48245614035087714 0.3640350877192982 0.016812865497076022 0.013157894736842105
1 0.5292397660818713 0.32648026315789475 0.015350877192982455 0.012609649122807017
1 0.5776681286549707 0.32209429824561403 0.025950292397660817 0.03015350877192982
1 0.6387061403508771 0.3081140350877193 0.019371345029239765 0.027412280701754384
1 0.695906432748538 0.3209978070175438 0.014619883040935672 0.02357456140350877
1 0.8115862573099415 0.3445723684210526 0.02010233918128655 0.02576754385964912
1 0.8804824561403508 0.33497807017543857 0.02850877192982456 0.02631578947368421
1 0.9217836257309941 0.3100328947368421 0.02046783625730994 0.03673245614035087
1 0.9656432748538011 0.3125 0.01608187134502924 0.01864035087719298
1 0.9267178362573099 0.4026864035087719 0.03326023391812866 0.05427631578947368
1 0.8682383040935672 0.49588815789473684 0.032529239766081866 0.044407894736842105
1 0.8057383040935672 0.4780701754385965 0.035453216374269 0.044956140350877194
1 0.7759502923976608 0.40734649122807015 0.02412280701754386 0.029605263157894735
1 0.6915204678362573 0.4226973684210526 0.03874269005847953 0.044956140350877194
1 0.6571637426900584 0.4290021929824561 0.035818713450292396 0.0400219298245614
1 0.5381944444444444 0.4383223684210526 0.035453216374269 0.04769736842105263
1 0.48044590643274854 0.44243421052631576 0.0398391812865497 0.042763157894736836
1 0.4947002923976608 0.4794407894736842 0.048611111111111105 0.07291666666666666
1 0.4336622807017544 0.43612938596491224 0.03399122807017543 0.0356359649122807
1 0.5078581871345029 0.5389254385964912 0.02448830409356725 0.029605263157894735
1 0.5782163742690059 0.5353618421052632 0.02850877192982456 0.04989035087719298
1 0.6407163742690059 0.5117872807017544 0.02266081871345029 0.04989035087719298
1 0.6494883040935672 0.546875 0.021929824561403508 0.022478070175438597
1 0.6865862573099415 0.5400219298245613 0.017909356725146198 0.023026315789473683
1 0.7105263157894737 0.4838267543859649 0.0445906432748538 0.07182017543859649
1 0.7905701754385964 0.5139802631578947 0.02631578947368421 0.03015350877192982
1 0.9375 0.4975328947368421 0.029239766081871343 0.038925438596491224
1 0.8267543859649122 0.5271381578947368 0.019736842105263157 0.0268640350877193
1 0.8744517543859649 0.5208333333333333 0.023757309941520467 0.02631578947368421
1 0.7178362573099415 0.6370614035087719 0.025584795321637425 0.01864035087719298
1 0.6822002923976608 0.6504934210526315 0.04057017543859649 0.020285087719298246
1 0.8846856725146198 0.6439144736842105 0.025950292397660817 0.018092105263157895
1 0.8501461988304093 0.6343201754385964 0.01827485380116959 0.013157894736842105
1 0.46564327485380114 0.7820723684210525 0.039473684210526314 0.06085526315789473
1 0.5 0.7680921052631579 0.03728070175438596 0.049342105263157895
1 0.54203216374269 0.7472587719298245 0.03289473684210526 0.043859649122807015
1 0.5776681286549707 0.7549342105263157 0.04057017543859649 0.02631578947368421
1 0.5917397660818713 0.6521381578947368 0.023391812865497075 0.013706140350877192
1 0.7030336257309941 0.772203947368421 0.042763157894736836 0.05646929824561403
1 0.7582236842105263 0.7664473684210525 0.04568713450292397 0.03070175438596491
1 0.7949561403508771 0.7634320175438596 0.02631578947368421 0.044407894736842105
1 0.8340643274853801 0.7609649122807017 0.027777777777777776 0.03179824561403509
1 0.8501461988304093 0.7902960526315789 0.046052631578947366 0.06195175438596491
1 0.9473684210526315 0.7395833333333333 0.04239766081871345 0.044956140350877194
1 0.9844663742690057 0.7730263157894737 0.031067251461988302 0.05921052631578947
1 0.9943347953216374 0.7261513157894737 0.011330409356725146 0.0356359649122807
1 0.9815423976608186 0.8484100877192982 0.03399122807017543 0.018092105263157895
1 0.9599780701754386 0.8678728070175438 0.039108187134502925 0.03399122807017543
1 0.9111842105263157 0.8730811403508771 0.02850877192982456 0.02905701754385965
1 0.8422880116959064 0.8514254385964912 0.04057017543859649 0.01864035087719298
1 0.6831140350877193 0.8887061403508771 0.031432748538011694 0.04057017543859649
1 0.6240862573099415 0.8837719298245613 0.02448830409356725 0.03070175438596491
1 0.5721856725146198 0.890625 0.023026315789473683 0.0400219298245614
1 0.5283260233918128 0.8681469298245613 0.01864035087719298 0.014802631578947368
1 0.5157163742690059 0.9018640350877193 0.019736842105263157 0.02850877192982456
1 0.4751461988304093 0.8867872807017544 0.025584795321637425 0.02796052631578947
1 0.5977704678362573 0.9936951754385964 0.01644736842105263 0.012609649122807017
1 0.8548976608187134 0.9945175438596491 0.025584795321637425 0.010964912280701754
1 0.8901681286549707 0.9709429824561403 0.020833333333333332 0.020833333333333332
1 0.9336622807017544 0.9895833333333333 0.020833333333333332 0.020833333333333332
