1 0.18439327485380116 0.33031798245614036 0.01425438596491228 0.021381578947368418
1 0.4649122807017544 0.5019188596491228 0.01608187134502924 0.02576754385964912
1 0.06487573099415204 0.5024671052631579 0.02010233918128655 0.0268640350877193
1 0.3680555555555555 0.4095394736842105 0.009502923976608187 0.013157894736842105
1 0.009868421052631578 0.5180921052631579 0.01827485380116959 0.017543859649122806
1 0.3072002923976608 0.5183662280701754 0.013523391812865496 0.013706140350877192
1 0.032529239766081866 0.7277960526315789 0.027777777777777776 0.0268640350877193
1 0.06341374269005848 0.7184758771929824 0.02887426900584795 0.03782894736842105
1 0.09228801169590643 0.71875 0.025950292397660817 0.03618421052631579
1 0.15186403508771928 0.7324561403508771 0.025950292397660817 0.03179824561403509
1 0.17781432748538012 0.7209429824561403 0.03179824561403509 0.029605263157894735
1 0.21582602339181287 0.7239583333333333 0.0398391812865497 0.03453947368421052
1 0.2666301169590643 0.725328947368421 0.025950292397660817 0.03618421052631579
1 0.32821637426900585 0.734375 0.027777777777777776 0.03673245614035087
1 0.40277777777777773 0.7239583333333333 0.023391812865497075 0.03673245614035087
1 0.43841374269005845 0.7236842105263157 0.03326023391812866 0.042763157894736836
1 0.4678362573099415 0.7212171052631579 0.033625730994152045 0.03782894736842105
1 0.4990862573099415 0.7160087719298245 0.02448830409356725 0.03618421052631579
1 0.1684941520467836 0.9035087719298245 0.010964912280701754 0.01425438596491228
1 0.12207602339181287 0.9246162280701754 0.016812865497076022 0.0268640350877193
1 0.2450657894736842 0.8974780701754386 0.017178362573099414 0.01864035087719298
1 0.3203581871345029 0.9180372807017544 0.020833333333333332 0.0268640350877193
1 0.5796783625730993 0.8434758771929824 0.035818713450292396 0.048793859649122806
1 0.638157894736842 0.947094298245614 0.023391812865497075 0.016995614035087717
1 0.5551900584795322 0.9742324561403508 0.029239766081871343 0.02850877192982456
1 0.6509502923976608 0.046875 0.024853801169590642 0.02905701754385965
1 0.6626461988304093 0.08799342105263157 0.008771929824561403 0.015899122807017545
1 0.5712719298245613 0.11211622807017543 0.013157894736842105 0.018092105263157895
1 0.7476242690058479 0.04769736842105263 0.03764619883040936 0.05263157894736842
1 0.8450292397660818 0.020833333333333332 0.03508771929824561 0.02850877192982456
1 0.9908625730994152 0.02987938596491228 0.01827485380116959 0.046600877192982455
1 0.9541301169590642 0.10663377192982455 0.013523391812865496 0.020285087719298246
1 0.7788742690058479 0.09155701754385964 0.016812865497076022 0.02850877192982456
1 0.583516081871345 0.18722587719298245 0.04714912280701754 0.04989035087719298
1 0.6407163742690059 0.18530701754385964 0.046052631578947366 0.06030701754385964
1 0.8784722222222222 0.16611842105263158 0.01206140350877193 0.021929824561403508
1 0.9057017543859649 0.20531798245614033 0.0402046783625731 0.04989035087719298
1 0.952485380116959 0.17927631578947367 0.021929824561403508 0.03618421052631579
1 0.6078216374269005 0.30893640350877194 0.016812865497076022 0.02357456140350877
1 0.6538742690058479 0.2919407894736842 0.01608187134502924 0.0268640350877193
1 0.7894736842105263 0.3119517543859649 0.017543859649122806 0.017543859649122806
1 0.9442616959064327 0.4876644736842105 0.02887426900584795 0.03125
1 0.8305921052631579 0.5063048245614035 0.0266812865497076 0.041118421052631575
1 0.7383040935672515 0.509594298245614 0.019005847953216373 0.0268640350877193
1 0.7090643274853801 0.5 0.041666666666666664 0.02412280701754386
1 0.6030701754385964 0.5117872807017544 0.019005847953216373 0.0400219298245614
1 0.5694444444444444 0.5224780701754386 0.025584795321637425 0.04057017543859649
1 0.7035818713450293 0.6705043859649122 0.017543859649122806 0.039473684210526314
1 0.7781432748538011 0.7075109649122807 0.02631578947368421 0.02905701754385965
1 0.6792763157894737 0.71875 0.025219298245614034 0.03399122807017543
1 0.7041301169590642 0.772203947368421 0.02010233918128655 0.04989035087719298
1 0.7017543859649122 0.8462171052631579 0.02412280701754386 0.0268640350877193
1 0.7693713450292398 0.8500548245614035 0.014619883040935672 0.024671052631578948
1 0.8464912280701754 0.8275767543859649 0.029239766081871343 0.0356359649122807
1 0.8081140350877193 0.7206688596491228 0.01827485380116959 0.041118421052631575
1 0.8364400584795321 0.7294407894736842 0.023757309941520467 0.03125
1 0.8784722222222222 0.7250548245614035 0.01644736842105263 0.03782894736842105
1 0.9667397660818713 0.740953947368421 0.029239766081871343 0.03453947368421052
1 0.9678362573099415 0.834703947368421 0.015350877192982455 0.02905701754385965
1 0.8066520467836257 0.9605263157894737 0.010964912280701754 0.01864035087719298
