1 0.15625 0.044407894736842105 0.0222953216374269 0.042763157894736836
1 0.21436403508771928 0.035910087719298246 0.023026315789473683 0.044407894736842105
1 0.35197368421052627 0.018366228070175437 0.031432748538011694 0.0356359649122807
1 0.42050438596491224 0.018366228070175437 0.042763157894736836 0.0356359649122807
1 0.3735380116959064 0.12225877192982455 0.01023391812865497 0.01644736842105263
1 0.4126461988304093 0.21408991228070173 0.029239766081871343 0.038925438596491224
1 0.1600877192982456 0.27521929824561403 0.017543859649122806 0.025219298245614034
1 0.028326023391812866 0.2206688596491228 0.028143274853801168 0.03782894736842105
1 0.07035818713450293 0.27960526315789475 0.038377192982456135 0.043859649122807015
1 0.16264619883040934 0.6115679824561403 0.021198830409356724 0.020285087719298246
1 0.24396929824561403 0.6006030701754386 0.017178362573099414 0.018092105263157895
1 0.38633040935672514 0.59375 0.019736842105263157 0.01644736842105263
1 0.42909356725146197 0.5888157894736842 0.013157894736842105 0.01864035087719298
1 0.4550438596491228 0.697094298245614 0.02046783625730994 0.02357456140350877
1 0.3501461988304093 0.6724232456140351 0.031432748538011694 0.02576754385964912
1 0.3125 0.6962719298245613 0.02266081871345029 0.020833333333333332
1 0.34429824561403505 0.9821820175438596 0.03728070175438596 0.0356359649122807
1 0.29568713450292394 0.9799890350877193 0.03216374269005848 0.0400219298245614
1 0.6313961988304093 0.011239035087719298 0.019371345029239765 0.020285087719298246
1 0.989766081871345 0.12609649122807018 0.02046783625730994 0.042763157894736836
1 0.9574195906432748 0.09923245614035087 0.0537280701754386 0.05043859649122807
1 0.8326023391812865 0.0712719298245614 0.027046783625730993 0.0625
1 0.7660818713450293 0.09155701754385964 0.019005847953216373 0.019736842105263157
1 0.6792763157894737 0.1137609649122807 0.04568713450292397 0.06304824561403509
1 0.6363304093567251 0.08031798245614034 0.041666666666666664 0.048793859649122806
1 0.579861111111111 0.14967105263157893 0.04057017543859649 0.042763157894736836
1 0.6684941520467836 0.19736842105263158 0.04678362573099415 0.041666666666666664
1 0.7192982456140351 0.1680372807017544 0.03070175438596491 0.06414473684210525
1 0.7739400584795321 0.2012061403508772 0.028143274853801168 0.049342105263157895
1 0.9024122807017544 0.28344298245614036 0.033625730994152045 0.043859649122807015
1 0.8748172514619883 0.3040021929824561 0.012792397660818713 0.0356359649122807
1 0.79203216374269 0.3075657894736842 0.038011695906432746 0.05482456140350877
1 0.7549342105263157 0.3262061403508772 0.04057017543859649 0.0537280701754386
1 0.5747441520467836 0.3393640350877193 0.05592105263157894 0.0668859649122807
1 0.5928362573099415 0.45367324561403505 0.019736842105263157 0.03125
1 0.6626461988304093 0.4394188596491228 0.01608187134502924 0.0268640350877193
1 0.6869517543859649 0.42872807017543857 0.017178362573099414 0.02412280701754386
1 0.7549342105263157 0.4468201754385965 0.019371345029239765 0.02631578947368421
1 0.814875730994152 0.4290021929824561 0.009137426900584795 0.018092105263157895
1 0.8448464912280701 0.4292763157894737 0.01864035087719298 0.02412280701754386
1 0.906798245614035 0.4377741228070175 0.012426900584795321 0.022478070175438597
1 0.9532163742690059 0.42160087719298245 0.016812865497076022 0.03070175438596491
1 0.9438961988304093 0.5293311403508771 0.03326023391812866 0.05317982456140351
1 0.9634502923976608 0.5496162280701754 0.021198830409356724 0.019188596491228067
1 0.8804824561403508 0.5455043859649122 0.012426900584795321 0.03728070175438596
1 0.8223684210526315 0.5731907894736842 0.015350877192982455 0.022478070175438597
1 0.750548245614035 0.5646929824561403 0.0222953216374269 0.02850877192982456
1 0.6721491228070176 0.5668859649122807 0.019005847953216373 0.03399122807017543
1 0.6392543859649122 0.5559210526315789 0.03289473684210526 0.038377192982456135
1 0.9042397660818713 0.7653508771929824 0.01608187134502924 0.021929824561403508
1 0.9409722222222222 0.7458881578947368 0.007675438596491228 0.022478070175438597
1 0.9961622807017543 0.8662280701754386 0.007675438596491228 0.021929824561403508
1 0.97953216374269 0.8793859649122806 0.027777777777777776 0.03618421052631579
1 0.9375 0.8983004385964912 0.014619883040935672 0.018092105263157895
1 0.8413742690058479 0.8917214912280701 0.027046783625730993 0.0400219298245614
1 0.806469298245614 0.8796600877192982 0.023026315789473683 0.022478070175438597
1 0.7730263157894737 0.9125548245614035 0.015350877192982455 0.020285087719298246
1 0.7017543859649122 0.8952850877192982 0.019005847953216373 0.025219298245614034
1 0.6443713450292398 0.9183114035087718 0.02046783625730994 0.023026315789473683
1 0.5762061403508771 0.9040570175438596 0.019371345029239765 0.023026315789473683
1 0.9908625730994152 0.981907894736842 0.01827485380116959 0.03618421052631579
1 0.9497441520467835 0.9810855263157894 0.032529239766081866 0.03782894736842105
1 0.9340277777777777 0.9857456140350876 0.0442251461988304 0.02850877192982456
1 0.8951023391812865 0.9857456140350876 0.021929824561403508 0.02850877192982456
1 0.8110380116959064 0.9791666666666666 0.046052631578947366 0.041666666666666664
1 0.7847222222222222 0.981907894736842 0.03654970760233918 0.03618421052631579
1 0.752375730994152 0.9799890350877193 0.04203216374269006 0.0400219298245614
1 0.6836622807017544 0.9791666666666666 0.04568713450292397 0.041666666666666664
