1 0.034722222222222224 0.24424342105263155 0.016812865497076022 0.013706140350877192
1 0.0849780701754386 0.19599780701754385 0.01206140350877193 0.02905701754385965
1 0.01608187134502924 0.08278508771929824 0.01608187134502924 0.03070175438596491
1 0.09649122807017543 0.31688596491228066 0.01608187134502924 0.02850877192982456
1 0.11659356725146199 0.33497807017543857 0.013888888888888888 0.025219298245614034
1 0.17726608187134502 0.3215460526315789 0.01608187134502924 0.0268640350877193
1 0.22861842105263155 0.1400767543859649 0.020833333333333332 0.024671052631578948
1 0.2578581871345029 0.34868421052631576 0.02010233918128655 0.039473684210526314
1 0.31341374269005845 0.2845394736842105 0.021564327485380116 0.029605263157894735
1 0.40423976608187134 0.1025219298245614 0.016812865497076022 0.02850877192982456
1 0.42141812865497075 0.21217105263157893 0.016812865497076022 0.03070175438596491
1 0.439875730994152 0.3393640350877193 0.015716374269005847 0.021929824561403508
1 0.5317982456140351 0.32209429824561403 0.023391812865497075 0.03234649122807017
1 0.6924342105263157 0.08991228070175439 0.019371345029239765 0.03399122807017543
1 0.6865862573099415 0.34676535087719296 0.021564327485380116 0.03453947368421052
1 0.7470760233918128 0.287828947368421 0.02266081871345029 0.03618421052631579
1 0.7534722222222222 0.20723684210526314 0.0222953216374269 0.02850877192982456
1 0.8227339181286549 0.4306469298245614 0.01023391812865497 0.013706140350877192
1 0.8740862573099415 0.33908991228070173 0.023026315789473683 0.03125
1 0.8179824561403508 0.2949561403508772 0.027046783625730993 0.02850877192982456
1 0.9205043859649122 0.0756578947368421 0.023757309941520467 0.029605263157894735
1 0.9307383040935672 0.04769736842105263 0.02010233918128655 0.03070175438596491
1 0.986111111111111 0.2949561403508772 0.024853801169590642 0.02850877192982456
1 0.554093567251462 0.421875 0.011695906432748537 0.018092105263157895
1 0.1869517543859649 0.6603618421052632 0.015716374269005847 0.019188596491228067
1 0.23830409356725146 0.6521381578947368 0.019736842105263157 0.044407894736842105
1 0.26151315789473684 0.6474780701754386 0.03179824561403509 0.03618421052631579
1 0.24323830409356723 0.8837719298245613 0.023757309941520467 0.03399122807017543
1 0.21290204678362573 0.9599780701754386 0.01206140350877193 0.02412280701754386
1 0.16264619883040934 0.9706688596491228 0.012426900584795321 0.020285087719298246
1 0.34466374269005845 0.4394188596491228 0.005847953216374269 0.015899122807017545
1 0.41758040935672514 0.41968201754385964 0.012792397660818713 0.020285087719298246
1 0.4713084795321637 0.4690241228070175 0.008406432748538011 0.018092105263157895
1 0.9247076023391813 0.5345394736842105 0.02046783625730994 0.015350877192982455
1 0.8872441520467835 0.5074013157894737 0.010599415204678362 0.016995614035087717
1 0.6895102339181286 0.5356359649122807 0.015716374269005847 0.01206140350877193
1 0.6567982456140351 0.5268640350877193 0.01608187134502924 0.015350877192982455
1 0.6160453216374269 0.553453947368421 0.021564327485380116 0.0268640350877193
1 0.5010964912280701 0.5531798245614035 0.01827485380116959 0.01644736842105263
1 0.3784722222222222 0.6274671052631579 0.031067251461988302 0.03344298245614035
1 0.3881578947368421 0.65625 0.012426900584795321 0.029605263157894735
1 0.45321637426900585 0.6611842105263157 0.009502923976608187 0.010964912280701754
1 0.502375730994152 0.6691337719298245 0.011330409356725146 0.010416666666666666
1 0.5604897660818713 0.6513157894736842 0.010599415204678362 0.01864035087719298
1 0.63578216374269 0.6809210526315789 0.014985380116959063 0.023026315789473683
1 0.7847222222222222 0.6145833333333333 0.011695906432748537 0.01644736842105263
1 0.8406432748538011 0.6611842105263157 0.011695906432748537 0.013157894736842105
1 0.8916301169590642 0.650219298245614 0.01425438596491228 0.01425438596491228
1 0.8559941520467835 0.7428728070175438 0.02046783625730994 0.015350877192982455
1 0.9247076023391813 0.9555921052631579 0.015350877192982455 0.017543859649122806
