1 0.12262426900584794 0.11567982456140351 0.042763157894736836 0.06578947368421052
1 0.14510233918128654 0.017543859649122806 0.017543859649122806 0.03179824561403509
1 0.20321637426900585 0.020285087719298246 0.03435672514619883 0.038377192982456135
1 0.18987573099415203 0.13157894736842105 0.015716374269005847 0.02631578947368421
1 0.26078216374269003 0.11842105263157894 0.04130116959064327 0.043859649122807015
1 0.293859649122807 0.12225877192982455 0.031432748538011694 0.05592105263157894
1 0.3247441520467836 0.12746710526315788 0.03764619883040936 0.05756578947368421
1 0.3559941520467836 0.1162280701754386 0.03508771929824561 0.0668859649122807
1 0.4102704678362573 0.1006030701754386 0.03326023391812866 0.05866228070175438
1 0.4307383040935672 0.01425438596491228 0.02448830409356725 0.027412280701754384
1 0.44243421052631576 0.11211622807017543 0.032529239766081866 0.06414473684210525
1 0.5484283625730993 0.1313048245614035 0.04130116959064327 0.05427631578947368
1 0.5122441520467836 0.24561403508771928 0.038377192982456135 0.0581140350877193
1 0.3706140350877193 0.2590460526315789 0.027046783625730993 0.07839912280701754
1 0.5052997076023391 0.3928179824561403 0.039108187134502925 0.05975877192982456
1 0.12737573099415203 0.25 0.038377192982456135 0.049342105263157895
1 0.2797880116959064 0.37225877192982454 0.02010233918128655 0.04057017543859649
1 0.23483187134502922 0.3489583333333333 0.035453216374269 0.0400219298245614
1 0.1602704678362573 0.3601973684210526 0.03399122807017543 0.03070175438596491
1 0.10197368421052631 0.3574561403508772 0.019005847953216373 0.049342105263157895
1 0.6588084795321637 0.8574561403508771 0.021564327485380116 0.02631578947368421
1 0.54203216374269 0.9745065789473684 0.0445906432748538 0.05098684210526316
1 0.49798976608187134 0.9788925438596491 0.03764619883040936 0.042214912280701754
1 0.4588815789473684 0.9780701754385964 0.04641812865497076 0.043859649122807015
1 0.427266081871345 0.9821820175438596 0.0533625730994152 0.0356359649122807
1 0.3819444444444444 0.9841008771929824 0.04751461988304093 0.03179824561403509
1 0.33150584795321636 0.9854714912280701 0.033625730994152045 0.02905701754385965
1 0.2891081871345029 0.9854714912280701 0.043859649122807015 0.02905701754385965
1 0.23684210526315788 0.9832785087719298 0.031432748538011694 0.03344298245614035
1 0.16593567251461988 0.9851973684210525 0.02850877192982456 0.029605263157894735
1 0.14601608187134502 0.984375 0.027412280701754384 0.03125
1 0.08735380116959064 0.9857456140350876 0.04532163742690058 0.02850877192982456
1 0.11823830409356724 0.9923245614035087 0.025219298245614034 0.015350877192982455
1 0.033625730994152045 0.9901315789473684 0.019005847953216373 0.019736842105263157
1 0.7690058479532164 0.618969298245614 0.019005847953216373 0.017543859649122806
1 0.7905701754385964 0.6077302631578947 0.024853801169590642 0.02576754385964912
1 0.9237938596491228 0.5940241228070176 0.034722222222222224 0.022478070175438597
1 0.9809941520467835 0.5893640350877193 0.029239766081871343 0.021929824561403508
1 0.9894005847953216 0.5986842105263157 0.021198830409356724 0.021929824561403508
1 0.6957236842105263 0.625 0.019371345029239765 0.013157894736842105
1 0.846125730994152 0.7143640350877193 0.03289473684210526 0.03179824561403509
1 0.8930921052631579 0.7231359649122807 0.0266812865497076 0.03728070175438596
1 0.7704678362573099 0.8149671052631579 0.027777777777777776 0.06085526315789473
1 0.79203216374269 0.8486842105263157 0.02266081871345029 0.04057017543859649
1 0.85453216374269 0.8574561403508771 0.029239766081871343 0.02412280701754386
1 0.9009502923976608 0.8440241228070176 0.025584795321637425 0.0268640350877193
1 0.9336622807017544 0.8456688596491228 0.021564327485380116 0.02576754385964912
1 0.6284722222222222 0.9775219298245613 0.01864035087719298 0.029605263157894735
1 0.6825657894736842 0.9734100877192982 0.025219298245614034 0.0356359649122807
1 0.8538011695906432 0.9651864035087718 0.01608187134502924 0.021381578947368418
1 0.9322002923976608 0.9602521929824561 0.03326023391812866 0.044407894736842105
1 0.7342836257309941 0.9871162280701754 0.027046783625730993 0.02576754385964912
