1 0.22112573099415203 0.06030701754385964 0.019736842105263157 0.044956140350877194
1 0.14345760233918128 0.08442982456140351 0.05153508771929824 0.08881578947368421
1 0.11677631578947367 0.06907894736842105 0.0398391812865497 0.05592105263157894
1 0.017178362573099414 0.0756578947368421 0.03289473684210526 0.06578947368421052
1 0.10599415204678361 0.17598684210526314 0.035818713450292396 0.05482456140350877
1 0.04788011695906433 0.2138157894736842 0.025584795321637425 0.02850877192982456
1 0.2598684210526316 0.34402412280701755 0.027046783625730993 0.03125
1 0.07803362573099415 0.3171600877192982 0.03326023391812866 0.03125
1 0.06652046783625731 0.35060307017543857 0.029239766081871343 0.03782894736842105
1 0.24652777777777776 0.453125 0.03179824561403509 0.07072368421052631
1 0.11769005847953215 0.5361842105263157 0.01827485380116959 0.01425438596491228
1 0.08589181286549707 0.5789473684210527 0.02631578947368421 0.029605263157894735
1 0.2099780701754386 0.5668859649122807 0.012792397660818713 0.017543859649122806
1 0.33040935672514615 0.5331688596491228 0.021929824561403508 0.020285087719298246
1 0.34027777777777773 0.5490679824561403 0.017543859649122806 0.02796052631578947
1 0.3329678362573099 0.6302083333333333 0.03070175438596491 0.041118421052631575
1 0.3603801169590643 0.6458333333333333 0.029239766081871343 0.04824561403508772
1 0.2132675438596491 0.7140899122807017 0.059576023391812866 0.05866228070175438
1 0.07821637426900585 0.7563048245614035 0.021198830409356724 0.03782894736842105
1 0.07474415204678363 0.8667763157894737 0.03179824561403509 0.05043859649122807
1 0.1387061403508772 0.8322368421052632 0.0222953216374269 0.03728070175438596
1 0.17196637426900585 0.7963267543859649 0.034722222222222224 0.0268640350877193
1 0.20175438596491227 0.8308662280701754 0.02850877192982456 0.0400219298245614
1 0.2949561403508772 0.8344298245614035 0.03070175438596491 0.046052631578947366
1 0.11330409356725146 0.9043311403508771 0.02412280701754386 0.011513157894736841
1 0.16703216374269006 0.9303728070175438 0.012426900584795321 0.02850877192982456
1 0.21929824561403508 0.9616228070175438 0.015350877192982455 0.025219298245614034
1 0.9097222222222222 0.0537280701754386 0.016812865497076022 0.03728070175438596
1 0.8475877192982456 0.05016447368421052 0.014619883040935672 0.020285087719298246
1 0.8037280701754386 0.06578947368421052 0.013888888888888888 0.025219298245614034
1 0.6410818713450293 0.0512609649122807 0.02046783625730994 0.018092105263157895
1 0.6836622807017544 0.048793859649122806 0.009137426900584795 0.01206140350877193
1 0.7768640350877193 0.04057017543859649 0.008406432748538011 0.013157894736842105
1 0.4438961988304093 0.08278508771929824 0.03326023391812866 0.0625
1 0.3355263157894737 0.1751644736842105 0.0402046783625731 0.06743421052631579
1 0.4358552631578947 0.16529605263157893 0.03033625730994152 0.022478070175438597
1 0.46582602339181284 0.29221491228070173 0.04349415204678363 0.04824561403508772
1 0.5747441520467836 0.1581688596491228 0.0222953216374269 0.03125
1 0.6211622807017544 0.1806469298245614 0.04203216374269006 0.05756578947368421
1 0.6567982456140351 0.15652412280701752 0.029970760233918127 0.048793859649122806
1 0.7032163742690059 0.17653508771929824 0.03874269005847953 0.04714912280701754
1 0.7584064327485379 0.2949561403508772 0.02412280701754386 0.03618421052631579
1 0.7876461988304093 0.1669407894736842 0.035818713450292396 0.048793859649122806
1 0.8145102339181286 0.1751644736842105 0.0222953216374269 0.05975877192982456
1 0.8974780701754386 0.1875 0.03618421052631579 0.0537280701754386
1 0.8848684210526315 0.3125 0.041666666666666664 0.08442982456140351
1 0.9409722222222222 0.1787280701754386 0.03399122807017543 0.0625
1 0.84375 0.4465460526315789 0.009137426900584795 0.018092105263157895
1 0.8925438596491228 0.4202302631578947 0.005116959064327485 0.016995614035087717
1 0.6006944444444444 0.4336622807017544 0.013523391812865496 0.01644736842105263
1 0.4886695906432748 0.4407894736842105 0.01827485380116959 0.02412280701754386
1 0.4228801169590643 0.43804824561403505 0.015350877192982455 0.01644736842105263
1 0.39309210526315785 0.4512061403508772 0.01425438596491228 0.021929824561403508
1 0.35891812865497075 0.43283991228070173 0.015350877192982455 0.02576754385964912
1 0.39747807017543857 0.5625 0.015716374269005847 0.021929824561403508
1 0.4605263157894737 0.5671600877192983 0.03070175438596491 0.0356359649122807
1 0.5317982456140351 0.5635964912280701 0.016812865497076022 0.03289473684210526
1 0.4994517543859649 0.5049342105263157 0.006944444444444444 0.03289473684210526
1 0.6016081871345029 0.5424890350877193 0.016812865497076022 0.0356359649122807
1 0.6211622807017544 0.549890350877193 0.017178362573099414 0.02850877192982456
1 0.7163742690058479 0.4525767543859649 0.00804093567251462 0.014802631578947368
1 0.7280701754385964 0.5603070175438596 0.014619883040935672 0.03289473684210526
1 0.7520102339181286 0.5474232456140351 0.023026315789473683 0.038925438596491224
1 0.85453216374269 0.5466008771929824 0.013888888888888888 0.025219298245614034
1 0.9155701754385964 0.5512609649122807 0.01608187134502924 0.02905701754385965
1 0.9576023391812865 0.5353618421052632 0.012426900584795321 0.03015350877192982
1 0.9932383040935672 0.5315241228070176 0.013523391812865496 0.0268640350877193
1 0.9798976608187134 0.6334978070175439 0.03654970760233918 0.02796052631578947
1 0.9400584795321637 0.6428179824561403 0.027777777777777776 0.03782894736842105
1 0.91703216374269 0.6611842105263157 0.012426900584795321 0.027412280701754384
1 0.8846856725146198 0.6625548245614035 0.023026315789473683 0.041118421052631575
1 0.8457602339181286 0.6611842105263157 0.02266081871345029 0.03508771929824561
1 0.8135964912280701 0.638157894736842 0.015350877192982455 0.03728070175438596
1 0.768640350877193 0.6746162280701754 0.014619883040935672 0.03125
1 0.7284356725146198 0.6639254385964912 0.021198830409356724 0.03070175438596491
1 0.6504020467836257 0.6567982456140351 0.03399122807017543 0.044956140350877194
1 0.6290204678362573 0.665844298245614 0.027046783625730993 0.044407894736842105
1 0.581140350877193 0.6228070175438596 0.029239766081871343 0.04057017543859649
1 0.5352704678362573 0.6611842105263157 0.023757309941520467 0.020833333333333332
1 0.47697368421052627 0.6652960526315789 0.024853801169590642 0.03125
1 0.4102704678362573 0.790844298245614 0.03764619883040936 0.05756578947368421
1 0.383406432748538 0.8604714912280701 0.02412280701754386 0.0268640350877193
1 0.45650584795321636 0.9172149122807017 0.031432748538011694 0.06359649122807018
1 0.49031432748538006 0.8796600877192982 0.023757309941520467 0.06304824561403509
1 0.5188230994152047 0.8933662280701754 0.04203216374269006 0.07072368421052631
1 0.5908260233918128 0.8355263157894737 0.028143274853801168 0.05263157894736842
1 0.6215277777777778 0.9048793859649122 0.04057017543859649 0.038925438596491224
1 0.6452850877192982 0.8231907894736842 0.04641812865497076 0.05537280701754386
1 0.6938961988304093 0.8223684210526315 0.0222953216374269 0.05482456140350877
1 0.6913377192982456 0.9021381578947368 0.04641812865497076 0.05866228070175438
1 0.7447002923976608 0.8366228070175438 0.031067251461988302 0.043859649122807015
1 0.7425073099415205 0.9287280701754386 0.02887426900584795 0.0537280701754386
1 0.7744883040935672 0.8366228070175438 0.03289473684210526 0.05921052631578947
1 0.7867324561403508 0.8908991228070174 0.014985380116959063 0.021929824561403508
1 0.846125730994152 0.8223684210526315 0.019005847953216373 0.03728070175438596
1 0.8203581871345029 0.9205043859649122 0.04057017543859649 0.06798245614035087
1 0.8638523391812865 0.8752741228070174 0.035453216374269 0.07182017543859649
1 0.9024122807017544 0.890625 0.03728070175438596 0.05756578947368421
1 0.9100877192982456 0.9821820175438596 0.024853801169590642 0.0356359649122807
1 0.9331140350877193 0.8980263157894737 0.0445906432748538 0.07017543859649122
1 0.8940058479532164 0.7727521929824561 0.013888888888888888 0.0268640350877193
1 0.9945175438596491 0.7598684210526315 0.010964912280701754 0.03508771929824561
1 0.981907894736842 0.8977521929824561 0.03618421052631579 0.0805921052631579
