1 0.33059210526315785 0.0356359649122807 0.017178362573099414 0.021929824561403508
1 0.08698830409356725 0.06304824561403509 0.029239766081871343 0.03508771929824561
1 0.3042763157894737 0.14967105263157893 0.0398391812865497 0.06469298245614034
1 0.2671783625730994 0.12527412280701752 0.027046783625730993 0.06195175438596491
1 0.2406798245614035 0.13843201754385964 0.027412280701754384 0.05975877192982456
1 0.22404970760233917 0.13157894736842105 0.03435672514619883 0.044956140350877194
1 0.18439327485380116 0.1162280701754386 0.04057017543859649 0.0756578947368421
1 0.1509502923976608 0.13898026315789472 0.0402046783625731 0.05756578947368421
1 0.11823830409356724 0.10307017543859648 0.039108187134502925 0.04057017543859649
1 0.1025219298245614 0.17434210526315788 0.04788011695906433 0.049342105263157895
1 0.057200292397660814 0.15926535087719298 0.039108187134502925 0.05646929824561403
1 0.021564327485380116 0.14281798245614033 0.04239766081871345 0.05537280701754386
1 0.23976608187134502 0.4884868421052631 0.03728070175438596 0.07675438596491227
1 0.32766812865497075 0.600328947368421 0.048611111111111105 0.043859649122807015
1 0.21582602339181287 0.6324013157894737 0.058845029239766075 0.08168859649122806
1 0.1611842105263158 0.6477521929824561 0.05263157894736842 0.05427631578947368
1 0.02046783625730994 0.7554824561403508 0.03874269005847953 0.06798245614035087
1 0.07182017543859649 0.8237390350877193 0.0442251461988304 0.06195175438596491
1 0.09027777777777778 0.8648574561403508 0.03508771929824561 0.048793859649122806
1 0.17781432748538012 0.8396381578947368 0.042763157894736836 0.06304824561403509
1 0.25529970760233917 0.8574561403508771 0.05080409356725146 0.05592105263157894
1 0.352156432748538 0.8275767543859649 0.0668859649122807 0.08607456140350876
1 0.3887061403508772 0.8201754385964912 0.03399122807017543 0.03289473684210526
1 0.4541301169590643 0.29523026315789475 0.019371345029239765 0.03015350877192982
1 0.8422880116959064 0.10663377192982455 0.015716374269005847 0.013706140350877192
1 0.752375730994152 0.10663377192982455 0.011330409356725146 0.013706140350877192
1 0.7050438596491228 0.1162280701754386 0.019005847953216373 0.02631578947368421
1 0.6582602339181286 0.10718201754385964 0.013157894736842105 0.019188596491228067
1 0.5283260233918128 0.11595394736842105 0.01864035087719298 0.024671052631578948
1 0.48830409356725146 0.11842105263157894 0.021929824561403508 0.03508771929824561
1 0.9917763157894737 0.25109649122807015 0.01644736842105263 0.06578947368421052
1 0.8110380116959064 0.48245614035087714 0.038011695906432746 0.0581140350877193
1 0.989766081871345 0.7286184210526315 0.02046783625730994 0.05921052631578947
1 0.9663742690058479 0.7354714912280701 0.023391812865497075 0.046600877192982455
1 0.9375 0.7209429824561403 0.0445906432748538 0.029605263157894735
1 0.8965643274853801 0.7815241228070176 0.021929824561403508 0.044407894736842105
1 0.7991593567251462 0.7472587719298245 0.04203216374269006 0.05482456140350877
1 0.7079678362573099 0.784265350877193 0.03435672514619883 0.05646929824561403
1 0.6498538011695906 0.781798245614035 0.023391812865497075 0.044956140350877194
1 0.5946637426900584 0.8188048245614035 0.03654970760233918 0.045504385964912276
1 0.5052997076023391 0.8053728070175438 0.03179824561403509 0.05263157894736842
1 0.8788377192982456 0.9846491228070174 0.034722222222222224 0.03070175438596491
