1 0.8788377192982456 0.21957236842105263 0.014985380116959063 0.014802631578947368
1 0.7850877192982456 0.2387609649122807 0.009502923976608187 0.018092105263157895
1 0.2149122807017544 0.2025767543859649 0.0402046783625731 0.06962719298245613
1 0.012244152046783625 0.3053728070175438 0.023026315789473683 0.05153508771929824
1 0.3516081871345029 0.484375 0.016812865497076022 0.019188596491228067
1 0.3965643274853801 0.49725877192982454 0.027046783625730993 0.03508771929824561
1 0.43457602339181284 0.5002741228070176 0.031432748538011694 0.0400219298245614
1 0.4678362573099415 0.48739035087719296 0.02266081871345029 0.03179824561403509
1 0.4956140350877193 0.4936951754385965 0.02266081871345029 0.042214912280701754
1 0.5361842105263157 0.48547149122807015 0.027777777777777776 0.03673245614035087
1 0.5615862573099415 0.48739035087719296 0.0266812865497076 0.03179824561403509
1 0.5913742690058479 0.49780701754385964 0.02046783625730994 0.03179824561403509
1 0.6288377192982456 0.4871162280701754 0.021564327485380116 0.0400219298245614
1 0.6673976608187134 0.4739583333333333 0.021929824561403508 0.03673245614035087
1 0.7934941520467835 0.475328947368421 0.021929824561403508 0.03508771929824561
1 0.8362573099415205 0.47560307017543857 0.02046783625730994 0.024671052631578948
1 0.8735380116959064 0.4777960526315789 0.023391812865497075 0.03125
1 0.9018640350877193 0.4608004385964912 0.0266812865497076 0.03453947368421052
1 0.9325657894736842 0.4682017543859649 0.028143274853801168 0.03399122807017543
1 0.1734283625730994 0.8618421052631579 0.009868421052631578 0.021929824561403508
1 0.09466374269005848 0.8396381578947368 0.017543859649122806 0.015899122807017545
1 0.025950292397660817 0.8793859649122806 0.016812865497076022 0.025219298245614034
1 0.012792397660818713 0.8432017543859649 0.015350877192982455 0.02412280701754386
1 0.20266812865497075 0.7412280701754386 0.049342105263157895 0.0537280701754386
1 0.13139619883040934 0.7280701754385964 0.04130116959064327 0.0537280701754386
1 0.1023391812865497 0.7242324561403508 0.027777777777777776 0.046052631578947366
1 0.054641812865497075 0.7417763157894737 0.042763157894736836 0.05482456140350877
1 0.01864035087719298 0.7256030701754386 0.03654970760233918 0.06304824561403509
1 0.18073830409356725 0.6565241228070176 0.03179824561403509 0.03125
1 0.5020102339181286 0.5910087719298245 0.035453216374269 0.044956140350877194
1 0.5745614035087719 0.5737390350877193 0.02046783625730994 0.03782894736842105
1 0.6226242690058479 0.5888157894736842 0.038377192982456135 0.06578947368421052
1 0.6703216374269005 0.5712719298245613 0.031432748538011694 0.05592105263157894
1 0.6957236842105263 0.5740131578947368 0.0222953216374269 0.0668859649122807
1 0.7584064327485379 0.5671600877192983 0.014619883040935672 0.0356359649122807
1 0.8125 0.5679824561403508 0.008771929824561403 0.027412280701754384
1 0.43804824561403505 0.9649122807017543 0.06176900584795321 0.07017543859649122
1 0.9925073099415204 0.12280701754385964 0.014985380116959063 0.06469298245614034
1 0.9671052631578947 0.11650219298245613 0.024853801169590642 0.03125
1 0.9883040935672514 0.3242872807017544 0.023391812865497075 0.024671052631578948
