1 0.051352339181286545 0.027412280701754384 0.020833333333333332 0.02631578947368421
1 0.06451023391812866 0.15652412280701752 0.03691520467836257 0.06195175438596491
1 0.13285818713450293 0.12116228070175437 0.01864035087719298 0.03618421052631579
1 0.1421783625730994 0.01507675438596491 0.019736842105263157 0.02796052631578947
1 0.17196637426900585 0.1367872807017544 0.04130116959064327 0.0400219298245614
1 0.18603801169590642 0.020285087719298246 0.019736842105263157 0.038377192982456135
1 0.24177631578947367 0.13898026315789472 0.028143274853801168 0.07072368421052631
1 0.2598684210526316 0.3215460526315789 0.02266081871345029 0.03125
1 0.22404970760233917 0.2886513157894737 0.01608187134502924 0.0400219298245614
1 0.19535818713450293 0.26096491228070173 0.01644736842105263 0.029605263157894735
1 0.09868421052631579 0.26535087719298245 0.027046783625730993 0.03179824561403509
1 0.013706140350877192 0.27658991228070173 0.017909356725146198 0.03125
1 0.18841374269005848 0.37554824561403505 0.05080409356725146 0.0712719298245614
1 0.23885233918128654 0.37088815789473684 0.03399122807017543 0.022478070175438597
1 0.21728801169590642 0.42434210526315785 0.059576023391812866 0.0712719298245614
1 0.24323830409356723 0.5208333333333333 0.0266812865497076 0.04057017543859649
1 0.19864766081871343 0.5043859649122807 0.028143274853801168 0.04714912280701754
1 0.15679824561403508 0.513157894736842 0.03216374269005848 0.03728070175438596
1 0.11823830409356724 0.5219298245614035 0.03033625730994152 0.042763157894736836
1 0.07236842105263158 0.5167214912280701 0.031432748538011694 0.048793859649122806
1 0.027412280701754384 0.5137061403508771 0.03654970760233918 0.04057017543859649
1 0.0849780701754386 0.6740679824561403 0.04349415204678363 0.05975877192982456
1 0.11476608187134502 0.6921600877192982 0.02266081871345029 0.044407894736842105
1 0.14875730994152045 0.690515350877193 0.019005847953216373 0.0400219298245614
1 0.18987573099415203 0.6929824561403508 0.02448830409356725 0.03728070175438596
1 0.2050438596491228 0.6631030701754386 0.02266081871345029 0.044407894736842105
1 0.258406432748538 0.768640350877193 0.03654970760233918 0.043859649122807015
1 0.13029970760233917 0.8234649122807017 0.03326023391812866 0.042763157894736836
1 0.013157894736842105 0.8634868421052632 0.02412280701754386 0.03728070175438596
1 0.1111111111111111 0.9202302631578947 0.014619883040935672 0.0356359649122807
1 0.06633771929824561 0.9251644736842105 0.009868421052631578 0.011513157894736841
1 0.1513157894736842 0.9605263157894737 0.01023391812865497 0.02850877192982456
1 0.18512426900584794 0.9764254385964912 0.010599415204678362 0.03508771929824561
1 0.2540204678362573 0.9468201754385964 0.031432748538011694 0.03618421052631579
1 0.5449561403508771 0.04468201754385965 0.029239766081871343 0.041118421052631575
1 0.5456871345029239 0.01507675438596491 0.024853801169590642 0.02796052631578947
1 0.518640350877193 0.01343201754385965 0.023391812865497075 0.024671052631578948
1 0.5721856725146198 0.01644736842105263 0.0266812865497076 0.03070175438596491
1 0.5034722222222222 0.08086622807017543 0.0222953216374269 0.03125
1 0.8247441520467835 0.07675438596491227 0.03399122807017543 0.049342105263157895
1 0.9696637426900584 0.03125 0.033625730994152045 0.044956140350877194
1 0.9901315789473684 0.1299342105263158 0.019736842105263157 0.044956140350877194
1 0.9214181286549707 0.0981359649122807 0.03654970760233918 0.046052631578947366
1 0.8861476608187134 0.13157894736842105 0.03618421052631579 0.07017543859649122
1 0.7701023391812865 0.1400767543859649 0.017543859649122806 0.024671052631578948
1 0.7388523391812865 0.14281798245614033 0.023026315789473683 0.0356359649122807
1 0.6542397660818713 0.11677631578947367 0.02266081871345029 0.05482456140350877
1 0.5975877192982456 0.15734649122807018 0.014619883040935672 0.029605263157894735
1 0.5677997076023391 0.1337719298245614 0.028143274853801168 0.039473684210526314
1 0.48428362573099415 0.1318530701754386 0.025584795321637425 0.03782894736842105
1 0.41703216374269003 0.1450109649122807 0.035818713450292396 0.03782894736842105
1 0.36915204678362573 0.14775219298245612 0.035818713450292396 0.048793859649122806
1 0.3358918128654971 0.14528508771929824 0.04093567251461988 0.0581140350877193
1 0.383406432748538 0.287828947368421 0.033625730994152045 0.039473684210526314
1 0.42854532163742687 0.29468201754385964 0.03326023391812866 0.06414473684210525
1 0.45906432748538006 0.28234649122807015 0.027777777777777776 0.05482456140350877
1 0.5 0.2637061403508772 0.029239766081871343 0.04057017543859649
1 0.5380116959064327 0.28152412280701755 0.027046783625730993 0.044407894736842105
1 0.5738304093567251 0.2831688596491228 0.02850877192982456 0.03673245614035087
1 0.6240862573099415 0.28125 0.05592105263157894 0.06907894736842105
1 0.7447002923976608 0.24396929824561403 0.031067251461988302 0.046052631578947366
1 0.7788742690058479 0.24808114035087717 0.029970760233918127 0.022478070175438597
1 0.8163377192982456 0.2587719298245614 0.03764619883040936 0.044956140350877194
1 0.831140350877193 0.27521929824561403 0.03435672514619883 0.039473684210526314
1 0.893640350877193 0.26343201754385964 0.03654970760233918 0.048793859649122806
1 0.91703216374269 0.24588815789473684 0.027046783625730993 0.06195175438596491
1 0.9638157894736842 0.2574013157894737 0.035818713450292396 0.043311403508771926
1 0.9184941520467835 0.4465460526315789 0.029239766081871343 0.03125
1 0.8656798245614035 0.41063596491228066 0.02448830409356725 0.02412280701754386
1 0.8320540935672515 0.42735745614035087 0.02887426900584795 0.048793859649122806
1 0.7949561403508771 0.3939144736842105 0.03289473684210526 0.03234649122807017
1 0.7298976608187134 0.4109100877192982 0.025584795321637425 0.022478070175438597
1 0.6792763157894737 0.41118421052631576 0.020833333333333332 0.03399122807017543
1 0.6377923976608186 0.4095394736842105 0.021929824561403508 0.03070175438596491
1 0.549890350877193 0.4525767543859649 0.023757309941520467 0.042214912280701754
1 0.5244883040935672 0.43804824561403505 0.024853801169590642 0.01206140350877193
1 0.4605263157894737 0.43338815789473684 0.021929824561403508 0.022478070175438597
1 0.4141081871345029 0.4213267543859649 0.011695906432748537 0.02357456140350877
1 0.38029970760233917 0.4240679824561403 0.01206140350877193 0.021381578947368418
1 0.3848684210526316 0.544407894736842 0.03070175438596491 0.05592105263157894
1 0.42489035087719296 0.5246710526315789 0.03764619883040936 0.05592105263157894
1 0.6220760233918128 0.53125 0.03728070175438596 0.041666666666666664
1 0.660453216374269 0.5180921052631579 0.043859649122807015 0.0581140350877193
1 0.6957236842105263 0.5219298245614035 0.0398391812865497 0.07017543859649122
1 0.7266081871345029 0.5189144736842105 0.04239766081871345 0.04769736842105263
1 0.7695540935672515 0.4942434210526315 0.03033625730994152 0.06304824561403509
1 0.8150584795321637 0.5233004385964912 0.04751461988304093 0.06853070175438596
1 0.8457602339181286 0.5112390350877193 0.029239766081871343 0.04769736842105263
1 0.9047880116959064 0.5137061403508771 0.04130116959064327 0.0537280701754386
1 0.9546783625730993 0.5268640350877193 0.029239766081871343 0.03618421052631579
1 0.9292763157894737 0.6493969298245613 0.01864035087719298 0.015899122807017545
1 0.6401681286549707 0.6428179824561403 0.0222953216374269 0.03015350877192982
1 0.6089181286549707 0.6609100877192982 0.01827485380116959 0.022478070175438597
1 0.5767543859649122 0.6790021929824561 0.02046783625730994 0.03782894736842105
1 0.54203216374269 0.653782894736842 0.019736842105263157 0.021381578947368418
1 0.5283260233918128 0.6565241228070176 0.034722222222222224 0.0268640350877193
1 0.4088084795321637 0.653782894736842 0.019371345029239765 0.02576754385964912
1 0.42489035087719296 0.7546600877192982 0.0266812865497076 0.0400219298245614
1 0.3870614035087719 0.8009868421052632 0.021929824561403508 0.05701754385964912
1 0.5038377192982456 0.8018092105263157 0.027412280701754384 0.0400219298245614
1 0.5332602339181286 0.7820723684210525 0.035818713450292396 0.05866228070175438
1 0.6016081871345029 0.768640350877193 0.02412280701754386 0.03179824561403509
1 0.6504020467836257 0.787828947368421 0.032529239766081866 0.042763157894736836
1 0.6854897660818713 0.7771381578947368 0.019371345029239765 0.0268640350877193
1 0.7309941520467835 0.7590460526315789 0.02046783625730994 0.03782894736842105
1 0.7642543859649122 0.7727521929824561 0.019005847953216373 0.018092105263157895
1 0.8119517543859649 0.7576754385964912 0.03033625730994152 0.023026315789473683
1 0.8506944444444444 0.7584978070175438 0.02448830409356725 0.03673245614035087
1 0.8892543859649122 0.7823464912280701 0.03070175438596491 0.041666666666666664
1 0.9409722222222222 0.7637061403508771 0.032529239766081866 0.03618421052631579
1 0.9780701754385964 0.7510964912280701 0.031432748538011694 0.044956140350877194
1 0.9384137426900584 0.8736293859649122 0.03764619883040936 0.05427631578947368
1 0.9104532163742689 0.8824013157894737 0.02631578947368421 0.0400219298245614
1 0.8435672514619883 0.8796600877192982 0.03654970760233918 0.048793859649122806
1 0.7680921052631579 0.8752741228070174 0.025219298245614034 0.044407894736842105
1 0.7309941520467835 0.910361842105263 0.027046783625730993 0.05756578947368421
1 0.7026681286549707 0.8950109649122806 0.027412280701754384 0.044407894736842105
1 0.6597222222222222 0.90625 0.025584795321637425 0.05043859649122807
1 0.6182383040935672 0.8993969298245613 0.031067251461988302 0.03782894736842105
1 0.5674342105263157 0.8612938596491228 0.020833333333333332 0.02850877192982456
1 0.5619517543859649 0.8799342105263157 0.031067251461988302 0.03179824561403509
1 0.5710891812865497 0.90625 0.02010233918128655 0.02850877192982456
1 0.5347222222222222 0.9114583333333333 0.02850877192982456 0.03453947368421052
1 0.48720760233918126 0.9015899122807017 0.01608187134502924 0.03453947368421052
1 0.45266812865497075 0.8974780701754386 0.025950292397660817 0.044956140350877194
1 0.42141812865497075 0.8903508771929824 0.02850877192982456 0.049342105263157895
1 0.6167763157894737 0.9953399122807017 0.01864035087719298 0.00932017543859649
1 0.8516081871345029 0.984923245614035 0.027046783625730993 0.02905701754385965
1 0.938048245614035 0.9967105263157894 0.02010233918128655 0.006578947368421052
