1 0.034722222222222224 0.2889254385964912 0.01827485380116959 0.03399122807017543
1 0.10014619883040934 0.7897478070175438 0.013888888888888888 0.03015350877192982
1 0.4815423976608187 0.07017543859649122 0.01425438596491228 0.020833333333333332
1 0.5575657894736842 0.06770833333333333 0.027412280701754384 0.02357456140350877
1 0.5879020467836257 0.060032894736842105 0.019371345029239765 0.03125
1 0.9565058479532164 0.04742324561403508 0.024853801169590642 0.03782894736842105
1 0.9700292397660818 0.2949561403508772 0.03070175438596491 0.02631578947368421
1 0.3188961988304093 0.42626096491228066 0.039108187134502925 0.04989035087719298
1 0.3508771929824561 0.42626096491228066 0.04532163742690058 0.07839912280701754
1 0.6416301169590642 0.41063596491228066 0.031067251461988302 0.02850877192982456
1 0.7225877192982456 0.421875 0.038011695906432746 0.07182017543859649
1 0.7973318713450291 0.44051535087719296 0.03618421052631579 0.03782894736842105
1 0.8965643274853801 0.42489035087719296 0.03508771929824561 0.02631578947368421
1 0.9850146198830408 0.3881578947368421 0.029970760233918127 0.07456140350877193
1 0.9828216374269005 0.6636513157894737 0.029239766081871343 0.02357456140350877
1 0.8711622807017544 0.6894188596491228 0.03764619883040936 0.04989035087719298
1 0.5635964912280701 0.5361842105263157 0.02850877192982456 0.03399122807017543
1 0.22514619883040934 0.5646929824561403 0.01608187134502924 0.021929824561403508
1 0.2768640350877193 0.5852521929824561 0.01644736842105263 0.0268640350877193
1 0.2982456140350877 0.5542763157894737 0.015350877192982455 0.03070175438596491
1 0.3388157894736842 0.5583881578947368 0.019736842105263157 0.0268640350877193
1 0.39692982456140347 0.5625 0.01608187134502924 0.021929824561403508
1 0.3817616959064327 0.6790021929824561 0.0222953216374269 0.015899122807017545
1 0.7353801169590642 0.9893092105263157 0.027046783625730993 0.021381578947368418
