1 0.1372441520467836 0.042763157894736836 0.03764619883040936 0.0537280701754386
1 0.0800438596491228 0.054002192982456135 0.03216374269005848 0.0400219298245614
1 0.3042763157894737 0.14144736842105263 0.025219298245614034 0.042763157894736836
1 0.27540204678362573 0.15405701754385964 0.035453216374269 0.0581140350877193
1 0.23775584795321636 0.1524122807017544 0.02887426900584795 0.042763157894736836
1 0.20906432748538012 0.1526864035087719 0.024853801169590642 0.043311403508771926
1 0.15186403508771928 0.17434210526315788 0.027412280701754384 0.0537280701754386
1 0.11915204678362573 0.18311403508771928 0.033625730994152045 0.05153508771929824
1 0.08625730994152046 0.1787280701754386 0.03654970760233918 0.049342105263157895
1 0.04641812865497076 0.20394736842105263 0.0402046783625731 0.0581140350877193
1 0.01663011695906433 0.1981907894736842 0.03179824561403509 0.042214912280701754
1 0.19736842105263158 0.28618421052631576 0.017543859649122806 0.02631578947368421
1 0.3247441520467836 0.4377741228070175 0.034722222222222224 0.044407894736842105
1 0.2569444444444444 0.4290021929824561 0.012426900584795321 0.022478070175438597
1 0.17781432748538012 0.43612938596491224 0.020833333333333332 0.03673245614035087
1 0.10635964912280702 0.4237938596491228 0.01023391812865497 0.01864035087719298
1 0.05281432748538011 0.40625 0.04203216374269006 0.03070175438596491
1 0.01663011695906433 0.5268640350877193 0.03179824561403509 0.044956140350877194
1 0.04057017543859649 0.5745614035087719 0.03435672514619883 0.02850877192982456
1 0.09137426900584794 0.5605811403508771 0.023391812865497075 0.03125
1 0.1513157894736842 0.5359100877192983 0.017543859649122806 0.0268640350877193
1 0.1909722222222222 0.5493421052631579 0.02010233918128655 0.021929824561403508
1 0.21984649122807015 0.5315241228070176 0.03764619883040936 0.048793859649122806
1 0.05080409356725146 0.7231359649122807 0.02412280701754386 0.03618421052631579
1 0.04989035087719298 0.7963267543859649 0.025950292397660817 0.03344298245614035
1 0.2225877192982456 0.7993421052631579 0.02850877192982456 0.03070175438596491
1 0.3218201754385965 0.8042763157894737 0.03326023391812866 0.05921052631578947
1 0.013706140350877192 0.9377741228070174 0.025219298245614034 0.022478070175438597
1 0.9663742690058479 0.033168859649122806 0.024853801169590642 0.02357456140350877
1 0.763157894736842 0.041118421052631575 0.021198830409356724 0.017543859649122806
1 0.7055921052631579 0.06880482456140351 0.023757309941520467 0.0400219298245614
1 0.5844298245614035 0.022752192982456138 0.016812865497076022 0.0400219298245614
1 0.4888523391812865 0.035910087719298246 0.023757309941520467 0.018092105263157895
1 0.49798976608187134 0.14528508771929824 0.021564327485380116 0.06469298245614034
1 0.518640350877193 0.19270833333333331 0.03216374269005848 0.06524122807017543
1 0.5849780701754386 0.1513157894736842 0.05665204678362573 0.06578947368421052
1 0.6377923976608186 0.16091008771929824 0.027046783625730993 0.042214912280701754
1 0.7425073099415205 0.17900219298245612 0.03326023391812866 0.0400219298245614
1 0.7949561403508771 0.140625 0.038011695906432746 0.05317982456140351
1 0.8519736842105262 0.15186403508771928 0.04093567251461988 0.08662280701754385
1 0.9053362573099415 0.18859649122807015 0.04312865497076023 0.04714912280701754
1 0.9786184210526315 0.14720394736842105 0.021564327485380116 0.0268640350877193
1 0.9707602339181286 0.3067434210526316 0.021198830409356724 0.03453947368421052
1 0.508406432748538 0.28344298245614036 0.054093567251461985 0.03399122807017543
1 0.6092836257309941 0.4303728070175438 0.02266081871345029 0.03289473684210526
1 0.6483918128654971 0.4161184210526316 0.029970760233918127 0.0537280701754386
1 0.7258771929824561 0.4416118421052631 0.02046783625730994 0.03344298245614035
1 0.7880116959064327 0.44298245614035087 0.02046783625730994 0.03728070175438596
1 0.8872441520467835 0.4290021929824561 0.032529239766081866 0.05317982456140351
1 0.9672880116959064 0.4246162280701754 0.03179824561403509 0.045504385964912276
1 0.9921418128654971 0.4265350877192982 0.015716374269005847 0.044956140350877194
1 0.9937865497076023 0.5649671052631579 0.012426900584795321 0.03344298245614035
1 0.9535818713450291 0.5581140350877193 0.009502923976608187 0.03070175438596491
1 0.8892543859649122 0.5603070175438596 0.013888888888888888 0.02850877192982456
1 0.846125730994152 0.5622258771929824 0.017543859649122806 0.03344298245614035
1 0.6229897660818713 0.5627741228070176 0.01644736842105263 0.03125
1 0.508406432748538 0.6696820175438596 0.04824561403508772 0.07182017543859649
1 0.7244152046783625 0.6981907894736842 0.04093567251461988 0.06414473684210525
1 0.7669956140350876 0.6480263157894737 0.03691520467836257 0.05921052631578947
1 0.781798245614035 0.6633771929824561 0.03874269005847953 0.07346491228070175
1 0.8877923976608186 0.6927083333333333 0.04312865497076023 0.0762061403508772
1 0.9555921052631579 0.6995614035087719 0.0266812865497076 0.039473684210526314
1 0.993969298245614 0.9287280701754386 0.01206140350877193 0.03618421052631579
1 0.9672880116959064 0.9150219298245613 0.029605263157894735 0.04057017543859649
1 0.9373172514619883 0.9073464912280701 0.021564327485380116 0.05482456140350877
1 0.8347953216374269 0.9065241228070174 0.017543859649122806 0.05756578947368421
1 0.7774122807017544 0.9196820175438596 0.01827485380116959 0.07182017543859649
1 0.7671783625730993 0.8223684210526315 0.01608187134502924 0.044956140350877194
1 0.49067982456140347 0.859375 0.06396198830409357 0.11787280701754385
1 0.5771198830409356 0.9385964912280701 0.027777777777777776 0.05043859649122807
1 0.6313961988304093 0.9333881578947368 0.025219298245614034 0.05756578947368421
1 0.6971856725146198 0.9205043859649122 0.025950292397660817 0.03179824561403509
