1 0.1875 0.01507675438596491 0.016812865497076022 0.0268640350877193
1 0.49031432748538006 0.09402412280701754 0.032529239766081866 0.0356359649122807
1 0.4442616959064327 0.12445175438596491 0.029605263157894735 0.03728070175438596
1 0.32328216374269003 0.10279605263157894 0.028143274853801168 0.0356359649122807
1 0.28216374269005845 0.10663377192982455 0.04239766081871345 0.03782894736842105
1 0.07182017543859649 0.11924342105263157 0.028143274853801168 0.05975877192982456
1 0.17032163742690057 0.3237390350877193 0.01608187134502924 0.0268640350877193
1 0.42050438596491224 0.4147478070175438 0.038377192982456135 0.06195175438596491
1 0.39016812865497075 0.43338815789473684 0.020833333333333332 0.048793859649122806
1 0.2490862573099415 0.4259868421052631 0.03764619883040936 0.06578947368421052
1 0.14163011695906433 0.428453947368421 0.035453216374269 0.05537280701754386
1 0.019554093567251463 0.4734100877192982 0.027412280701754384 0.048793859649122806
1 0.27887426900584794 0.647203947368421 0.04678362573099415 0.043311403508771926
1 0.2978801169590643 0.6101973684210525 0.03728070175438596 0.07346491228070175
1 0.4766081871345029 0.794407894736842 0.017543859649122806 0.029605263157894735
1 0.35891812865497075 0.7867324561403508 0.012426900584795321 0.02631578947368421
1 0.20193713450292397 0.8259320175438596 0.03764619883040936 0.05646929824561403
1 0.02046783625730994 0.8037280701754386 0.014619883040935672 0.02850877192982456
1 0.1288377192982456 0.9237938596491228 0.03179824561403509 0.03618421052631579
1 0.10307017543859648 0.931469298245614 0.021198830409356724 0.021929824561403508
1 0.40332602339181284 0.9602521929824561 0.025950292397660817 0.03125
1 0.320906432748538 0.9331140350877193 0.02412280701754386 0.03618421052631579
1 0.7368421052631579 0.9802631578947368 0.035818713450292396 0.039473684210526314
1 0.8388157894736842 0.9725877192982456 0.03435672514619883 0.05482456140350877
1 0.8930921052631579 0.9734100877192982 0.03033625730994152 0.05317982456140351
1 0.9872076023391813 0.9797149122807017 0.021929824561403508 0.03070175438596491
1 0.9945175438596491 0.9558662280701754 0.010964912280701754 0.020285087719298246
1 0.8740862573099415 0.7456140350877193 0.032529239766081866 0.05153508771929824
1 0.7141812865497076 0.7354714912280701 0.02046783625730994 0.06743421052631579
1 0.6211622807017544 0.8001644736842105 0.03764619883040936 0.05975877192982456
1 0.7823464912280701 0.8492324561403508 0.0398391812865497 0.0712719298245614
1 0.6313961988304093 0.5476973684210527 0.023026315789473683 0.021929824561403508
1 0.706140350877193 0.5496162280701754 0.021198830409356724 0.024671052631578948
1 0.7383040935672515 0.5364583333333333 0.014619883040935672 0.019188596491228067
1 0.781798245614035 0.5 0.016812865497076022 0.01864035087719298
1 0.8622076023391813 0.5046600877192983 0.015350877192982455 0.022478070175438597
1 0.695906432748538 0.4309210526315789 0.019736842105263157 0.05153508771929824
1 0.6732456140350876 0.3881578947368421 0.025584795321637425 0.02412280701754386
1 0.6728801169590642 0.3678728070175438 0.01827485380116959 0.02850877192982456
1 0.6352339181286549 0.3075657894736842 0.017543859649122806 0.025219298245614034
1 0.6655701754385964 0.3015350877192982 0.017543859649122806 0.02412280701754386
1 0.8790204678362573 0.2905701754385965 0.04751461988304093 0.049342105263157895
1 0.9928728070175438 0.2637061403508772 0.01425438596491228 0.021929824561403508
1 0.7330043859649122 0.20559210526315788 0.04203216374269006 0.049342105263157895
1 0.6197002923976608 0.203125 0.034722222222222224 0.044407894736842105
1 0.5952119883040935 0.2324561403508772 0.06323099415204678 0.08881578947368421
1 0.5932017543859649 0.2650767543859649 0.035818713450292396 0.03125
1 0.9590643274853801 0.1318530701754386 0.025584795321637425 0.022478070175438597
1 0.7388523391812865 0.07894736842105263 0.017178362573099414 0.019736842105263157
