1 0.36549707602339176 0.1370614035087719 0.017543859649122806 0.02412280701754386
1 0.23318713450292397 0.15158991228070173 0.027777777777777776 0.03782894736842105
1 0.5076754385964912 0.19736842105263158 0.014619883040935672 0.017543859649122806
1 0.48775584795321636 0.23930921052631576 0.03033625730994152 0.022478070175438597
1 0.44572368421052627 0.24561403508771928 0.025950292397660817 0.04057017543859649
1 0.38578216374269003 0.2387609649122807 0.023757309941520467 0.0356359649122807
1 0.3203581871345029 0.23684210526315788 0.023026315789473683 0.03070175438596491
1 0.1960891812865497 0.2494517543859649 0.02010233918128655 0.03179824561403509
1 0.14016812865497075 0.25411184210526316 0.02448830409356725 0.02796052631578947
1 0.12554824561403508 0.2689144736842105 0.0266812865497076 0.02576754385964912
1 0.07218567251461988 0.2508223684210526 0.029605263157894735 0.0268640350877193
1 0.04239766081871345 0.24808114035087717 0.01827485380116959 0.02905701754385965
1 0.006944444444444444 0.2546600877192982 0.012426900584795321 0.03125
1 0.24323830409356723 0.3399122807017544 0.0222953216374269 0.021929824561403508
1 0.27887426900584794 0.375 0.01608187134502924 0.02412280701754386
1 0.37554824561403505 0.35005482456140347 0.03326023391812866 0.05866228070175438
1 0.4947002923976608 0.35992324561403505 0.0266812865497076 0.021381578947368418
1 0.489766081871345 0.4553179824561403 0.02631578947368421 0.03673245614035087
1 0.39985380116959063 0.4427083333333333 0.013157894736842105 0.019188596491228067
1 0.11074561403508772 0.4739583333333333 0.02412280701754386 0.022478070175438597
1 0.014985380116959063 0.4671052631578947 0.023391812865497075 0.02412280701754386
1 0.07913011695906433 0.5871710526315789 0.029605263157894735 0.038377192982456135
1 0.11823830409356724 0.5849780701754386 0.015716374269005847 0.043859649122807015
1 0.5122441520467836 0.6611842105263157 0.0266812865497076 0.03070175438596491
1 0.012244152046783625 0.7774122807017544 0.0222953216374269 0.021929824561403508
1 0.26078216374269003 0.8042763157894737 0.04788011695906433 0.03618421052631579
1 0.10160818713450293 0.8634868421052632 0.021929824561403508 0.023026315789473683
1 0.09375 0.8752741228070174 0.01425438596491228 0.022478070175438597
1 0.21875 0.8752741228070174 0.025219298245614034 0.022478070175438597
1 0.30646929824561403 0.868969298245614 0.017178362573099414 0.021929824561403508
1 0.3432017543859649 0.8706140350877193 0.011695906432748537 0.025219298245614034
1 0.3706140350877193 0.8840460526315789 0.014619883040935672 0.0268640350877193
1 0.41154970760233917 0.8799342105263157 0.013157894736842105 0.021929824561403508
1 0.6226242690058479 0.2080592105263158 0.02448830409356725 0.03782894736842105
1 0.6542397660818713 0.20285087719298245 0.02631578947368421 0.043859649122807015
1 0.71875 0.20559210526315788 0.025219298245614034 0.042763157894736836
1 0.76078216374269 0.20586622807017543 0.014985380116959063 0.03125
1 0.7964181286549707 0.19873903508771928 0.019005847953216373 0.042214912280701754
1 0.8326023391812865 0.20175438596491227 0.01827485380116959 0.03728070175438596
1 0.8338815789473684 0.11567982456140351 0.044956140350877194 0.03179824561403509
1 0.989766081871345 0.20559210526315788 0.013888888888888888 0.03179824561403509
1 0.9009502923976608 0.3379934210526316 0.010964912280701754 0.0268640350877193
1 0.84375 0.3327850877192982 0.011330409356725146 0.023026315789473683
1 0.8194444444444444 0.35005482456140347 0.007309941520467836 0.015899122807017545
1 0.7730263157894737 0.3558114035087719 0.00804093567251462 0.023026315789473683
1 0.9532163742690059 0.41584429824561403 0.02266081871345029 0.041118421052631575
1 0.864766081871345 0.4199561403508772 0.015350877192982455 0.03179824561403509
1 0.6465643274853801 0.42680921052631576 0.025584795321637425 0.02905701754385965
1 0.6153143274853801 0.4325657894736842 0.023757309941520467 0.019736842105263157
1 0.5957602339181286 0.4331140350877193 0.019736842105263157 0.017543859649122806
1 0.5899122807017544 0.5397478070175439 0.013888888888888888 0.0268640350877193
1 0.6215277777777778 0.549890350877193 0.01864035087719298 0.025219298245614034
1 0.7134502923976608 0.5274122807017544 0.010964912280701754 0.043859649122807015
1 0.9904970760233918 0.5578399122807017 0.01023391812865497 0.02905701754385965
1 0.9576023391812865 0.6356907894736842 0.017543859649122806 0.018092105263157895
1 0.8505116959064327 0.6702302631578947 0.01827485380116959 0.02357456140350877
1 0.6747076023391813 0.6430921052631579 0.024853801169590642 0.03618421052631579
1 0.5946637426900584 0.669407894736842 0.019736842105263157 0.023026315789473683
1 0.6030701754385964 0.8423793859649122 0.027777777777777776 0.022478070175438597
1 0.625 0.819078947368421 0.01827485380116959 0.03399122807017543
1 0.6655701754385964 0.8177083333333333 0.03508771929824561 0.0268640350877193
1 0.7143640350877193 0.8081140350877193 0.021564327485380116 0.02850877192982456
1 0.752375730994152 0.7834429824561403 0.012792397660818713 0.042763157894736836
1 0.8422880116959064 0.7971491228070176 0.019371345029239765 0.03179824561403509
1 0.9133771929824561 0.7952302631578947 0.02046783625730994 0.0268640350877193
1 0.8907163742690059 0.8793859649122806 0.013157894736842105 0.017543859649122806
1 0.8029970760233918 0.8621162280701754 0.008771929824561403 0.018092105263157895
1 0.6538742690058479 0.8867872807017544 0.013888888888888888 0.015899122807017545
1 0.8369883040935672 0.8708881578947368 0.007309941520467836 0.013706140350877192
1 0.9928728070175438 0.9731359649122806 0.01425438596491228 0.03179824561403509
1 0.9672880116959064 0.9780701754385964 0.025219298245614034 0.041666666666666664
1 0.9221491228070174 0.988486842105263 0.02046783625730994 0.023026315789473683
1 0.813048245614035 0.9780701754385964 0.03033625730994152 0.03179824561403509
1 0.7797880116959064 0.9871162280701754 0.0222953216374269 0.02576754385964912
1 0.7567616959064327 0.9857456140350876 0.02448830409356725 0.02850877192982456
1 0.7207602339181286 0.9912280701754386 0.014619883040935672 0.017543859649122806
1 0.6860380116959064 0.978344298245614 0.02850877192982456 0.03125
