1 0.05080409356725146 0.08031798245614034 0.016812865497076022 0.038925438596491224
1 0.16885964912280702 0.08717105263157894 0.017543859649122806 0.03399122807017543
1 0.1875 0.09923245614035087 0.014619883040935672 0.03070175438596491
1 0.20796783625730994 0.10279605263157894 0.02046783625730994 0.0268640350877193
1 0.25566520467836257 0.07346491228070175 0.021564327485380116 0.03508771929824561
1 0.29970760233918126 0.10663377192982455 0.021929824561403508 0.0356359649122807
1 0.4100877192982456 0.0625 0.02046783625730994 0.03070175438596491
1 0.4130116959064327 0.08717105263157894 0.015350877192982455 0.02412280701754386
1 0.4643640350877193 0.08278508771929824 0.023757309941520467 0.025219298245614034
1 0.5116959064327485 0.08360745614035087 0.01827485380116959 0.018092105263157895
1 0.5610380116959064 0.08717105263157894 0.01023391812865497 0.015350877192982455
1 0.5913742690058479 0.07346491228070175 0.019736842105263157 0.03070175438596491
1 0.6430921052631579 0.07154605263157894 0.013523391812865496 0.024671052631578948
1 0.6854897660818713 0.08360745614035087 0.02010233918128655 0.021381578947368418
1 0.7134502923976608 0.09923245614035087 0.023391812865497075 0.02631578947368421
1 0.8432017543859649 0.033168859649122806 0.013157894736842105 0.013706140350877192
1 0.8706140350877193 0.0756578947368421 0.021198830409356724 0.01644736842105263
1 0.8877923976608186 0.06332236842105263 0.016812865497076022 0.014802631578947368
1 0.9755116959064327 0.035910087719298246 0.02046783625730994 0.0268640350877193
1 0.987390350877193 0.21902412280701752 0.025219298245614034 0.0356359649122807
1 0.9519371345029239 0.20339912280701752 0.03179824561403509 0.042763157894736836
1 0.9199561403508771 0.21025219298245612 0.033625730994152045 0.03782894736842105
1 0.8735380116959064 0.2025767543859649 0.02631578947368421 0.03453947368421052
1 0.8236476608187134 0.21655701754385964 0.0266812865497076 0.03289473684210526
1 0.7163742690058479 0.21463815789473684 0.03654970760233918 0.06633771929824561
1 0.6699561403508771 0.19490131578947367 0.04239766081871345 0.06414473684210525
1 0.6363304093567251 0.2075109649122807 0.062134502923976605 0.06304824561403509
1 0.5935672514619883 0.21847587719298245 0.02046783625730994 0.03125
1 0.5458698830409356 0.20394736842105263 0.04349415204678363 0.05043859649122807
1 0.49104532163742687 0.2376644736842105 0.044956140350877194 0.05427631578947368
1 0.43841374269005845 0.1855811403508772 0.0222953216374269 0.03344298245614035
1 0.42489035087719296 0.24533991228070173 0.02887426900584795 0.041118421052631575
1 0.3877923976608187 0.27850877192982454 0.01608187134502924 0.03728070175438596
1 0.3671418128654971 0.23053728070175436 0.03326023391812866 0.048793859649122806
1 0.27887426900584794 0.22779605263157893 0.031432748538011694 0.046600877192982455
1 0.22660818713450293 0.21957236842105263 0.04532163742690058 0.048793859649122806
1 0.19444444444444442 0.23985745614035087 0.038011695906432746 0.038925438596491224
1 0.14053362573099415 0.21217105263157893 0.03326023391812866 0.06469298245614034
1 0.08114035087719298 0.20093201754385964 0.05116959064327485 0.07072368421052631
1 0.038011695906432746 0.24177631578947367 0.02046783625730994 0.06140350877192982
1 0.1611842105263158 0.3796600877192982 0.02412280701754386 0.0400219298245614
1 0.27832602339181284 0.34484649122807015 0.052997076023391806 0.09429824561403508
1 0.3296783625730994 0.3996710526315789 0.027046783625730993 0.04714912280701754
1 0.3813961988304093 0.3908991228070175 0.013523391812865496 0.03070175438596491
1 0.45614035087719296 0.35663377192982454 0.01608187134502924 0.022478070175438597
1 0.4780701754385965 0.4084429824561403 0.02850877192982456 0.042763157894736836
1 0.5332602339181286 0.38048245614035087 0.02631578947368421 0.03289473684210526
1 0.6290204678362573 0.350328947368421 0.04093567251461988 0.038377192982456135
1 0.5586622807017544 0.3237390350877193 0.023757309941520467 0.03782894736842105
1 0.7002923976608186 0.33963815789473684 0.02850877192982456 0.02905701754385965
1 0.7163742690058479 0.3733552631578947 0.0402046783625731 0.04824561403508772
1 0.833516081871345 0.3445723684210526 0.028143274853801168 0.0268640350877193
1 0.8028143274853801 0.4481907894736842 0.032529239766081866 0.04769736842105263
1 0.8843201754385964 0.3574561403508772 0.020833333333333332 0.02631578947368421
1 0.9228801169590642 0.35334429824561403 0.025584795321637425 0.03015350877192982
1 0.9614400584795321 0.3393640350877193 0.027412280701754384 0.02631578947368421
1 0.9555921052631579 0.45614035087719296 0.03179824561403509 0.03508771929824561
1 0.5645102339181286 0.49122807017543857 0.017178362573099414 0.03728070175438596
1 0.54203216374269 0.4690241228070175 0.046052631578947366 0.0805921052631579
1 0.4941520467836257 0.490953947368421 0.03508771929824561 0.04989035087719298
1 0.4155701754385965 0.46929824561403505 0.03435672514619883 0.043859649122807015
1 0.3028143274853801 0.45093201754385964 0.04568713450292397 0.0849780701754386
1 0.2324561403508772 0.47368421052631576 0.04532163742690058 0.0800438596491228
1 0.19682017543859648 0.4794407894736842 0.042763157894736836 0.09046052631578946
1 0.16301169590643275 0.49862938596491224 0.039473684210526314 0.05756578947368421
1 0.09283625730994152 0.44188596491228066 0.059941520467836254 0.07456140350877193
1 0.04404239766081871 0.4928728070175438 0.035453216374269 0.08223684210526315
1 0.02101608187134503 0.4871162280701754 0.04130116959064327 0.0356359649122807
1 0.07383040935672514 0.6184210526315789 0.04312865497076023 0.046052631578947366
1 0.1074561403508772 0.600328947368421 0.00804093567251462 0.020833333333333332
1 0.17781432748538012 0.5989583333333333 0.023757309941520467 0.043311403508771926
1 0.2585891812865497 0.6343201754385964 0.02448830409356725 0.05153508771929824
1 0.2976973684210526 0.6162280701754386 0.039108187134502925 0.049342105263157895
1 0.36604532163742687 0.6425438596491228 0.02010233918128655 0.038377192982456135
1 0.45942982456140347 0.6389802631578947 0.038011695906432746 0.0356359649122807
1 0.5780336257309941 0.6170504385964912 0.04641812865497076 0.041118421052631575
1 0.658625730994152 0.6121162280701754 0.03289473684210526 0.0356359649122807
1 0.6973684210526315 0.631578947368421 0.031432748538011694 0.05263157894736842
1 0.8876096491228069 0.5718201754385964 0.029605263157894735 0.02631578947368421
1 0.939875730994152 0.5712719298245613 0.025219298245614034 0.01864035087719298
1 0.9864766081871345 0.5753837719298245 0.027046783625730993 0.02576754385964912
1 0.9788011695906432 0.6992872807017544 0.023391812865497075 0.020285087719298246
1 0.9488304093567251 0.7102521929824561 0.021198830409356724 0.03125
1 0.8916301169590642 0.6809210526315789 0.01864035087719298 0.015350877192982455
1 0.8682383040935672 0.7305372807017544 0.023026315789473683 0.03015350877192982
1 0.8227339181286549 0.7236842105263157 0.01608187134502924 0.02631578947368421
1 0.6924342105263157 0.7149122807017544 0.023757309941520467 0.03070175438596491
1 0.6392543859649122 0.7192982456140351 0.02046783625730994 0.03179824561403509
1 0.6063596491228069 0.7242324561403508 0.015350877192982455 0.02412280701754386
1 0.5736476608187134 0.725328947368421 0.0266812865497076 0.03179824561403509
1 0.5010964912280701 0.7272478070175438 0.02631578947368421 0.0356359649122807
1 0.4641812865497076 0.7140899122807017 0.024853801169590642 0.022478070175438597
1 0.377375730994152 0.7228618421052632 0.01206140350877193 0.022478070175438597
1 0.1997441520467836 0.7395833333333333 0.015716374269005847 0.03399122807017543
1 0.13029970760233917 0.7275219298245613 0.020833333333333332 0.03070175438596491
1 0.07821637426900585 0.7502741228070176 0.012426900584795321 0.03125
1 0.03326023391812866 0.7458881578947368 0.01608187134502924 0.0356359649122807
1 0.27540204678362573 0.8621162280701754 0.014985380116959063 0.03125
1 0.2911184210526316 0.8708881578947368 0.035453216374269 0.0400219298245614
1 0.33497807017543857 0.8618421052631579 0.019371345029239765 0.04057017543859649
1 0.3612938596491228 0.8700657894736842 0.03326023391812866 0.041666666666666664
1 0.3828581871345029 0.8440241228070176 0.03691520467836257 0.05756578947368421
1 0.4292763157894737 0.846765350877193 0.027412280701754384 0.03453947368421052
1 0.46929824561403505 0.8950109649122806 0.03508771929824561 0.04769736842105263
1 0.5180921052631579 0.8736293859649122 0.03764619883040936 0.04769736842105263
1 0.5581140350877193 0.8818530701754386 0.031432748538011694 0.05756578947368421
1 0.8505116959064327 0.8393640350877193 0.02412280701754386 0.044956140350877194
1 0.8819444444444444 0.8336074561403508 0.015350877192982455 0.016995614035087717
1 0.8740862573099415 0.9243421052631579 0.03326023391812866 0.049342105263157895
1 0.9311038011695906 0.9183114035087718 0.02010233918128655 0.025219298245614034
1 0.6611842105263157 0.9761513157894737 0.033625730994152045 0.04769736842105263
1 0.5137061403508771 0.953125 0.034722222222222224 0.0762061403508772
1 0.46582602339181284 0.9714912280701754 0.039108187134502925 0.05701754385964912
1 0.38322368421052627 0.9449013157894737 0.03399122807017543 0.06304824561403509
1 0.32328216374269003 0.9654605263157894 0.0266812865497076 0.06907894736842105
1 0.20851608187134502 0.9528508771929824 0.0266812865497076 0.05701754385964912
1 0.2850877192982456 0.9564144736842105 0.017543859649122806 0.05208333333333333
1 0.10361842105263157 0.9679276315789473 0.06615497076023391 0.06414473684210525
1 0.11184210526315788 0.8837719298245613 0.025584795321637425 0.05921052631578947
