1 0.08205409356725146 0.010964912280701754 0.014985380116959063 0.019736842105263157
1 0.23739035087719296 0.017543859649122806 0.032529239766081866 0.02631578947368421
1 0.2582236842105263 0.13240131578947367 0.02010233918128655 0.03453947368421052
1 0.22551169590643275 0.21463815789473684 0.01827485380116959 0.03125
1 0.2909356725146199 0.23492324561403508 0.013157894736842105 0.013706140350877192
1 0.1421783625730994 0.22341008771929824 0.012426900584795321 0.022478070175438597
1 0.1909722222222222 0.2231359649122807 0.0222953216374269 0.025219298245614034
1 0.059576023391812866 0.21875 0.017543859649122806 0.027412280701754384
1 0.07328216374269006 0.3308662280701754 0.01644736842105263 0.00932017543859649
1 0.19883040935672514 0.33908991228070173 0.013888888888888888 0.015899122807017545
1 0.2222222222222222 0.3686951754385965 0.019736842105263157 0.02905701754385965
1 0.29550438596491224 0.34594298245614036 0.015716374269005847 0.023026315789473683
1 0.31451023391812866 0.41255482456140347 0.04057017543859649 0.043311403508771926
1 0.2852704678362573 0.4506578947368421 0.019371345029239765 0.03070175438596491
1 0.2563961988304093 0.4194078947368421 0.017178362573099414 0.03070175438596491
1 0.22807017543859648 0.4459978070175438 0.021929824561403508 0.043311403508771926
1 0.03673245614035087 0.4495614035087719 0.019371345029239765 0.029605263157894735
1 0.320906432748538 0.5411184210526315 0.03874269005847953 0.06359649122807018
1 0.2759502923976608 0.5493421052631579 0.016812865497076022 0.013157894736842105
1 0.20413011695906433 0.546875 0.015716374269005847 0.020285087719298246
1 0.16739766081871343 0.5671600877192983 0.012426900584795321 0.013706140350877192
1 0.023940058479532164 0.6705043859649122 0.017909356725146198 0.01864035087719298
1 0.07236842105263158 0.671875 0.017543859649122806 0.013706140350877192
1 0.11476608187134502 0.6518640350877193 0.017543859649122806 0.019736842105263157
1 0.15533625730994152 0.6496710526315789 0.019736842105263157 0.020833333333333332
1 0.18859649122807015 0.6474780701754386 0.010964912280701754 0.019736842105263157
1 0.23446637426900582 0.6452850877192982 0.014985380116959063 0.010964912280701754
1 0.32766812865497075 0.7730263157894737 0.015716374269005847 0.02631578947368421
1 0.2666301169590643 0.7733004385964912 0.01206140350877193 0.016995614035087717
1 0.16593567251461988 0.8549890350877193 0.03728070175438596 0.042214912280701754
1 0.05281432748538011 0.772203947368421 0.014985380116959063 0.02357456140350877
1 0.28654970760233917 0.8577302631578947 0.021198830409356724 0.0356359649122807
1 0.37609649122807015 0.9468201754385964 0.011695906432748537 0.017543859649122806
1 0.24122807017543857 0.9649122807017543 0.013157894736842105 0.013157894736842105
1 0.09429824561403508 0.9599780701754386 0.012426900584795321 0.013157894736842105
1 0.7149122807017544 0.4152960526315789 0.02850877192982456 0.048793859649122806
1 0.7695540935672515 0.4180372807017544 0.01864035087719298 0.03344298245614035
1 0.8408260233918128 0.6181469298245613 0.017909356725146198 0.0268640350877193
1 0.4921418128654971 0.5449561403508771 0.027412280701754384 0.038377192982456135
1 0.706140350877193 0.7486293859649122 0.035818713450292396 0.05208333333333333
1 0.5928362573099415 0.9503837719298245 0.019736842105263157 0.03453947368421052
