1 0.5928362573099415 0.0737390350877193 0.019736842105263157 0.024671052631578948
1 0.5566520467836257 0.06770833333333333 0.01827485380116959 0.013706140350877192
1 0.5201023391812866 0.0805921052631579 0.02046783625730994 0.02631578947368421
1 0.4941520467836257 0.04468201754385965 0.021929824561403508 0.018092105263157895
1 0.4619883040935672 0.06743421052631579 0.021929824561403508 0.021929824561403508
1 0.4263523391812865 0.06277412280701754 0.017178362573099414 0.00932017543859649
1 0.41118421052631576 0.057839912280701754 0.014619883040935672 0.02796052631578947
1 0.36184210526315785 0.06277412280701754 0.01827485380116959 0.022478070175438597
1 0.32766812865497075 0.04797149122807017 0.01644736842105263 0.02796052631578947
1 0.2637061403508772 0.08799342105263157 0.028143274853801168 0.03782894736842105
1 0.2149122807017544 0.07401315789473684 0.01827485380116959 0.021929824561403508
1 0.14163011695906433 0.078125 0.0266812865497076 0.020285087719298246
1 0.08406432748538012 0.07319078947368421 0.02631578947368421 0.018092105263157895
1 0.04788011695906433 0.0800438596491228 0.027046783625730993 0.020833333333333332
1 0.012792397660818713 0.1943530701754386 0.02412280701754386 0.02905701754385965
1 0.12262426900584794 0.20559210526315788 0.03033625730994152 0.03289473684210526
1 0.24707602339181284 0.16968201754385964 0.03728070175438596 0.0356359649122807
1 0.2637061403508772 0.20339912280701752 0.03691520467836257 0.03179824561403509
1 0.35782163742690054 0.1943530701754386 0.024853801169590642 0.020285087719298246
1 0.3980263157894737 0.18283991228070173 0.019736842105263157 0.024671052631578948
1 0.4415204678362573 0.18832236842105263 0.03216374269005848 0.06195175438596491
1 0.5025584795321637 0.19682017543859648 0.03728070175438596 0.044956140350877194
1 0.5508040935672515 0.18037280701754385 0.03435672514619883 0.03289473684210526
1 0.6122076023391813 0.27713815789473684 0.01827485380116959 0.0762061403508772
1 0.6633771929824561 0.26343201754385964 0.021929824561403508 0.015899122807017545
1 0.4263523391812865 0.3040021929824561 0.01864035087719298 0.0356359649122807
1 0.38029970760233917 0.2859100877192982 0.031067251461988302 0.044407894736842105
1 0.3528874269005848 0.33223684210526316 0.04641812865497076 0.046052631578947366
1 0.2909356725146199 0.27713815789473684 0.02046783625730994 0.0400219298245614
1 0.20413011695906433 0.31798245614035087 0.019371345029239765 0.03179824561403509
1 0.07364766081871345 0.3212719298245614 0.028143274853801168 0.02412280701754386
1 0.5986842105263157 0.4180372807017544 0.038011695906432746 0.04769736842105263
1 0.5508040935672515 0.3991228070175438 0.019736842105263157 0.03618421052631579
1 0.5137061403508771 0.4150219298245614 0.02887426900584795 0.025219298245614034
1 0.4853801169590643 0.4139254385964912 0.012426900584795321 0.041666666666666664
1 0.450109649122807 0.4383223684210526 0.028143274853801168 0.0400219298245614
1 0.3963815789473684 0.4290021929824561 0.044956140350877194 0.0268640350877193
1 0.3300438596491228 0.42872807017543857 0.02412280701754386 0.03399122807017543
1 0.2359283625730994 0.4292763157894737 0.020833333333333332 0.03508771929824561
1 0.285453216374269 0.4109100877192982 0.024853801169590642 0.022478070175438597
1 0.18311403508771928 0.43530701754385964 0.02412280701754386 0.023026315789473683
1 0.14144736842105263 0.4394188596491228 0.029239766081871343 0.03125
1 0.10508040935672514 0.4495614035087719 0.028143274853801168 0.03508771929824561
1 0.013706140350877192 0.428453947368421 0.025950292397660817 0.02796052631578947
1 0.521016081871345 0.5087719298245614 0.01425438596491228 0.01644736842105263
1 0.5917397660818713 0.5208333333333333 0.02631578947368421 0.0537280701754386
1 0.6206140350877193 0.6296600877192982 0.015350877192982455 0.0268640350877193
1 0.5928362573099415 0.6365131578947368 0.013888888888888888 0.021929824561403508
1 0.5292397660818713 0.634594298245614 0.01608187134502924 0.02576754385964912
1 0.4400584795321637 0.6378837719298245 0.01827485380116959 0.02357456140350877
1 0.36915204678362573 0.6356907894736842 0.01608187134502924 0.019188596491228067
1 0.33205409356725146 0.6408991228070176 0.01864035087719298 0.02850877192982456
1 0.19736842105263158 0.6817434210526315 0.013888888888888888 0.02905701754385965
1 0.11184210526315788 0.6483004385964912 0.013888888888888888 0.021381578947368418
1 0.08205409356725146 0.6650219298245613 0.02010233918128655 0.025219298245614034
1 0.044956140350877194 0.6743421052631579 0.027777777777777776 0.03289473684210526
1 0.19389619883040934 0.7637061403508771 0.01206140350877193 0.02631578947368421
1 0.22807017543859648 0.7590460526315789 0.02412280701754386 0.0356359649122807
1 0.3700657894736842 0.734375 0.012792397660818713 0.020285087719298246
1 0.3987573099415204 0.763157894736842 0.017543859649122806 0.03179824561403509
1 0.43951023391812866 0.781798245614035 0.0222953216374269 0.03399122807017543
1 0.458516081871345 0.7458881578947368 0.019371345029239765 0.020285087719298246
1 0.4990862573099415 0.75 0.02448830409356725 0.03508771929824561
1 0.5303362573099415 0.7678179824561403 0.025584795321637425 0.02905701754385965
1 0.5557383040935672 0.7815241228070176 0.020833333333333332 0.0356359649122807
1 0.6363304093567251 0.7458881578947368 0.011695906432748537 0.015899122807017545
1 0.6372441520467836 0.868969298245614 0.03179824561403509 0.04714912280701754
1 0.6122076023391813 0.856907894736842 0.019005847953216373 0.03070175438596491
1 0.5277777777777778 0.8744517543859649 0.03654970760233918 0.05482456140350877
1 0.4947002923976608 0.868969298245614 0.02448830409356725 0.04714912280701754
1 0.4672880116959064 0.8804824561403508 0.025950292397660817 0.03728070175438596
1 0.4325657894736842 0.8662280701754386 0.04349415204678363 0.0581140350877193
1 0.36184210526315785 0.8634868421052632 0.03435672514619883 0.0537280701754386
1 0.3291301169590643 0.890625 0.032529239766081866 0.03782894736842105
1 0.3046418128654971 0.8722587719298245 0.031067251461988302 0.05482456140350877
1 0.26078216374269003 0.875 0.028143274853801168 0.03618421052631579
1 0.2353801169590643 0.8670504385964912 0.019736842105263157 0.03234649122807017
1 0.19864766081871343 0.8760964912280701 0.023757309941520467 0.019736842105263157
1 0.1513157894736842 0.8903508771929824 0.04239766081871345 0.046052631578947366
1 0.08406432748538012 0.8878837719298245 0.04093567251461988 0.04989035087719298
1 0.03326023391812866 0.8804824561403508 0.03728070175438596 0.049342105263157895
1 0.10946637426900584 0.975328947368421 0.03326023391812866 0.041666666666666664
1 0.14583333333333331 0.9682017543859649 0.024853801169590642 0.042763157894736836
1 0.22660818713450293 0.9638157894736842 0.035818713450292396 0.07017543859649122
1 0.5595760233918128 0.9868421052631579 0.012426900584795321 0.02631578947368421
1 0.938048245614035 0.05317982456140351 0.039108187134502925 0.05043859649122807
1 0.875 0.02713815789473684 0.02850877192982456 0.048793859649122806
1 0.8125 0.04523026315789473 0.03289473684210526 0.05317982456140351
1 0.7880116959064327 0.04057017543859649 0.023391812865497075 0.044956140350877194
1 0.7552997076023391 0.06469298245614034 0.029605263157894735 0.03728070175438596
1 0.7242324561403508 0.0537280701754386 0.03399122807017543 0.038377192982456135
1 0.9928728070175438 0.1762609649122807 0.01425438596491228 0.024671052631578948
1 0.9824561403508771 0.26589912280701755 0.021198830409356724 0.03070175438596491
1 0.9232456140350876 0.18174342105263158 0.015350877192982455 0.02357456140350877
1 0.8472222222222222 0.1683114035087719 0.013157894736842105 0.027412280701754384
1 0.8104897660818713 0.1751644736842105 0.015716374269005847 0.020285087719298246
1 0.7383040935672515 0.19709429824561403 0.01827485380116959 0.02357456140350877
1 0.71875 0.2900219298245614 0.020833333333333332 0.02631578947368421
1 0.75 0.2963267543859649 0.019736842105263157 0.03015350877192982
1 0.7733918128654971 0.3053728070175438 0.01608187134502924 0.021929824561403508
1 0.8241959064327485 0.24835526315789472 0.01827485380116959 0.03399122807017543
1 0.8866959064327485 0.2612390350877193 0.014619883040935672 0.024671052631578948
1 0.9232456140350876 0.4095394736842105 0.01827485380116959 0.025219298245614034
1 0.7955043859649122 0.4199561403508772 0.019371345029239765 0.019736842105263157
1 0.7701023391812865 0.4004934210526316 0.02266081871345029 0.02905701754385965
1 0.71875 0.41310307017543857 0.04203216374269006 0.05208333333333333
1 0.7300804093567251 0.5337171052631579 0.04714912280701754 0.05317982456140351
1 0.7622441520467835 0.5307017543859649 0.04130116959064327 0.04057017543859649
1 0.771016081871345 0.4917763157894737 0.052997076023391806 0.0625
1 0.8037280701754386 0.5419407894736842 0.054093567251461985 0.05866228070175438
1 0.8265716374269005 0.5139802631578947 0.04057017543859649 0.06195175438596491
1 0.8554459064327485 0.5359100877192983 0.042763157894736836 0.048793859649122806
1 0.8989400584795321 0.5180921052631579 0.042763157894736836 0.0712719298245614
1 0.9208698830409356 0.4865679824561403 0.03399122807017543 0.05317982456140351
1 0.9541301169590642 0.5200109649122807 0.03399122807017543 0.05756578947368421
1 0.9877558479532164 0.4808114035087719 0.02448830409356725 0.049342105263157895
1 0.9698464912280701 0.45997807017543857 0.025219298245614034 0.04057017543859649
1 0.9663742690058479 0.6071820175438596 0.029239766081871343 0.04989035087719298
1 0.9322002923976608 0.6115679824561403 0.03326023391812866 0.048793859649122806
1 0.8910818713450291 0.6387061403508771 0.03070175438596491 0.04714912280701754
1 0.8282163742690059 0.6370614035087719 0.03728070175438596 0.043859649122807015
1 0.75 0.6567982456140351 0.02850877192982456 0.049342105263157895
1 0.7339181286549707 0.7653508771929824 0.02046783625730994 0.03508771929824561
1 0.7509137426900584 0.8525219298245613 0.0222953216374269 0.04057017543859649
1 0.7938596491228069 0.8401864035087718 0.011695906432748537 0.04769736842105263
1 0.8163377192982456 0.8445723684210525 0.021564327485380116 0.021381578947368418
1 0.8516081871345029 0.853344298245614 0.010964912280701754 0.038925438596491224
1 0.9184941520467835 0.8358004385964912 0.03435672514619883 0.03673245614035087
1 0.8834064327485379 0.8656798245614035 0.019736842105263157 0.03070175438596491
1 0.9488304093567251 0.8456688596491228 0.041666666666666664 0.03782894736842105
1 0.9890350877192982 0.8686951754385964 0.021929824561403508 0.03782894736842105
