1 0.01663011695906433 0.22368421052631576 0.009868421052631578 0.023026315789473683
1 0.07474415204678363 0.22368421052631576 0.017909356725146198 0.03179824561403509
1 0.15186403508771928 0.24205043859649122 0.010599415204678362 0.021381578947368418
1 0.23684210526315788 0.21600877192982454 0.011695906432748537 0.027412280701754384
1 0.356359649122807 0.0868969298245614 0.00804093567251462 0.03344298245614035
1 0.3163377192982456 0.22094298245614033 0.017909356725146198 0.02412280701754386
1 0.33790204678362573 0.22368421052631576 0.020833333333333332 0.03179824561403509
1 0.36184210526315785 0.22998903508771928 0.02266081871345029 0.03125
1 0.4853801169590643 0.2475328947368421 0.02046783625730994 0.041118421052631575
1 0.4462719298245614 0.21902412280701752 0.013888888888888888 0.022478070175438597
1 0.5902777777777778 0.0800438596491228 0.03508771929824561 0.06469298245614034
1 0.6215277777777778 0.06578947368421052 0.03033625730994152 0.046052631578947366
1 0.6494883040935672 0.09895833333333333 0.02266081871345029 0.038925438596491224
1 0.7622441520467835 0.06798245614035087 0.029605263157894735 0.06798245614035087
1 0.8225511695906432 0.06743421052631579 0.021564327485380116 0.02631578947368421
1 0.7847222222222222 0.3314144736842105 0.025584795321637425 0.0356359649122807
1 0.8592836257309941 0.3212719298245614 0.01608187134502924 0.02631578947368421
1 0.8930921052631579 0.33442982456140347 0.019371345029239765 0.025219298245614034
