1 0.017178362573099414 0.9111842105263157 0.027777777777777776 0.05043859649122807
1 0.18548976608187134 0.018092105263157895 0.013523391812865496 0.03070175438596491
1 0.22660818713450293 0.02713815789473684 0.03070175438596491 0.048793859649122806
1 0.26571637426900585 0.03125 0.02850877192982456 0.04714912280701754
1 0.31341374269005845 0.044956140350877194 0.01864035087719298 0.03618421052631579
1 0.3671418128654971 0.05153508771929824 0.02448830409356725 0.03179824561403509
1 0.42434210526315785 0.04057017543859649 0.025584795321637425 0.03618421052631579
1 0.4576023391812865 0.022203947368421052 0.019005847953216373 0.02357456140350877
1 0.5376461988304093 0.02987938596491228 0.029239766081871343 0.03782894736842105
1 0.57328216374269 0.022478070175438597 0.025219298245614034 0.03070175438596491
1 0.6259137426900584 0.021107456140350877 0.023757309941520467 0.02905701754385965
1 0.65625 0.021929824561403508 0.020833333333333332 0.03179824561403509
1 0.6968201754385964 0.05208333333333333 0.0266812865497076 0.038377192982456135
1 0.5321637426900585 0.2902960526315789 0.027046783625730993 0.05756578947368421
1 0.35508040935672514 0.17598684210526314 0.06323099415204678 0.09210526315789473
1 0.3362573099415205 0.3015350877192982 0.03070175438596491 0.04057017543859649
1 0.29148391812865493 0.20093201754385964 0.044956140350877194 0.06195175438596491
1 0.2490862573099415 0.2905701754385965 0.014985380116959063 0.03179824561403509
1 0.17726608187134502 0.14035087719298245 0.03289473684210526 0.043859649122807015
1 0.1699561403508772 0.16091008771929824 0.031432748538011694 0.0356359649122807
1 0.24360380116959063 0.2324561403508772 0.013523391812865496 0.02850877192982456
1 0.11823830409356724 0.23684210526315788 0.044956140350877194 0.0581140350877193
1 0.059027777777777776 0.1606359649122807 0.03179824561403509 0.046052631578947366
1 0.035270467836257306 0.1699561403508772 0.029605263157894735 0.044956140350877194
1 0.04349415204678363 0.2963267543859649 0.02266081871345029 0.03125
1 0.15625 0.3086622807017544 0.021564327485380116 0.029605263157894735
1 0.09320175438596491 0.3848684210526316 0.03654970760233918 0.044956140350877194
1 0.4053362573099415 0.41721491228070173 0.011695906432748537 0.01644736842105263
1 0.4234283625730994 0.4602521929824561 0.01644736842105263 0.024671052631578948
1 0.4678362573099415 0.44188596491228066 0.017543859649122806 0.017543859649122806
1 0.46673976608187134 0.5189144736842105 0.03654970760233918 0.043311403508771926
1 0.49360380116959063 0.53125 0.0266812865497076 0.038377192982456135
1 0.5347222222222222 0.5109649122807017 0.027777777777777776 0.05701754385964912
1 0.6401681286549707 0.4226973684210526 0.021564327485380116 0.041666666666666664
1 0.6836622807017544 0.43475877192982454 0.02448830409356725 0.03070175438596491
1 0.6255482456140351 0.5183662280701754 0.028143274853801168 0.041118421052631575
1 0.6553362573099415 0.5112390350877193 0.025584795321637425 0.043311403508771926
1 0.6884137426900584 0.5274122807017544 0.029605263157894735 0.044956140350877194
1 0.6392543859649122 0.6403508771929824 0.017543859649122806 0.021929824561403508
1 0.5855263157894737 0.6343201754385964 0.019736842105263157 0.02631578947368421
1 0.5542763157894737 0.6296600877192982 0.017909356725146198 0.018092105263157895
1 0.5239400584795322 0.6513157894736842 0.009137426900584795 0.019736842105263157
1 0.4619883040935672 0.6428179824561403 0.02046783625730994 0.024671052631578948
1 0.43804824561403505 0.6387061403508771 0.012792397660818713 0.021929824561403508
1 0.3603801169590643 0.5298793859649122 0.021198830409356724 0.03344298245614035
1 0.3735380116959064 0.6559758771929824 0.011695906432748537 0.02905701754385965
1 0.23976608187134502 0.5109649122807017 0.01608187134502924 0.03070175438596491
1 0.1924342105263158 0.5356359649122807 0.028143274853801168 0.038377192982456135
1 0.15387426900584794 0.6565241228070176 0.013157894736842105 0.018092105263157895
1 0.11366959064327485 0.622532894736842 0.01608187134502924 0.020285087719298246
1 0.125 0.5087719298245614 0.024853801169590642 0.025219298245614034
1 0.059576023391812866 0.5128837719298245 0.0402046783625731 0.03782894736842105
1 0.03965643274853801 0.6573464912280701 0.010599415204678362 0.02850877192982456
1 0.08442982456140351 0.6313048245614035 0.008771929824561403 0.019188596491228067
1 0.2044956140350877 0.950657894736842 0.034722222222222224 0.042763157894736836
1 0.2759502923976608 0.938048245614035 0.041666666666666664 0.049342105263157895
1 0.42196637426900585 0.9155701754385964 0.021564327485380116 0.03618421052631579
1 0.32328216374269003 0.6348684210526315 0.013523391812865496 0.020833333333333332
1 0.36220760233918126 0.7637061403508771 0.013157894736842105 0.02631578947368421
1 0.42580409356725146 0.7730263157894737 0.014619883040935672 0.019736842105263157
1 0.5034722222222222 0.799890350877193 0.013523391812865496 0.020833333333333332
1 0.8965643274853801 0.05153508771929824 0.06432748538011696 0.09868421052631579
1 0.9798976608187134 0.5046600877192983 0.017543859649122806 0.03125
1 0.8775584795321637 0.8053728070175438 0.03070175438596491 0.039473684210526314
1 0.8653143274853801 0.8432017543859649 0.038377192982456135 0.06578947368421052
