1 0.05080409356725146 0.10142543859649122 0.015350877192982455 0.029605263157894735
1 0.1509502923976608 0.04468201754385965 0.017543859649122806 0.0268640350877193
1 0.07821637426900585 0.17434210526315788 0.014619883040935672 0.017543859649122806
1 0.008406432748538011 0.27110745614035087 0.01608187134502924 0.03125
1 0.039473684210526314 0.30646929824561403 0.019005847953216373 0.017543859649122806
1 0.12591374269005848 0.27713815789473684 0.017909356725146198 0.022478070175438597
1 0.10508040935672514 0.37554824561403505 0.023026315789473683 0.02412280701754386
1 0.15826023391812866 0.3352521929824561 0.010964912280701754 0.018092105263157895
1 0.18841374269005848 0.37554824561403505 0.023026315789473683 0.03289473684210526
1 0.17141812865497075 0.1694078947368421 0.01827485380116959 0.02412280701754386
1 0.2563961988304093 0.16611842105263158 0.019371345029239765 0.025219298245614034
1 0.21290204678362573 0.033717105263157895 0.023757309941520467 0.022478070175438597
1 0.29678362573099415 0.08717105263157894 0.01023391812865497 0.017543859649122806
1 0.3192616959064327 0.2727521929824561 0.015716374269005847 0.03125
1 0.3252923976608187 0.3530701754385965 0.023391812865497075 0.027412280701754384
1 0.3682383040935672 0.34594298245614036 0.021564327485380116 0.02412280701754386
1 0.40040204678362573 0.13020833333333331 0.01644736842105263 0.019188596491228067
1 0.3848684210526316 0.044956140350877194 0.013157894736842105 0.013157894736842105
1 0.4199561403508772 0.05208333333333333 0.01023391812865497 0.009868421052631578
1 0.4643640350877193 0.03426535087719298 0.009137426900584795 0.020285087719298246
1 0.49762426900584794 0.05235745614035087 0.01864035087719298 0.02796052631578947
1 0.4471856725146199 0.2593201754385965 0.025219298245614034 0.02850877192982456
1 0.4990862573099415 0.25027412280701755 0.010599415204678362 0.013706140350877192
1 0.49762426900584794 0.3574561403508772 0.023026315789473683 0.049342105263157895
1 0.5009137426900585 0.34813596491228066 0.020833333333333332 0.03399122807017543
1 0.5634137426900584 0.05427631578947368 0.009868421052631578 0.01425438596491228
1 0.5815058479532164 0.1526864035087719 0.02046783625730994 0.03234649122807017
1 0.6063596491228069 0.24122807017543857 0.014619883040935672 0.017543859649122806
1 0.63578216374269 0.3700657894736842 0.027412280701754384 0.038377192982456135
1 0.6703216374269005 0.3514254385964912 0.015350877192982455 0.03508771929824561
1 0.6509502923976608 0.23410087719298245 0.011695906432748537 0.015350877192982455
1 0.643640350877193 0.14967105263157893 0.017543859649122806 0.043859649122807015
1 0.7412280701754386 0.07867324561403509 0.015350877192982455 0.03125
1 0.7412280701754386 0.17214912280701752 0.009502923976608187 0.010964912280701754
1 0.7225877192982456 0.375 0.02266081871345029 0.039473684210526314
1 0.7978801169590642 0.3706140350877193 0.012426900584795321 0.015350877192982455
1 0.7861842105263157 0.035910087719298246 0.019736842105263157 0.022478070175438597
1 0.8072002923976608 0.15871710526315788 0.014985380116959063 0.022478070175438597
1 0.8501461988304093 0.3445723684210526 0.016812865497076022 0.02576754385964912
1 0.888157894736842 0.29523026315789475 0.010964912280701754 0.03015350877192982
1 0.8799342105263157 0.0400219298245614 0.011330409356725146 0.01864035087719298
1 0.8729897660818713 0.14089912280701752 0.0222953216374269 0.02631578947368421
1 0.8819444444444444 0.15871710526315788 0.011695906432748537 0.03125
1 0.94828216374269 0.31743421052631576 0.01425438596491228 0.03070175438596491
1 0.9473684210526315 0.2319078947368421 0.007309941520467836 0.01425438596491228
1 0.5383771929824561 0.7743969298245613 0.01608187134502924 0.022478070175438597
1 0.19298245614035087 0.9917763157894737 0.021198830409356724 0.01644736842105263
1 0.37701023391812866 0.9799890350877193 0.023026315789473683 0.02905701754385965
1 0.4155701754385965 0.9915021929824561 0.01023391812865497 0.016995614035087717
1 0.7192982456140351 0.6751644736842105 0.021929824561403508 0.043311403508771926
1 0.7450657894736842 0.6633771929824561 0.034722222222222224 0.05592105263157894
1 0.816703216374269 0.697094298245614 0.017178362573099414 0.03673245614035087
1 0.8980263157894737 0.6458333333333333 0.029239766081871343 0.03508771929824561
1 0.9438961988304093 0.6655701754385964 0.027412280701754384 0.039473684210526314
1 0.9943347953216374 0.6773574561403508 0.011330409356725146 0.02796052631578947
1 0.6845760233918128 0.7730263157894737 0.01827485380116959 0.02631578947368421
1 0.7774122807017544 0.794407894736842 0.021929824561403508 0.044956140350877194
1 0.9400584795321637 0.8813048245614035 0.02850877192982456 0.03125
1 0.938048245614035 0.9945175438596491 0.014985380116959063 0.010964912280701754
1 0.8711622807017544 0.9862938596491228 0.01206140350877193 0.015350877192982455
1 0.896016081871345 0.8706140350877193 0.017178362573099414 0.019736842105263157
1 0.8013523391812865 0.9216008771929824 0.019371345029239765 0.02850877192982456
1 0.6980994152046783 0.8670504385964912 0.01608187134502924 0.03234649122807017
1 0.706140350877193 0.9736842105263157 0.012426900584795321 0.02631578947368421
