1 0.5747441520467836 0.0762061403508772 0.03399122807017543 0.04057017543859649
1 0.6390716374269005 0.09375 0.04130116959064327 0.06907894736842105
1 0.6960891812865496 0.07428728070175439 0.04349415204678363 0.03015350877192982
1 0.01023391812865497 0.5764802631578947 0.01827485380116959 0.03673245614035087
1 0.08406432748538012 0.5271381578947368 0.023391812865497075 0.048793859649122806
1 0.06341374269005848 0.6795504385964912 0.013523391812865496 0.014802631578947368
1 0.07913011695906433 0.65625 0.03179824561403509 0.038377192982456135
1 0.2357456140350877 0.6792763157894737 0.01827485380116959 0.023026315789473683
1 0.2894736842105263 0.6847587719298245 0.02631578947368421 0.025219298245614034
1 0.4400584795321637 0.6759868421052632 0.015350877192982455 0.01864035087719298
1 0.4994517543859649 0.6828399122807017 0.01864035087719298 0.020285087719298246
1 0.5350877192982456 0.6680372807017544 0.02046783625730994 0.0268640350877193
1 0.5677997076023391 0.6606359649122807 0.02010233918128655 0.02412280701754386
1 0.6615497076023391 0.6743421052631579 0.01827485380116959 0.02412280701754386
1 0.6968201754385964 0.6652960526315789 0.019371345029239765 0.0268640350877193
1 0.7298976608187134 0.6606359649122807 0.010964912280701754 0.02412280701754386
1 0.7880116959064327 0.6625548245614035 0.02046783625730994 0.02576754385964912
1 0.8320540935672515 0.6565241228070176 0.019371345029239765 0.03125
1 0.5674342105263157 0.9799890350877193 0.05007309941520467 0.0400219298245614
1 0.23008040935672514 0.8327850877192982 0.013523391812865496 0.017543859649122806
1 0.9281798245614035 0.17845394736842105 0.021564327485380116 0.038925438596491224
1 0.9742324561403508 0.15460526315789472 0.028143274853801168 0.03179824561403509
1 0.9943347953216374 0.14035087719298245 0.011330409356725146 0.021929824561403508
