1 0.14016812865497075 0.06085526315789473 0.02887426900584795 0.03399122807017543
1 0.049342105263157895 0.12225877192982455 0.025584795321637425 0.03399122807017543
1 0.09904970760233918 0.203125 0.02412280701754386 0.020285087719298246
1 0.14364035087719298 0.16968201754385964 0.021198830409356724 0.020285087719298246
1 0.24269005847953215 0.2294407894736842 0.024853801169590642 0.043311403508771926
1 0.46582602339181284 0.0712719298245614 0.023757309941520467 0.027412280701754384
1 0.5469663742690059 0.1650219298245614 0.02010233918128655 0.03618421052631579
1 0.6299342105263157 0.1450109649122807 0.025219298245614034 0.05537280701754386
1 0.5740131578947368 0.23519736842105263 0.02448830409356725 0.027412280701754384
1 0.5367324561403508 0.29413377192982454 0.0222953216374269 0.03234649122807017
1 0.5635964912280701 0.32922149122807015 0.024853801169590642 0.022478070175438597
1 0.2534722222222222 0.34923245614035087 0.023757309941520467 0.027412280701754384
1 0.11677631578947367 0.32209429824561403 0.02010233918128655 0.03453947368421052
1 0.04714912280701754 0.3525219298245614 0.02631578947368421 0.02850877192982456
1 0.012244152046783625 0.46655701754385964 0.0222953216374269 0.02412280701754386
1 0.06103801169590643 0.46847587719298245 0.025584795321637425 0.02905701754385965
1 0.26900584795321636 0.49972587719298245 0.023391812865497075 0.0356359649122807
1 0.24762426900584794 0.5745614035087719 0.03179824561403509 0.042763157894736836
1 0.0266812865497076 0.8292214912280701 0.023391812865497075 0.013706140350877192
1 0.06451023391812866 0.8708881578947368 0.0442251461988304 0.048793859649122806
1 0.10599415204678361 0.9287280701754386 0.024853801169590642 0.03399122807017543
1 0.17141812865497075 0.9777960526315789 0.025584795321637425 0.0356359649122807
1 0.22843567251461988 0.84375 0.031432748538011694 0.046052631578947366
1 0.15332602339181287 0.844298245614035 0.025219298245614034 0.03618421052631579
1 0.2593201754385965 0.931469298245614 0.03399122807017543 0.027412280701754384
1 0.3393640350877193 0.8325109649122806 0.017178362573099414 0.03344298245614035
1 0.39071637426900585 0.7390350877192982 0.02046783625730994 0.023026315789473683
1 0.42817982456140347 0.7823464912280701 0.02010233918128655 0.027412280701754384
1 0.4605263157894737 0.8119517543859649 0.02266081871345029 0.02631578947368421
1 0.4360380116959064 0.9303728070175438 0.016812865497076022 0.023026315789473683
1 0.477156432748538 0.9643640350877193 0.029605263157894735 0.041666666666666664
1 0.5449561403508771 0.9583333333333333 0.029970760233918127 0.04057017543859649
1 0.602156432748538 0.9712171052631579 0.032529239766081866 0.042214912280701754
1 0.5093201754385964 0.7856359649122806 0.019371345029239765 0.03179824561403509
1 0.5338084795321637 0.721765350877193 0.03764619883040936 0.05208333333333333
1 0.47953216374269003 0.703125 0.02046783625730994 0.02796052631578947
1 0.5741959064327485 0.5671600877192983 0.019005847953216373 0.022478070175438597
1 0.6133040935672515 0.7987938596491228 0.025584795321637425 0.04057017543859649
1 0.781798245614035 0.7700109649122806 0.038011695906432746 0.048793859649122806
1 0.9243421052631579 0.7727521929824561 0.02850877192982456 0.05317982456140351
1 0.8134137426900584 0.8212719298245613 0.032529239766081866 0.03728070175438596
1 0.9912280701754386 0.7502741228070176 0.019736842105263157 0.0356359649122807
1 0.88578216374269 0.5386513157894737 0.0222953216374269 0.03344298245614035
