1 0.013523391812865496 0.06907894736842105 0.021929824561403508 0.04057017543859649
1 0.13176169590643275 0.2151864035087719 0.021564327485380116 0.0268640350877193
1 0.17470760233918128 0.10224780701754385 0.017543859649122806 0.03782894736842105
1 0.2490862573099415 0.18777412280701752 0.023026315789473683 0.044407894736842105
1 0.24543128654970758 0.07456140350877193 0.009868421052631578 0.021929824561403508
1 0.28125 0.3100328947368421 0.031067251461988302 0.045504385964912276
1 0.2222222222222222 0.3020833333333333 0.014619883040935672 0.029605263157894735
1 0.16154970760233917 0.3015350877192982 0.016812865497076022 0.025219298245614034
1 0.18293128654970758 0.3144188596491228 0.009868421052631578 0.019188596491228067
1 0.13614766081871343 0.2864583333333333 0.023026315789473683 0.02576754385964912
1 0.09923245614035087 0.3081140350877193 0.01864035087719298 0.02850877192982456
1 0.06779970760233918 0.31469298245614036 0.017178362573099414 0.02850877192982456
1 0.04258040935672514 0.28618421052631576 0.03326023391812866 0.039473684210526314
1 0.006944444444444444 0.2886513157894737 0.009502923976608187 0.024671052631578948
1 0.06048976608187134 0.4155701754385965 0.028143274853801168 0.05592105263157894
1 0.10160818713450293 0.4199561403508772 0.056286549707602336 0.0625
1 0.20851608187134502 0.4161184210526316 0.02448830409356725 0.03399122807017543
1 0.23775584795321636 0.4270833333333333 0.025950292397660817 0.01864035087719298
1 0.26608187134502925 0.5537280701754386 0.017543859649122806 0.0537280701754386
1 0.23921783625730994 0.53125 0.028143274853801168 0.03070175438596491
1 0.19682017543859648 0.5402960526315789 0.03179824561403509 0.0400219298245614
1 0.14290935672514618 0.5337171052631579 0.021929824561403508 0.046600877192982455
1 0.11823830409356724 0.5474232456140351 0.019371345029239765 0.02796052631578947
1 0.051352339181286545 0.6743421052631579 0.031067251461988302 0.03399122807017543
1 0.20157163742690057 0.6839364035087719 0.03326023391812866 0.038925438596491224
1 0.19773391812865496 0.7924890350877193 0.005847953216374269 0.015899122807017545
1 0.15040204678362573 0.819078947368421 0.028143274853801168 0.049342105263157895
1 0.10928362573099415 0.7949561403508771 0.019005847953216373 0.03618421052631579
1 0.04641812865497076 0.909265350877193 0.021198830409356724 0.019188596491228067
1 0.06743421052631579 0.9251644736842105 0.012792397660818713 0.016995614035087717
1 0.18548976608187134 0.9065241228070174 0.01425438596491228 0.018092105263157895
1 0.20614035087719296 0.9131030701754386 0.007309941520467836 0.013706140350877192
1 0.34375 0.0693530701754386 0.038377192982456135 0.03125
1 0.4438961988304093 0.013157894736842105 0.0222953216374269 0.023026315789473683
1 0.3675073099415204 0.08360745614035087 0.044956140350877194 0.03673245614035087
1 0.4375 0.13048245614035087 0.01608187134502924 0.039473684210526314
1 0.5146198830409356 0.08086622807017543 0.019005847953216373 0.03125
1 0.5531798245614035 0.054002192982456135 0.03399122807017543 0.0356359649122807
1 0.47423245614035087 0.20778508771929824 0.035453216374269 0.039473684210526314
1 0.5233918128654971 0.19407894736842105 0.015350877192982455 0.02412280701754386
1 0.646016081871345 0.05975877192982456 0.03326023391812866 0.025219298245614034
1 0.6699561403508771 0.07346491228070175 0.02631578947368421 0.042763157894736836
1 0.6787280701754386 0.1025219298245614 0.021929824561403508 0.03618421052631579
1 0.6690423976608186 0.14830043859649122 0.021564327485380116 0.03015350877192982
1 0.7600511695906432 0.11650219298245613 0.025950292397660817 0.0356359649122807
1 0.7984283625730993 0.08333333333333333 0.031067251461988302 0.04714912280701754
1 0.8305921052631579 0.03618421052631579 0.023026315789473683 0.03508771929824561
1 0.8682383040935672 0.07456140350877193 0.03033625730994152 0.03618421052631579
1 0.9468201754385964 0.09100877192982455 0.031067251461988302 0.03618421052631579
1 0.9910453216374269 0.0737390350877193 0.017909356725146198 0.03125
1 0.9696637426900584 0.1387061403508772 0.029970760233918127 0.02631578947368421
1 0.8406432748538011 0.19270833333333331 0.03070175438596491 0.02796052631578947
1 0.7891081871345029 0.2450657894736842 0.027046783625730993 0.043859649122807015
1 0.7222222222222222 0.3001644736842105 0.019736842105263157 0.020285087719298246
1 0.4053362573099415 0.28125 0.03216374269005848 0.05592105263157894
1 0.43877923976608185 0.28618421052631576 0.023026315789473683 0.03618421052631579
1 0.4954312865497076 0.29084429824561403 0.027412280701754384 0.03015350877192982
1 0.6182383040935672 0.3059210526315789 0.017909356725146198 0.01864035087719298
1 0.8505116959064327 0.3199013157894737 0.01608187134502924 0.019188596491228067
1 0.9009502923976608 0.30838815789473684 0.021198830409356724 0.013706140350877192
1 0.9908625730994152 0.2864583333333333 0.01827485380116959 0.022478070175438597
1 0.9649122807017543 0.4194078947368421 0.015350877192982455 0.02850877192982456
1 0.8035453216374269 0.4465460526315789 0.02887426900584795 0.0268640350877193
1 0.7286184210526315 0.44051535087719296 0.017909356725146198 0.02357456140350877
1 0.6851242690058479 0.43283991228070173 0.017909356725146198 0.020285087719298246
1 0.6299342105263157 0.4459978070175438 0.019371345029239765 0.022478070175438597
1 0.5818713450292398 0.42735745614035087 0.014619883040935672 0.02576754385964912
1 0.5986842105263157 0.4558662280701754 0.015350877192982455 0.03125
1 0.5146198830409356 0.42242324561403505 0.015350877192982455 0.0268640350877193
1 0.3530701754385965 0.5274122807017544 0.019736842105263157 0.03289473684210526
1 0.39364035087719296 0.5317982456140351 0.017543859649122806 0.027412280701754384
1 0.4541301169590643 0.5271381578947368 0.021564327485380116 0.022478070175438597
1 0.4917763157894737 0.5411184210526315 0.01864035087719298 0.02412280701754386
1 0.5425804093567251 0.5433114035087719 0.014985380116959063 0.02631578947368421
1 0.5906432748538011 0.5402960526315789 0.019005847953216373 0.03125
1 0.66703216374269 0.5364583333333333 0.03654970760233918 0.05975877192982456
1 0.7002923976608186 0.5540021929824561 0.016812865497076022 0.0268640350877193
1 0.7432383040935672 0.5405701754385964 0.028143274853801168 0.03179824561403509
1 0.7695540935672515 0.5285087719298245 0.023757309941520467 0.025219298245614034
1 0.78125 0.5400219298245613 0.020833333333333332 0.021929824561403508
1 0.8108552631578947 0.5422149122807017 0.023026315789473683 0.01864035087719298
1 0.8788377192982456 0.534265350877193 0.023026315789473683 0.03125
1 0.9870248538011696 0.5230263157894737 0.025950292397660817 0.03179824561403509
1 0.8501461988304093 0.6567982456140351 0.021929824561403508 0.025219298245614034
1 0.8119517543859649 0.6567982456140351 0.021564327485380116 0.027412280701754384
1 0.7865497076023391 0.6439144736842105 0.024853801169590642 0.019188596491228067
1 0.6328581871345029 0.65625 0.017909356725146198 0.019736842105263157
1 0.602156432748538 0.653782894736842 0.019371345029239765 0.019188596491228067
1 0.54203216374269 0.6433662280701754 0.016812865497076022 0.03125
1 0.4932383040935672 0.6504934210526315 0.019371345029239765 0.019188596491228067
1 0.4473684210526315 0.6803728070175438 0.016812865497076022 0.02412280701754386
1 0.4131944444444444 0.6672149122807017 0.015716374269005847 0.01425438596491228
1 0.36184210526315785 0.6833881578947368 0.016812865497076022 0.018092105263157895
1 0.3667763157894737 0.8393640350877193 0.0266812865497076 0.04057017543859649
1 0.38523391812865493 0.7730263157894737 0.01023391812865497 0.023026315789473683
1 0.4413377192982456 0.815515350877193 0.02887426900584795 0.03125
1 0.5526315789473684 0.8127741228070176 0.017543859649122806 0.0268640350877193
1 0.5840643274853801 0.803453947368421 0.01827485380116959 0.013706140350877192
1 0.6160453216374269 0.8135964912280701 0.02010233918128655 0.02631578947368421
1 0.6690423976608186 0.787828947368421 0.015716374269005847 0.02850877192982456
1 0.743969298245614 0.7966008771929824 0.017178362573099414 0.015350877192982455
1 0.8203581871345029 0.7837171052631579 0.023757309941520467 0.03125
1 0.8945540935672515 0.7774122807017544 0.025219298245614034 0.02850877192982456
1 0.9375 0.7823464912280701 0.025584795321637425 0.017543859649122806
1 0.9590643274853801 0.7889254385964912 0.016812865497076022 0.01425438596491228
1 0.9594298245614035 0.8952850877192982 0.03070175438596491 0.03179824561403509
1 0.8457602339181286 0.8774671052631579 0.019736842105263157 0.048793859649122806
1 0.8691520467836257 0.9196820175438596 0.019005847953216373 0.03125
1 0.8188961988304093 0.9306469298245613 0.0222953216374269 0.03125
1 0.7803362573099415 0.919407894736842 0.015350877192982455 0.029605263157894735
1 0.7383040935672515 0.9048793859649122 0.027777777777777776 0.03015350877192982
1 0.7196637426900584 0.941611842105263 0.03216374269005848 0.06414473684210525
1 0.6615497076023391 0.9199561403508771 0.02046783625730994 0.021929824561403508
1 0.5151681286549707 0.928453947368421 0.03179824561403509 0.041118421052631575
1 0.4576023391812865 0.909265350877193 0.029970760233918127 0.041118421052631575
1 0.3980263157894737 0.928453947368421 0.02850877192982456 0.043311403508771926
1 0.3508771929824561 0.9136513157894737 0.03070175438596491 0.046600877192982455
1 0.24707602339181284 0.906798245614035 0.01023391812865497 0.013157894736842105
1 0.356359649122807 0.9857456140350876 0.029970760233918127 0.02850877192982456
1 0.3843201754385965 0.9879385964912281 0.025219298245614034 0.02412280701754386
1 0.6191520467836257 0.9876644736842105 0.033625730994152045 0.024671052631578948
