1 0.023940058479532164 0.6162280701754386 0.01864035087719298 0.029605263157894735
1 0.04623538011695906 0.24780701754385964 0.04349415204678363 0.06030701754385964
1 0.0762061403508772 0.2900219298245614 0.017909356725146198 0.03289473684210526
1 0.1065423976608187 0.27713815789473684 0.035453216374269 0.03125
1 0.15826023391812866 0.26206140350877194 0.017543859649122806 0.03728070175438596
1 0.19389619883040934 0.24122807017543857 0.035453216374269 0.0625
1 0.21637426900584794 0.2617872807017544 0.03216374269005848 0.06414473684210525
1 0.2578581871345029 0.1875 0.03691520467836257 0.07346491228070175
1 0.33059210526315785 0.21271929824561403 0.0398391812865497 0.0581140350877193
1 0.38322368421052627 0.25411184210526316 0.0222953216374269 0.020285087719298246
1 0.43951023391812866 0.24561403508771928 0.0442251461988304 0.0625
1 0.4634502923976608 0.24150219298245612 0.038011695906432746 0.03125
1 0.5268640350877193 0.2508223684210526 0.01644736842105263 0.03453947368421052
1 0.6109283625730993 0.22724780701754385 0.042763157894736836 0.07072368421052631
1 0.5692616959064327 0.3824013157894737 0.04203216374269006 0.05646929824561403
1 0.539656432748538 0.3678728070175438 0.0398391812865497 0.042763157894736836
1 0.4985380116959064 0.4690241228070175 0.025584795321637425 0.044407894736842105
1 0.4155701754385965 0.3925438596491228 0.02631578947368421 0.0537280701754386
1 0.3817616959064327 0.3834978070175438 0.03691520467836257 0.03453947368421052
1 0.3536184210526316 0.4065241228070175 0.011330409356725146 0.0356359649122807
1 0.34375 0.3867872807017544 0.042763157894736836 0.05537280701754386
1 0.283625730994152 0.38048245614035087 0.027046783625730993 0.03179824561403509
1 0.25529970760233917 0.4199561403508772 0.0222953216374269 0.044956140350877194
1 0.23921783625730994 0.3840460526315789 0.04349415204678363 0.05866228070175438
1 0.20413011695906433 0.3991228070175438 0.035453216374269 0.0581140350877193
1 0.16794590643274854 0.421875 0.0442251461988304 0.06195175438596491
1 0.14400584795321636 0.4884868421052631 0.014619883040935672 0.03289473684210526
1 0.06926169590643275 0.4226973684210526 0.03764619883040936 0.06140350877192982
1 0.09283625730994152 0.5537280701754386 0.017543859649122806 0.029605263157894735
1 0.09502923976608187 0.6233552631578947 0.013157894736842105 0.023026315789473683
1 0.18987573099415203 0.6343201754385964 0.015716374269005847 0.027412280701754384
1 0.39016812865497075 0.4772478070175438 0.015716374269005847 0.024671052631578948
1 0.6211622807017544 0.5992324561403508 0.029605263157894735 0.017543859649122806
1 0.5142543859649122 0.5874451754385964 0.023391812865497075 0.020285087719298246
1 0.4506578947368421 0.5959429824561403 0.013888888888888888 0.021929824561403508
1 0.35508040935672514 0.6014254385964912 0.01644736842105263 0.023026315789473683
1 0.3788377192982456 0.6006030701754386 0.011330409356725146 0.012609649122807017
1 0.6160453216374269 0.7072368421052632 0.02010233918128655 0.03179824561403509
1 0.5122441520467836 0.6650219298245613 0.014985380116959063 0.02850877192982456
1 0.6019736842105263 0.7242324561403508 0.024853801169590642 0.023026315789473683
1 0.5204678362573099 0.7275219298245613 0.02046783625730994 0.029605263157894735
1 0.4947002923976608 0.7256030701754386 0.015716374269005847 0.044407894736842105
1 0.4159356725146199 0.7299890350877193 0.02266081871345029 0.02905701754385965
1 0.3790204678362573 0.7286184210526315 0.02266081871345029 0.029605263157894735
1 0.34173976608187134 0.7415021929824561 0.01608187134502924 0.015899122807017545
1 0.2627923976608187 0.7434210526315789 0.016812865497076022 0.015350877192982455
1 0.19426169590643275 0.7593201754385964 0.01425438596491228 0.021929824561403508
1 0.164656432748538 0.7568530701754386 0.011330409356725146 0.024671052631578948
1 0.11769005847953215 0.7771381578947368 0.013888888888888888 0.022478070175438597
1 0.03179824561403509 0.7598684210526315 0.010964912280701754 0.01206140350877193
1 0.19736842105263158 0.8799342105263157 0.03289473684210526 0.05043859649122807
1 0.051352339181286545 0.9764254385964912 0.01206140350877193 0.02850877192982456
1 0.2002923976608187 0.9695723684210525 0.021198830409356724 0.05317982456140351
1 0.26425438596491224 0.9646381578947368 0.008771929824561403 0.020285087719298246
1 0.2984283625730994 0.9553179824561403 0.03691520467836257 0.042214912280701754
1 0.36330409356725146 0.9684758771929824 0.03874269005847953 0.06304824561403509
1 0.3384502923976608 0.8793859649122806 0.019736842105263157 0.043859649122807015
1 0.3994883040935672 0.8769188596491228 0.03508771929824561 0.05756578947368421
1 0.43512426900584794 0.9602521929824561 0.014985380116959063 0.022478070175438597
1 0.46929824561403505 0.8125 0.021929824561403508 0.04057017543859649
1 0.5 0.8355263157894737 0.04093567251461988 0.06359649122807018
1 0.597953216374269 0.9328399122807017 0.019005847953216373 0.02796052631578947
1 0.5679824561403508 0.8352521929824561 0.041666666666666664 0.044407894736842105
1 0.6074561403508771 0.8177083333333333 0.03216374269005848 0.0400219298245614
1 0.6348684210526315 0.8396381578947368 0.02046783625730994 0.03125
1 0.6260964912280701 0.9427083333333333 0.03070175438596491 0.043311403508771926
1 0.7436038011695906 0.0981359649122807 0.01864035087719298 0.03179824561403509
1 0.7847222222222222 0.09347587719298245 0.031432748538011694 0.0400219298245614
1 0.8145102339181286 0.09923245614035087 0.02887426900584795 0.039473684210526314
1 0.8516081871345029 0.11184210526315788 0.035818713450292396 0.03399122807017543
1 0.8817616959064327 0.09237938596491227 0.025219298245614034 0.03015350877192982
1 0.9214181286549707 0.08086622807017543 0.02266081871345029 0.0356359649122807
1 0.958516081871345 0.08525219298245613 0.032529239766081866 0.044407894736842105
1 0.9914108187134503 0.08552631578947367 0.017178362573099414 0.02631578947368421
1 0.9594298245614035 0.21408991228070173 0.03728070175438596 0.046600877192982455
1 0.9864766081871345 0.2494517543859649 0.027046783625730993 0.041666666666666664
1 0.8974780701754386 0.25493421052631576 0.025219298245614034 0.019736842105263157
1 0.8428362573099415 0.24533991228070173 0.03874269005847953 0.05975877192982456
1 0.771016081871345 0.2508223684210526 0.044956140350877194 0.06633771929824561
1 0.7368421052631579 0.3549890350877193 0.016812865497076022 0.020285087719298246
1 0.7861842105263157 0.3601973684210526 0.025584795321637425 0.020833333333333332
1 0.7993421052631579 0.3445723684210526 0.02266081871345029 0.02576754385964912
1 0.831140350877193 0.33963815789473684 0.02412280701754386 0.03125
1 0.9033260233918128 0.35718201754385964 0.017909356725146198 0.020285087719298246
1 0.94828216374269 0.31030701754385964 0.025950292397660817 0.021929824561403508
1 0.9910453216374269 0.31496710526315785 0.017909356725146198 0.013706140350877192
1 0.9685672514619883 0.35800438596491224 0.023391812865497075 0.020833333333333332
1 0.8896198830409356 0.5805921052631579 0.019005847953216373 0.03070175438596491
1 0.8521564327485379 0.5814144736842105 0.027412280701754384 0.019188596491228067
1 0.802266081871345 0.569078947368421 0.019736842105263157 0.03728070175438596
1 0.7657163742690059 0.600328947368421 0.021929824561403508 0.03508771929824561
1 0.988486842105263 0.694078947368421 0.023026315789473683 0.03399122807017543
1 0.9100877192982456 0.7058662280701754 0.04312865497076023 0.0268640350877193
1 0.8399122807017544 0.7209429824561403 0.02850877192982456 0.02850877192982456
1 0.8086622807017544 0.7351973684210525 0.03764619883040936 0.03399122807017543
1 0.9468201754385964 0.806469298245614 0.06980994152046784 0.0712719298245614
1 0.8770102339181286 0.7881030701754386 0.044956140350877194 0.04989035087719298
1 0.8417397660818713 0.8445723684210525 0.046052631578947366 0.05646929824561403
1 0.7353801169590642 0.8736293859649122 0.041666666666666664 0.05427631578947368
1 0.752375730994152 0.9509320175438596 0.029605263157894735 0.03125
1 0.9857456140350876 0.9915021929824561 0.021198830409356724 0.016995614035087717
