1 0.35544590643274854 0.17269736842105263 0.0442251461988304 0.05482456140350877
1 0.33150584795321636 0.35800438596491224 0.03508771929824561 0.03728070175438596
1 0.2850877192982456 0.7881030701754386 0.010964912280701754 0.03125
1 0.9599780701754386 0.04632675438596491 0.03618421052631579 0.05756578947368421
1 0.9237938596491228 0.057839912280701754 0.03618421052631579 0.042214912280701754
1 0.5815058479532164 0.06359649122807018 0.027777777777777776 0.0537280701754386
1 0.46582602339181284 0.4465460526315789 0.032529239766081866 0.03125
1 0.5122441520467836 0.4862938596491228 0.04349415204678363 0.0537280701754386
1 0.6016081871345029 0.49122807017543857 0.017543859649122806 0.020833333333333332
1 0.7730263157894737 0.48684210526315785 0.021929824561403508 0.02631578947368421
1 0.82328216374269 0.44435307017543857 0.015716374269005847 0.020285087719298246
1 0.69828216374269 0.662828947368421 0.04568713450292397 0.06907894736842105
1 0.4546783625730994 0.9786184210526315 0.012426900584795321 0.01864035087719298
1 0.5049342105263157 0.9912280701754386 0.01864035087719298 0.017543859649122806
1 0.5634137426900584 0.9915021929824561 0.0222953216374269 0.016995614035087717
1 0.6801900584795322 0.966282894736842 0.011695906432748537 0.015899122807017545
1 0.7934941520467835 0.9594298245614035 0.014619883040935672 0.025219298245614034
1 0.9413377192982456 0.9709429824561403 0.03399122807017543 0.02850877192982456
1 0.8896198830409356 0.9950657894736842 0.015350877192982455 0.009868421052631578
