1 0.44828216374269003 0.0805921052631579 0.04349415204678363 0.049342105263157895
1 0.33497807017543857 0.07894736842105263 0.01644736842105263 0.029605263157894735
1 0.17032163742690057 0.0825109649122807 0.023391812865497075 0.03125
1 0.027412280701754384 0.10800438596491227 0.03654970760233918 0.05482456140350877
1 0.3819444444444444 0.37472587719298245 0.029239766081871343 0.044407894736842105
1 0.48391812865497075 0.20339912280701752 0.01827485380116959 0.03399122807017543
1 0.3125 0.475328947368421 0.021929824561403508 0.03618421052631579
1 0.13907163742690057 0.4983552631578947 0.03618421052631579 0.04714912280701754
1 0.051352339181286545 0.4720394736842105 0.032529239766081866 0.044956140350877194
1 0.015716374269005847 0.5293311403508771 0.029970760233918127 0.03782894736842105
1 0.13578216374269006 0.8500548245614035 0.023026315789473683 0.048793859649122806
1 0.352156432748538 0.6781798245614035 0.04641812865497076 0.06469298245614034
1 0.4947002923976608 0.9720394736842105 0.015716374269005847 0.029605263157894735
1 0.47368421052631576 0.7055921052631579 0.016812865497076022 0.03179824561403509
1 0.9755116959064327 0.07099780701754385 0.04824561403508772 0.07182017543859649
1 0.9115497076023391 0.07346491228070175 0.038011695906432746 0.049342105263157895
1 0.8422880116959064 0.0668859649122807 0.03764619883040936 0.0581140350877193
1 0.8174342105263157 0.07209429824561403 0.04641812865497076 0.07291666666666666
1 0.7891081871345029 0.0649671052631579 0.046052631578947366 0.05098684210526316
1 0.754203216374269 0.07182017543859649 0.04788011695906433 0.0537280701754386
1 0.7172880116959064 0.08031798245614034 0.027412280701754384 0.0400219298245614
1 0.6851242690058479 0.08223684210526315 0.04714912280701754 0.06140350877192982
1 0.6524122807017544 0.07675438596491227 0.03728070175438596 0.05482456140350877
1 0.597953216374269 0.10553728070175437 0.029239766081871343 0.038925438596491224
1 0.5550073099415205 0.09375 0.03179824561403509 0.038377192982456135
1 0.5230263157894737 0.31277412280701755 0.017543859649122806 0.044407894736842105
1 0.5864400584795322 0.29523026315789475 0.008406432748538011 0.022478070175438597
1 0.6299342105263157 0.31661184210526316 0.01644736842105263 0.024671052631578948
1 0.6659356725146198 0.3042763157894737 0.016812865497076022 0.020833333333333332
1 0.72953216374269 0.31496710526315785 0.010964912280701754 0.02905701754385965
1 0.831140350877193 0.2919407894736842 0.021929824561403508 0.0268640350877193
1 0.8656798245614035 0.2859100877192982 0.03691520467836257 0.0268640350877193
1 0.9424342105263157 0.28097587719298245 0.014985380116959063 0.024671052631578948
1 0.9707602339181286 0.2675438596491228 0.01023391812865497 0.03508771929824561
1 0.9384137426900584 0.4065241228070175 0.0266812865497076 0.022478070175438597
1 0.9802631578947368 0.40625 0.011695906432748537 0.013157894736842105
1 0.8291301169590642 0.4306469298245614 0.03326023391812866 0.022478070175438597
1 0.6942616959064327 0.42680921052631576 0.03326023391812866 0.0356359649122807
1 0.5782163742690059 0.40487938596491224 0.02412280701754386 0.03015350877192982
1 0.5381944444444444 0.4394188596491228 0.0266812865497076 0.05208333333333333
1 0.46235380116959063 0.43338815789473684 0.03070175438596491 0.0400219298245614
1 0.5230263157894737 0.5896381578947368 0.03289473684210526 0.05317982456140351
1 0.47368421052631576 0.578125 0.021198830409356724 0.03344298245614035
1 0.5508040935672515 0.5778508771929824 0.029970760233918127 0.03070175438596491
1 0.5738304093567251 0.5759320175438596 0.02631578947368421 0.0356359649122807
1 0.677266081871345 0.5984100877192983 0.02266081871345029 0.03125
1 0.7012061403508771 0.578125 0.029605263157894735 0.03453947368421052
1 0.7768640350877193 0.5783991228070176 0.03691520467836257 0.03070175438596491
1 0.8921783625730993 0.5699013157894737 0.024853801169590642 0.02796052631578947
1 0.7797880116959064 0.8824013157894737 0.0442251461988304 0.07401315789473684
1 0.9197733918128654 0.8171600877192982 0.049342105263157895 0.06962719298245613
1 0.9740497076023391 0.9646381578947368 0.02266081871345029 0.03125
1 0.862390350877193 0.984923245614035 0.029605263157894735 0.02796052631578947
1 0.813048245614035 0.9638157894736842 0.017178362573099414 0.02850877192982456
1 0.7436038011695906 0.9734100877192982 0.0222953216374269 0.02905701754385965
1 0.6655701754385964 0.9775219298245613 0.01827485380116959 0.02631578947368421
