1 0.7123538011695906 0.054002192982456135 0.023391812865497075 0.03125
1 0.6516812865497076 0.03673245614035087 0.023391812865497075 0.04824561403508772
1 0.5365497076023391 0.06277412280701754 0.02412280701754386 0.0356359649122807
1 0.4471856725146199 0.058388157894736836 0.021564327485380116 0.0400219298245614
1 0.26608187134502925 0.08031798245614034 0.023391812865497075 0.048793859649122806
1 0.2909356725146199 0.09402412280701754 0.025584795321637425 0.03782894736842105
1 0.1913377192982456 0.0800438596491228 0.02448830409356725 0.03070175438596491
1 0.15186403508771928 0.0756578947368421 0.02448830409356725 0.027412280701754384
1 0.0762061403508772 0.0756578947368421 0.04130116959064327 0.04824561403508772
1 0.10051169590643275 0.20970394736842105 0.021198830409356724 0.03125
1 0.15880847953216373 0.2206688596491228 0.02448830409356725 0.03015350877192982
1 0.5634137426900584 0.2118969298245614 0.05007309941520467 0.04989035087719298
1 0.669407894736842 0.17955043859649122 0.04130116959064327 0.045504385964912276
1 0.2852704678362573 0.3218201754385965 0.0398391812865497 0.044956140350877194
1 0.5254020467836257 0.3171600877192982 0.03326023391812866 0.0356359649122807
1 0.5663377192982456 0.4964364035087719 0.011330409356725146 0.012609649122807017
1 0.22843567251461988 0.45175438596491224 0.03070175438596491 0.03508771929824561
1 0.12554824561403508 0.515625 0.03691520467836257 0.04769736842105263
1 0.2403143274853801 0.5230263157894737 0.034722222222222224 0.039473684210526314
1 0.7108918128654971 0.5868969298245613 0.033625730994152045 0.041118421052631575
1 0.6977339181286549 0.6480263157894737 0.019005847953216373 0.027412280701754384
1 0.6807383040935672 0.6247258771929824 0.01864035087719298 0.0400219298245614
1 0.6176900584795322 0.6387061403508771 0.017543859649122806 0.02631578947368421
1 0.5723684210526315 0.6313048245614035 0.01827485380116959 0.03015350877192982
1 0.4292763157894737 0.6255482456140351 0.0222953216374269 0.03508771929824561
1 0.39309210526315785 0.6293859649122807 0.019371345029239765 0.03289473684210526
1 0.3428362573099415 0.6299342105263157 0.021929824561403508 0.03070175438596491
1 0.2911184210526316 0.6326754385964912 0.017909356725146198 0.023026315789473683
1 0.26461988304093564 0.6324013157894737 0.023391812865497075 0.045504385964912276
1 0.24214181286549707 0.6252741228070176 0.017178362573099414 0.03125
1 0.13614766081871343 0.6433662280701754 0.023757309941520467 0.0268640350877193
1 0.48739035087719296 0.7543859649122806 0.0442251461988304 0.049342105263157895
1 0.42178362573099415 0.9325657894736842 0.02266081871345029 0.03070175438596491
1 0.34904970760233917 0.9290021929824561 0.03508771929824561 0.06633771929824561
1 0.9258040935672515 0.046875 0.04532163742690058 0.05098684210526316
1 0.8037280701754386 0.05592105263157894 0.03070175438596491 0.043859649122807015
1 0.906798245614035 0.1526864035087719 0.012426900584795321 0.03453947368421052
1 0.8203581871345029 0.29523026315789475 0.011330409356725146 0.016995614035087717
1 0.8819444444444444 0.2889254385964912 0.009502923976608187 0.01864035087719298
1 0.9385964912280701 0.3215460526315789 0.027777777777777776 0.0356359649122807
1 0.9161184210526315 0.28097587719298245 0.007675438596491228 0.018092105263157895
1 0.9744152046783625 0.28810307017543857 0.007309941520467836 0.018092105263157895
1 0.9400584795321637 0.5868969298245613 0.006578947368421052 0.024671052631578948
1 0.9071637426900584 0.5915570175438596 0.019005847953216373 0.019736842105263157
1 0.864766081871345 0.6077302631578947 0.013157894736842105 0.022478070175438597
1 0.8344298245614035 0.6211622807017544 0.025584795321637425 0.03508771929824561
1 0.8622076023391813 0.747532894736842 0.017543859649122806 0.03125
1 0.996345029239766 0.7639802631578947 0.007309941520467836 0.0268640350877193
1 0.8901681286549707 0.8566337719298245 0.0266812865497076 0.03673245614035087
1 0.8921783625730993 0.8925438596491228 0.029239766081871343 0.02850877192982456
1 0.8697002923976608 0.9772478070175438 0.01206140350877193 0.03125
