1 0.9267178362573099 0.7593201754385964 0.042763157894736836 0.0800438596491228
1 0.8846856725146198 0.7261513157894737 0.025950292397660817 0.045504385964912276
1 0.8305921052631579 0.7785087719298245 0.04714912280701754 0.06907894736842105
1 0.8965643274853801 0.8218201754385964 0.043859649122807015 0.0581140350877193
1 0.9053362573099415 0.9004934210526315 0.04678362573099415 0.07839912280701754
1 0.024853801169590642 0.10005482456140351 0.03508771929824561 0.05646929824561403
1 0.05866228070175438 0.10444078947368421 0.032529239766081866 0.048793859649122806
1 0.09320175438596491 0.12472587719298245 0.03289473684210526 0.044407894736842105
1 0.10818713450292397 0.08470394736842105 0.03216374269005848 0.05317982456140351
1 0.15679824561403508 0.11239035087719297 0.03654970760233918 0.05043859649122807
1 0.1957236842105263 0.10471491228070175 0.04057017543859649 0.06469298245614034
1 0.28691520467836257 0.4265350877192982 0.023391812865497075 0.03508771929824561
1 0.14016812865497075 0.5331688596491228 0.02448830409356725 0.046600877192982455
1 0.20851608187134502 0.5671600877192983 0.03179824561403509 0.048793859649122806
1 0.25 0.5356359649122807 0.03508771929824561 0.049342105263157895
1 0.2847222222222222 0.5622258771929824 0.035818713450292396 0.038925438596491224
1 0.3247441520467836 0.5356359649122807 0.03618421052631579 0.04714912280701754
1 0.3291301169590643 0.591282894736842 0.032529239766081866 0.03673245614035087
1 0.02448830409356725 0.75 0.02850877192982456 0.042763157894736836
1 0.26516812865497075 0.7765899122807017 0.054459064327485374 0.06414473684210525
1 0.3119517543859649 0.8042763157894737 0.027412280701754384 0.044956140350877194
1 0.3203581871345029 0.8368969298245613 0.038377192982456135 0.0400219298245614
1 0.31798245614035087 0.8889802631578947 0.03289473684210526 0.041118421052631575
1 0.26553362573099415 0.8804824561403508 0.04203216374269006 0.06578947368421052
1 0.40423976608187134 0.7743969298245613 0.05263157894736842 0.06195175438596491
1 0.43457602339181284 0.7746710526315789 0.029970760233918127 0.043859649122807015
1 0.4619883040935672 0.8884320175438596 0.021198830409356724 0.05975877192982456
1 0.512609649122807 0.90625 0.04057017543859649 0.08881578947368421
1 0.6299342105263157 0.7905701754385964 0.04349415204678363 0.049342105263157895
1 0.6997441520467836 0.7754934210526315 0.04130116959064327 0.06524122807017543
1 0.72953216374269 0.7420504385964912 0.023391812865497075 0.043311403508771926
1 0.7748538011695906 0.7949561403508771 0.04093567251461988 0.0537280701754386
1 0.8291301169590642 0.4325657894736842 0.031067251461988302 0.039473684210526314
1 0.9038742690058479 0.5657894736842105 0.02631578947368421 0.043859649122807015
1 0.7447002923976608 0.5649671052631579 0.03399122807017543 0.048793859649122806
1 0.7070540935672515 0.5559210526315789 0.027412280701754384 0.04057017543859649
1 0.6688596491228069 0.5359100877192983 0.024853801169590642 0.0356359649122807
1 0.6778143274853801 0.4358552631578947 0.014985380116959063 0.03179824561403509
1 0.6343201754385964 0.41063596491228066 0.02010233918128655 0.03070175438596491
1 0.6019736842105263 0.5581140350877193 0.027777777777777776 0.038377192982456135
1 0.5840643274853801 0.546875 0.03874269005847953 0.05317982456140351
1 0.5581140350877193 0.4202302631578947 0.017543859649122806 0.03125
1 0.5166301169590642 0.4339364035087719 0.03691520467836257 0.043311403508771926
1 0.45906432748538006 0.5597587719298245 0.023391812865497075 0.03070175438596491
