1 0.03033625730994152 0.0400219298245614 0.043859649122807015 0.044956140350877194
1 0.021564327485380116 0.16392543859649122 0.02046783625730994 0.020833333333333332
1 0.06926169590643275 0.1683114035087719 0.01425438596491228 0.009868421052631578
1 0.08150584795321637 0.14528508771929824 0.03289473684210526 0.02850877192982456
1 0.09283625730994152 0.04523026315789473 0.029239766081871343 0.05098684210526316
1 0.15734649122807018 0.04797149122807017 0.029605263157894735 0.03782894736842105
1 0.2099780701754386 0.044407894736842105 0.032529239766081866 0.043859649122807015
1 0.3057383040935672 0.0400219298245614 0.03764619883040936 0.05482456140350877
1 0.6655701754385964 0.13404605263157893 0.021929824561403508 0.0400219298245614
1 0.007309941520467836 0.1918859649122807 0.012426900584795321 0.019736842105263157
1 0.30080409356725146 0.18475877192982454 0.016812865497076022 0.023026315789473683
1 0.41154970760233917 0.16584429824561403 0.033625730994152045 0.03234649122807017
1 0.4546783625730994 0.12911184210526316 0.029970760233918127 0.03782894736842105
1 0.5405701754385964 0.16584429824561403 0.03728070175438596 0.05098684210526316
1 0.6971856725146198 0.13020833333333331 0.029605263157894735 0.045504385964912276
1 0.029605263157894735 0.33059210526315785 0.03216374269005848 0.049342105263157895
1 0.05427631578947368 0.32401315789473684 0.03326023391812866 0.05592105263157894
1 0.20266812865497075 0.29413377192982454 0.044956140350877194 0.05646929824561403
1 0.23391812865497075 0.3075657894736842 0.05263157894736842 0.05592105263157894
1 0.28179824561403505 0.30317982456140347 0.043859649122807015 0.06469298245614034
1 0.32821637426900585 0.31222587719298245 0.04751461988304093 0.07072368421052631
1 0.6513157894736842 0.4306469298245614 0.03070175438596491 0.03782894736842105
1 0.5977704678362573 0.4306469298245614 0.020833333333333332 0.02796052631578947
1 0.5625 0.43804824561403505 0.02850877192982456 0.039473684210526314
1 0.5394736842105263 0.4325657894736842 0.019736842105263157 0.03508771929824561
1 0.5052997076023391 0.40625 0.029605263157894735 0.04714912280701754
1 0.47404970760233917 0.4383223684210526 0.019005847953216373 0.03453947368421052
1 0.41703216374269003 0.4377741228070175 0.03070175438596491 0.03125
1 0.30080409356725146 0.4331140350877193 0.041666666666666664 0.041666666666666664
1 0.2715643274853801 0.44709429824561403 0.0489766081871345 0.05756578947368421
1 0.22368421052631576 0.43612938596491224 0.02850877192982456 0.046600877192982455
1 0.09137426900584794 0.44188596491228066 0.024853801169590642 0.04714912280701754
1 0.03819444444444444 0.4629934210526315 0.031067251461988302 0.046600877192982455
1 0.025950292397660817 0.5677083333333333 0.03654970760233918 0.0356359649122807
1 0.0625 0.5808662280701754 0.023391812865497075 0.013706140350877192
1 0.08406432748538012 0.5718201754385964 0.02412280701754386 0.02631578947368421
1 0.11330409356725146 0.572094298245614 0.03874269005847953 0.03125
1 0.1474780701754386 0.5581140350877193 0.04057017543859649 0.029605263157894735
1 0.22660818713450293 0.5803179824561403 0.035818713450292396 0.038925438596491224
1 0.3203581871345029 0.5827850877192983 0.034722222222222224 0.02631578947368421
1 0.012244152046783625 0.6995614035087719 0.023026315789473683 0.021929824561403508
1 0.07072368421052631 0.7105263157894737 0.029605263157894735 0.01644736842105263
1 0.33150584795321636 0.8242872807017544 0.027777777777777776 0.03015350877192982
1 0.3046418128654971 0.822094298245614 0.027412280701754384 0.02357456140350877
1 0.26809210526315785 0.8264802631578947 0.0266812865497076 0.0268640350877193
1 0.21052631578947367 0.8231907894736842 0.029239766081871343 0.02796052631578947
1 0.16410818713450293 0.8212719298245613 0.021929824561403508 0.038377192982456135
1 0.1372441520467836 0.8127741228070176 0.0266812865497076 0.03125
1 0.09466374269005848 0.8199013157894737 0.03216374269005848 0.024671052631578948
1 0.023940058479532164 0.8083881578947368 0.023026315789473683 0.0268640350877193
1 0.055190058479532164 0.8289473684210525 0.021198830409356724 0.042763157894736836
1 0.6942616959064327 0.928453947368421 0.05080409356725146 0.07182017543859649
1 0.42086988304093564 0.9621710526315789 0.04203216374269006 0.0756578947368421
1 0.32821637426900585 0.9243421052631579 0.029239766081871343 0.049342105263157895
1 0.2563961988304093 0.938048245614035 0.0442251461988304 0.044956140350877194
1 0.191703216374269 0.944078947368421 0.03326023391812866 0.03618421052631579
1 0.13633040935672514 0.9742324561403508 0.05482456140350877 0.041666666666666664
1 0.09027777777777778 0.9766995614035087 0.02631578947368421 0.046600877192982455
1 0.04203216374269006 0.9832785087719298 0.06505847953216373 0.03344298245614035
1 0.7891081871345029 0.4152960526315789 0.019736842105263157 0.0268640350877193
1 0.8262061403508771 0.41721491228070173 0.025950292397660817 0.039473684210526314
1 0.8413742690058479 0.37554824561403505 0.035818713450292396 0.043859649122807015
1 0.9082602339181286 0.4331140350877193 0.01827485380116959 0.023026315789473683
1 0.9678362573099415 0.4024122807017544 0.021929824561403508 0.039473684210526314
1 0.996345029239766 0.4004934210526316 0.007309941520467836 0.02796052631578947
