1 0.035270467836257306 0.7297149122807017 0.04568713450292397 0.049342105263157895
1 0.0893640350877193 0.7362938596491228 0.0398391812865497 0.0625
1 0.18951023391812866 0.600328947368421 0.052997076023391806 0.0800438596491228
1 0.22660818713450293 0.587719298245614 0.05555555555555555 0.08991228070175439
1 0.21436403508771928 0.6595394736842105 0.05665204678362573 0.06578947368421052
1 0.254203216374269 0.7146381578947368 0.039108187134502925 0.0356359649122807
1 0.38578216374269003 0.6178728070175439 0.04130116959064327 0.0668859649122807
1 0.4512061403508772 0.6140350877192982 0.04203216374269006 0.06469298245614034
1 0.4886695906432748 0.5989583333333333 0.01608187134502924 0.03015350877192982
1 0.5513523391812866 0.615953947368421 0.03691520467836257 0.04769736842105263
1 0.5615862573099415 0.5742872807017544 0.05007309941520467 0.041118421052631575
1 0.6644736842105263 0.5981359649122807 0.038011695906432746 0.049342105263157895
1 0.6929824561403508 0.5496162280701754 0.049707602339181284 0.05208333333333333
1 0.7596856725146198 0.5715460526315789 0.02887426900584795 0.06414473684210525
1 0.7925804093567251 0.5537280701754386 0.03691520467836257 0.0712719298245614
1 0.8384502923976608 0.5855263157894737 0.0445906432748538 0.08881578947368421
1 0.8901681286549707 0.6030701754385964 0.05153508771929824 0.0712719298245614
1 0.8618421052631579 0.6165021929824561 0.046052631578947366 0.07730263157894736
