1 0.40314327485380114 0.04468201754385965 0.027777777777777776 0.015899122807017545
1 0.4535818713450292 0.35060307017543857 0.019005847953216373 0.022478070175438597
1 0.3165204678362573 0.28344298245614036 0.04312865497076023 0.04714912280701754
1 0.019554093567251463 0.1962719298245614 0.03691520467836257 0.06907894736842105
1 0.3432017543859649 0.5271381578947368 0.02412280701754386 0.048793859649122806
1 0.44828216374269003 0.5063048245614035 0.0266812865497076 0.0400219298245614
1 0.19883040935672514 0.5449561403508771 0.019736842105263157 0.021929824561403508
1 0.0266812865497076 0.5688048245614035 0.03508771929824561 0.04989035087719298
1 0.03070175438596491 0.6296600877192982 0.043859649122807015 0.05975877192982456
1 0.07821637426900585 0.6595394736842105 0.03435672514619883 0.043859649122807015
1 0.08205409356725146 0.6203399122807017 0.032529239766081866 0.04989035087719298
1 0.1288377192982456 0.6296600877192982 0.023757309941520467 0.0400219298245614
1 0.18146929824561403 0.6356907894736842 0.039108187134502925 0.04989035087719298
1 0.24415204678362573 0.6387061403508771 0.031432748538011694 0.0581140350877193
1 0.3638523391812865 0.6074561403508771 0.039108187134502925 0.049342105263157895
1 0.38029970760233917 0.6258223684210525 0.031067251461988302 0.048793859649122806
1 0.5038377192982456 0.5356359649122807 0.013523391812865496 0.02412280701754386
1 0.5113304093567251 0.7510964912280701 0.049707602339181284 0.05921052631578947
1 0.3399122807017544 0.7639802631578947 0.029239766081871343 0.045504385964912276
1 0.20705409356725146 0.794407894736842 0.03033625730994152 0.05263157894736842
1 0.03654970760233918 0.8086622807017544 0.029239766081871343 0.043859649122807015
1 0.020833333333333332 0.7598684210526315 0.029239766081871343 0.03399122807017543
1 0.13432017543859648 0.9024122807017544 0.04714912280701754 0.06359649122807018
1 0.1825657894736842 0.9621710526315789 0.04057017543859649 0.042763157894736836
1 0.23336988304093567 0.9040570175438596 0.059576023391812866 0.05592105263157894
1 0.346125730994152 0.8711622807017544 0.0445906432748538 0.0712719298245614
1 0.40679824561403505 0.8733552631578947 0.023391812865497075 0.042763157894736836
1 0.5078581871345029 0.922423245614035 0.013523391812865496 0.0268640350877193
1 0.5469663742690059 0.8571820175438596 0.04568713450292397 0.07291666666666666
1 0.6244517543859649 0.04989035087719298 0.011330409356725146 0.029605263157894735
1 0.6880482456140351 0.04468201754385965 0.042763157894736836 0.048793859649122806
1 0.8627558479532164 0.10115131578947367 0.0581140350877193 0.06085526315789473
1 0.6304824561403508 0.15679824561403508 0.03289473684210526 0.043859649122807015
1 0.6758040935672515 0.12966008771929824 0.016812865497076022 0.013706140350877192
1 0.7002923976608186 0.6030701754385964 0.046052631578947366 0.08881578947368421
1 0.9652777777777777 0.5493421052631579 0.019005847953216373 0.02631578947368421
1 0.9877558479532164 0.5597587719298245 0.02448830409356725 0.07894736842105263
1 0.9842836257309941 0.6647478070175438 0.031432748538011694 0.038925438596491224
1 0.7622441520467835 0.6787280701754386 0.04057017543859649 0.0668859649122807
1 0.72953216374269 0.6902412280701754 0.03435672514619883 0.0668859649122807
1 0.7033991228070176 0.6916118421052632 0.034722222222222224 0.05866228070175438
1 0.6445540935672515 0.6929824561403508 0.049342105263157895 0.06578947368421052
1 0.7538377192982456 0.925986842105263 0.020833333333333332 0.0537280701754386
1 0.8843201754385964 0.878015350877193 0.028143274853801168 0.0400219298245614
1 0.9263523391812865 0.9375 0.034722222222222224 0.038377192982456135
