1 0.3013523391812865 0.06030701754385964 0.0537280701754386 0.05153508771929824
1 0.3338815789473684 0.10279605263157894 0.05080409356725146 0.05756578947368421
1 0.383406432748538 0.17406798245614033 0.038011695906432746 0.07510964912280702
1 0.552266081871345 0.05975877192982456 0.046052631578947366 0.06907894736842105
1 0.5663377192982456 0.12911184210526316 0.0537280701754386 0.07291666666666666
1 0.6332236842105263 0.0849780701754386 0.04349415204678363 0.0756578947368421
1 0.6728801169590642 0.05537280701754386 0.04751461988304093 0.0712719298245614
1 0.7015716374269005 0.058936403508771926 0.0442251461988304 0.07182017543859649
1 0.7803362573099415 0.0693530701754386 0.043859649122807015 0.05427631578947368
1 0.7719298245614035 0.1074561403508772 0.03070175438596491 0.04057017543859649
1 0.8457602339181286 0.0825109649122807 0.029970760233918127 0.05975877192982456
1 0.8711622807017544 0.09484649122807016 0.04057017543859649 0.05921052631578947
1 0.9608918128654971 0.2996162280701754 0.021929824561403508 0.041118421052631575
1 0.4190423976608187 0.3371710526315789 0.035453216374269 0.04714912280701754
1 0.2852704678362573 0.5849780701754386 0.04568713450292397 0.06469298245614034
1 0.30939327485380114 0.6178728070175439 0.039108187134502925 0.06469298245614034
1 0.2810672514619883 0.6803728070175438 0.05555555555555555 0.06030701754385964
1 0.35891812865497075 0.6165021929824561 0.05701754385964912 0.0805921052631579
1 0.3980263157894737 0.581140350877193 0.029239766081871343 0.0537280701754386
1 0.48830409356725146 0.572094298245614 0.03728070175438596 0.05098684210526316
1 0.5144371345029239 0.5597587719298245 0.034722222222222224 0.06798245614035087
1 0.5414839181286549 0.5803179824561403 0.044956140350877194 0.07401315789473684
1 0.5736476608187134 0.5764802631578947 0.044956140350877194 0.0805921052631579
1 0.6226242690058479 0.5668859649122807 0.03179824561403509 0.0800438596491228
1 0.6504020467836257 0.6066337719298245 0.042763157894736836 0.048793859649122806
1 0.9932383040935672 0.4306469298245614 0.013523391812865496 0.06524122807017543
1 0.9766081871345029 0.509594298245614 0.019736842105263157 0.03015350877192982
1 0.7666301169590642 0.612390350877193 0.054459064327485374 0.05921052631578947
1 0.8159722222222222 0.5523574561403508 0.04057017543859649 0.07072368421052631
1 0.8486842105263157 0.5627741228070176 0.05482456140350877 0.07182017543859649
1 0.9967105263157894 0.6483004385964912 0.006578947368421052 0.02357456140350877
1 0.7949561403508771 0.6938048245614035 0.0402046783625731 0.043311403508771926
1 0.13432017543859648 0.8188048245614035 0.025950292397660817 0.02796052631578947
1 0.11677631578947367 0.8368969298245613 0.0266812865497076 0.02796052631578947
1 0.9875730994152047 0.31688596491228066 0.024853801169590642 0.05153508771929824
1 0.9976242690058479 0.7634320175438596 0.004751461988304093 0.016995614035087717
