1 0.06779970760233918 0.13404605263157893 0.04203216374269006 0.05098684210526316
1 0.12335526315789473 0.14309210526315788 0.027412280701754384 0.04057017543859649
1 0.15533625730994152 0.12362938596491227 0.023391812865497075 0.03234649122807017
1 0.22880116959064326 0.15213815789473684 0.033625730994152045 0.03125
1 0.262609649122807 0.25959429824561403 0.05153508771929824 0.07291666666666666
1 0.2099780701754386 0.2743969298245614 0.05007309941520467 0.041118421052631575
1 0.1467470760233918 0.30235745614035087 0.06542397660818713 0.07949561403508772
1 0.1065423976608187 0.3020833333333333 0.08223684210526315 0.07675438596491227
1 0.018092105263157895 0.3177083333333333 0.03399122807017543 0.09703947368421052
1 0.027777777777777776 0.3840460526315789 0.017543859649122806 0.022478070175438597
1 0.059027777777777776 0.41118421052631576 0.02448830409356725 0.013157894736842105
1 0.08114035087719298 0.37554824561403505 0.021198830409356724 0.021929824561403508
1 0.10946637426900584 0.4095394736842105 0.01644736842105263 0.021929824561403508
1 0.14400584795321636 0.3983004385964912 0.01608187134502924 0.02357456140350877
1 0.18146929824561403 0.3826754385964912 0.01864035087719298 0.01864035087719298
1 0.2149122807017544 0.40871710526315785 0.021929824561403508 0.0356359649122807
1 0.24762426900584794 0.4350328947368421 0.020833333333333332 0.0268640350877193
1 0.20266812865497075 0.6244517543859649 0.03399122807017543 0.03399122807017543
1 0.15387426900584794 0.6647478070175438 0.025584795321637425 0.02357456140350877
1 0.12298976608187134 0.6655701754385964 0.03033625730994152 0.03070175438596491
1 0.08790204678362573 0.6540570175438596 0.03764619883040936 0.02850877192982456
1 0.06103801169590643 0.6606359649122807 0.039473684210526314 0.03179824561403509
1 0.19864766081871343 0.7541118421052632 0.03326023391812866 0.038925438596491224
1 0.18402777777777776 0.7727521929824561 0.04349415204678363 0.05098684210526316
1 0.06451023391812866 0.7924890350877193 0.03399122807017543 0.03344298245614035
1 0.022478070175438597 0.7771381578947368 0.01864035087719298 0.042214912280701754
1 0.2847222222222222 0.8166118421052632 0.02412280701754386 0.0356359649122807
1 0.24853801169590642 0.8867872807017544 0.046052631578947366 0.07839912280701754
1 0.1997441520467836 0.8188048245614035 0.035453216374269 0.03234649122807017
1 0.025950292397660817 0.8645833333333333 0.05043859649122807 0.029605263157894735
1 0.26023391812865493 0.9934210526315789 0.01827485380116959 0.013157894736842105
1 0.07858187134502924 0.988486842105263 0.016812865497076022 0.023026315789473683
1 0.39364035087719296 0.035910087719298246 0.02266081871345029 0.048793859649122806
1 0.49616228070175433 0.04468201754385965 0.015716374269005847 0.019188596491228067
1 0.4453581871345029 0.049342105263157895 0.017178362573099414 0.017543859649122806
1 0.6968201754385964 0.018092105263157895 0.020833333333333332 0.021929824561403508
1 0.7509137426900584 0.03179824561403509 0.011330409356725146 0.021929824561403508
1 0.7708333333333333 0.044407894736842105 0.019005847953216373 0.02850877192982456
1 0.8622076023391813 0.022478070175438597 0.023391812865497075 0.03618421052631579
1 0.9497441520467835 0.009868421052631578 0.009868421052631578 0.01864035087719298
1 0.989766081871345 0.013706140350877192 0.02046783625730994 0.02631578947368421
1 0.9937865497076023 0.1049890350877193 0.012426900584795321 0.03782894736842105
1 0.9649122807017543 0.11156798245614034 0.01827485380116959 0.044407894736842105
1 0.9276315789473684 0.14281798245614033 0.016812865497076022 0.042214912280701754
1 0.9009502923976608 0.12445175438596491 0.017543859649122806 0.03289473684210526
1 0.8700657894736842 0.10718201754385964 0.017178362573099414 0.042214912280701754
1 0.8300438596491228 0.12308114035087718 0.01608187134502924 0.03782894736842105
1 0.7876461988304093 0.14281798245614033 0.029970760233918127 0.020285087719298246
1 0.7704678362573099 0.13596491228070173 0.021198830409356724 0.041666666666666664
1 0.7372076023391813 0.14775219298245612 0.013157894736842105 0.0268640350877193
1 0.6703216374269005 0.13623903508771928 0.013888888888888888 0.03344298245614035
1 0.6401681286549707 0.13898026315789472 0.025219298245614034 0.0400219298245614
1 0.6019736842105263 0.1543311403508772 0.019005847953216373 0.046600877192982455
1 0.5566520467836257 0.1474780701754386 0.03216374269005848 0.02631578947368421
1 0.5307017543859649 0.16557017543859648 0.01608187134502924 0.013157894736842105
1 0.48428362573099415 0.16036184210526314 0.013888888888888888 0.042214912280701754
1 0.4126461988304093 0.14089912280701752 0.021929824561403508 0.042763157894736836
1 0.38029970760233917 0.15021929824561403 0.029605263157894735 0.029605263157894735
1 0.3428362573099415 0.2768640350877193 0.02412280701754386 0.025219298245614034
1 0.3846856725146199 0.26343201754385964 0.02010233918128655 0.022478070175438597
1 0.4442616959064327 0.2587719298245614 0.017909356725146198 0.017543859649122806
1 0.4780701754385965 0.25 0.021198830409356724 0.025219298245614034
1 0.5098684210526315 0.24342105263157893 0.014619883040935672 0.02850877192982456
1 0.5391081871345029 0.2546600877192982 0.02266081871345029 0.0268640350877193
1 0.6133040935672515 0.24835526315789472 0.014619883040935672 0.025219298245614034
1 0.6567982456140351 0.2683662280701754 0.024853801169590642 0.0268640350877193
1 0.7255116959064327 0.2319078947368421 0.010964912280701754 0.029605263157894735
1 0.7578581871345029 0.24287280701754385 0.015716374269005847 0.020833333333333332
1 0.8110380116959064 0.2338267543859649 0.012426900584795321 0.015899122807017545
1 0.8282163742690059 0.2338267543859649 0.012426900584795321 0.022478070175438597
1 0.8633040935672515 0.24561403508771928 0.013888888888888888 0.021929824561403508
1 0.8921783625730993 0.22121710526315788 0.013157894736842105 0.022478070175438597
1 0.9263523391812865 0.25054824561403505 0.013523391812865496 0.020833333333333332
1 0.9696637426900584 0.22998903508771928 0.017543859649122806 0.0268640350877193
1 0.9928728070175438 0.23848684210526314 0.01425438596491228 0.025219298245614034
1 0.9623538011695906 0.3484100877192982 0.029970760233918127 0.0400219298245614
1 0.9088084795321637 0.34868421052631576 0.038377192982456135 0.027412280701754384
1 0.8388157894736842 0.37746710526315785 0.04532163742690058 0.06962719298245613
1 0.8008040935672515 0.34813596491228066 0.02046783625730994 0.023026315789473683
1 0.7520102339181286 0.37554824561403505 0.008406432748538011 0.01425438596491228
1 0.6376096491228069 0.3621162280701754 0.03326023391812866 0.03125
1 0.6524122807017544 0.3887061403508772 0.02412280701754386 0.021929824561403508
1 0.5274122807017544 0.3840460526315789 0.025584795321637425 0.0268640350877193
1 0.45266812865497075 0.3980263157894737 0.025219298245614034 0.021929824561403508
1 0.4057017543859649 0.3640350877192982 0.03216374269005848 0.02850877192982456
1 0.3640350877192982 0.42817982456140347 0.01608187134502924 0.017543859649122806
1 0.9947002923976608 0.4761513157894737 0.010599415204678362 0.07401315789473684
1 0.8848684210526315 0.49122807017543857 0.006578947368421052 0.013157894736842105
1 0.8203581871345029 0.4884868421052631 0.0222953216374269 0.029605263157894735
1 0.7664473684210525 0.48547149122807015 0.024853801169590642 0.048793859649122806
1 0.7567616959064327 0.5268640350877193 0.025219298245614034 0.04057017543859649
1 0.6811038011695906 0.4739583333333333 0.025219298245614034 0.043311403508771926
1 0.6451023391812866 0.506578947368421 0.01608187134502924 0.02850877192982456
1 0.5902777777777778 0.5180921052631579 0.01827485380116959 0.021929824561403508
1 0.4671052631578947 0.5246710526315789 0.021929824561403508 0.02850877192982456
1 0.38322368421052627 0.4775219298245614 0.029605263157894735 0.042763157894736836
1 0.3748172514619883 0.5375548245614035 0.023026315789473683 0.03453947368421052
1 0.33735380116959063 0.5230263157894737 0.03070175438596491 0.03179824561403509
1 0.4009502923976608 0.6099232456140351 0.03654970760233918 0.041118421052631575
1 0.3428362573099415 0.6417214912280701 0.02412280701754386 0.0268640350877193
1 0.5381944444444444 0.625 0.028143274853801168 0.03179824561403509
1 0.5782163742690059 0.628015350877193 0.021929824561403508 0.02357456140350877
1 0.6260964912280701 0.6181469298245613 0.023391812865497075 0.02357456140350877
1 0.6968201754385964 0.612390350877193 0.031067251461988302 0.027412280701754384
1 0.7255116959064327 0.6145833333333333 0.023391812865497075 0.049342105263157895
1 0.7955043859649122 0.6165021929824561 0.04203216374269006 0.0268640350877193
1 0.8578216374269005 0.615953947368421 0.019736842105263157 0.0356359649122807
1 0.8852339181286549 0.5948464912280701 0.011695906432748537 0.03289473684210526
1 0.9175804093567251 0.5981359649122807 0.035453216374269 0.02412280701754386
1 0.9417032163742689 0.6030701754385964 0.03033625730994152 0.017543859649122806
1 0.9736842105263157 0.5858004385964912 0.015350877192982455 0.03673245614035087
1 0.9912280701754386 0.6049890350877193 0.017543859649122806 0.05646929824561403
1 0.9844663742690057 0.7308114035087719 0.031067251461988302 0.05482456140350877
1 0.7353801169590642 0.7275219298245613 0.012426900584795321 0.021929824561403508
1 0.6962719298245613 0.7387609649122807 0.013157894736842105 0.020285087719298246
1 0.43165204678362573 0.7834429824561403 0.015350877192982455 0.01864035087719298
1 0.38029970760233917 0.881578947368421 0.019371345029239765 0.023026315789473683
1 0.4325657894736842 0.8843201754385964 0.025950292397660817 0.02631578947368421
1 0.46929824561403505 0.875 0.017543859649122806 0.02631578947368421
1 0.49652777777777773 0.8588267543859649 0.01206140350877193 0.015899122807017545
1 0.5449561403508771 0.8530701754385964 0.016812865497076022 0.023026315789473683
1 0.5844298245614035 0.8925438596491228 0.008771929824561403 0.021929824561403508
1 0.6885964912280701 0.8530701754385964 0.013888888888888888 0.017543859649122806
1 0.71875 0.8506030701754386 0.011330409356725146 0.024671052631578948
1 0.7569444444444444 0.8530701754385964 0.01023391812865497 0.023026315789473683
1 0.8285818713450291 0.8470394736842105 0.010964912280701754 0.01425438596491228
1 0.9188596491228069 0.8432017543859649 0.01608187134502924 0.02412280701754386
1 0.987390350877193 0.8418311403508771 0.01425438596491228 0.018092105263157895
1 0.9535818713450291 0.9832785087719298 0.02266081871345029 0.03344298245614035
1 0.9184941520467835 0.9821820175438596 0.024853801169590642 0.0356359649122807
1 0.8876096491228069 0.9665570175438596 0.027412280701754384 0.03618421052631579
1 0.85453216374269 0.9528508771929824 0.014619883040935672 0.027412280701754384
1 0.8289473684210525 0.9923245614035087 0.019005847953216373 0.015350877192982455
1 0.7923976608187134 0.9651864035087718 0.014619883040935672 0.02796052631578947
1 0.7567616959064327 0.9512061403508771 0.01425438596491228 0.02850877192982456
1 0.7017543859649122 0.975328947368421 0.021929824561403508 0.02412280701754386
1 0.6153143274853801 0.9734100877192982 0.025950292397660817 0.0356359649122807
1 0.5767543859649122 0.984375 0.01023391812865497 0.02576754385964912
1 0.37701023391812866 0.9923245614035087 0.019371345029239765 0.015350877192982455
