1 0.09630847953216373 0.013706140350877192 0.019371345029239765 0.02631578947368421
1 0.33771929824561403 0.029605263157894735 0.03654970760233918 0.046052631578947366
1 0.5171783625730993 0.021107456140350877 0.03216374269005848 0.0400219298245614
1 0.47697368421052627 0.22807017543859648 0.023391812865497075 0.03618421052631579
1 0.41118421052631576 0.21875 0.02046783625730994 0.027412280701754384
1 0.364766081871345 0.22368421052631576 0.017543859649122806 0.023026315789473683
1 0.2593201754385965 0.22998903508771928 0.013523391812865496 0.014802631578947368
1 0.20687134502923976 0.21052631578947367 0.024853801169590642 0.017543859649122806
1 0.011330409356725146 0.24150219298245612 0.021198830409356724 0.06633771929824561
1 0.017178362573099414 0.3489583333333333 0.03289473684210526 0.03015350877192982
1 0.03618421052631579 0.4618969298245614 0.04678362573099415 0.04769736842105263
1 0.14839181286549707 0.3530701754385965 0.03070175438596491 0.0537280701754386
1 0.19279970760233917 0.34868421052631576 0.048611111111111105 0.0581140350877193
1 0.21637426900584794 0.31359649122807015 0.046052631578947366 0.06578947368421052
1 0.2744883040935672 0.3484100877192982 0.03289473684210526 0.048793859649122806
1 0.3221856725146199 0.4512061403508772 0.0222953216374269 0.03070175438596491
1 0.35489766081871343 0.33497807017543857 0.03508771929824561 0.0581140350877193
1 0.38578216374269003 0.33497807017543857 0.048611111111111105 0.0625
1 0.45997807017543857 0.3530701754385965 0.034722222222222224 0.044956140350877194
1 0.5078581871345029 0.3530701754385965 0.031067251461988302 0.0581140350877193
1 0.5414839181286549 0.3388157894736842 0.04349415204678363 0.05153508771929824
1 0.5913742690058479 0.35334429824561403 0.0445906432748538 0.045504385964912276
1 0.44883040935672514 0.4851973684210526 0.039473684210526314 0.07675438596491227
1 0.6005116959064327 0.6077302631578947 0.01608187134502924 0.010416666666666666
1 0.4722222222222222 0.6044407894736842 0.012426900584795321 0.010416666666666666
1 0.4053362573099415 0.5942982456140351 0.02412280701754386 0.017543859649122806
1 0.38633040935672514 0.6074561403508771 0.014619883040935672 0.013157894736842105
1 0.17726608187134502 0.6077302631578947 0.021929824561403508 0.010416666666666666
1 0.06341374269005848 0.6118421052631579 0.023757309941520467 0.008771929824561403
1 0.023026315789473683 0.7231359649122807 0.04312865497076023 0.038377192982456135
1 0.06487573099415204 0.6790021929824561 0.0222953216374269 0.022478070175438597
1 0.10343567251461988 0.7275219298245613 0.02046783625730994 0.04057017543859649
1 0.17635233918128654 0.6951754385964912 0.035453216374269 0.03618421052631579
1 0.1509502923976608 0.7856359649122806 0.03289473684210526 0.03728070175438596
1 0.29203216374269003 0.7146381578947368 0.019736842105263157 0.015899122807017545
1 0.4155701754385965 0.6927083333333333 0.02266081871345029 0.016995614035087717
1 0.5233918128654971 0.6924342105263157 0.019005847953216373 0.021929824561403508
1 0.6118421052631579 0.7275219298245613 0.019736842105263157 0.025219298245614034
1 0.5513523391812866 0.8001644736842105 0.034722222222222224 0.02796052631578947
1 0.5082236842105263 0.799890350877193 0.025219298245614034 0.03618421052631579
1 0.481359649122807 0.8108552631578947 0.014619883040935672 0.03618421052631579
1 0.4512061403508772 0.819078947368421 0.0266812865497076 0.046052631578947366
1 0.4161184210526316 0.8218201754385964 0.025219298245614034 0.03179824561403509
1 0.3813961988304093 0.7963267543859649 0.01644736842105263 0.041118421052631575
1 0.3399122807017544 0.834703947368421 0.027046783625730993 0.024671052631578948
1 0.302266081871345 0.8305921052631579 0.023391812865497075 0.02631578947368421
1 0.22112573099415203 0.8215460526315789 0.03070175438596491 0.05317982456140351
1 0.2046783625730994 0.8223684210526315 0.03289473684210526 0.03179824561403509
1 0.10946637426900584 0.8262061403508771 0.032529239766081866 0.015350877192982455
1 0.05025584795321637 0.8275767543859649 0.027412280701754384 0.02796052631578947
1 0.14163011695906433 0.9564144736842105 0.023026315789473683 0.05756578947368421
1 0.20906432748538012 0.9473684210526315 0.04678362573099415 0.05482456140350877
1 0.2593201754385965 0.9638157894736842 0.02887426900584795 0.039473684210526314
1 0.3028143274853801 0.9671052631578947 0.02887426900584795 0.04714912280701754
1 0.3247441520467836 0.9558662280701754 0.039108187134502925 0.05756578947368421
1 0.4009502923976608 0.9690241228070174 0.021198830409356724 0.0356359649122807
1 0.4576023391812865 0.9287280701754386 0.029239766081871343 0.04057017543859649
1 0.48830409356725146 0.9333881578947368 0.027046783625730993 0.0356359649122807
1 0.5630482456140351 0.9199561403508771 0.020833333333333332 0.02850877192982456
1 0.8863304093567251 0.1025219298245614 0.008771929824561403 0.01644736842105263
1 0.927266081871345 0.10361842105263157 0.012426900584795321 0.027412280701754384
1 0.9409722222222222 0.21737938596491227 0.010599415204678362 0.016995614035087717
1 0.8682383040935672 0.22423245614035087 0.01206140350877193 0.017543859649122806
1 0.8349780701754386 0.23218201754385964 0.013523391812865496 0.03125
1 0.7759502923976608 0.22094298245614033 0.008771929824561403 0.017543859649122806
1 0.7163742690058479 0.36622807017543857 0.010964912280701754 0.027412280701754384
1 0.7417763157894737 0.3670504385964912 0.02448830409356725 0.03125
1 0.783625730994152 0.365953947368421 0.023391812865497075 0.043311403508771926
1 0.8218201754385964 0.3470394736842105 0.017909356725146198 0.03399122807017543
1 0.8530701754385964 0.3525219298245614 0.02266081871345029 0.03728070175438596
1 0.875548245614035 0.36376096491228066 0.023757309941520467 0.048793859649122806
1 0.9232456140350876 0.36239035087719296 0.010964912280701754 0.02631578947368421
1 0.956140350877193 0.3588267543859649 0.027046783625730993 0.0356359649122807
1 0.9173976608187134 0.46929824561403505 0.011695906432748537 0.023026315789473683
1 0.8887061403508771 0.47423245614035087 0.013523391812865496 0.02412280701754386
1 0.8581871345029239 0.46463815789473684 0.01608187134502924 0.022478070175438597
1 0.7865497076023391 0.4728618421052631 0.007309941520467836 0.019188596491228067
1 0.7470760233918128 0.45093201754385964 0.021198830409356724 0.024671052631578948
1 0.71875 0.46600877192982454 0.012792397660818713 0.020833333333333332
1 0.7386695906432749 0.6233552631578947 0.01023391812865497 0.017543859649122806
1 0.8262061403508771 0.6148574561403508 0.01206140350877193 0.022478070175438597
1 0.8464912280701754 0.6088267543859649 0.017543859649122806 0.02796052631578947
1 0.8163377192982456 0.6880482456140351 0.02010233918128655 0.03289473684210526
1 0.9427997076023391 0.6959978070175438 0.032529239766081866 0.03015350877192982
1 0.9912280701754386 0.6781798245614035 0.017543859649122806 0.03179824561403509
1 0.9758771929824561 0.6014254385964912 0.021929824561403508 0.025219298245614034
1 0.9952485380116959 0.6011513157894737 0.009502923976608187 0.03782894736842105
1 0.9336622807017544 0.8231907894736842 0.025219298245614034 0.04769736842105263
1 0.8252923976608186 0.922423245614035 0.013888888888888888 0.014802631578947368
1 0.75 0.9418859649122806 0.013157894736842105 0.01206140350877193
1 0.7192982456140351 0.9375 0.01023391812865497 0.013157894736842105
1 0.8609283625730993 0.9443530701754386 0.014985380116959063 0.0268640350877193
1 0.893640350877193 0.9358552631578947 0.011695906432748537 0.015350877192982455
1 0.9340277777777777 0.9287280701754386 0.010599415204678362 0.013157894736842105
1 0.9590643274853801 0.9265350877192982 0.011695906432748537 0.019736842105263157
