1 0.04989035087719298 0.5049342105263157 0.019371345029239765 0.03399122807017543
1 0.05427631578947368 0.38130482456140347 0.021564327485380116 0.02796052631578947
1 0.09027777777777778 0.3925438596491228 0.019005847953216373 0.03289473684210526
1 0.10069444444444443 0.4161184210526316 0.01206140350877193 0.044956140350877194
1 0.10891812865497075 0.4871162280701754 0.014619883040935672 0.03782894736842105
1 0.16410818713450293 0.4890350877192982 0.016812865497076022 0.015350877192982455
1 0.17178362573099415 0.3796600877192982 0.025584795321637425 0.0400219298245614
1 0.23866959064327484 0.4794407894736842 0.021929824561403508 0.024671052631578948
1 0.2406798245614035 0.4013157894736842 0.023026315789473683 0.04057017543859649
1 0.293859649122807 0.38596491228070173 0.017543859649122806 0.023026315789473683
1 0.346125730994152 0.3928179824561403 0.019005847953216373 0.044407894736842105
1 0.3051900584795321 0.48739035087719296 0.019005847953216373 0.03618421052631579
1 0.03125 0.628015350877193 0.025219298245614034 0.03125
1 0.049342105263157895 0.6740679824561403 0.015350877192982455 0.02576754385964912
1 0.07035818713450293 0.6036184210526315 0.03326023391812866 0.044956140350877194
1 0.08114035087719298 0.6206140350877193 0.023391812865497075 0.03728070175438596
1 0.1288377192982456 0.628015350877193 0.015716374269005847 0.03453947368421052
1 0.15716374269005848 0.587719298245614 0.01608187134502924 0.02631578947368421
1 0.21710526315789472 0.5942982456140351 0.021929824561403508 0.027412280701754384
1 0.2911184210526316 0.5556469298245613 0.020833333333333332 0.03782894736842105
1 0.3252923976608187 0.5597587719298245 0.015350877192982455 0.021929824561403508
1 0.4546783625730994 0.3714364035087719 0.019736842105263157 0.041118421052631575
1 0.5224780701754386 0.34594298245614036 0.02448830409356725 0.03728070175438596
1 0.5528143274853801 0.3980263157894737 0.02010233918128655 0.023026315789473683
1 0.5254020467836257 0.4355811403508772 0.01644736842105263 0.024671052631578948
1 0.3980263157894737 0.5712719298245613 0.021198830409356724 0.021929824561403508
1 0.43951023391812866 0.5712719298245613 0.0222953216374269 0.021929824561403508
1 0.45614035087719296 0.5625 0.01827485380116959 0.029605263157894735
1 0.5257675438596491 0.5556469298245613 0.059576023391812866 0.07949561403508772
1 0.5338084795321637 0.6477521929824561 0.042763157894736836 0.04769736842105263
1 0.4576023391812865 0.6927083333333333 0.016812865497076022 0.02576754385964912
1 0.3163377192982456 0.6121162280701754 0.025219298245614034 0.0356359649122807
1 0.4057017543859649 0.6699561403508771 0.011695906432748537 0.021929824561403508
1 0.1509502923976608 0.7160087719298245 0.03508771929824561 0.046052631578947366
1 0.4267178362573099 0.8144188596491228 0.0222953216374269 0.02905701754385965
1 0.3667763157894737 0.8015350877192982 0.025219298245614034 0.04714912280701754
1 0.2807017543859649 0.7853618421052632 0.031432748538011694 0.02796052631578947
1 0.26516812865497075 0.828125 0.01644736842105263 0.03344298245614035
1 0.21637426900584794 0.7990679824561403 0.027777777777777776 0.05317982456140351
1 0.19828216374269006 0.775219298245614 0.019371345029239765 0.046052631578947366
1 0.07182017543859649 0.797423245614035 0.0266812865497076 0.02905701754385965
1 0.04678362573099415 0.9202302631578947 0.014619883040935672 0.019188596491228067
1 0.08205409356725146 0.894736842105263 0.020833333333333332 0.02631578947368421
1 0.10782163742690058 0.9205043859649122 0.02412280701754386 0.04057017543859649
1 0.1421783625730994 0.9306469298245613 0.027046783625730993 0.0356359649122807
1 0.18987573099415203 0.9270833333333333 0.0222953216374269 0.038377192982456135
1 0.262609649122807 0.8996710526315789 0.04203216374269006 0.06030701754385964
1 0.2984283625730994 0.9111842105263157 0.020833333333333332 0.027412280701754384
1 0.31012426900584794 0.9046052631578947 0.0442251461988304 0.041666666666666664
1 0.38322368421052627 0.8993969298245613 0.05153508771929824 0.06304824561403509
1 0.6001461988304093 0.5940241228070176 0.012426900584795321 0.03125
1 0.6288377192982456 0.46737938596491224 0.0222953216374269 0.038925438596491224
1 0.6162280701754386 0.3352521929824561 0.027046783625730993 0.03125
1 0.6836622807017544 0.26589912280701755 0.0537280701754386 0.06907894736842105
1 0.8192616959064327 0.2944078947368421 0.03691520467836257 0.03289473684210526
1 0.91703216374269 0.33031798245614036 0.021929824561403508 0.03782894736842105
1 0.9535818713450291 0.34375 0.01608187134502924 0.03179824561403509
1 0.9914108187134503 0.3262061403508772 0.017178362573099414 0.021929824561403508
1 0.8930921052631579 0.3939144736842105 0.0398391812865497 0.03453947368421052
1 0.862390350877193 0.3887061403508772 0.03326023391812866 0.04714912280701754
1 0.75 0.4462719298245614 0.038011695906432746 0.03728070175438596
1 0.6498538011695906 0.5649671052631579 0.02046783625730994 0.03125
1 0.5879020467836257 0.6751644736842105 0.03691520467836257 0.02357456140350877
1 0.6909722222222222 0.6836622807017544 0.020833333333333332 0.03508771929824561
1 0.7406798245614035 0.5792214912280701 0.03326023391812866 0.038925438596491224
1 0.8594663742690059 0.5315241228070176 0.02448830409356725 0.022478070175438597
1 0.969298245614035 0.5290570175438596 0.029239766081871343 0.03399122807017543
1 0.9881213450292398 0.5567434210526315 0.023757309941520467 0.03234649122807017
1 0.9375 0.5433114035087719 0.029239766081871343 0.027412280701754384
1 0.8775584795321637 0.5605811403508771 0.019736842105263157 0.018092105263157895
1 0.8305921052631579 0.6625548245614035 0.02448830409356725 0.0356359649122807
1 0.8711622807017544 0.6833881578947368 0.031067251461988302 0.03125
1 0.9395102339181286 0.6595394736842105 0.021564327485380116 0.029605263157894735
1 0.9365862573099415 0.734375 0.0266812865497076 0.0400219298245614
1 0.8413742690058479 0.7532894736842105 0.03728070175438596 0.019736842105263157
1 0.862390350877193 0.790844298245614 0.04641812865497076 0.07072368421052631
1 0.6938961988304093 0.7823464912280701 0.017909356725146198 0.03179824561403509
1 0.6597222222222222 0.7845394736842105 0.019005847953216373 0.03508771929824561
1 0.6182383040935672 0.7834429824561403 0.028143274853801168 0.025219298245614034
1 0.5323464912280701 0.7946820175438596 0.017909356725146198 0.02905701754385965
1 0.9917763157894737 0.813048245614035 0.01644736842105263 0.039473684210526314
1 0.552266081871345 0.8744517543859649 0.0489766081871345 0.03399122807017543
1 0.549890350877193 0.9131030701754386 0.04641812865497076 0.06085526315789473
1 0.625 0.9106359649122806 0.02850877192982456 0.03728070175438596
1 0.6792763157894737 0.8837719298245613 0.025950292397660817 0.04057017543859649
1 0.7368421052631579 0.8892543859649122 0.04239766081871345 0.0537280701754386
1 0.7788742690058479 0.9287280701754386 0.05263157894736842 0.0537280701754386
1 0.8135964912280701 0.8722587719298245 0.038011695906432746 0.05482456140350877
1 0.938048245614035 0.8991228070175438 0.03691520467836257 0.05921052631578947
1 0.9024122807017544 0.8711622807017544 0.051900584795321635 0.06578947368421052
1 0.9053362573099415 0.9169407894736842 0.05847953216374269 0.07291666666666666
1 0.9820906432748537 0.8887061403508771 0.035818713450292396 0.049342105263157895
1 0.9208698830409356 0.9846491228070174 0.0625 0.03070175438596491
1 0.8558114035087718 0.978344298245614 0.055190058479532164 0.043311403508771926
1 0.6101973684210525 0.9860197368421052 0.05080409356725146 0.02796052631578947
1 0.7613304093567251 0.9887609649122806 0.02046783625730994 0.016995614035087717
1 0.5645102339181286 0.9865679824561403 0.05007309941520467 0.0268640350877193
