1 0.6480263157894737 0.02549342105263158 0.02046783625730994 0.02796052631578947
1 0.5244883040935672 0.03207236842105263 0.025584795321637425 0.0268640350877193
1 0.49762426900584794 0.03234649122807017 0.020833333333333332 0.05701754385964912
1 0.4060672514619883 0.031524122807017545 0.029239766081871343 0.03125
1 0.3501461988304093 0.03344298245614035 0.02266081871345029 0.03618421052631579
1 0.3051900584795321 0.02768640350877193 0.021929824561403508 0.02796052631578947
1 0.25493421052631576 0.028782894736842105 0.020833333333333332 0.03453947368421052
1 0.2269736842105263 0.02768640350877193 0.01827485380116959 0.03234649122807017
1 0.20614035087719296 0.023300438596491228 0.02266081871345029 0.0268640350877193
1 0.16611842105263158 0.03234649122807017 0.017909356725146198 0.03070175438596491
1 0.10928362573099415 0.035910087719298246 0.025584795321637425 0.0356359649122807
1 0.1074561403508772 0.15405701754385964 0.014619883040935672 0.03179824561403509
1 0.13779239766081872 0.1387061403508772 0.019736842105263157 0.03070175438596491
1 0.21144005847953215 0.1595394736842105 0.010599415204678362 0.020833333333333332
1 0.2898391812865497 0.15350877192982454 0.017543859649122806 0.03070175438596491
1 0.3291301169590643 0.15213815789473684 0.035453216374269 0.0400219298245614
1 0.4102704678362573 0.15487938596491227 0.01644736842105263 0.02576754385964912
1 0.47404970760233917 0.1450109649122807 0.023391812865497075 0.0356359649122807
1 0.5762061403508771 0.1439144736842105 0.017178362573099414 0.03234649122807017
1 0.6644736842105263 0.1650219298245614 0.02412280701754386 0.03728070175438596
1 0.7017543859649122 0.15213815789473684 0.029970760233918127 0.048793859649122806
1 0.6063596491228069 0.2637061403508772 0.017543859649122806 0.029605263157894735
1 0.4307383040935672 0.27987938596491224 0.014985380116959063 0.03125
1 0.23684210526315788 0.26864035087719296 0.012426900584795321 0.03508771929824561
1 0.20760233918128654 0.26343201754385964 0.027046783625730993 0.03673245614035087
1 0.14071637426900585 0.2598684210526316 0.029239766081871343 0.03179824561403509
1 0.125 0.28152412280701755 0.015350877192982455 0.0356359649122807
1 0.08644005847953216 0.26973684210526316 0.025950292397660817 0.043859649122807015
1 0.2450657894736842 0.3640350877192982 0.01425438596491228 0.03179824561403509
1 0.32309941520467833 0.36567982456140347 0.011695906432748537 0.019736842105263157
1 0.3828581871345029 0.3536184210526316 0.014985380116959063 0.01425438596491228
1 0.6067251461988303 0.34429824561403505 0.014619883040935672 0.019736842105263157
1 0.6699561403508771 0.46408991228070173 0.015350877192982455 0.016995614035087717
1 0.533625730994152 0.5422149122807017 0.0402046783625731 0.03070175438596491
1 0.39071637426900585 0.560032894736842 0.01827485380116959 0.0268640350877193
1 0.3081140350877193 0.5452302631578947 0.012426900584795321 0.02576754385964912
1 0.11915204678362573 0.6036184210526315 0.025584795321637425 0.03289473684210526
1 0.15625 0.5921052631578947 0.017178362573099414 0.042763157894736836
1 0.0935672514619883 0.6877741228070176 0.023391812865497075 0.0356359649122807
1 0.2353801169590643 0.6751644736842105 0.019005847953216373 0.041118421052631575
1 0.3072002923976608 0.6408991228070176 0.011330409356725146 0.017543859649122806
1 0.31304824561403505 0.781798245614035 0.01206140350877193 0.03070175438596491
1 0.35453216374269003 0.6496710526315789 0.013888888888888888 0.017543859649122806
1 0.3887061403508772 0.6672149122807017 0.011330409356725146 0.02412280701754386
1 0.42872807017543857 0.6833881578947368 0.011695906432748537 0.0268640350877193
1 0.45705409356725146 0.6781798245614035 0.013523391812865496 0.023026315789473683
1 0.6063596491228069 0.6367872807017544 0.012426900584795321 0.024671052631578948
1 0.6743421052631579 0.643640350877193 0.027777777777777776 0.01864035087719298
1 0.739766081871345 0.6526864035087719 0.02266081871345029 0.03234649122807017
1 0.7108918128654971 0.5441337719298245 0.029239766081871343 0.0400219298245614
1 0.6038011695906432 0.7719298245614035 0.023391812865497075 0.03508771929824561
1 0.6440058479532164 0.7543859649122806 0.01608187134502924 0.021929824561403508
1 0.7465277777777778 0.7861842105263157 0.028143274853801168 0.03179824561403509
1 0.9903143274853801 0.03070175438596491 0.019371345029239765 0.029605263157894735
1 0.8704312865497076 0.04029605263157895 0.025950292397660817 0.044407894736842105
1 0.8042763157894737 0.046600877192982455 0.020833333333333332 0.03070175438596491
1 0.8177997076023391 0.15021929824561403 0.021564327485380116 0.020833333333333332
1 0.8559941520467835 0.1836622807017544 0.016812865497076022 0.02631578947368421
1 0.888157894736842 0.17434210526315788 0.021929824561403508 0.02850877192982456
1 0.96875 0.13925438596491227 0.0222953216374269 0.021929824561403508
1 0.8163377192982456 0.2593201754385965 0.039108187134502925 0.0537280701754386
1 0.9115497076023391 0.26398026315789475 0.03216374269005848 0.044407894736842105
1 0.9444444444444444 0.2543859649122807 0.029970760233918127 0.03618421052631579
1 0.96875 0.36348684210526316 0.0266812865497076 0.03289473684210526
1 0.8072002923976608 0.3569078947368421 0.035453216374269 0.03399122807017543
1 0.8863304093567251 0.34484649122807015 0.017543859649122806 0.01644736842105263
1 0.8326023391812865 0.4643640350877193 0.021198830409356724 0.03179824561403509
1 0.8145102339181286 0.47560307017543857 0.023757309941520467 0.03125
1 0.8236476608187134 0.522203947368421 0.02887426900584795 0.03344298245614035
1 0.9480994152046783 0.5540021929824561 0.019005847953216373 0.02905701754385965
1 0.9395102339181286 0.6636513157894737 0.02010233918128655 0.024671052631578948
1 0.9073464912280701 0.6378837719298245 0.017909356725146198 0.020285087719298246
1 0.9100877192982456 0.7886513157894737 0.021198830409356724 0.0400219298245614
1 0.8501461988304093 0.7653508771929824 0.02046783625730994 0.03289473684210526
