1 0.05226608187134503 0.08991228070175439 0.02266081871345029 0.039473684210526314
1 0.10599415204678361 0.07319078947368421 0.01827485380116959 0.03453947368421052
1 0.14656432748538012 0.08963815789473684 0.02631578947368421 0.03125
1 0.5791301169590642 0.078125 0.017909356725146198 0.042214912280701754
1 0.5634137426900584 0.1875 0.01425438596491228 0.023026315789473683
1 0.36659356725146197 0.21436403508771928 0.01608187134502924 0.03618421052631579
1 0.2891081871345029 0.22532894736842105 0.025584795321637425 0.02850877192982456
1 0.14016812865497075 0.2275219298245614 0.013523391812865496 0.038377192982456135
1 0.09283625730994152 0.24122807017543857 0.02046783625730994 0.023026315789473683
1 0.051352339181286545 0.27521929824561403 0.02887426900584795 0.05043859649122807
1 0.018092105263157895 0.28097587719298245 0.01644736842105263 0.02905701754385965
1 0.04239766081871345 0.3355263157894737 0.013157894736842105 0.019736842105263157
1 0.5449561403508771 0.30372807017543857 0.013888888888888888 0.013157894736842105
1 0.596125730994152 0.3889802631578947 0.027046783625730993 0.0356359649122807
1 0.57328216374269 0.4024122807017544 0.031067251461988302 0.04057017543859649
1 0.5352704678362573 0.40213815789473684 0.020833333333333332 0.0400219298245614
1 0.518640350877193 0.3933662280701754 0.023391812865497075 0.0356359649122807
1 0.4682017543859649 0.4095394736842105 0.02266081871345029 0.03179824561403509
1 0.4322002923976608 0.4114583333333333 0.03033625730994152 0.038925438596491224
1 0.3821271929824561 0.4095394736842105 0.023026315789473683 0.03728070175438596
1 0.3516081871345029 0.41310307017543857 0.02412280701754386 0.0356359649122807
1 0.30902777777777773 0.42050438596491224 0.023026315789473683 0.03508771929824561
1 0.1960891812865497 0.4150219298245614 0.03179824561403509 0.03399122807017543
1 0.16557017543859648 0.4292763157894737 0.02046783625730994 0.03179824561403509
1 0.1372441520467836 0.4292763157894737 0.02448830409356725 0.04057017543859649
1 0.10087719298245613 0.4375 0.021929824561403508 0.03508771929824561
1 0.0710891812865497 0.4251644736842105 0.02448830409356725 0.03125
1 0.05866228070175438 0.5359100877192983 0.014985380116959063 0.0268640350877193
1 0.12701023391812866 0.5211074561403508 0.01644736842105263 0.020285087719298246
1 0.16173245614035087 0.5175438596491228 0.010599415204678362 0.01644736842105263
1 0.1869517543859649 0.5137061403508771 0.01425438596491228 0.021929824561403508
1 0.2797880116959064 0.5087719298245614 0.017909356725146198 0.02850877192982456
1 0.346125730994152 0.5167214912280701 0.013157894736842105 0.024671052631578948
1 0.4184941520467836 0.49972587719298245 0.013157894736842105 0.02357456140350877
1 0.5277777777777778 0.49862938596491224 0.01608187134502924 0.0356359649122807
1 0.6081871345029239 0.6304824561403508 0.019005847953216373 0.03289473684210526
1 0.5376461988304093 0.5852521929824561 0.012426900584795321 0.013706140350877192
1 0.5049342105263157 0.5901864035087719 0.009137426900584795 0.021381578947368418
1 0.4438961988304093 0.6055372807017544 0.010599415204678362 0.016995614035087717
1 0.46966374269005845 0.6115679824561403 0.008771929824561403 0.013706140350877192
1 0.34082602339181284 0.6384320175438596 0.025950292397660817 0.044407894736842105
1 0.3163377192982456 0.6211622807017544 0.011330409356725146 0.017543859649122806
1 0.29532163742690054 0.6134868421052632 0.011695906432748537 0.01644736842105263
1 0.2744883040935672 0.6115679824561403 0.012426900584795321 0.020285087719298246
1 0.2404970760233918 0.6252741228070176 0.01023391812865497 0.018092105263157895
1 0.1875 0.6121162280701754 0.011695906432748537 0.021381578947368418
1 0.10014619883040934 0.6134868421052632 0.012426900584795321 0.020833333333333332
1 0.07474415204678363 0.6074561403508771 0.008406432748538011 0.017543859649122806
1 0.023026315789473683 0.6208881578947368 0.012426900584795321 0.018092105263157895
1 0.02540204678362573 0.75 0.013523391812865496 0.02850877192982456
1 0.057200292397660814 0.7143640350877193 0.029605263157894735 0.0537280701754386
1 0.02010233918128655 0.8352521929824561 0.03435672514619883 0.06743421052631579
1 0.04349415204678363 0.8314144736842105 0.03216374269005848 0.0400219298245614
1 0.06304824561403509 0.8083881578947368 0.010599415204678362 0.0356359649122807
1 0.07236842105263158 0.7952302631578947 0.015350877192982455 0.03782894736842105
1 0.12061403508771928 0.8081140350877193 0.015350877192982455 0.03618421052631579
1 0.15625 0.7727521929824561 0.012792397660818713 0.0356359649122807
1 0.164656432748538 0.8322368421052632 0.03326023391812866 0.05263157894736842
1 0.20175438596491227 0.8237390350877193 0.041666666666666664 0.05098684210526316
1 0.22404970760233917 0.84375 0.03435672514619883 0.041666666666666664
1 0.22404970760233917 0.8061951754385964 0.013888888888888888 0.042214912280701754
1 0.21198830409356723 0.7552083333333333 0.014619883040935672 0.02796052631578947
1 0.25201023391812866 0.8218201754385964 0.023757309941520467 0.044956140350877194
1 0.271016081871345 0.7461622807017544 0.017178362573099414 0.03070175438596491
1 0.29696637426900585 0.7234100877192982 0.008406432748538011 0.024671052631578948
1 0.3574561403508772 0.7524671052631579 0.019005847953216373 0.03125
1 0.39455409356725146 0.7552083333333333 0.012792397660818713 0.02796052631578947
1 0.29258040935672514 0.8432017543859649 0.032529239766081866 0.06030701754385964
1 0.3432017543859649 0.841282894736842 0.007309941520467836 0.03782894736842105
1 0.3872441520467836 0.8262061403508771 0.04788011695906433 0.042763157894736836
1 0.5098684210526315 0.7472587719298245 0.013157894736842105 0.025219298245614034
1 0.5508040935672515 0.7785087719298245 0.016812865497076022 0.03728070175438596
1 0.54203216374269 0.8231907894736842 0.03654970760233918 0.04769736842105263
1 0.625 0.7702850877192982 0.02631578947368421 0.03399122807017543
1 0.5747441520467836 0.9638157894736842 0.03326023391812866 0.05153508771929824
1 0.4535818713450292 0.9399671052631579 0.013888888888888888 0.02905701754385965
1 0.5201023391812866 0.9747807017543859 0.019005847953216373 0.05043859649122807
1 0.49652777777777773 0.9643640350877193 0.017178362573099414 0.03618421052631579
1 0.41154970760233917 0.947094298245614 0.008771929824561403 0.02357456140350877
1 0.35782163742690054 0.9550438596491228 0.023391812865497075 0.03179824561403509
1 0.29641812865497075 0.9174890350877193 0.014619883040935672 0.0268640350877193
1 0.25493421052631576 0.9709429824561403 0.0266812865497076 0.03399122807017543
1 0.17726608187134502 0.9794407894736842 0.017543859649122806 0.041118421052631575
1 0.20321637426900585 0.9668311403508771 0.01827485380116959 0.046600877192982455
1 0.04989035087719298 0.9731359649122806 0.03618421052631579 0.04714912280701754
1 0.8057383040935672 0.0356359649122807 0.03399122807017543 0.03399122807017543
1 0.9336622807017544 0.07209429824561403 0.017178362573099414 0.014802631578947368
1 0.9917763157894737 0.18311403508771928 0.01644736842105263 0.015350877192982455
1 0.9634502923976608 0.24396929824561403 0.02412280701754386 0.03399122807017543
1 0.8994883040935672 0.25109649122807015 0.016812865497076022 0.03289473684210526
1 0.8506944444444444 0.24835526315789472 0.02010233918128655 0.023026315789473683
1 0.8028143274853801 0.25246710526315785 0.0222953216374269 0.0268640350877193
1 0.7192982456140351 0.2708333333333333 0.021929824561403508 0.03070175438596491
1 0.7070540935672515 0.21737938596491227 0.013523391812865496 0.03015350877192982
1 0.7403143274853801 0.19654605263157893 0.021564327485380116 0.022478070175438597
1 0.7869152046783625 0.18311403508771928 0.014619883040935672 0.021929824561403508
1 0.8262061403508771 0.18585526315789472 0.03326023391812866 0.019736842105263157
1 0.8974780701754386 0.19407894736842105 0.01864035087719298 0.019736842105263157
1 0.9641812865497076 0.20422149122807015 0.024853801169590642 0.02576754385964912
1 0.6909722222222222 0.3645833333333333 0.021564327485380116 0.02631578947368421
1 0.9649122807017543 0.47560307017543857 0.03070175438596491 0.042214912280701754
1 0.9082602339181286 0.48410087719298245 0.03216374269005848 0.038377192982456135
1 0.8640350877192982 0.4895833333333333 0.019005847953216373 0.03179824561403509
1 0.8432017543859649 0.48739035087719296 0.02631578947368421 0.03508771929824561
1 0.7876461988304093 0.4956140350877193 0.033625730994152045 0.03179824561403509
1 0.7465277777777778 0.4808114035087719 0.0266812865497076 0.03618421052631579
1 0.7041301169590642 0.47560307017543857 0.039108187134502925 0.024671052631578948
1 0.8028143274853801 0.6058114035087719 0.028143274853801168 0.03618421052631579
1 0.8671418128654971 0.5827850877192983 0.0266812865497076 0.03179824561403509
1 0.7269736842105263 0.643640350877193 0.017543859649122806 0.020833333333333332
1 0.7476242690058479 0.6995614035087719 0.02887426900584795 0.03289473684210526
1 0.7777777777777777 0.7138157894736842 0.01827485380116959 0.03179824561403509
1 0.8013523391812865 0.703125 0.0398391812865497 0.04989035087719298
1 0.8843201754385964 0.7108004385964912 0.0222953216374269 0.04769736842105263
1 0.9331140350877193 0.7116228070175438 0.056286549707602336 0.039473684210526314
1 0.9722222222222222 0.7033991228070176 0.03435672514619883 0.0537280701754386
1 0.7119883040935672 0.772203947368421 0.017543859649122806 0.02796052631578947
1 0.8241959064327485 0.7650767543859649 0.02046783625730994 0.038925438596491224
1 0.7567616959064327 0.8401864035087718 0.01425438596491228 0.03015350877192982
1 0.8110380116959064 0.8393640350877193 0.03070175438596491 0.03618421052631579
1 0.9813596491228069 0.9147478070175438 0.033625730994152045 0.041118421052631575
1 0.8916301169590642 0.9106359649122806 0.03399122807017543 0.039473684210526314
1 0.8618421052631579 0.8969298245614035 0.029239766081871343 0.029605263157894735
1 0.8134137426900584 0.9152960526315789 0.03179824561403509 0.0356359649122807
1 0.768640350877193 0.9155701754385964 0.03216374269005848 0.044956140350877194
1 0.7065058479532164 0.9270833333333333 0.031432748538011694 0.041666666666666664
1 0.7021198830409356 0.9879385964912281 0.02850877192982456 0.02412280701754386
1 0.9395102339181286 0.9865679824561403 0.03179824561403509 0.0268640350877193
1 0.9700292397660818 0.9871162280701754 0.019005847953216373 0.02576754385964912
