1 0.5332602339181286 0.022752192982456138 0.017543859649122806 0.022478070175438597
1 0.4685672514619883 0.06277412280701754 0.023391812865497075 0.0400219298245614
1 0.43859649122807015 0.054002192982456135 0.01827485380116959 0.024671052631578948
1 0.3877923976608187 0.06030701754385964 0.027046783625730993 0.03399122807017543
1 0.33205409356725146 0.04632675438596491 0.032529239766081866 0.038925438596491224
1 0.2934941520467836 0.041118421052631575 0.01827485380116959 0.023026315789473683
1 0.27540204678362573 0.1367872807017544 0.032529239766081866 0.038925438596491224
1 0.25201023391812866 0.022752192982456138 0.038377192982456135 0.0400219298245614
1 0.06944444444444445 0.031524122807017545 0.03216374269005848 0.0400219298245614
1 0.6807383040935672 0.484375 0.03764619883040936 0.07072368421052631
1 0.7567616959064327 0.4917763157894737 0.03618421052631579 0.044956140350877194
1 0.7783260233918128 0.5962171052631579 0.03179824561403509 0.05317982456140351
1 0.7666301169590642 0.47834429824561403 0.025219298245614034 0.04769736842105263
1 0.82328216374269 0.46984649122807015 0.021564327485380116 0.05921052631578947
1 0.877375730994152 0.4786184210526315 0.017909356725146198 0.046052631578947366
1 0.9424342105263157 0.49588815789473684 0.03691520467836257 0.05098684210526316
1 1 0.4533991228070175 0.031067251461988302 0.04057017543859649
1 0.9780701754385964 0.4764254385964912 0.013888888888888888 0.01425438596491228
