1 0.01663011695906433 0.7867324561403508 0.020833333333333332 0.0581140350877193
1 0.04203216374269006 0.8525219298245613 0.013157894736842105 0.03728070175438596
1 0.0884502923976608 0.9333881578947368 0.02850877192982456 0.0356359649122807
1 0.06012426900584795 0.7881030701754386 0.013523391812865496 0.042214912280701754
1 0.08790204678362573 0.7664473684210525 0.009137426900584795 0.046052631578947366
1 0.039108187134502925 0.6962719298245613 0.03289473684210526 0.043859649122807015
1 0.06798245614035087 0.5759320175438596 0.021198830409356724 0.042214912280701754
1 0.0800438596491228 0.5309758771929824 0.01608187134502924 0.0268640350877193
1 0.08991228070175439 0.47368421052631576 0.027777777777777776 0.042763157894736836
1 0.04824561403508772 0.4290021929824561 0.02046783625730994 0.05098684210526316
1 0.05866228070175438 0.3421052631578947 0.025950292397660817 0.042763157894736836
1 0.035270467836257306 0.21271929824561403 0.017178362573099414 0.03508771929824561
1 0.051352339181286545 0.19407894736842105 0.034722222222222224 0.043859649122807015
1 0.09868421052631579 0.26425438596491224 0.041666666666666664 0.06578947368421052
1 0.09923245614035087 0.18804824561403508 0.01864035087719298 0.03508771929824561
1 0.10635964912280702 0.13898026315789472 0.01608187134502924 0.045504385964912276
1 0.01608187134502924 0.11047149122807016 0.01827485380116959 0.013706140350877192
1 0.05573830409356725 0.10361842105263157 0.031067251461988302 0.05043859649122807
1 0.41684941520467833 0.0825109649122807 0.04203216374269006 0.06195175438596491
1 0.3775584795321637 0.09429824561403508 0.01608187134502924 0.027412280701754384
1 0.3291301169590643 0.0668859649122807 0.031067251461988302 0.03728070175438596
1 0.2622441520467836 0.11595394736842105 0.042763157894736836 0.05208333333333333
1 0.13578216374269006 0.08086622807017543 0.028143274853801168 0.0400219298245614
1 0.18548976608187134 0.12308114035087718 0.0442251461988304 0.048793859649122806
1 0.1299342105263158 0.22176535087719296 0.028143274853801168 0.0268640350877193
1 0.19389619883040934 0.21655701754385964 0.031067251461988302 0.05701754385964912
1 0.1699561403508772 0.2475328947368421 0.02266081871345029 0.02905701754385965
1 0.3475877192982456 0.2099780701754386 0.029970760233918127 0.0537280701754386
1 0.3951023391812865 0.2151864035087719 0.03289473684210526 0.05427631578947368
1 0.4643640350877193 0.2151864035087719 0.04788011695906433 0.05866228070175438
1 0.3813961988304093 0.29797149122807015 0.0222953216374269 0.0400219298245614
1 0.34576023391812866 0.34155701754385964 0.04532163742690058 0.06030701754385964
1 0.34375 0.37472587719298245 0.025950292397660817 0.041118421052631575
1 0.24707602339181284 0.2494517543859649 0.029239766081871343 0.046052631578947366
1 0.28125 0.2406798245614035 0.0266812865497076 0.046052631578947366
1 0.11677631578947367 0.44435307017543857 0.019371345029239765 0.04989035087719298
1 0.15679824561403508 0.4682017543859649 0.014619883040935672 0.03289473684210526
1 0.19535818713450293 0.4786184210526315 0.0222953216374269 0.046052631578947366
1 0.2447002923976608 0.45285087719298245 0.014985380116959063 0.02850877192982456
1 0.2675438596491228 0.4572368421052631 0.021929824561403508 0.03179824561403509
1 0.26809210526315785 0.31688596491228066 0.017909356725146198 0.04057017543859649
1 0.1600877192982456 0.32839912280701755 0.017543859649122806 0.02850877192982456
1 0.2134502923976608 0.3484100877192982 0.04312865497076023 0.0400219298245614
1 0.35782163742690054 0.5315241228070176 0.02412280701754386 0.046600877192982455
1 0.37262426900584794 0.4964364035087719 0.023757309941520467 0.03673245614035087
1 0.4024122807017544 0.46463815789473684 0.02266081871345029 0.0356359649122807
1 0.4296418128654971 0.5970394736842105 0.025219298245614034 0.043859649122807015
1 0.14601608187134502 0.5896381578947368 0.028143274853801168 0.044407894736842105
1 0.17032163742690057 0.5635964912280701 0.014619883040935672 0.03179824561403509
1 0.19682017543859648 0.6115679824561403 0.01864035087719298 0.04769736842105263
1 0.2715643274853801 0.5589364035087719 0.02850877192982456 0.038925438596491224
1 0.3329678362573099 0.6990131578947368 0.015350877192982455 0.04057017543859649
1 0.3706140350877193 0.6557017543859649 0.021929824561403508 0.025219298245614034
1 0.36330409356725146 0.703125 0.02046783625730994 0.03673245614035087
1 0.43512426900584794 0.7911184210526315 0.023026315789473683 0.044956140350877194
1 0.346125730994152 0.7743969298245613 0.009502923976608187 0.018092105263157895
1 0.21144005847953215 0.7774122807017544 0.0222953216374269 0.03399122807017543
1 0.11366959064327485 0.9290021929824561 0.016812865497076022 0.05427631578947368
1 0.13578216374269006 0.9777960526315789 0.01864035087719298 0.0268640350877193
1 0.16630116959064326 0.9180372807017544 0.019005847953216373 0.04989035087719298
1 0.26078216374269003 0.8166118421052632 0.014985380116959063 0.0400219298245614
1 0.25201023391812866 0.9427083333333333 0.014985380116959063 0.038925438596491224
1 0.3221856725146199 0.981907894736842 0.027412280701754384 0.03728070175438596
1 0.3192616959064327 0.921875 0.0222953216374269 0.045504385964912276
1 0.3559941520467836 0.9004934210526315 0.015350877192982455 0.02905701754385965
1 0.37554824561403505 0.8215460526315789 0.017909356725146198 0.05098684210526316
1 0.40826023391812866 0.8259320175438596 0.015350877192982455 0.043311403508771926
1 0.4471856725146199 0.9487390350877193 0.028143274853801168 0.0356359649122807
1 0.6761695906432749 0.9936951754385964 0.011695906432748537 0.013706140350877192
1 0.7417763157894737 0.9912280701754386 0.025950292397660817 0.019736842105263157
1 0.7748538011695906 0.9890350877192982 0.027777777777777776 0.023026315789473683
1 0.8236476608187134 0.9851973684210525 0.029605263157894735 0.03070175438596491
1 0.8896198830409356 0.988486842105263 0.023391812865497075 0.025219298245614034
1 0.9649122807017543 0.9772478070175438 0.029239766081871343 0.0356359649122807
1 0.602156432748538 0.6614583333333333 0.0442251461988304 0.08826754385964912
1 0.6054459064327485 0.3421052631578947 0.05738304093567251 0.07456140350877193
1 0.7344663742690059 0.31359649122807015 0.035453216374269 0.05921052631578947
1 0.6145833333333333 0.2464364035087719 0.049342105263157895 0.05975877192982456
1 0.6524122807017544 0.23848684210526314 0.03508771929824561 0.0625
1 0.5946637426900584 0.1400767543859649 0.03654970760233918 0.06414473684210525
1 0.6538742690058479 0.14720394736842105 0.041666666666666664 0.05317982456140351
1 0.6860380116959064 0.1162280701754386 0.03508771929824561 0.0537280701754386
1 0.6902412280701754 0.2162828947368421 0.03326023391812866 0.05975877192982456
1 0.7099780701754386 0.2025767543859649 0.03179824561403509 0.05866228070175438
1 0.781798245614035 0.08086622807017543 0.021929824561403508 0.022478070175438597
1 0.8457602339181286 0.11211622807017543 0.035818713450292396 0.05646929824561403
1 0.9223318713450291 0.0981359649122807 0.04568713450292397 0.06359649122807018
1 0.8799342105263157 0.2012061403508772 0.0398391812865497 0.07346491228070175
1 0.9100877192982456 0.21025219298245612 0.02046783625730994 0.018092105263157895
