1 0.31304824561403505 0.018092105263157895 0.017909356725146198 0.029605263157894735
1 0.13486842105263158 0.062225877192982455 0.015350877192982455 0.03782894736842105
1 0.13614766081871343 0.10992324561403508 0.03691520467836257 0.06085526315789473
1 0.18110380116959063 0.1112938596491228 0.02010233918128655 0.044956140350877194
1 0.2759502923976608 0.0981359649122807 0.014619883040935672 0.019736842105263157
1 0.3355263157894737 0.1162280701754386 0.023391812865497075 0.03179824561403509
1 0.43859649122807015 0.12445175438596491 0.027046783625730993 0.03179824561403509
1 0.4941520467836257 0.12527412280701752 0.019005847953216373 0.03125
1 0.5157163742690059 0.08580043859649122 0.013157894736842105 0.016995614035087717
1 0.5855263157894737 0.09786184210526315 0.02046783625730994 0.02357456140350877
1 0.5288742690058479 0.2494517543859649 0.017543859649122806 0.02850877192982456
1 0.6509502923976608 0.12801535087719298 0.019736842105263157 0.03673245614035087
1 0.5376461988304093 0.1269188596491228 0.013888888888888888 0.022478070175438597
1 0.8594663742690059 0.1162280701754386 0.03326023391812866 0.029605263157894735
1 0.8115862573099415 0.20531798245614033 0.020833333333333332 0.02796052631578947
1 0.9097222222222222 0.8212719298245613 0.025584795321637425 0.03508771929824561
1 0.9608918128654971 0.8215460526315789 0.038011695906432746 0.05537280701754386
1 0.9901315789473684 0.8174342105263157 0.019736842105263157 0.044956140350877194
1 0.24159356725146197 0.2543859649122807 0.013888888888888888 0.02631578947368421
1 0.19773391812865496 0.24972587719298245 0.017543859649122806 0.024671052631578948
1 0.14656432748538012 0.2727521929824561 0.033625730994152045 0.03782894736842105
1 0.012792397660818713 0.3432017543859649 0.02266081871345029 0.03508771929824561
