1 0.0268640350877193 0.28426535087719296 0.017909356725146198 0.020285087719298246
1 0.012792397660818713 0.34155701754385964 0.01827485380116959 0.04057017543859649
1 0.039108187134502925 0.5476973684210527 0.02046783625730994 0.03179824561403509
1 0.11659356725146199 0.32346491228070173 0.01608187134502924 0.03618421052631579
1 0.17580409356725146 0.3199013157894737 0.02631578947368421 0.03673245614035087
1 0.16758040935672514 0.40021929824561403 0.027412280701754384 0.02850877192982456
1 0.10343567251461988 0.5263157894736842 0.013157894736842105 0.019736842105263157
1 0.1915204678362573 0.5046600877192983 0.017543859649122806 0.022478070175438597
1 0.12207602339181287 0.53125 0.021198830409356724 0.021929824561403508
1 0.27247807017543857 0.390625 0.017909356725146198 0.0356359649122807
1 0.23720760233918128 0.2859100877192982 0.019736842105263157 0.03125
1 0.2759502923976608 0.2944078947368421 0.01827485380116959 0.03399122807017543
1 0.3262061403508772 0.5625 0.025219298245614034 0.03508771929824561
1 0.3603801169590643 0.4013157894736842 0.01827485380116959 0.019736842105263157
1 0.34137426900584794 0.30975877192982454 0.019005847953216373 0.027412280701754384
1 0.4307383040935672 0.3059210526315789 0.023757309941520467 0.02631578947368421
1 0.4331140350877193 0.5087719298245614 0.021929824561403508 0.029605263157894735
1 0.481359649122807 0.3889802631578947 0.014619883040935672 0.02357456140350877
1 0.4817251461988304 0.28371710526315785 0.02631578947368421 0.03125
1 0.48245614035087714 0.5561951754385964 0.021929824561403508 0.042214912280701754
1 0.4141081871345029 0.6414473684210525 0.01827485380116959 0.046052631578947366
1 0.5575657894736842 0.27110745614035087 0.027412280701754384 0.03782894736842105
1 0.6425438596491228 0.25548245614035087 0.02266081871345029 0.01864035087719298
1 0.5551900584795322 0.40405701754385964 0.023391812865497075 0.027412280701754384
1 0.6063596491228069 0.4155701754385965 0.027777777777777776 0.049342105263157895
1 0.6816520467836257 0.40625 0.027046783625730993 0.019736842105263157
1 0.6611842105263157 0.5090460526315789 0.035818713450292396 0.0356359649122807
1 0.5531798245614035 0.5476973684210527 0.03326023391812866 0.03618421052631579
1 0.5601242690058479 0.5433114035087719 0.0222953216374269 0.023026315789473683
1 0.5899122807017544 0.6134868421052632 0.01827485380116959 0.029605263157894735
1 0.79203216374269 0.26809210526315785 0.029239766081871343 0.021929824561403508
1 0.8530701754385964 0.26343201754385964 0.02266081871345029 0.03125
1 0.7372076023391813 0.43146929824561403 0.00804093567251462 0.01864035087719298
1 0.8134137426900584 0.5501644736842105 0.017909356725146198 0.03234649122807017
1 0.9184941520467835 0.5074013157894737 0.02631578947368421 0.03125
1 0.9570540935672515 0.5087719298245614 0.020833333333333332 0.04057017543859649
1 0.9409722222222222 0.40487938596491224 0.021564327485380116 0.041118421052631575
1 0.896016081871345 0.3358004385964912 0.08077485380116958 0.09923245614035087
1 0.9512061403508771 0.30372807017543857 0.034722222222222224 0.049342105263157895
1 0.8285818713450291 0.3952850877192982 0.02631578947368421 0.017543859649122806
1 0.9839181286549707 0.6115679824561403 0.016812865497076022 0.03782894736842105
1 0.8994883040935672 0.6030701754385964 0.01827485380116959 0.021929824561403508
1 0.9217836257309941 0.7053179824561403 0.014619883040935672 0.014802631578947368
1 0.6240862573099415 0.7434210526315789 0.039108187134502925 0.046052631578947366
1 0.5694444444444444 0.7324561403508771 0.031432748538011694 0.0537280701754386
1 0.5224780701754386 0.728344298245614 0.049342105263157895 0.048793859649122806
1 0.4453581871345029 0.7028508771929824 0.032529239766081866 0.041666666666666664
1 0.29203216374269003 0.6455592105263157 0.019005847953216373 0.03125
1 0.23921783625730994 0.6458333333333333 0.025219298245614034 0.02850877192982456
1 0.07894736842105263 0.6400767543859649 0.019005847953216373 0.024671052631578948
1 0.011695906432748537 0.9838267543859649 0.011695906432748537 0.012609649122807017
1 0.16264619883040934 0.9777960526315789 0.010964912280701754 0.0268640350877193
1 0.2353801169590643 0.9646381578947368 0.01608187134502924 0.022478070175438597
1 0.3989400584795321 0.9827302631578947 0.023757309941520467 0.013706140350877192
1 0.5025584795321637 0.9555921052631579 0.016812865497076022 0.021929824561403508
1 0.570906432748538 0.9736842105263157 0.017543859649122806 0.02631578947368421
1 0.6313961988304093 0.9928728070175438 0.023026315789473683 0.01425438596491228
1 0.66703216374269 0.9827302631578947 0.02046783625730994 0.015899122807017545
1 0.7026681286549707 0.96875 0.01864035087719298 0.01644736842105263
1 0.7949561403508771 0.9764254385964912 0.02412280701754386 0.01864035087719298
1 0.8262061403508771 0.9555921052631579 0.03399122807017543 0.021929824561403508
1 0.9205043859649122 0.978344298245614 0.019371345029239765 0.013706140350877192
1 0.9638157894736842 0.9756030701754386 0.035818713450292396 0.0356359649122807
1 0.9932383040935672 0.9799890350877193 0.013523391812865496 0.020285087719298246
