1 0.26425438596491224 0.009046052631578948 0.016812865497076022 0.014802631578947368
1 0.012792397660818713 0.26589912280701755 0.021929824561403508 0.03179824561403509
1 0.04788011695906433 0.272203947368421 0.02266081871345029 0.0400219298245614
1 0.18073830409356725 0.2519188596491228 0.02448830409356725 0.03782894736842105
1 0.2185672514619883 0.25 0.021929824561403508 0.03728070175438596
1 0.2598684210526316 0.25219298245614036 0.027046783625730993 0.03289473684210526
1 0.2883771929824561 0.23711622807017543 0.021929824561403508 0.0356359649122807
1 0.3218201754385965 0.24342105263157893 0.025219298245614034 0.03289473684210526
1 0.24616228070175436 0.3665021929824561 0.032529239766081866 0.03125
1 0.19444444444444442 0.3527960526315789 0.013157894736842105 0.03125
1 0.13578216374269006 0.3626644736842105 0.020833333333333332 0.0400219298245614
1 0.07657163742690058 0.3678728070175438 0.02887426900584795 0.05921052631578947
1 0.049342105263157895 0.3667763157894737 0.03289473684210526 0.05043859649122807
1 0.14656432748538012 0.8209978070175438 0.04532163742690058 0.048793859649122806
1 0.26516812865497075 0.9018640350877193 0.03326023391812866 0.03508771929824561
1 0.46984649122807015 0.08991228070175439 0.038377192982456135 0.04824561403508772
1 0.5020102339181286 0.07785087719298245 0.035453216374269 0.0668859649122807
1 0.5169956140350876 0.10773026315789473 0.038377192982456135 0.06633771929824561
1 0.5782163742690059 0.08223684210526315 0.03654970760233918 0.029605263157894735
1 0.7567616959064327 0.03618421052631579 0.05080409356725146 0.0581140350877193
1 0.8919956140350876 0.09375 0.04349415204678363 0.0537280701754386
1 0.9786184210526315 0.07593201754385964 0.038377192982456135 0.042214912280701754
1 0.8066520467836257 0.2338267543859649 0.0533625730994152 0.05975877192982456
1 0.772843567251462 0.2050438596491228 0.059576023391812866 0.06469298245614034
1 0.6699561403508771 0.3086622807017544 0.019736842105263157 0.03070175438596491
1 0.7012061403508771 0.31222587719298245 0.039108187134502925 0.04769736842105263
1 0.8236476608187134 0.33031798245614036 0.035453216374269 0.03782894736842105
1 0.8929093567251462 0.31743421052631576 0.023391812865497075 0.02412280701754386
1 0.5572002923976608 0.34484649122807015 0.019371345029239765 0.01425438596491228
1 0.7012061403508771 0.18338815789473684 0.025219298245614034 0.03125
1 0.4844663742690058 0.334703947368421 0.02448830409356725 0.0268640350877193
1 0.39455409356725146 0.4649122807017544 0.01425438596491228 0.03070175438596491
1 0.8252923976608186 0.4577850877192982 0.02412280701754386 0.023026315789473683
1 0.8817616959064327 0.45559210526315785 0.02010233918128655 0.02631578947368421
1 0.9429824561403508 0.5493421052631579 0.023391812865497075 0.021929824561403508
1 0.7642543859649122 0.5627741228070176 0.015350877192982455 0.0268640350877193
1 0.6260964912280701 0.569078947368421 0.031432748538011694 0.042763157894736836
1 0.5297880116959064 0.5715460526315789 0.034722222222222224 0.05975877192982456
1 0.4155701754385965 0.6071820175438596 0.019736842105263157 0.020285087719298246
1 0.42525584795321636 0.712719298245614 0.02887426900584795 0.044956140350877194
1 0.45614035087719296 0.6951754385964912 0.014619883040935672 0.019736842105263157
1 0.6938961988304093 0.6378837719298245 0.05738304093567251 0.06195175438596491
1 0.9925073099415204 0.6414473684210525 0.014985380116959063 0.021929824561403508
1 0.9057017543859649 0.7711074561403508 0.012426900584795321 0.011513157894736841
1 0.6860380116959064 0.9013157894736842 0.023391812865497075 0.029605263157894735
1 0.8028143274853801 0.8840460526315789 0.023757309941520467 0.0268640350877193
1 0.9258040935672515 0.9868421052631579 0.03435672514619883 0.02631578947368421
