1 0.07328216374269006 0.12061403508771928 0.028143274853801168 0.029605263157894735
1 0.05281432748538011 0.14775219298245612 0.02887426900584795 0.03125
1 0.11385233918128654 0.12280701754385964 0.03326023391812866 0.05263157894736842
1 0.17781432748538012 0.12280701754385964 0.02448830409356725 0.03508771929824561
1 0.24122807017543857 0.1293859649122807 0.01608187134502924 0.02631578947368421
1 0.26571637426900585 0.11403508771929824 0.02266081871345029 0.03399122807017543
1 0.43165204678362573 0.1299342105263158 0.027777777777777776 0.03070175438596491
1 0.4579678362573099 0.13267543859649122 0.024853801169590642 0.03070175438596491
1 0.4917763157894737 0.11842105263157894 0.020833333333333332 0.021929824561403508
1 0.6270102339181286 0.09786184210526315 0.015716374269005847 0.020285087719298246
1 0.6074561403508771 0.10718201754385964 0.01608187134502924 0.024671052631578948
1 0.6641081871345029 0.09155701754385964 0.025584795321637425 0.03618421052631579
1 0.6895102339181286 0.1074561403508772 0.01864035087719298 0.021929824561403508
1 0.7134502923976608 0.22779605263157893 0.029239766081871343 0.042214912280701754
1 0.6527777777777778 0.22779605263157893 0.02631578947368421 0.05098684210526316
1 0.6074561403508771 0.2637061403508772 0.015350877192982455 0.04057017543859649
1 0.5963084795321637 0.2308114035087719 0.029605263157894735 0.03399122807017543
1 0.5352704678362573 0.24287280701754385 0.03326023391812866 0.041666666666666664
1 0.44243421052631576 0.24122807017543857 0.025950292397660817 0.03618421052631579
1 0.2876461988304093 0.26809210526315785 0.03070175438596491 0.04714912280701754
1 0.26571637426900585 0.2587719298245614 0.02266081871345029 0.04714912280701754
1 0.18804824561403508 0.25027412280701755 0.023026315789473683 0.0356359649122807
1 0.14839181286549707 0.2574013157894737 0.021198830409356724 0.0268640350877193
1 0.07072368421052631 0.23711622807017543 0.04641812865497076 0.05427631578947368
1 0.6719663742690059 0.334703947368421 0.039108187134502925 0.05098684210526316
1 0.5650584795321637 0.38130482456140347 0.046052631578947366 0.07730263157894736
1 0.518640350877193 0.4671052631578947 0.02046783625730994 0.029605263157894735
1 0.2797880116959064 0.4690241228070175 0.03179824561403509 0.05537280701754386
1 0.15533625730994152 0.3933662280701754 0.014619883040935672 0.0268640350877193
1 0.09868421052631579 0.38788377192982454 0.021929824561403508 0.03234649122807017
1 0.1822002923976608 0.4876644736842105 0.020833333333333332 0.02796052631578947
1 0.22551169590643275 0.6096491228070176 0.024853801169590642 0.03618421052631579
1 0.125 0.709703947368421 0.03435672514619883 0.05208333333333333
1 0.16173245614035087 0.7108004385964912 0.028143274853801168 0.0356359649122807
1 0.23830409356725146 0.721765350877193 0.038011695906432746 0.044407894736842105
1 0.712719298245614 0.7256030701754386 0.038011695906432746 0.05317982456140351
1 0.6630116959064327 0.7099780701754386 0.011695906432748537 0.019736842105263157
1 0.7012061403508771 0.8168859649122806 0.023757309941520467 0.03070175438596491
1 0.6787280701754386 0.8144188596491228 0.023391812865497075 0.038925438596491224
1 0.6191520467836257 0.8262061403508771 0.021929824561403508 0.029605263157894735
1 0.5762061403508771 0.8215460526315789 0.02010233918128655 0.02905701754385965
1 0.4278143274853801 0.8133223684210525 0.023757309941520467 0.03015350877192982
1 0.39071637426900585 0.813048245614035 0.021929824561403508 0.03070175438596491
1 0.34429824561403505 0.8146929824561403 0.021929824561403508 0.02850877192982456
1 0.2905701754385965 0.8242872807017544 0.016812865497076022 0.019188596491228067
1 0.26608187134502925 0.8231907894736842 0.024853801169590642 0.038925438596491224
1 0.24122807017543857 0.8177083333333333 0.02412280701754386 0.03015350877192982
1 0.13669590643274854 0.8242872807017544 0.02266081871345029 0.0268640350877193
1 0.48282163742690054 0.8955592105263157 0.03289473684210526 0.0400219298245614
1 0.8174342105263157 0.09457236842105263 0.02448830409356725 0.03234649122807017
1 0.8940058479532164 0.09320175438596491 0.014619883040935672 0.03508771929824561
1 0.9453581871345029 0.09402412280701754 0.0222953216374269 0.03125
1 0.9954312865497076 0.08223684210526315 0.009137426900584795 0.029605263157894735
1 0.8057383040935672 0.22395833333333331 0.035453216374269 0.05317982456140351
1 0.9296418128654971 0.19846491228070173 0.044956140350877194 0.05701754385964912
1 0.9667397660818713 0.29660087719298245 0.010964912280701754 0.02412280701754386
1 0.9100877192982456 0.3100328947368421 0.011695906432748537 0.03673245614035087
1 0.8534356725146198 0.45860745614035087 0.00804093567251462 0.024671052631578948
1 0.8848684210526315 0.4492872807017544 0.00804093567251462 0.015899122807017545
1 0.9424342105263157 0.765625 0.01206140350877193 0.022478070175438597
1 0.9126461988304093 0.7697368421052632 0.017543859649122806 0.025219298245614034
1 0.8399122807017544 0.8015350877192982 0.02266081871345029 0.02631578947368421
