1 0.03234649122807017 0.09895833333333333 0.03326023391812866 0.03673245614035087
1 0.06103801169590643 0.08525219298245613 0.027777777777777776 0.03782894736842105
1 0.10489766081871345 0.10115131578947367 0.025584795321637425 0.03782894736842105
1 0.13285818713450293 0.09923245614035087 0.027412280701754384 0.041666666666666664
1 0.1913377192982456 0.10279605263157894 0.025219298245614034 0.044407894736842105
1 0.25091374269005845 0.07428728070175439 0.03033625730994152 0.0356359649122807
1 0.24360380116959063 0.1924342105263158 0.03691520467836257 0.049342105263157895
1 0.22569444444444442 0.21902412280701752 0.031067251461988302 0.0400219298245614
1 0.20358187134502922 0.20586622807017543 0.03070175438596491 0.05098684210526316
1 0.1513157894736842 0.21408991228070173 0.03289473684210526 0.03125
1 0.10489766081871345 0.18777412280701752 0.029970760233918127 0.044407894736842105
1 0.0849780701754386 0.22779605263157893 0.027412280701754384 0.0400219298245614
1 0.04239766081871345 0.21737938596491227 0.033625730994152045 0.03344298245614035
1 0.29239766081871343 0.31359649122807015 0.021929824561403508 0.02850877192982456
1 0.22112573099415203 0.30235745614035087 0.01827485380116959 0.022478070175438597
1 0.17489035087719298 0.33114035087719296 0.01864035087719298 0.029605263157894735
1 0.13961988304093567 0.3308662280701754 0.02266081871345029 0.0268640350877193
1 0.09612573099415204 0.35060307017543857 0.02631578947368421 0.0268640350877193
1 0.03125 0.3215460526315789 0.025219298245614034 0.0356359649122807
1 0.017543859649122806 0.4462719298245614 0.02631578947368421 0.02631578947368421
1 0.11038011695906433 0.4421600877192982 0.03070175438596491 0.0268640350877193
1 0.17708333333333331 0.4355811403508772 0.03764619883040936 0.0268640350877193
1 0.3081140350877193 0.43338815789473684 0.03216374269005848 0.0268640350877193
1 0.29696637426900585 0.5345394736842105 0.035453216374269 0.038377192982456135
1 0.2450657894736842 0.5540021929824561 0.034722222222222224 0.0356359649122807
1 0.2309941520467836 0.5356359649122807 0.027046783625730993 0.02631578947368421
1 0.1909722222222222 0.5452302631578947 0.032529239766081866 0.0268640350877193
1 0.16337719298245612 0.5441337719298245 0.021929824561403508 0.03125
1 0.06926169590643275 0.5476973684210527 0.0266812865497076 0.04714912280701754
1 0.038011695906432746 0.5375548245614035 0.029970760233918127 0.06414473684210525
1 0.012244152046783625 0.6655701754385964 0.023026315789473683 0.017543859649122806
1 0.09283625730994152 0.6636513157894737 0.02412280701754386 0.021381578947368418
1 0.2046783625730994 0.6636513157894737 0.021929824561403508 0.022478070175438597
1 0.31304824561403505 0.6674890350877193 0.017909356725146198 0.03125
1 0.19426169590643275 0.7612390350877193 0.02887426900584795 0.03125
1 0.24323830409356723 0.7593201754385964 0.01864035087719298 0.023026315789473683
1 0.24269005847953215 0.8837719298245613 0.025584795321637425 0.041666666666666664
1 0.1074561403508772 0.8837719298245613 0.03070175438596491 0.023026315789473683
1 0.0581140350877193 0.8574561403508771 0.017543859649122806 0.021929824561403508
1 0.15734649122807018 0.7768640350877193 0.01644736842105263 0.021929824561403508
1 0.02046783625730994 0.7900219298245613 0.025584795321637425 0.03399122807017543
1 0.08205409356725146 0.7809758771929824 0.03033625730994152 0.02576754385964912
1 0.13432017543859648 0.7768640350877193 0.0222953216374269 0.02631578947368421
1 0.16173245614035087 0.9838267543859649 0.027412280701754384 0.03234649122807017
1 0.3072002923976608 0.7678179824561403 0.03033625730994152 0.024671052631578948
1 0.6571637426900584 0.06743421052631579 0.038011695906432746 0.0625
1 0.9809941520467835 0.058388157894736836 0.038011695906432746 0.06195175438596491
1 0.8435672514619883 0.07593201754385964 0.02631578947368421 0.0356359649122807
1 0.7713815789473684 0.08223684210526315 0.05080409356725146 0.06140350877192982
1 0.6960891812865496 0.078125 0.05080409356725146 0.05975877192982456
1 0.4278143274853801 0.0849780701754386 0.039108187134502925 0.0537280701754386
1 0.5674342105263157 0.2250548245614035 0.027412280701754384 0.03344298245614035
1 0.5747441520467836 0.19490131578947367 0.032529239766081866 0.05975877192982456
1 0.6270102339181286 0.1995614035087719 0.021564327485380116 0.04057017543859649
1 0.6997441520467836 0.1924342105263158 0.023757309941520467 0.02850877192982456
1 0.7578581871345029 0.18832236842105263 0.01206140350877193 0.019188596491228067
1 0.7759502923976608 0.21080043859649122 0.013157894736842105 0.019188596491228067
1 0.8700657894736842 0.22341008771929824 0.02448830409356725 0.0356359649122807
1 0.8921783625730993 0.16913377192982454 0.021929824561403508 0.022478070175438597
1 0.9468201754385964 0.18859649122807015 0.020833333333333332 0.025219298245614034
1 0.958516081871345 0.16968201754385964 0.028143274853801168 0.038925438596491224
1 0.9605263157894737 0.3086622807017544 0.025584795321637425 0.041666666666666664
1 0.596125730994152 0.3308662280701754 0.023391812865497075 0.0356359649122807
1 0.5274122807017544 0.33963815789473684 0.03435672514619883 0.0400219298245614
1 0.4859283625730994 0.3075657894736842 0.031067251461988302 0.07017543859649122
1 0.4473684210526315 0.33771929824561403 0.02266081871345029 0.03070175438596491
1 0.5093201754385964 0.43612938596491224 0.023757309941520467 0.05317982456140351
1 0.5849780701754386 0.4336622807017544 0.025219298245614034 0.0668859649122807
1 0.6255482456140351 0.4226973684210526 0.031067251461988302 0.05153508771929824
1 0.6927997076023391 0.41968201754385964 0.03764619883040936 0.041118421052631575
1 0.7640716374269005 0.40625 0.05153508771929824 0.03618421052631579
1 0.8865131578947368 0.397203947368421 0.03764619883040936 0.06962719298245613
1 0.9243421052631579 0.3993969298245614 0.03289473684210526 0.05756578947368421
1 0.9413377192982456 0.41776315789473684 0.027412280701754384 0.021929824561403508
1 0.9925073099415204 0.4199561403508772 0.014985380116959063 0.04057017543859649
1 0.9438961988304093 0.5202850877192983 0.04568713450292397 0.0537280701754386
1 0.9082602339181286 0.509594298245614 0.02850877192982456 0.06633771929824561
1 0.8682383040935672 0.5180921052631579 0.02448830409356725 0.027412280701754384
1 0.8364400584795321 0.5246710526315789 0.03399122807017543 0.038377192982456135
1 0.6200657894736842 0.522203947368421 0.017178362573099414 0.05208333333333333
1 0.5844298245614035 0.5430372807017544 0.029239766081871343 0.03673245614035087
1 0.5248538011695906 0.5276864035087719 0.02046783625730994 0.02576754385964912
1 0.49122807017543857 0.5331688596491228 0.03435672514619883 0.044407894736842105
1 0.4278143274853801 0.5490679824561403 0.03033625730994152 0.042214912280701754
1 0.40332602339181284 0.6387061403508771 0.0222953216374269 0.021929824561403508
1 0.4605263157894737 0.6524122807017544 0.02266081871345029 0.043859649122807015
1 0.48245614035087714 0.7014802631578947 0.039473684210526314 0.06304824561403509
1 0.5067616959064327 0.6636513157894737 0.0625 0.05866228070175438
1 0.57328216374269 0.6743421052631579 0.023757309941520467 0.04057017543859649
1 0.5990497076023391 0.7258771929824561 0.033625730994152045 0.0625
1 0.6328581871345029 0.6696820175438596 0.04203216374269006 0.05756578947368421
1 0.6567982456140351 0.7009320175438596 0.033625730994152045 0.08168859649122806
1 0.6644736842105263 0.7785087719298245 0.035818713450292396 0.05482456140350877
1 0.5659722222222222 0.7990679824561403 0.042763157894736836 0.06085526315789473
1 0.6913377192982456 0.6839364035087719 0.05226608187134503 0.05866228070175438
1 0.7348318713450293 0.6737938596491228 0.03326023391812866 0.038377192982456135
1 0.7622441520467835 0.7702850877192982 0.0442251461988304 0.049342105263157895
1 0.7759502923976608 0.6831140350877193 0.038011695906432746 0.04824561403508772
1 0.8432017543859649 0.6521381578947368 0.04093567251461988 0.0268640350877193
1 0.8046418128654971 0.6296600877192982 0.03179824561403509 0.0400219298245614
1 0.8276681286549707 0.625 0.028143274853801168 0.029605263157894735
1 0.8008040935672515 0.7524671052631579 0.04093567251461988 0.06195175438596491
1 0.8711622807017544 0.6828399122807017 0.035453216374269 0.06743421052631579
1 0.9057017543859649 0.6759868421052632 0.031432748538011694 0.042763157894736836
1 0.8340643274853801 0.7552083333333333 0.03728070175438596 0.05208333333333333
1 0.8682383040935672 0.7571271929824561 0.04714912280701754 0.06030701754385964
1 0.8974780701754386 0.7700109649122806 0.04714912280701754 0.0762061403508772
1 0.9488304093567251 0.7708333333333333 0.041666666666666664 0.06359649122807018
1 0.9844663742690057 0.7727521929824561 0.031067251461988302 0.07182017543859649
1 0.9570540935672515 0.6647478070175438 0.04203216374269006 0.07182017543859649
1 0.9842836257309941 0.6535087719298245 0.031432748538011694 0.05701754385964912
1 0.989766081871345 0.9799890350877193 0.02046783625730994 0.0400219298245614
1 0.9700292397660818 0.953125 0.029239766081871343 0.05866228070175438
1 0.9512061403508771 0.9385964912280701 0.009868421052631578 0.05153508771929824
1 0.9100877192982456 0.938048245614035 0.01023391812865497 0.027412280701754384
1 0.8589181286549707 0.8760964912280701 0.009502923976608187 0.023026315789473683
1 0.8008040935672515 0.8799342105263157 0.014619883040935672 0.042763157894736836
1 0.8110380116959064 0.9638157894736842 0.019736842105263157 0.05263157894736842
1 0.783625730994152 0.9682017543859649 0.03070175438596491 0.06359649122807018
1 0.7534722222222222 0.9709429824561403 0.04349415204678363 0.04714912280701754
1 0.7240497076023391 0.8758223684210525 0.013157894736842105 0.02357456140350877
1 0.6792763157894737 0.8834978070175438 0.017909356725146198 0.02796052631578947
1 0.7105263157894737 0.9690241228070174 0.04312865497076023 0.044407894736842105
1 0.664656432748538 0.9599780701754386 0.034722222222222224 0.0625
1 0.6240862573099415 0.9824561403508771 0.023757309941520467 0.03508771929824561
1 0.5650584795321637 0.9369517543859649 0.027046783625730993 0.06030701754385964
1 0.6416301169590642 0.8771929824561403 0.014985380116959063 0.03070175438596491
1 0.5782163742690059 0.8884320175438596 0.012426900584795321 0.02905701754385965
1 0.5497076023391813 0.8834978070175438 0.013157894736842105 0.024671052631578948
1 0.3965643274853801 0.8999451754385964 0.025584795321637425 0.03782894736842105
1 0.49616228070175433 0.8530701754385964 0.01425438596491228 0.044956140350877194
1 0.5244883040935672 0.8870614035087718 0.01827485380116959 0.03179824561403509
