1 0.13779239766081872 0.5984100877192983 0.02850877192982456 0.0356359649122807
1 0.7807017543859649 0.0849780701754386 0.04093567251461988 0.0537280701754386
1 0.3530701754385965 0.4865679824561403 0.06359649122807018 0.05537280701754386
1 0.5263157894736842 0.48684210526315785 0.03070175438596491 0.09100877192982455
1 0.5762061403508771 0.5049342105263157 0.034722222222222224 0.038377192982456135
1 0.6580774853801169 0.484375 0.0625 0.05317982456140351
1 0.7465277777777778 0.4618969298245614 0.05080409356725146 0.04989035087719298
1 0.8057383040935672 0.4950657894736842 0.04641812865497076 0.09100877192982455
1 0.9018640350877193 0.47313596491228066 0.03179824561403509 0.04057017543859649
1 0.9791666666666666 0.45422149122807015 0.041666666666666664 0.05975877192982456
1 0.314875730994152 0.750548245614035 0.05153508771929824 0.039473684210526314
1 0.3682383040935672 0.7508223684210525 0.039108187134502925 0.06633771929824561
1 0.4057017543859649 0.7324561403508771 0.05116959064327485 0.0712719298245614
1 0.44828216374269003 0.753015350877193 0.019371345029239765 0.0356359649122807
1 0.4722222222222222 0.7406798245614035 0.051900584795321635 0.05153508771929824
1 0.5440423976608186 0.7351973684210525 0.042763157894736836 0.07017543859649122
1 0.5913742690058479 0.7680921052631579 0.043859649122807015 0.049342105263157895
1 0.6317616959064327 0.7650767543859649 0.034722222222222224 0.06743421052631579
1 0.6946271929824561 0.7461622807017544 0.03179824561403509 0.06140350877192982
1 0.7838084795321637 0.7650767543859649 0.025219298245614034 0.05208333333333333
1 0.82328216374269 0.7552083333333333 0.038377192982456135 0.048793859649122806
1 0.8697002923976608 0.7502741228070176 0.044956140350877194 0.048793859649122806
1 0.8965643274853801 0.7461622807017544 0.029970760233918127 0.05701754385964912
1 0.9331140350877193 0.734375 0.041666666666666664 0.05317982456140351
1 0.9778874269005847 0.7620614035087719 0.0442251461988304 0.06578947368421052
1 0.4649122807017544 0.9838267543859649 0.029239766081871343 0.03234649122807017
1 0.5288742690058479 0.987390350877193 0.019736842105263157 0.025219298245614034
1 0.5557383040935672 0.9838267543859649 0.0266812865497076 0.03234649122807017
1 0.6726973684210525 0.9857456140350876 0.044956140350877194 0.02850877192982456
1 0.7754020467836257 0.9917763157894737 0.04057017543859649 0.01644736842105263
1 0.8150584795321637 0.987390350877193 0.035818713450292396 0.025219298245614034
1 0.8799342105263157 0.9832785087719298 0.048611111111111105 0.03344298245614035
