1 0.2353801169590643 0.7472587719298245 0.02412280701754386 0.03728070175438596
1 0.2002923976608187 0.5827850877192983 0.02046783625730994 0.023026315789473683
1 0.023940058479532164 0.685032894736842 0.023026315789473683 0.02576754385964912
1 0.03125 0.8952850877192982 0.021564327485380116 0.03399122807017543
1 0.09375 0.9139254385964912 0.017178362573099414 0.023026315789473683
1 0.14948830409356725 0.8958333333333333 0.024853801169590642 0.023026315789473683
1 0.2447002923976608 0.921875 0.031067251461988302 0.03344298245614035
1 0.2803362573099415 0.90625 0.02046783625730994 0.021929824561403508
1 0.40040204678362573 0.9525767543859649 0.0266812865497076 0.05208333333333333
1 0.383406432748538 0.5021929824561403 0.031432748538011694 0.038377192982456135
1 0.9365862573099415 0.7993421052631579 0.019371345029239765 0.03399122807017543
1 0.7298976608187134 0.8061951754385964 0.014619883040935672 0.03125
1 0.45175438596491224 0.8215460526315789 0.02266081871345029 0.03125
1 0.6317616959064327 0.9797149122807017 0.020833333333333332 0.03289473684210526
1 0.6302997076023391 0.8752741228070174 0.01864035087719298 0.013706140350877192
1 0.6858552631578947 0.915844298245614 0.017178362573099414 0.03234649122807017
1 0.6732456140350876 0.8961074561403508 0.01023391812865497 0.019188596491228067
1 0.7803362573099415 0.9917763157894737 0.01827485380116959 0.01644736842105263
1 0.9608918128654971 0.9372258771929824 0.019005847953216373 0.05098684210526316
