1 0.13176169590643275 0.01781798245614035 0.02887426900584795 0.03234649122807017
1 0.2324561403508772 0.15652412280701752 0.019736842105263157 0.0400219298245614
1 0.21875 0.18804824561403508 0.03179824561403509 0.019736842105263157
1 0.021564327485380116 0.4350328947368421 0.021198830409356724 0.018092105263157895
1 0.06012426900584795 0.4237938596491228 0.013523391812865496 0.021929824561403508
1 0.1160453216374269 0.4514802631578947 0.01864035087719298 0.018092105263157895
1 0.03764619883040936 0.6304824561403508 0.04751461988304093 0.03728070175438596
1 0.03234649122807017 0.8305921052631579 0.020833333333333332 0.03618421052631579
1 0.008406432748538011 0.844298245614035 0.015350877192982455 0.017543859649122806
1 0.1288377192982456 0.841282894736842 0.0222953216374269 0.02905701754385965
1 0.19682017543859648 0.8314144736842105 0.03399122807017543 0.04769736842105263
1 0.17781432748538012 0.9459978070175438 0.020833333333333332 0.020285087719298246
1 0.11421783625730994 0.9558662280701754 0.025950292397660817 0.04989035087719298
1 0.07748538011695906 0.9734100877192982 0.023391812865497075 0.0268640350877193
1 0.21637426900584794 0.9643640350877193 0.02046783625730994 0.019736842105263157
1 0.23428362573099415 0.9638157894736842 0.024853801169590642 0.021929824561403508
1 0.2768640350877193 0.18585526315789472 0.019371345029239765 0.041666666666666664
1 0.3682383040935672 0.1299342105263158 0.019371345029239765 0.03728070175438596
1 0.4619883040935672 0.14967105263157893 0.019736842105263157 0.023026315789473683
1 0.5239400584795322 0.13048245614035087 0.02448830409356725 0.025219298245614034
1 0.4133771929824561 0.20148026315789472 0.011695906432748537 0.019188596491228067
1 0.5038377192982456 0.2064144736842105 0.012792397660818713 0.020285087719298246
1 0.814875730994152 0.15487938596491227 0.021564327485380116 0.03782894736842105
1 0.6915204678362573 0.1162280701754386 0.021198830409356724 0.025219298245614034
1 0.7861842105263157 0.1162280701754386 0.025584795321637425 0.038377192982456135
1 0.7456140350877193 0.00932017543859649 0.013888888888888888 0.017543859649122806
1 0.8358918128654971 0.31688596491228066 0.02266081871345029 0.03728070175438596
1 0.8002558479532164 0.31798245614035087 0.034722222222222224 0.038377192982456135
1 0.7640716374269005 0.3199013157894737 0.03326023391812866 0.03673245614035087
1 0.59375 0.1924342105263158 0.008406432748538011 0.017543859649122806
1 0.7002923976608186 0.3215460526315789 0.021198830409356724 0.03125
1 0.7598684210526315 0.4152960526315789 0.013888888888888888 0.022478070175438597
1 0.6494883040935672 0.4152960526315789 0.01608187134502924 0.0268640350877193
1 0.6162280701754386 0.4199561403508772 0.015350877192982455 0.017543859649122806
1 0.6597222222222222 0.3212719298245614 0.02850877192982456 0.03179824561403509
1 0.612390350877193 0.31798245614035087 0.023757309941520467 0.03399122807017543
1 0.5829678362573099 0.32675438596491224 0.02631578947368421 0.03508771929824561
1 0.5332602339181286 0.31688596491228066 0.02046783625730994 0.03070175438596491
1 0.4278143274853801 0.3218201754385965 0.031067251461988302 0.03179824561403509
1 0.39364035087719296 0.3327850877192982 0.02412280701754386 0.03618421052631579
1 0.37554824561403505 0.34868421052631576 0.02010233918128655 0.04057017543859649
1 0.3355263157894737 0.3558114035087719 0.023391812865497075 0.03508771929824561
1 0.30025584795321636 0.3289473684210526 0.02887426900584795 0.03508771929824561
1 0.283625730994152 0.4270833333333333 0.015350877192982455 0.021929824561403508
1 0.5102339181286549 0.4202302631578947 0.01608187134502924 0.022478070175438597
1 0.5762061403508771 0.4306469298245614 0.011330409356725146 0.014802631578947368
1 0.2768640350877193 0.5487938596491228 0.015716374269005847 0.020833333333333332
1 0.427266081871345 0.5298793859649122 0.017543859649122806 0.018092105263157895
1 0.47368421052631576 0.5315241228070176 0.01827485380116959 0.022478070175438597
1 0.5098684210526315 0.5293311403508771 0.013888888888888888 0.024671052631578948
1 0.5376461988304093 0.5400219298245613 0.012426900584795321 0.013157894736842105
1 0.5572002923976608 0.5419407894736842 0.013523391812865496 0.013706140350877192
1 0.556469298245614 0.5197368421052632 0.027412280701754384 0.03399122807017543
1 0.8238304093567251 0.5230263157894737 0.013157894736842105 0.01864035087719298
1 0.7797880116959064 0.5150767543859649 0.012792397660818713 0.019188596491228067
1 0.2494517543859649 0.6291118421052632 0.023026315789473683 0.03015350877192982
1 0.23336988304093567 0.7308114035087719 0.04057017543859649 0.042763157894736836
1 0.26809210526315785 0.7554824561403508 0.035453216374269 0.06140350877192982
1 0.29586988304093564 0.7678179824561403 0.03618421052631579 0.03782894736842105
1 0.29258040935672514 0.6883223684210525 0.017178362573099414 0.010416666666666666
1 0.283625730994152 0.7025767543859649 0.031432748538011694 0.019188596491228067
1 0.35197368421052627 0.6973684210526315 0.013157894736842105 0.01425438596491228
1 0.3925438596491228 0.6792763157894737 0.02412280701754386 0.027412280701754384
1 0.3399122807017544 0.6713267543859649 0.027777777777777776 0.0400219298245614
1 0.4322002923976608 0.6452850877192982 0.012792397660818713 0.017543859649122806
1 0.5063961988304093 0.6639254385964912 0.0222953216374269 0.023026315789473683
1 0.4576023391812865 0.7094298245614035 0.015350877192982455 0.025219298245614034
1 0.4155701754385965 0.763157894736842 0.03289473684210526 0.04714912280701754
1 0.45157163742690054 0.7464364035087719 0.03691520467836257 0.05975877192982456
1 0.49762426900584794 0.7456140350877193 0.032529239766081866 0.04714912280701754
1 0.47697368421052627 0.7875548245614035 0.03508771929824561 0.043311403508771926
1 0.5215643274853801 0.6296600877192982 0.02266081871345029 0.022478070175438597
1 0.5782163742690059 0.7461622807017544 0.010964912280701754 0.03508771929824561
1 0.5557383040935672 0.7952302631578947 0.025219298245614034 0.03673245614035087
1 0.6401681286549707 0.7639802631578947 0.04057017543859649 0.044407894736842105
1 0.6372441520467836 0.6825657894736842 0.01864035087719298 0.023026315789473683
1 0.6865862573099415 0.6650219298245613 0.01644736842105263 0.021929824561403508
1 0.7079678362573099 0.7859100877192982 0.029970760233918127 0.044407894736842105
1 0.7450657894736842 0.6743421052631579 0.014985380116959063 0.019736842105263157
1 0.7715643274853801 0.6847587719298245 0.014619883040935672 0.025219298245614034
1 0.7759502923976608 0.8421052631578947 0.029239766081871343 0.043859649122807015
1 0.7251461988304093 0.8486842105263157 0.02046783625730994 0.02631578947368421
1 0.5703581871345029 0.8371710526315789 0.011330409356725146 0.023026315789473683
1 0.6973684210526315 0.8349780701754386 0.007309941520467836 0.013157894736842105
1 0.477156432748538 0.8525219298245613 0.020833333333333332 0.029605263157894735
1 0.42050438596491224 0.8525219298245613 0.019371345029239765 0.042763157894736836
1 0.3821271929824561 0.8401864035087718 0.01864035087719298 0.03015350877192982
1 0.5292397660818713 0.8305921052631579 0.016812865497076022 0.017543859649122806
1 0.2598684210526316 0.8445723684210525 0.029970760233918127 0.05208333333333333
1 0.33205409356725146 0.9465460526315789 0.02010233918128655 0.020285087719298246
1 0.3784722222222222 0.9690241228070174 0.01644736842105263 0.018092105263157895
1 0.42196637426900585 0.971765350877193 0.01644736842105263 0.014802631578947368
1 0.5063961988304093 0.9555921052631579 0.01425438596491228 0.017543859649122806
1 0.48720760233918126 0.9750548245614035 0.01023391812865497 0.024671052631578948
1 0.5572002923976608 0.9777960526315789 0.013523391812865496 0.015899122807017545
1 0.6831140350877193 0.953125 0.013888888888888888 0.014802631578947368
1 0.7792397660818713 0.9624451754385964 0.009502923976608187 0.020285087719298246
1 0.9473684210526315 0.03179824561403509 0.014619883040935672 0.029605263157894735
1 0.9919590643274854 0.01288377192982456 0.01608187134502924 0.022478070175438597
1 0.9672880116959064 0.10526315789473684 0.009137426900584795 0.021929824561403508
1 0.9409722222222222 0.140625 0.01206140350877193 0.024671052631578948
1 0.9901315789473684 0.22368421052631576 0.017543859649122806 0.03508771929824561
1 0.9605263157894737 0.20422149122807015 0.023391812865497075 0.038925438596491224
1 0.9473684210526315 0.32209429824561403 0.021198830409356724 0.02357456140350877
1 0.9844663742690057 0.41173245614035087 0.028143274853801168 0.029605263157894735
1 0.9486476608187134 0.4174890350877193 0.034722222222222224 0.0356359649122807
1 0.9848318713450291 0.6260964912280701 0.03033625730994152 0.05592105263157894
1 0.9919590643274854 0.7053179824561403 0.01608187134502924 0.042214912280701754
1 0.9594298245614035 0.7146381578947368 0.01608187134502924 0.018092105263157895
1 0.9343932748538011 0.8445723684210525 0.03326023391812866 0.038925438596491224
1 0.9886695906432748 0.8325109649122806 0.02266081871345029 0.046600877192982455
1 0.9446271929824561 0.9287280701754386 0.027412280701754384 0.02412280701754386
