1 0.09027777777777778 0.08114035087719298 0.017543859649122806 0.03618421052631579
1 0.07273391812865497 0.4920504385964912 0.011695906432748537 0.014802631578947368
1 0.20266812865497075 0.5334429824561403 0.01206140350877193 0.02850877192982456
1 0.3843201754385965 0.07839912280701754 0.0062134502923976605 0.015350877192982455
1 0.4263523391812865 0.07456140350877193 0.01206140350877193 0.010964912280701754
1 0.45997807017543857 0.06880482456140351 0.009137426900584795 0.014802631578947368
1 0.5411184210526315 0.06880482456140351 0.011330409356725146 0.014802631578947368
1 0.570906432748538 0.0649671052631579 0.008771929824561403 0.018092105263157895
1 0.6103801169590642 0.04989035087719298 0.013157894736842105 0.009868421052631578
1 0.6410818713450293 0.05975877192982456 0.014619883040935672 0.010964912280701754
1 0.6761695906432749 0.05345394736842105 0.013157894736842105 0.013706140350877192
1 0.7152777777777778 0.0512609649122807 0.016812865497076022 0.018092105263157895
1 0.7470760233918128 0.044956140350877194 0.013888888888888888 0.017543859649122806
1 0.7821637426900584 0.04742324561403508 0.016812865497076022 0.015899122807017545
1 0.6600877192982456 0.17297149122807018 0.01608187134502924 0.02796052631578947
1 0.633406432748538 0.1557017543859649 0.01608187134502924 0.03289473684210526
1 0.5893640350877193 0.1611842105263158 0.01864035087719298 0.021929824561403508
1 0.521016081871345 0.1606359649122807 0.01206140350877193 0.021929824561403508
1 0.42872807017543857 0.1699561403508772 0.009502923976608187 0.013157894736842105
1 0.31012426900584794 0.18475877192982454 0.01425438596491228 0.027412280701754384
1 0.2269736842105263 0.3133223684210526 0.008771929824561403 0.014802631578947368
1 0.258406432748538 0.303453947368421 0.009502923976608187 0.014802631578947368
1 0.5321637426900585 0.28344298245614036 0.009502923976608187 0.01206140350877193
1 0.7266081871345029 0.27247807017543857 0.015350877192982455 0.017543859649122806
1 0.7894736842105263 0.27247807017543857 0.016812865497076022 0.01864035087719298
1 0.8349780701754386 0.2702850877192982 0.0222953216374269 0.017543859649122806
1 0.26169590643274854 0.5359100877192983 0.011695906432748537 0.0268640350877193
1 0.7090643274853801 0.4956140350877193 0.031432748538011694 0.023026315789473683
1 0.7598684210526315 0.48410087719298245 0.02266081871345029 0.023026315789473683
1 0.25091374269005845 0.6208881578947368 0.03033625730994152 0.0400219298245614
1 0.3399122807017544 0.5359100877192983 0.02412280701754386 0.03125
1 0.3682383040935672 0.6148574561403508 0.01864035087719298 0.02905701754385965
1 0.3921783625730994 0.5359100877192983 0.027046783625730993 0.0268640350877193
1 0.4060672514619883 0.5211074561403508 0.013157894736842105 0.02905701754385965
1 0.45266812865497075 0.5879934210526315 0.023026315789473683 0.038925438596491224
1 0.6343201754385964 0.628015350877193 0.025950292397660817 0.038925438596491224
1 0.5411184210526315 0.5090460526315789 0.009868421052631578 0.015899122807017545
1 0.6394371345029239 0.5317982456140351 0.03179824561403509 0.046052631578947366
1 0.7090643274853801 0.5619517543859649 0.02266081871345029 0.021929824561403508
1 0.9526681286549707 0.256578947368421 0.019371345029239765 0.017543859649122806
1 0.9912280701754386 0.1387061403508772 0.014619883040935672 0.013157894736842105
