1 0.12701023391812866 0.2376644736842105 0.04788011695906433 0.06414473684210525
1 0.16557017543859648 0.19161184210526314 0.04239766081871345 0.06085526315789473
1 0.07401315789473684 0.2231359649122807 0.03326023391812866 0.04057017543859649
1 0.2525584795321637 0.21080043859649122 0.046052631578947366 0.08607456140350876
1 0.34502923976608185 0.24122807017543857 0.02631578947368421 0.042763157894736836
1 0.3965643274853801 0.9739583333333333 0.013888888888888888 0.05208333333333333
1 0.42434210526315785 0.31277412280701755 0.014619883040935672 0.022478070175438597
1 0.43859649122807015 0.3059210526315789 0.021198830409356724 0.03399122807017543
1 0.5020102339181286 0.29331140350877194 0.017909356725146198 0.03179824561403509
1 0.5391081871345029 0.30893640350877194 0.021198830409356724 0.03453947368421052
1 0.5858918128654971 0.3125 0.017543859649122806 0.02850877192982456
1 0.6366959064327485 0.2924890350877193 0.011695906432748537 0.022478070175438597
1 0.6820175438596491 0.2859100877192982 0.01023391812865497 0.022478070175438597
1 0.8066520467836257 0.28179824561403505 0.02046783625730994 0.03508771929824561
1 0.9373172514619883 0.28810307017543857 0.02010233918128655 0.03344298245614035
1 0.9678362573099415 0.2787828947368421 0.019736842105263157 0.0356359649122807
1 0.9976242690058479 0.28618421052631576 0.004751461988304093 0.017543859649122806
1 0.9384137426900584 0.3939144736842105 0.014985380116959063 0.03234649122807017
1 0.7039473684210525 0.44051535087719296 0.02046783625730994 0.044407894736842105
1 0.6050804093567251 0.5718201754385964 0.010599415204678362 0.017543859649122806
1 0.9959795321637427 0.7727521929824561 0.00804093567251462 0.03782894736842105
1 0.8282163742690059 0.7922149122807017 0.015350877192982455 0.020833333333333332
1 0.7934941520467835 0.7949561403508771 0.011695906432748537 0.013157894736842105
1 0.7657163742690059 0.815515350877193 0.029970760233918127 0.0268640350877193
1 0.5332602339181286 0.8056469298245613 0.019736842105263157 0.015899122807017545
1 0.44298245614035087 0.813048245614035 0.02266081871345029 0.049342105263157895
1 0.4649122807017544 0.8349780701754386 0.02412280701754386 0.023026315789473683
1 0.7055921052631579 0.9512061403508771 0.029605263157894735 0.044956140350877194
1 0.7520102339181286 0.9514802631578947 0.014985380116959063 0.03015350877192982
1 0.8788377192982456 0.9152960526315789 0.027412280701754384 0.0356359649122807
