1 0.21929824561403508 0.07538377192982455 0.01827485380116959 0.03344298245614035
1 0.14985380116959063 0.12472587719298245 0.019005847953216373 0.03234649122807017
1 0.046966374269005844 0.36622807017543857 0.017909356725146198 0.02631578947368421
1 0.07766812865497076 0.49780701754385964 0.01644736842105263 0.02850877192982456
1 0.1299342105263158 0.34402412280701755 0.019371345029239765 0.0268640350877193
1 0.09630847953216373 0.3706140350877193 0.01644736842105263 0.019736842105263157
1 0.09429824561403508 0.23492324561403508 0.019736842105263157 0.02905701754385965
1 0.22076023391812866 0.21600877192982454 0.019005847953216373 0.027412280701754384
1 0.20650584795321636 0.37609649122807015 0.017543859649122806 0.03728070175438596
1 0.3369883040935672 0.25027412280701755 0.025584795321637425 0.0356359649122807
1 0.40387426900584794 0.3733552631578947 0.027777777777777776 0.03728070175438596
