1 0.6655701754385964 0.1625548245614035 0.021198830409356724 0.03673245614035087
1 0.3159722222222222 0.4084429824561403 0.042763157894736836 0.06907894736842105
1 0.3682383040935672 0.3908991228070175 0.02448830409356725 0.044956140350877194
1 0.40716374269005845 0.42626096491228066 0.03435672514619883 0.03015350877192982
1 0.4844663742690058 0.41310307017543857 0.014985380116959063 0.03125
1 0.5 0.3993969298245614 0.02850877192982456 0.05756578947368421
1 0.587719298245614 0.39555921052631576 0.023391812865497075 0.0268640350877193
1 0.7432383040935672 0.37938596491228066 0.0222953216374269 0.03728070175438596
1 0.7894736842105263 0.3848684210526316 0.025584795321637425 0.03399122807017543
1 0.908625730994152 0.4046052631578947 0.024853801169590642 0.03289473684210526
1 0.9590643274853801 0.40679824561403505 0.03654970760233918 0.0625
1 0.9868421052631579 0.3711622807017544 0.02631578947368421 0.05701754385964912
1 0.06743421052631579 0.5487938596491228 0.0222953216374269 0.02850877192982456
1 0.08991228070175439 0.546875 0.02266081871345029 0.03015350877192982
1 0.11421783625730994 0.5537280701754386 0.02448830409356725 0.03070175438596491
1 0.23976608187134502 0.5699013157894737 0.021929824561403508 0.03782894736842105
1 0.5551900584795322 0.65625 0.025584795321637425 0.021929824561403508
1 0.6348684210526315 0.6450109649122807 0.013888888888888888 0.0268640350877193
1 0.6743421052631579 0.6570723684210525 0.016812865497076022 0.02357456140350877
1 0.19298245614035087 0.5474232456140351 0.025584795321637425 0.021381578947368418
