1 0.10800438596491227 0.3081140350877193 0.044956140350877194 0.042763157894736836
1 0.04641812865497076 0.36622807017543857 0.021198830409356724 0.02631578947368421
1 0.12627923976608185 0.3171600877192982 0.03326023391812866 0.0356359649122807
1 0.15533625730994152 0.3075657894736842 0.027777777777777776 0.0537280701754386
1 0.2044956140350877 0.3177083333333333 0.038377192982456135 0.045504385964912276
1 0.03654970760233918 0.5611293859649122 0.041666666666666664 0.038925438596491224
1 0.9698464912280701 0.08031798245614034 0.05007309941520467 0.07182017543859649
1 0.7993421052631579 0.0737390350877193 0.021198830409356724 0.046600877192982455
1 0.7582236842105263 0.07209429824561403 0.03764619883040936 0.044407894736842105
1 0.7227704678362573 0.0893640350877193 0.03179824561403509 0.0625
1 0.5990497076023391 0.06085526315789473 0.014619883040935672 0.03508771929824561
1 0.5425804093567251 0.0668859649122807 0.042763157894736836 0.05482456140350877
1 0.5303362573099415 0.12225877192982455 0.03216374269005848 0.046052631578947366
1 0.9713084795321637 0.16036184210526314 0.015716374269005847 0.019188596491228067
1 0.9784356725146198 0.41063596491228066 0.03508771929824561 0.04714912280701754
1 0.8834064327485379 0.3881578947368421 0.0445906432748538 0.06140350877192982
1 0.7733918128654971 0.3925438596491228 0.029970760233918127 0.06578947368421052
1 0.6089181286549707 0.3834978070175438 0.038011695906432746 0.05427631578947368
1 0.4815423976608187 0.40487938596491224 0.054459064327485374 0.06962719298245613
1 0.6807383040935672 0.7368421052631579 0.023026315789473683 0.042763157894736836
1 0.04349415204678363 0.8421052631578947 0.035818713450292396 0.044956140350877194
1 0.07913011695906433 0.8711622807017544 0.032529239766081866 0.0712719298245614
1 0.13285818713450293 0.8708881578947368 0.028143274853801168 0.044407894736842105
1 0.2403143274853801 0.8303179824561403 0.054459064327485374 0.06524122807017543
1 0.302266081871345 0.8758223684210525 0.01827485380116959 0.0268640350877193
1 0.47989766081871343 0.9375 0.029970760233918127 0.06140350877192982
1 0.7984283625730993 0.9503837719298245 0.0398391812865497 0.03673245614035087
1 0.9214181286549707 0.9114583333333333 0.029239766081871343 0.05646929824561403
1 0.9649122807017543 0.9290021929824561 0.031432748538011694 0.0400219298245614
