1 0.13633040935672514 0.013980263157894735 0.01023391812865497 0.00932017543859649
1 0.2627923976608187 0.015899122807017545 0.00804093567251462 0.02631578947368421
1 0.45705409356725146 0.26288377192982454 0.03691520467836257 0.03673245614035087
1 0.4141081871345029 0.24122807017543857 0.029970760233918127 0.03618421052631579
1 0.41118421052631576 0.3125 0.031432748538011694 0.038377192982456135
1 0.4473684210526315 0.3530701754385965 0.015350877192982455 0.021929824561403508
1 0.3428362573099415 0.2689144736842105 0.03216374269005848 0.03673245614035087
1 0.3057383040935672 0.24835526315789472 0.015716374269005847 0.02631578947368421
1 0.2715643274853801 0.22368421052631576 0.014619883040935672 0.02631578947368421
1 0.2631578947368421 0.10005482456140351 0.008771929824561403 0.015899122807017545
1 0.21966374269005848 0.1455592105263158 0.01608187134502924 0.024671052631578948
1 0.23446637426900582 0.24561403508771928 0.017178362573099414 0.029605263157894735
1 0.20559210526315788 0.2406798245614035 0.019371345029239765 0.04824561403508772
1 0.18165204678362573 0.24396929824561403 0.02850877192982456 0.04057017543859649
1 0.038011695906432746 0.2924890350877193 0.03070175438596491 0.03782894736842105
1 0.07675438596491227 0.28618421052631576 0.025584795321637425 0.04057017543859649
1 0.034722222222222224 0.37938596491228066 0.014619883040935672 0.01864035087719298
1 0.13029970760233917 0.42872807017543857 0.03033625730994152 0.041666666666666664
1 0.2627923976608187 0.4671052631578947 0.03728070175438596 0.04057017543859649
1 0.3256578947368421 0.45175438596491224 0.014619883040935672 0.025219298245614034
1 0.4100877192982456 0.4690241228070175 0.02046783625730994 0.0400219298245614
1 0.4714912280701754 0.453125 0.03508771929824561 0.05537280701754386
1 0.43804824561403505 0.6011513157894737 0.012792397660818713 0.012609649122807017
1 0.17945906432748537 0.5715460526315789 0.007309941520467836 0.013706140350877192
1 0.045504385964912276 0.7702850877192982 0.009868421052631578 0.017543859649122806
1 0.18859649122807015 0.7746710526315789 0.010964912280701754 0.020833333333333332
1 0.21673976608187134 0.7727521929824561 0.011695906432748537 0.018092105263157895
1 0.2622441520467836 0.8144188596491228 0.008406432748538011 0.019188596491228067
1 0.3636695906432748 0.813048245614035 0.011695906432748537 0.017543859649122806
1 0.39692982456140347 0.7930372807017544 0.009502923976608187 0.013706140350877192
1 0.4901315789473684 0.7831688596491228 0.013888888888888888 0.024671052631578948
1 0.4375 0.8974780701754386 0.014619883040935672 0.029605263157894735
1 0.48391812865497075 0.8952850877192982 0.015350877192982455 0.019736842105263157
1 0.42872807017543857 0.9827302631578947 0.01608187134502924 0.022478070175438597
1 0.3989400584795321 0.9906798245614035 0.013523391812865496 0.01864035087719298
1 0.36330409356725146 0.9794407894736842 0.016812865497076022 0.0268640350877193
1 0.3695175438596491 0.8908991228070174 0.008771929824561403 0.021929824561403508
1 0.1644736842105263 0.8843201754385964 0.00804093567251462 0.023026315789473683
1 0.1732456140350877 0.9736842105263157 0.008771929824561403 0.01864035087719298
1 0.14802631578947367 0.9775219298245613 0.00804093567251462 0.01864035087719298
1 0.11823830409356724 0.987390350877193 0.010599415204678362 0.023026315789473683
1 0.09228801169590643 0.988486842105263 0.009137426900584795 0.023026315789473683
1 0.06487573099415204 0.9827302631578947 0.009868421052631578 0.021381578947368418
1 0.09484649122807016 0.8903508771929824 0.009137426900584795 0.02412280701754386
1 0.03508771929824561 0.9915021929824561 0.01023391812865497 0.016995614035087717
1 0.061586257309941515 0.8952850877192982 0.008406432748538011 0.019736842105263157
1 0.8472222222222222 0.0693530701754386 0.02850877192982456 0.03125
1 0.7525584795321637 0.09484649122807016 0.03216374269005848 0.038377192982456135
1 0.6407163742690059 0.062225877192982455 0.015350877192982455 0.02905701754385965
1 0.5303362573099415 0.09484649122807016 0.011695906432748537 0.01644736842105263
1 0.5332602339181286 0.31496710526315785 0.016812865497076022 0.0268640350877193
1 0.5601242690058479 0.4577850877192982 0.025219298245614034 0.03179824561403509
1 0.6215277777777778 0.4583333333333333 0.04349415204678363 0.0668859649122807
1 0.6900584795321637 0.44188596491228066 0.027046783625730993 0.03399122807017543
1 0.7701023391812865 0.4024122807017544 0.029970760233918127 0.043859649122807015
1 0.8559941520467835 0.4383223684210526 0.04093567251461988 0.03673245614035087
1 0.8813961988304093 0.41721491228070173 0.0222953216374269 0.03179824561403509
1 0.9343932748538011 0.5446820175438596 0.034722222222222224 0.02357456140350877
1 0.8980263157894737 0.5449561403508771 0.025584795321637425 0.021929824561403508
1 0.7563961988304093 0.5298793859649122 0.012792397660818713 0.02357456140350877
1 0.7284356725146198 0.537828947368421 0.01608187134502924 0.02631578947368421
1 0.6445540935672515 0.5583881578947368 0.01644736842105263 0.0268640350877193
1 0.5800438596491228 0.5666118421052632 0.01608187134502924 0.02905701754385965
1 0.5630482456140351 0.5764802631578947 0.019371345029239765 0.03234649122807017
1 0.9057017543859649 0.853344298245614 0.011695906432748537 0.02357456140350877
