1 0.03033625730994152 0.1425438596491228 0.03289473684210526 0.03070175438596491
1 0.0800438596491228 0.15625 0.02412280701754386 0.038377192982456135
1 0.10635964912280702 0.16091008771929824 0.011695906432748537 0.018092105263157895
1 0.24707602339181284 0.14610745614035087 0.02850877192982456 0.03673245614035087
1 0.22569444444444442 0.1439144736842105 0.011330409356725146 0.018092105263157895
1 0.30354532163742687 0.13404605263157893 0.03179824561403509 0.0400219298245614
1 0.37993421052631576 0.12911184210526316 0.02448830409356725 0.0356359649122807
1 0.4097222222222222 0.1337719298245614 0.031432748538011694 0.042763157894736836
1 0.4369517543859649 0.1526864035087719 0.023757309941520467 0.02576754385964912
1 0.47953216374269003 0.12911184210526316 0.021929824561403508 0.03015350877192982
1 0.5067616959064327 0.13267543859649122 0.02887426900584795 0.03399122807017543
1 0.5478801169590642 0.1112938596491228 0.031432748538011694 0.03179824561403509
1 0.5078581871345029 0.21162280701754385 0.039108187134502925 0.041666666666666664
1 0.48830409356725146 0.34155701754385964 0.01608187134502924 0.020833333333333332
1 0.5321637426900585 0.34155701754385964 0.03508771929824561 0.049342105263157895
1 0.1524122807017544 0.38843201754385964 0.02266081871345029 0.0356359649122807
1 0.05025584795321637 0.38843201754385964 0.03033625730994152 0.043311403508771926
1 0.5645102339181286 0.7510964912280701 0.031067251461988302 0.05592105263157894
1 0.5215643274853801 0.7478070175438596 0.0489766081871345 0.06907894736842105
1 0.4638157894736842 0.7785087719298245 0.03435672514619883 0.0537280701754386
1 0.4307383040935672 0.7856359649122806 0.034722222222222224 0.04714912280701754
1 0.427266081871345 0.7431469298245613 0.0402046783625731 0.06853070175438596
1 0.3740862573099415 0.7861842105263157 0.039108187134502925 0.041666666666666664
1 0.32766812865497075 0.787828947368421 0.03326023391812866 0.042763157894736836
1 0.302266081871345 0.7456140350877193 0.015350877192982455 0.025219298245614034
1 0.18402777777777776 0.6896929824561403 0.031067251461988302 0.05592105263157894
1 0.14894005847953215 0.7165570175438596 0.03326023391812866 0.03179824561403509
1 0.14364035087719298 0.7963267543859649 0.03070175438596491 0.04769736842105263
1 0.09868421052631579 0.813048245614035 0.035818713450292396 0.05263157894736842
1 0.059393274853801165 0.7765899122807017 0.04057017543859649 0.05098684210526316
1 0.6474780701754386 0.12609649122807018 0.042763157894736836 0.06578947368421052
1 0.813048245614035 0.09402412280701754 0.035453216374269 0.05317982456140351
1 0.9888523391812865 0.07538377192982455 0.0222953216374269 0.02576754385964912
1 0.9597953216374269 0.17735745614035087 0.03508771929824561 0.04989035087719298
1 0.8505116959064327 0.20093201754385964 0.03216374269005848 0.05975877192982456
1 0.7783260233918128 0.20093201754385964 0.06030701754385964 0.05098684210526316
1 0.6743421052631579 0.22094298245614033 0.021929824561403508 0.020833333333333332
1 0.6655701754385964 0.4799890350877193 0.04751461988304093 0.06853070175438596
1 0.7412280701754386 0.47121710526315785 0.04239766081871345 0.046600877192982455
1 0.8188961988304093 0.5890899122807017 0.017178362573099414 0.019188596491228067
1 0.7680921052631579 0.7017543859649122 0.03326023391812866 0.03289473684210526
1 0.6690423976608186 0.7277960526315789 0.04203216374269006 0.048793859649122806
1 0.8013523391812865 0.6973684210526315 0.025950292397660817 0.04824561403508772
1 0.8813961988304093 0.7094298245614035 0.017178362573099414 0.03179824561403509
1 0.9541301169590642 0.8209978070175438 0.02010233918128655 0.015899122807017545
1 0.7172880116959064 0.8771929824561403 0.02010233918128655 0.039473684210526314
1 0.6705043859649122 0.9967105263157894 0.01644736842105263 0.006578947368421052
1 0.6988304093567251 0.990953947368421 0.01827485380116959 0.015899122807017545
1 0.8174342105263157 0.9602521929824561 0.023757309941520467 0.018092105263157895
1 0.8682383040935672 0.9558662280701754 0.029605263157894735 0.0268640350877193
1 0.9541301169590642 0.9429824561403508 0.038377192982456135 0.023026315789473683
