1 0.3223684210526316 0.12445175438596491 0.021198830409356724 0.03399122807017543
1 0.015716374269005847 0.09484649122807016 0.01827485380116959 0.013157894736842105
1 0.6244517543859649 0.9772478070175438 0.019371345029239765 0.03234649122807017
1 0.0268640350877193 0.75 0.05226608187134503 0.06798245614035087
1 0.009868421052631578 0.6387061403508771 0.01827485380116959 0.03179824561403509
1 0.06451023391812866 0.9832785087719298 0.019371345029239765 0.03344298245614035
1 0.14948830409356725 0.9868421052631579 0.023391812865497075 0.02631578947368421
1 0.2777777777777778 0.987390350877193 0.02046783625730994 0.025219298245614034
1 0.30665204678362573 0.9682017543859649 0.021929824561403508 0.021929824561403508
1 0.5508040935672515 0.9934210526315789 0.013157894736842105 0.013157894736842105
1 0.9813596491228069 0.41063596491228066 0.01608187134502924 0.03399122807017543
1 0.8125 0.888157894736842 0.03289473684210526 0.03399122807017543
