1 0.11476608187134502 0.02850877192982456 0.04093567251461988 0.029605263157894735
1 0.17616959064327484 0.02768640350877193 0.012426900584795321 0.03234649122807017
1 0.19279970760233917 0.03536184210526316 0.0266812865497076 0.02905701754385965
1 0.04678362573099415 0.12308114035087718 0.011695906432748537 0.022478070175438597
1 0.12262426900584794 0.1450109649122807 0.014985380116959063 0.018092105263157895
1 0.15625 0.1526864035087719 0.01644736842105263 0.03453947368421052
1 0.19005847953216373 0.17023026315789472 0.016812865497076022 0.02576754385964912
1 0.31048976608187134 0.02713815789473684 0.020833333333333332 0.03125
1 0.34923245614035087 0.018092105263157895 0.029605263157894735 0.021929824561403508
1 0.3706140350877193 0.010964912280701754 0.011695906432748537 0.019736842105263157
1 0.4018640350877193 0.018366228070175437 0.019371345029239765 0.0356359649122807
1 0.3636695906432748 0.11595394736842105 0.011695906432748537 0.019188596491228067
1 0.4331140350877193 0.020285087719298246 0.011695906432748537 0.027412280701754384
1 0.4612573099415204 0.10773026315789473 0.02046783625730994 0.0268640350877193
1 0.5493421052631579 0.11184210526315788 0.02412280701754386 0.03179824561403509
1 0.5546418128654971 0.02768640350877193 0.027412280701754384 0.038925438596491224
1 0.4325657894736842 0.23273026315789472 0.02887426900584795 0.0400219298245614
1 0.5063961988304093 0.26398026315789475 0.023757309941520467 0.0356359649122807
1 0.4053362573099415 0.2727521929824561 0.017543859649122806 0.0400219298245614
1 0.36915204678362573 0.28152412280701755 0.029970760233918127 0.03125
1 0.2847222222222222 0.27247807017543857 0.019005847953216373 0.03289473684210526
1 0.23391812865497075 0.28810307017543857 0.023391812865497075 0.0268640350877193
1 0.20175438596491227 0.2793311403508772 0.015350877192982455 0.0356359649122807
1 0.18457602339181287 0.2387609649122807 0.02412280701754386 0.03673245614035087
1 0.15478801169590642 0.26288377192982454 0.01864035087719298 0.03234649122807017
1 0.10307017543859648 0.3075657894736842 0.013157894736842105 0.043859649122807015
1 0.0796783625730994 0.2637061403508772 0.019736842105263157 0.049342105263157895
1 0.05573830409356725 0.2746710526315789 0.01425438596491228 0.020833333333333332
1 0.025950292397660817 0.27713815789473684 0.008771929824561403 0.0268640350877193
1 0.04203216374269006 0.4421600877192982 0.02266081871345029 0.020285087719298246
1 0.11038011695906433 0.3684210526315789 0.02046783625730994 0.03070175438596491
1 0.14510233918128654 0.46737938596491224 0.031432748538011694 0.05208333333333333
1 0.1734283625730994 0.359375 0.01644736842105263 0.03673245614035087
1 0.2525584795321637 0.34347587719298245 0.024853801169590642 0.0400219298245614
1 0.27832602339181284 0.45559210526315785 0.025950292397660817 0.019736842105263157
1 0.32675438596491224 0.44846491228070173 0.02046783625730994 0.02850877192982456
1 0.3711622807017544 0.43283991228070173 0.02448830409356725 0.016995614035087717
1 0.37701023391812866 0.3421052631578947 0.034722222222222224 0.043859649122807015
1 0.4155701754385965 0.31880482456140347 0.02046783625730994 0.0356359649122807
1 0.46235380116959063 0.35060307017543857 0.016812865497076022 0.03125
1 0.4857456140350877 0.32346491228070173 0.02631578947368421 0.05043859649122807
1 0.5347222222222222 0.30372807017543857 0.011695906432748537 0.038377192982456135
1 0.5508040935672515 0.328125 0.015350877192982455 0.020285087719298246
1 0.5893640350877193 0.34676535087719296 0.017909356725146198 0.0268640350877193
1 0.5855263157894737 0.4336622807017544 0.027046783625730993 0.03618421052631579
1 0.5546418128654971 0.4237938596491228 0.0266812865497076 0.03508771929824561
1 0.5263157894736842 0.41255482456140347 0.027777777777777776 0.0400219298245614
1 0.03819444444444444 0.6581688596491228 0.03399122807017543 0.04769736842105263
1 0.10160818713450293 0.6584429824561403 0.025584795321637425 0.039473684210526314
1 0.1425438596491228 0.6570723684210525 0.011695906432748537 0.03234649122807017
1 0.18019005847953215 0.6526864035087719 0.021198830409356724 0.041118421052631575
1 0.21527777777777776 0.6557017543859649 0.017543859649122806 0.03618421052631579
1 0.37591374269005845 0.6546052631578947 0.02448830409356725 0.02850877192982456
1 0.40679824561403505 0.6324013157894737 0.03216374269005848 0.0356359649122807
1 0.4471856725146199 0.6474780701754386 0.021564327485380116 0.02850877192982456
1 0.502375730994152 0.6491228070175439 0.02448830409356725 0.041666666666666664
1 0.5747441520467836 0.6439144736842105 0.020833333333333332 0.03234649122807017
1 0.5297880116959064 0.7678179824561403 0.014985380116959063 0.015899122807017545
1 0.26571637426900585 0.7637061403508771 0.009502923976608187 0.017543859649122806
1 0.12445175438596491 0.7864583333333333 0.010599415204678362 0.02357456140350877
1 0.019554093567251463 0.868969298245614 0.023026315789473683 0.025219298245614034
1 0.07456140350877193 0.8728070175438596 0.008771929824561403 0.013157894736842105
1 0.24214181286549707 0.8555372807017544 0.017178362573099414 0.0356359649122807
1 0.2978801169590643 0.875548245614035 0.013157894736842105 0.017543859649122806
1 0.333516081871345 0.8618421052631579 0.02448830409356725 0.03618421052631579
1 0.3951023391812865 0.8574561403508771 0.01827485380116959 0.02631578947368421
1 0.44170321637426896 0.8752741228070174 0.017178362573099414 0.022478070175438597
1 0.4634502923976608 0.8618421052631579 0.02412280701754386 0.017543859649122806
1 0.5010964912280701 0.8662280701754386 0.025584795321637425 0.019736842105263157
1 0.5361842105263157 0.8618421052631579 0.024853801169590642 0.04057017543859649
1 0.564875730994152 0.9528508771929824 0.025219298245614034 0.039473684210526314
1 0.5034722222222222 0.9890350877192982 0.017909356725146198 0.021929824561403508
1 0.46966374269005845 0.9890350877192982 0.023391812865497075 0.021929824561403508
1 0.4047880116959064 0.9890350877192982 0.025219298245614034 0.021929824561403508
1 0.36239035087719296 0.9917763157894737 0.01425438596491228 0.01644736842105263
1 0.2637061403508772 0.9695723684210525 0.02010233918128655 0.048793859649122806
1 0.2949561403508772 0.9841008771929824 0.019005847953216373 0.01206140350877193
1 0.2269736842105263 0.9665570175438596 0.025584795321637425 0.02412280701754386
1 0.0884502923976608 0.9671052631578947 0.013888888888888888 0.04824561403508772
1 0.7255116959064327 0.049342105263157895 0.03435672514619883 0.04057017543859649
1 0.6807383040935672 0.13404605263157893 0.031067251461988302 0.0400219298245614
1 0.7585891812865496 0.1293859649122807 0.027412280701754384 0.03179824561403509
1 0.7964181286549707 0.13267543859649122 0.02412280701754386 0.041666666666666664
1 0.814875730994152 0.14802631578947367 0.02448830409356725 0.03179824561403509
1 0.8516081871345029 0.13020833333333331 0.023391812865497075 0.02796052631578947
1 0.9004020467836257 0.09841008771929824 0.031067251461988302 0.044407894736842105
1 0.6836622807017544 0.22341008771929824 0.014985380116959063 0.018092105263157895
1 0.7563961988304093 0.23656798245614033 0.023026315789473683 0.015899122807017545
1 0.7803362573099415 0.22341008771929824 0.013888888888888888 0.013706140350877192
1 0.8188961988304093 0.23958333333333331 0.013523391812865496 0.020833333333333332
1 0.8633040935672515 0.23547149122807015 0.013157894736842105 0.013706140350877192
1 0.8907163742690059 0.2231359649122807 0.01608187134502924 0.015350877192982455
1 0.8463084795321637 0.3300438596491228 0.017909356725146198 0.01425438596491228
1 0.9375 0.34375 0.015350877192982455 0.02850877192982456
1 0.7883771929824561 0.3371710526315789 0.017543859649122806 0.02850877192982456
1 0.706140350877193 0.3511513157894737 0.017543859649122806 0.016995614035087717
1 0.6699561403508771 0.3445723684210526 0.02631578947368421 0.016995614035087717
1 0.9097222222222222 0.4514802631578947 0.02046783625730994 0.02576754385964912
1 0.9722222222222222 0.4295504385964912 0.013888888888888888 0.021381578947368418
1 0.7328216374269005 0.453125 0.02046783625730994 0.02796052631578947
1 0.8399122807017544 0.5405701754385964 0.011695906432748537 0.017543859649122806
1 0.8603801169590642 0.5493421052631579 0.016812865497076022 0.010964912280701754
1 0.9928728070175438 0.5668859649122807 0.01425438596491228 0.03179824561403509
1 0.9912280701754386 0.6343201754385964 0.014619883040935672 0.013157894736842105
1 0.9619883040935672 0.6609100877192982 0.013888888888888888 0.018092105263157895
1 0.8974780701754386 0.6611842105263157 0.01206140350877193 0.01644736842105263
1 0.8457602339181286 0.6430921052631579 0.01608187134502924 0.013157894736842105
1 0.7744883040935672 0.6524122807017544 0.024853801169590642 0.015350877192982455
1 0.7225877192982456 0.6652960526315789 0.016812865497076022 0.0268640350877193
1 0.6953581871345029 0.6425438596491228 0.012792397660818713 0.015350877192982455
1 0.6630116959064327 0.6447368421052632 0.02046783625730994 0.02412280701754386
1 0.7178362573099415 0.7733004385964912 0.021929824561403508 0.02357456140350877
1 0.6822002923976608 0.7922149122807017 0.019371345029239765 0.02631578947368421
1 0.7406798245614035 0.7719298245614035 0.0222953216374269 0.03618421052631579
1 0.7803362573099415 0.7763157894736842 0.021198830409356724 0.015350877192982455
1 0.8548976608187134 0.7543859649122806 0.024853801169590642 0.020833333333333332
1 0.94828216374269 0.7554824561403508 0.017909356725146198 0.029605263157894735
1 0.927266081871345 0.7658991228070176 0.021198830409356724 0.021929824561403508
1 0.8638523391812865 0.8615679824561403 0.023757309941520467 0.043311403508771926
1 0.6942616959064327 0.9525767543859649 0.017178362573099414 0.02576754385964912
