1 0.019554093567251463 0.8848684210526315 0.019371345029239765 0.03508771929824561
1 0.06341374269005848 1 0.039108187134502925 0.05098684210526316
1 0.10489766081871345 1 0.02850877192982456 0.05537280701754386
1 0.0581140350877193 0.9095394736842105 0.023391812865497075 0.039473684210526314
1 0.09576023391812866 0.9024122807017544 0.021198830409356724 0.04057017543859649
1 0.15387426900584794 0.9070723684210525 0.02266081871345029 0.038925438596491224
1 0.195906432748538 0.906798245614035 0.013888888888888888 0.03508771929824561
1 0.07675438596491227 0.6669407894736842 0.014619883040935672 0.02796052631578947
1 0.06816520467836257 0.48547149122807015 0.02010233918128655 0.03015350877192982
1 0.0884502923976608 0.35718201754385964 0.016812865497076022 0.03125
1 0.16319444444444445 0.4690241228070175 0.019371345029239765 0.0356359649122807
1 0.1736111111111111 0.4734100877192982 0.014619883040935672 0.0268640350877193
1 0.2357456140350877 0.4931469298245614 0.01608187134502924 0.042214912280701754
1 0.20266812865497075 0.5858004385964912 0.023026315789473683 0.02357456140350877
1 0.18841374269005848 0.6803728070175438 0.0222953216374269 0.02412280701754386
1 0.22423245614035087 0.6074561403508771 0.017909356725146198 0.03179824561403509
1 0.23739035087719296 0.5723684210526315 0.035453216374269 0.03289473684210526
1 0.2571271929824561 0.6184210526315789 0.02010233918128655 0.03399122807017543
1 0.3081140350877193 0.6211622807017544 0.021929824561403508 0.03179824561403509
1 0.37554824561403505 0.6066337719298245 0.020833333333333332 0.03344298245614035
1 0.4438961988304093 0.5986842105263157 0.02010233918128655 0.03179824561403509
1 0.477156432748538 0.6030701754385964 0.023757309941520467 0.03728070175438596
1 0.5815058479532164 0.5808662280701754 0.017543859649122806 0.03125
1 0.6151315789473684 0.5671600877192983 0.016812865497076022 0.0268640350877193
1 0.6851242690058479 0.6683114035087719 0.02010233918128655 0.02631578947368421
1 0.5297880116959064 0.560032894736842 0.014985380116959063 0.015899122807017545
1 0.283625730994152 0.328125 0.023391812865497075 0.044407894736842105
1 0.3835891812865497 0.36184210526315785 0.027412280701754384 0.03070175438596491
1 0.46290204678362573 0.35910087719298245 0.031067251461988302 0.042763157894736836
1 0.5529970760233918 0.4690241228070175 0.019005847953216373 0.0356359649122807
1 0.5688961988304093 0.33497807017543857 0.02887426900584795 0.038377192982456135
1 0.5913742690058479 0.31935307017543857 0.019005847953216373 0.0268640350877193
1 0.6703216374269005 0.4572368421052631 0.024853801169590642 0.03289473684210526
1 0.7026681286549707 0.4292763157894737 0.0266812865497076 0.03289473684210526
1 0.7256944444444444 0.33497807017543857 0.023757309941520467 0.038377192982456135
1 0.7701023391812865 0.35718201754385964 0.02631578947368421 0.03344298245614035
1 0.8008040935672515 0.38843201754385964 0.014619883040935672 0.06524122807017543
1 0.7611476608187134 0.4605263157894737 0.025219298245614034 0.027412280701754384
1 0.7876461988304093 0.6702302631578947 0.027777777777777776 0.0268640350877193
1 0.8490497076023391 0.4451754385964912 0.02412280701754386 0.03070175438596491
1 0.8863304093567251 0.5808662280701754 0.025584795321637425 0.0268640350877193
1 0.9385964912280701 0.6244517543859649 0.01827485380116959 0.03728070175438596
1 0.9663742690058479 0.6721491228070176 0.029239766081871343 0.02850877192982456
1 0.9446271929824561 0.5715460526315789 0.02887426900584795 0.0400219298245614
1 0.9141081871345029 0.48053728070175433 0.02266081871345029 0.038925438596491224
1 0.8501461988304093 0.3527960526315789 0.017543859649122806 0.044407894736842105
1 0.8969298245614035 0.3484100877192982 0.027777777777777776 0.0400219298245614
1 0.9322002923976608 0.3686951754385965 0.02010233918128655 0.03125
1 0.9742324561403508 0.37609649122807015 0.023757309941520467 0.05921052631578947
