1 0.03033625730994152 0.3056469298245614 0.021929824561403508 0.043311403508771926
1 0.07529239766081872 0.3612938596491228 0.021198830409356724 0.03289473684210526
1 0.10946637426900584 0.30235745614035087 0.014985380116959063 0.038925438596491224
1 0.13194444444444445 0.36348684210526316 0.024853801169590642 0.03289473684210526
1 0.13779239766081872 0.2741228070175438 0.021198830409356724 0.038377192982456135
1 0.24122807017543857 0.31688596491228066 0.02412280701754386 0.04714912280701754
1 0.2940423976608187 0.33908991228070173 0.028143274853801168 0.0356359649122807
1 0.3125 0.2949561403508772 0.027046783625730993 0.03618421052631579
1 0.38651315789473684 0.2376644736842105 0.03179824561403509 0.05098684210526316
1 0.387609649122807 0.3366228070175438 0.0266812865497076 0.03728070175438596
1 0.37262426900584794 0.3665021929824561 0.02010233918128655 0.044407894736842105
1 0.15423976608187134 0.15625 0.011695906432748537 0.021929824561403508
1 0.16885964912280702 0.13623903508771928 0.014619883040935672 0.020285087719298246
1 0.4722222222222222 0.2675438596491228 0.027046783625730993 0.0537280701754386
1 0.5222953216374269 0.2774122807017544 0.029239766081871343 0.04714912280701754
1 0.552266081871345 0.2151864035087719 0.021198830409356724 0.0400219298245614
1 0.5950292397660818 0.2859100877192982 0.027777777777777776 0.042214912280701754
1 0.6255482456140351 0.31743421052631576 0.028143274853801168 0.0581140350877193
1 0.5849780701754386 0.34375 0.01864035087719298 0.039473684210526314
1 0.689875730994152 0.27001096491228066 0.02887426900584795 0.042214912280701754
1 0.7368421052631579 0.2584978070175438 0.03070175438596491 0.05427631578947368
1 0.7412280701754386 0.35910087719298245 0.025584795321637425 0.04057017543859649
1 0.8196271929824561 0.2930372807017544 0.025950292397660817 0.03782894736842105
1 0.8137792397660818 0.359375 0.034722222222222224 0.048793859649122806
1 0.8735380116959064 0.3684210526315789 0.031432748538011694 0.038377192982456135
1 0.8706140350877193 0.28344298245614036 0.016812865497076022 0.03070175438596491
1 0.8852339181286549 0.2319078947368421 0.016812865497076022 0.02850877192982456
1 0.938048245614035 0.22807017543859648 0.0222953216374269 0.03728070175438596
1 0.9316520467836257 0.3601973684210526 0.02631578947368421 0.042763157894736836
1 0.9453581871345029 0.12088815789473684 0.02887426900584795 0.06195175438596491
1 0.8399122807017544 0.12966008771929824 0.021198830409356724 0.022478070175438597
1 0.8008040935672515 0.11677631578947367 0.03216374269005848 0.05701754385964912
1 0.7152777777777778 0.1299342105263158 0.019005847953216373 0.03070175438596491
1 0.6206140350877193 0.1269188596491228 0.029970760233918127 0.044407894736842105
