1 0.021564327485380116 0.02713815789473684 0.02412280701754386 0.03125
1 0.05646929824561403 0.1595394736842105 0.03326023391812866 0.05701754385964912
1 0.13432017543859648 0.04029605263157895 0.023026315789473683 0.05537280701754386
1 0.11677631578947367 0.03536184210526316 0.02010233918128655 0.024671052631578948
1 0.20211988304093567 0.05345394736842105 0.023391812865497075 0.03234649122807017
1 0.1597222222222222 0.18475877192982454 0.019005847953216373 0.023026315789473683
1 0.12701023391812866 0.1787280701754386 0.025950292397660817 0.02412280701754386
1 0.24360380116959063 0.17900219298245612 0.025219298245614034 0.022478070175438597
1 0.27923976608187134 0.16145833333333331 0.014619883040935672 0.018092105263157895
1 0.36330409356725146 0.024671052631578948 0.029239766081871343 0.03179824561403509
1 0.3817616959064327 0.018092105263157895 0.0266812865497076 0.03399122807017543
1 0.31798245614035087 0.2593201754385965 0.016812865497076022 0.02631578947368421
1 0.3877923976608187 0.26589912280701755 0.019005847953216373 0.03070175438596491
1 0.51078216374269 0.15625 0.020833333333333332 0.020833333333333332
1 0.48428362573099415 0.022478070175438597 0.010964912280701754 0.017543859649122806
1 0.5332602339181286 0.03755482456140351 0.02412280701754386 0.03015350877192982
1 0.5855263157894737 0.1537828947368421 0.023391812865497075 0.041118421052631575
1 0.5855263157894737 0.22834429824561403 0.02412280701754386 0.03453947368421052
1 0.6927997076023391 0.021107456140350877 0.03326023391812866 0.0400219298245614
1 0.7280701754385964 0.018092105263157895 0.031432748538011694 0.03289473684210526
1 0.8892543859649122 0.020285087719298246 0.013888888888888888 0.02850877192982456
1 0.91703216374269 0.018092105263157895 0.019005847953216373 0.03399122807017543
1 0.754203216374269 0.7809758771929824 0.03764619883040936 0.05317982456140351
1 0.8846856725146198 0.894736842105263 0.023757309941520467 0.025219298245614034
1 0.8799342105263157 0.9917763157894737 0.025219298245614034 0.01644736842105263
