1 0.01663011695906433 0.23273026315789472 0.0266812865497076 0.05317982456140351
1 0.05866228070175438 0.21244517543859648 0.031067251461988302 0.03125
1 0.06304824561403509 0.17927631578947367 0.029605263157894735 0.04057017543859649
1 0.11677631578947367 0.1299342105263158 0.03326023391812866 0.041666666666666664
1 0.10489766081871345 0.23739035087719296 0.027046783625730993 0.04824561403508772
1 0.17964181286549707 0.15679824561403508 0.03618421052631579 0.04824561403508772
1 0.21436403508771928 0.140625 0.03399122807017543 0.044407894736842105
1 0.2715643274853801 0.23711622807017543 0.02850877192982456 0.05317982456140351
1 0.2490862573099415 0.15350877192982454 0.039108187134502925 0.042763157894736836
1 0.29989035087719296 0.15679824561403508 0.025950292397660817 0.03728070175438596
1 0.3675073099415204 0.12801535087719298 0.03179824561403509 0.0400219298245614
1 0.35508040935672514 0.35663377192982454 0.039108187134502925 0.06085526315789473
1 0.1924342105263158 0.36348684210526316 0.039108187134502925 0.05153508771929824
1 0.16173245614035087 0.3758223684210526 0.025950292397660817 0.0400219298245614
1 0.11038011695906433 0.3711622807017544 0.027777777777777776 0.044956140350877194
1 0.028326023391812866 0.5649671052631579 0.011330409356725146 0.015899122807017545
1 0.1469298245614035 0.5625 0.005847953216374269 0.015350877192982455
1 0.3653143274853801 0.747532894736842 0.034722222222222224 0.02905701754385965
1 0.09484649122807016 0.7724780701754386 0.025219298245614034 0.02631578947368421
1 0.09283625730994152 0.9292763157894737 0.02412280701754386 0.04824561403508772
1 0.13029970760233917 0.9512061403508771 0.03691520467836257 0.0537280701754386
1 0.24762426900584794 0.9424342105263157 0.017178362573099414 0.0581140350877193
1 0.293859649122807 0.9172149122807017 0.019005847953216373 0.020833333333333332
1 0.34923245614035087 0.9564144736842105 0.023757309941520467 0.046600877192982455
1 0.3706140350877193 0.9292763157894737 0.035818713450292396 0.043859649122807015
1 0.1787280701754386 0.8867872807017544 0.016812865497076022 0.018092105263157895
1 0.3735380116959064 0.9860197368421052 0.023391812865497075 0.02796052631578947
1 0.2891081871345029 0.9906798245614035 0.02266081871345029 0.01864035087719298
1 0.14510233918128654 0.9895833333333333 0.02412280701754386 0.020833333333333332
1 0.10891812865497075 0.9934210526315789 0.016812865497076022 0.013157894736842105
1 0.49122807017543857 0.1537828947368421 0.011695906432748537 0.016995614035087717
1 0.5478801169590642 0.1299342105263158 0.015350877192982455 0.03508771929824561
1 0.5992324561403508 0.12966008771929824 0.03326023391812866 0.05537280701754386
1 0.6206140350877193 0.14089912280701752 0.013888888888888888 0.015350877192982455
1 0.7344663742690059 0.13623903508771928 0.012792397660818713 0.015899122807017545
1 0.7637061403508771 0.1337719298245614 0.017909356725146198 0.01425438596491228
1 0.8580043859649122 0.09841008771929824 0.04130116959064327 0.048793859649122806
1 0.7620614035087719 0.22094298245614033 0.019005847953216373 0.029605263157894735
1 0.8863304093567251 0.2118969298245614 0.01608187134502924 0.020285087719298246
1 0.48684210526315785 0.2406798245614035 0.023391812865497075 0.03070175438596491
1 0.6410818713450293 0.2138157894736842 0.01827485380116959 0.03508771929824561
1 0.5972222222222222 0.3527960526315789 0.01827485380116959 0.02905701754385965
1 0.7880116959064327 0.40405701754385964 0.029239766081871343 0.04714912280701754
1 0.6290204678362573 0.4602521929824561 0.01608187134502924 0.018092105263157895
1 0.6927997076023391 0.4421600877192982 0.012792397660818713 0.011513157894736841
1 0.7149122807017544 0.4295504385964912 0.013157894736842105 0.02357456140350877
1 0.9375 0.43859649122807015 0.01827485380116959 0.019736842105263157
1 0.9667397660818713 0.4270833333333333 0.014619883040935672 0.021929824561403508
1 0.6851242690058479 0.6570723684210525 0.01864035087719298 0.02576754385964912
1 0.7611476608187134 0.6389802631578947 0.035453216374269 0.04989035087719298
1 0.8704312865497076 0.6389802631578947 0.027412280701754384 0.0400219298245614
1 0.9438961988304093 0.6491228070175439 0.04057017543859649 0.03289473684210526
1 0.9126461988304093 0.7510964912280701 0.02412280701754386 0.03289473684210526
1 0.7911184210526315 0.7546600877192982 0.03326023391812866 0.048793859649122806
1 0.5561038011695906 0.7702850877192982 0.04349415204678363 0.0537280701754386
1 0.48282163742690054 0.8678728070175438 0.027046783625730993 0.03179824561403509
1 0.5434941520467836 0.8643092105263157 0.019736842105263157 0.02905701754385965
1 0.5805921052631579 0.8574561403508771 0.02448830409356725 0.02631578947368421
1 0.60453216374269 0.8574561403508771 0.01827485380116959 0.03070175438596491
1 0.6346856725146198 0.8574561403508771 0.02448830409356725 0.02631578947368421
1 0.6865862573099415 0.8604714912280701 0.023757309941520467 0.0268640350877193
1 0.7324561403508771 0.8662280701754386 0.02266081871345029 0.029605263157894735
1 0.7852704678362573 0.862390350877193 0.023757309941520467 0.02631578947368421
1 0.8861476608187134 0.8684210526315789 0.027412280701754384 0.04714912280701754
1 0.9102704678362573 0.8618421052631579 0.01864035087719298 0.03070175438596491
1 0.9502923976608186 0.8481359649122806 0.023391812865497075 0.03728070175438596
1 0.9375 0.975328947368421 0.019736842105263157 0.029605263157894735
1 0.8784722222222222 0.9775219298245613 0.025219298245614034 0.03070175438596491
1 0.8061038011695906 0.9934210526315789 0.020833333333333332 0.013157894736842105
1 0.7353801169590642 0.9868421052631579 0.023391812865497075 0.02631578947368421
1 0.6854897660818713 0.9876644736842105 0.023026315789473683 0.024671052631578948
1 0.6089181286549707 0.9901315789473684 0.019005847953216373 0.019736842105263157
1 0.5332602339181286 0.975328947368421 0.021929824561403508 0.02631578947368421
1 0.5010964912280701 0.9851973684210525 0.027046783625730993 0.029605263157894735
