1 0.014985380116959063 0.08278508771929824 0.019005847953216373 0.03070175438596491
1 0.06889619883040936 0.08963815789473684 0.01864035087719298 0.046600877192982455
1 0.09630847953216373 0.09457236842105263 0.01644736842105263 0.02796052631578947
1 0.12189327485380116 0.09676535087719297 0.034722222222222224 0.0268640350877193
1 0.18859649122807015 0.07456140350877193 0.025584795321637425 0.029605263157894735
1 0.22807017543859648 0.0644188596491228 0.027777777777777776 0.05646929824561403
1 0.2739400584795321 0.08278508771929824 0.019371345029239765 0.02631578947368421
1 0.2909356725146199 0.07182017543859649 0.03070175438596491 0.041666666666666664
1 0.32364766081871343 0.0668859649122807 0.032529239766081866 0.03508771929824561
1 0.3788377192982456 0.054002192982456135 0.028143274853801168 0.0400219298245614
1 0.41703216374269003 0.06716008771929824 0.024853801169590642 0.05317982456140351
1 0.3192616959064327 0.3371710526315789 0.02010233918128655 0.03399122807017543
1 0.2763157894736842 0.31277412280701755 0.01827485380116959 0.0400219298245614
1 0.17927631578947367 0.3157894736842105 0.02887426900584795 0.03289473684210526
1 0.15533625730994152 0.31880482456140347 0.029239766081871343 0.03782894736842105
1 0.03965643274853801 0.4734100877192982 0.01864035087719298 0.024671052631578948
1 0.07711988304093567 0.453125 0.010964912280701754 0.018092105263157895
1 0.3711622807017544 0.4465460526315789 0.021564327485380116 0.0400219298245614
1 0.4053362573099415 0.45614035087719296 0.014619883040935672 0.027412280701754384
1 0.36567982456140347 0.5137061403508771 0.0222953216374269 0.03179824561403509
1 0.1611842105263158 0.5509868421052632 0.021929824561403508 0.02631578947368421
1 0.9228801169590642 0.3059210526315789 0.019736842105263157 0.019736842105263157
1 0.8863304093567251 0.3045504385964912 0.02046783625730994 0.03015350877192982
1 0.8534356725146198 0.3075657894736842 0.016812865497076022 0.02631578947368421
1 0.7134502923976608 0.3212719298245614 0.021198830409356724 0.03289473684210526
1 0.6770833333333333 0.328125 0.02448830409356725 0.02796052631578947
1 0.5244883040935672 0.3100328947368421 0.031432748538011694 0.045504385964912276
1 0.4755116959064327 0.3157894736842105 0.03508771929824561 0.04714912280701754
1 0.8983918128654971 0.8547149122807017 0.03070175438596491 0.043859649122807015
