1 0.05317982456140351 0.2324561403508772 0.03618421052631579 0.0537280701754386
1 0.11421783625730994 0.22779605263157893 0.039108187134502925 0.02905701754385965
1 0.1332236842105263 0.24725877192982454 0.028143274853801168 0.03179824561403509
1 0.1924342105263158 0.21436403508771928 0.03033625730994152 0.044956140350877194
1 0.2567616959064327 0.2324561403508772 0.03764619883040936 0.0537280701754386
1 0.3506944444444444 0.19873903508771928 0.04130116959064327 0.06195175438596491
1 0.3711622807017544 0.22094298245614033 0.021564327485380116 0.04057017543859649
1 0.4365862573099415 0.22724780701754385 0.02448830409356725 0.03782894736842105
1 0.4925073099415204 0.1699561403508772 0.044956140350877194 0.03618421052631579
1 0.5140716374269005 0.18859649122807015 0.03326023391812866 0.04714912280701754
1 0.5453216374269005 0.17434210526315788 0.03216374269005848 0.0581140350877193
1 0.5884502923976608 0.18722587719298245 0.029970760233918127 0.045504385964912276
1 0.4263523391812865 0.43996710526315785 0.03764619883040936 0.0400219298245614
1 0.6206140350877193 0.716282894736842 0.05043859649122807 0.06195175438596491
1 0.5195540935672515 0.7639802631578947 0.025950292397660817 0.042214912280701754
1 0.4546783625730994 0.7667214912280701 0.03216374269005848 0.07072368421052631
1 0.4190423976608187 0.7368421052631579 0.03399122807017543 0.04057017543859649
1 0.3510599415204678 0.7524671052631579 0.052997076023391806 0.0762061403508772
1 0.26133040935672514 0.7905701754385964 0.029970760233918127 0.05153508771929824
1 0.2447002923976608 0.7458881578947368 0.027412280701754384 0.06304824561403509
1 0.09283625730994152 0.768640350877193 0.05116959064327485 0.06578947368421052
1 0.08205409356725146 0.9660087719298245 0.0222953216374269 0.03618421052631579
1 0.10800438596491227 0.975328947368421 0.028143274853801168 0.049342105263157895
1 0.13432017543859648 0.9747807017543859 0.028143274853801168 0.05043859649122807
1 0.18658625730994152 0.9777960526315789 0.032529239766081866 0.044407894736842105
1 0.22277046783625729 0.9827302631578947 0.025950292397660817 0.03453947368421052
1 0.271016081871345 0.9616228070175438 0.03179824561403509 0.04057017543859649
1 0.2934941520467836 0.9893092105263157 0.04751461988304093 0.021381578947368418
1 0.3393640350877193 0.9736842105263157 0.03764619883040936 0.05263157894736842
1 0.4009502923976608 0.9495614035087718 0.021198830409356724 0.043859649122807015
1 0.4634502923976608 0.9736842105263157 0.029239766081871343 0.05263157894736842
1 0.5005482456140351 0.9690241228070174 0.02448830409356725 0.044407894736842105
1 0.5259502923976608 0.9791666666666666 0.03654970760233918 0.041666666666666664
1 0.5551900584795322 0.9624451754385964 0.021929824561403508 0.048793859649122806
1 0.5948464912280701 0.9465460526315789 0.031067251461988302 0.05098684210526316
1 0.6240862573099415 0.9701206140350876 0.035453216374269 0.05975877192982456
1 0.65625 0.9660087719298245 0.025219298245614034 0.04714912280701754
1 0.6913377192982456 0.9736842105263157 0.03691520467836257 0.05263157894736842
1 0.7240497076023391 0.9558662280701754 0.03289473684210526 0.05208333333333333
1 0.695906432748538 0.766173245614035 0.015350877192982455 0.03125
1 0.9877558479532164 0.2598684210526316 0.02448830409356725 0.05482456140350877
1 0.8682383040935672 0.28179824561403505 0.05665204678362573 0.0756578947368421
1 0.8282163742690059 0.9805372807017543 0.005847953216374269 0.022478070175438597
1 0.8682383040935672 0.962719298245614 0.008406432748538011 0.023026315789473683
1 0.8726242690058479 0.8327850877192982 0.03033625730994152 0.0625
1 0.9634502923976608 0.9602521929824561 0.021929824561403508 0.024671052631578948
