1 0.227156432748538 0.026589912280701754 0.04349415204678363 0.03782894736842105
1 0.34576023391812866 0.09402412280701754 0.02266081871345029 0.05317982456140351
1 0.4409722222222222 0.035910087719298246 0.01206140350877193 0.024671052631578948
1 0.47953216374269003 0.05866228070175438 0.05043859649122807 0.0537280701754386
1 0.4009502923976608 0.10444078947368421 0.04093567251461988 0.048793859649122806
1 0.5307017543859649 0.18777412280701752 0.03289473684210526 0.05756578947368421
1 0.566703216374269 0.17461622807017543 0.04057017543859649 0.03125
1 0.31304824561403505 0.19709429824561403 0.019371345029239765 0.06633771929824561
1 0.24616228070175436 0.17735745614035087 0.0222953216374269 0.016995614035087717
1 0.07364766081871345 0.2094298245614035 0.03691520467836257 0.03289473684210526
1 0.0268640350877193 0.18777412280701752 0.042763157894736836 0.048793859649122806
1 0.019554093567251463 0.4407894736842105 0.03618421052631579 0.027412280701754384
1 0.07675438596491227 0.4081688596491228 0.024853801169590642 0.045504385964912276
1 0.0849780701754386 0.43338815789473684 0.02887426900584795 0.0400219298245614
1 0.1873172514619883 0.4468201754385965 0.03618421052631579 0.044956140350877194
1 0.22441520467836257 0.44188596491228066 0.024853801169590642 0.042763157894736836
1 0.28216374269005845 0.4492872807017544 0.038011695906432746 0.03453947368421052
1 0.2593201754385965 0.43338815789473684 0.01864035087719298 0.018092105263157895
1 0.35928362573099415 0.4331140350877193 0.02046783625730994 0.038377192982456135
1 0.43457602339181284 0.44051535087719296 0.043859649122807015 0.045504385964912276
1 0.502375730994152 0.4331140350877193 0.03179824561403509 0.0668859649122807
1 0.5601242690058479 0.4199561403508772 0.04568713450292397 0.049342105263157895
1 0.5230263157894737 0.5674342105263157 0.016812865497076022 0.029605263157894735
1 0.44572368421052627 0.5775767543859649 0.02010233918128655 0.03782894736842105
1 0.4267178362573099 0.5762061403508771 0.02887426900584795 0.03618421052631579
1 0.34375 0.6071820175438596 0.020833333333333332 0.0356359649122807
1 0.28216374269005845 0.59375 0.021929824561403508 0.03618421052631579
1 0.08991228070175439 0.5981359649122807 0.027777777777777776 0.03399122807017543
1 0.049342105263157895 0.5989583333333333 0.021929824561403508 0.02796052631578947
1 0.08442982456140351 0.6499451754385964 0.027777777777777776 0.02905701754385965
1 0.01608187134502924 0.7305372807017544 0.029970760233918127 0.03344298245614035
1 0.20010964912280702 0.6968201754385964 0.0625 0.0537280701754386
1 0.26589912280701755 0.6918859649122807 0.055190058479532164 0.0800438596491228
1 0.364766081871345 0.712719298245614 0.0489766081871345 0.05043859649122807
1 0.3921783625730994 0.6461074561403508 0.019736842105263157 0.03234649122807017
1 0.41703216374269003 0.7140899122807017 0.05701754385964912 0.07401315789473684
1 0.49122807017543857 0.6883223684210525 0.02046783625730994 0.05646929824561403
1 0.5630482456140351 0.7094298245614035 0.05592105263157894 0.06798245614035087
1 0.5674342105263157 0.7746710526315789 0.03764619883040936 0.0668859649122807
1 0.5694444444444444 0.8681469298245613 0.02266081871345029 0.03453947368421052
1 0.4444444444444444 0.8996710526315789 0.012426900584795321 0.020833333333333332
1 0.36184210526315785 0.7993421052631579 0.03874269005847953 0.0537280701754386
1 0.4155701754385965 0.919407894736842 0.015350877192982455 0.02631578947368421
1 0.38029970760233917 0.9117324561403508 0.017909356725146198 0.020833333333333332
1 0.3163377192982456 0.9065241228070174 0.012792397660818713 0.020285087719298246
1 0.18293128654970758 0.8012609649122806 0.023026315789473683 0.03015350877192982
1 0.13614766081871343 0.8081140350877193 0.039108187134502925 0.044956140350877194
1 0.06889619883040936 0.8059210526315789 0.03326023391812866 0.041666666666666664
1 0.06012426900584795 0.921875 0.028143274853801168 0.02905701754385965
1 0.09082602339181287 0.928453947368421 0.0266812865497076 0.02357456140350877
1 0.9658260233918128 0.11184210526315788 0.02448830409356725 0.044956140350877194
1 0.8784722222222222 0.04632675438596491 0.03033625730994152 0.03344298245614035
1 0.6741593567251462 0.1924342105263158 0.039108187134502925 0.0537280701754386
1 0.8218201754385964 0.31359649122807015 0.011330409356725146 0.020833333333333332
1 0.7119883040935672 0.2919407894736842 0.013888888888888888 0.0268640350877193
1 0.7001096491228069 0.4295504385964912 0.034722222222222224 0.05756578947368421
1 0.8188961988304093 0.43146929824561403 0.019371345029239765 0.027412280701754384
1 0.8530701754385964 0.4325657894736842 0.0402046783625731 0.05043859649122807
1 0.9256213450292398 0.45997807017543857 0.025950292397660817 0.029605263157894735
1 0.9605263157894737 0.6872258771929824 0.04093567251461988 0.05208333333333333
1 0.9278143274853801 0.6430921052631579 0.04349415204678363 0.0712719298245614
1 0.8464912280701754 0.6858552631578947 0.03654970760233918 0.03399122807017543
1 0.813048245614035 0.674890350877193 0.038377192982456135 0.043859649122807015
1 0.7881944444444444 0.6702302631578947 0.029605263157894735 0.05756578947368421
1 0.75 0.6762609649122807 0.031432748538011694 0.06414473684210525
1 0.6641081871345029 0.9018640350877193 0.021929824561403508 0.020833333333333332
1 0.7070540935672515 0.888157894736842 0.015716374269005847 0.03289473684210526
1 0.7395833333333333 0.8887061403508771 0.03326023391812866 0.049342105263157895
1 0.7788742690058479 0.9216008771929824 0.024853801169590642 0.044956140350877194
1 0.8163377192982456 0.900219298245614 0.02887426900584795 0.03289473684210526
1 0.85453216374269 0.9772478070175438 0.0402046783625731 0.045504385964912276
1 0.8861476608187134 0.8914473684210525 0.032529239766081866 0.04714912280701754
1 0.9590643274853801 0.9821820175438596 0.04093567251461988 0.0356359649122807
1 0.9502923976608186 0.8856907894736842 0.021929824561403508 0.05427631578947368
1 0.9707602339181286 0.8684210526315789 0.019736842105263157 0.039473684210526314
