1 0.04678362573099415 0.6968201754385964 0.015350877192982455 0.042763157894736836
1 0.049342105263157895 0.6030701754385964 0.03070175438596491 0.044956140350877194
1 0.12152777777777778 0.7192982456140351 0.021564327485380116 0.04057017543859649
1 0.1332236842105263 0.5597587719298245 0.023026315789473683 0.04824561403508772
1 0.1699561403508772 0.737390350877193 0.023391812865497075 0.06359649122807018
1 0.2134502923976608 0.5545504385964912 0.009502923976608187 0.02576754385964912
1 0.24543128654970758 0.7390350877192982 0.01425438596491228 0.03728070175438596
1 0.3788377192982456 0.544407894736842 0.01864035087719298 0.027412280701754384
1 0.2309941520467836 0.8053728070175438 0.021929824561403508 0.038377192982456135
1 0.42580409356725146 0.5605811403508771 0.02046783625730994 0.048793859649122806
1 0.445906432748538 0.7053179824561403 0.06944444444444445 0.0849780701754386
1 0.5067616959064327 0.7198464912280701 0.019371345029239765 0.046052631578947366
1 0.5224780701754386 0.6014254385964912 0.02448830409356725 0.044956140350877194
1 0.5902777777777778 0.7368421052631579 0.015350877192982455 0.0537280701754386
1 0.6118421052631579 0.5677083333333333 0.021198830409356724 0.02357456140350877
1 0.6761695906432749 0.5693530701754386 0.014619883040935672 0.042214912280701754
1 0.6743421052631579 0.7231359649122807 0.019736842105263157 0.044956140350877194
1 0.5826023391812866 0.7902960526315789 0.02631578947368421 0.0400219298245614
1 0.8095760233918128 0.5940241228070176 0.021198830409356724 0.0356359649122807
1 0.9234283625730993 0.6790021929824561 0.038377192982456135 0.0400219298245614
1 0.9468201754385964 0.6699561403508771 0.027412280701754384 0.049342105263157895
1 0.9707602339181286 0.7099780701754386 0.02046783625730994 0.049342105263157895
1 0.9468201754385964 0.5479714912280701 0.03033625730994152 0.03344298245614035
1 0.9815423976608186 0.5537280701754386 0.019371345029239765 0.038377192982456135
1 0.7342836257309941 0.813048245614035 0.03070175438596491 0.04057017543859649
1 0.6582602339181286 0.9155701754385964 0.027777777777777776 0.0581140350877193
1 0.5230263157894737 0.8201754385964912 0.019005847953216373 0.05921052631578947
1 0.552266081871345 0.9150219298245613 0.012426900584795321 0.03728070175438596
1 0.477156432748538 0.8327850877192982 0.023757309941520467 0.04057017543859649
1 0.4535818713450292 0.9383223684210525 0.013888888888888888 0.038925438596491224
1 0.3828581871345029 0.853344298245614 0.019371345029239765 0.04989035087719298
1 0.13139619883040934 0.8484100877192982 0.01425438596491228 0.048793859649122806
1 0.12353801169590642 0.8500548245614035 0.019736842105263157 0.045504385964912276
1 0.14656432748538012 0.9473684210526315 0.017543859649122806 0.0537280701754386
1 0.04824561403508772 0.875 0.019005847953216373 0.06030701754385964
