1 0.04239766081871345 0.08991228070175439 0.023391812865497075 0.03179824561403509
1 0.14784356725146197 0.05345394736842105 0.05226608187134503 0.044407894736842105
1 0.009868421052631578 0.22423245614035087 0.01827485380116959 0.046052631578947366
1 0.2911184210526316 0.04961622807017543 0.07346491228070175 0.06085526315789473
1 0.14802631578947367 0.2859100877192982 0.021929824561403508 0.0268640350877193
1 0.2099780701754386 0.30783991228070173 0.0222953216374269 0.016995614035087717
1 0.2759502923976608 0.296875 0.019736842105263157 0.024671052631578948
1 0.2739400584795321 0.21162280701754385 0.03691520467836257 0.05482456140350877
1 0.31012426900584794 0.21052631578947367 0.032529239766081866 0.05263157894736842
1 0.40625 0.06716008771929824 0.032529239766081866 0.06962719298245613
1 0.5093201754385964 0.020285087719298246 0.032529239766081866 0.038377192982456135
1 0.4619883040935672 0.08717105263157894 0.015350877192982455 0.02850877192982456
1 0.5093201754385964 0.06578947368421052 0.027412280701754384 0.05482456140350877
1 0.5888157894736842 0.0912828947368421 0.049707602339181284 0.07949561403508772
1 0.6690423976608186 0.06195175438596491 0.025950292397660817 0.041666666666666664
1 0.7044956140350876 0.04906798245614035 0.03691520467836257 0.06195175438596491
1 0.5829678362573099 0.0356359649122807 0.021198830409356724 0.05482456140350877
1 0.7412280701754386 0.07785087719298245 0.02266081871345029 0.03289473684210526
1 0.7810672514619883 0.0537280701754386 0.021929824561403508 0.03070175438596491
1 0.8788377192982456 0.11156798245614034 0.03326023391812866 0.044407894736842105
1 0.844298245614035 0.21929824561403508 0.0402046783625731 0.08333333333333333
1 0.7059576023391813 0.19682017543859648 0.04130116959064327 0.044956140350877194
1 0.60453216374269 0.2094298245614035 0.027777777777777776 0.07346491228070175
1 0.5736476608187134 0.20970394736842105 0.03179824561403509 0.05756578947368421
1 0.4780701754385965 0.1855811403508772 0.029970760233918127 0.048793859649122806
1 0.4608918128654971 0.20586622807017543 0.02631578947368421 0.0356359649122807
1 0.4861111111111111 0.28234649122807015 0.02046783625730994 0.03289473684210526
1 0.5601242690058479 0.3059210526315789 0.01644736842105263 0.019736842105263157
1 0.39437134502923976 0.2637061403508772 0.03508771929824561 0.0668859649122807
1 0.3506944444444444 0.20970394736842105 0.03399122807017543 0.05537280701754386
1 0.3042763157894737 0.31359649122807015 0.017178362573099414 0.03070175438596491
1 0.3369883040935672 0.3201754385964912 0.023391812865497075 0.03289473684210526
1 0.44828216374269003 0.328125 0.025950292397660817 0.03673245614035087
1 0.6313961988304093 0.30372807017543857 0.01644736842105263 0.023026315789473683
1 0.6787280701754386 0.2886513157894737 0.010964912280701754 0.03234649122807017
1 0.6997441520467836 0.2930372807017544 0.017178362573099414 0.03453947368421052
1 0.9073464912280701 0.4772478070175438 0.04130116959064327 0.05098684210526316
1 0.8486842105263157 0.4421600877192982 0.0533625730994152 0.06853070175438596
1 0.7984283625730993 0.44709429824561403 0.03326023391812866 0.05866228070175438
1 0.7512792397660818 0.4237938596491228 0.0537280701754386 0.11732456140350876
1 0.6909722222222222 0.42297149122807015 0.042763157894736836 0.08168859649122806
1 0.5586622807017544 0.49533991228070173 0.039108187134502925 0.05975877192982456
1 0.47368421052631576 0.444078947368421 0.046052631578947366 0.07017543859649122
1 0.31798245614035087 0.4336622807017544 0.043859649122807015 0.042763157894736836
1 0.26553362573099415 0.42626096491228066 0.06103801169590643 0.05537280701754386
1 0.22149122807017543 0.45559210526315785 0.021929824561403508 0.03618421052631579
1 0.14656432748538012 0.45997807017543857 0.04532163742690058 0.05592105263157894
1 0.011330409356725146 0.4846491228070175 0.02046783625730994 0.013157894736842105
1 0.02046783625730994 0.6077302631578947 0.03728070175438596 0.015899122807017545
1 0.06743421052631579 0.596765350877193 0.020833333333333332 0.02576754385964912
1 0.12207602339181287 0.5822368421052632 0.03289473684210526 0.04057017543859649
1 0.1924342105263158 0.581140350877193 0.021564327485380116 0.02631578947368421
1 0.23300438596491227 0.5789473684210527 0.042763157894736836 0.05701754385964912
1 0.32364766081871343 0.5764802631578947 0.025950292397660817 0.041118421052631575
1 0.25109649122807015 0.6145833333333333 0.015350877192982455 0.06140350877192982
1 0.3989400584795321 0.5855263157894737 0.05738304093567251 0.023026315789473683
1 0.45193713450292394 0.5868969298245613 0.049342105263157895 0.05098684210526316
1 0.4985380116959064 0.5803179824561403 0.029239766081871343 0.0400219298245614
1 0.5610380116959064 0.5986842105263157 0.0445906432748538 0.039473684210526314
1 0.5455043859649122 0.5767543859649122 0.017909356725146198 0.023026315789473683
1 0.6895102339181286 0.6047149122807017 0.0266812865497076 0.03618421052631579
1 0.708516081871345 0.546875 0.04788011695906433 0.0762061403508772
1 0.7584064327485379 0.5893640350877193 0.012426900584795321 0.046052631578947366
1 0.7807017543859649 0.5531798245614035 0.03508771929824561 0.0537280701754386
1 0.8393640350877193 0.5674342105263157 0.03399122807017543 0.03179824561403509
1 0.8828581871345029 0.584703947368421 0.025219298245614034 0.05646929824561403
1 0.8848684210526315 0.7362938596491228 0.03435672514619883 0.0668859649122807
1 0.8369883040935672 0.75 0.0402046783625731 0.044956140350877194
1 0.7953216374269005 0.753015350877193 0.025584795321637425 0.02576754385964912
1 0.7596856725146198 0.7286184210526315 0.052997076023391806 0.07017543859649122
1 0.6929824561403508 0.7212171052631579 0.029970760233918127 0.06524122807017543
1 0.6474780701754386 0.7532894736842105 0.04714912280701754 0.06578947368421052
1 0.581140350877193 0.7584978070175438 0.0402046783625731 0.05975877192982456
1 0.5884502923976608 0.7941337719298245 0.038011695906432746 0.02905701754385965
1 0.522843567251462 0.7305372807017544 0.04641812865497076 0.07072368421052631
1 0.45906432748538006 0.7634320175438596 0.02266081871345029 0.046600877192982455
1 0.42196637426900585 0.7763157894736842 0.03764619883040936 0.03289473684210526
1 0.37262426900584794 0.7502741228070176 0.0442251461988304 0.09375
1 0.34173976608187134 0.7464364035087719 0.04093567251461988 0.08168859649122806
1 0.2978801169590643 0.7521929824561403 0.021198830409356724 0.0537280701754386
1 0.22112573099415203 0.7256030701754386 0.03070175438596491 0.042214912280701754
1 0.19389619883040934 0.7275219298245613 0.032529239766081866 0.03179824561403509
1 0.15862573099415203 0.7272478070175438 0.03874269005847953 0.06853070175438596
1 0.01864035087719298 0.7521929824561403 0.02046783625730994 0.01425438596491228
1 0.06889619883040936 0.8500548245614035 0.058845029239766075 0.07291666666666666
1 0.16904239766081872 0.8758223684210525 0.04203216374269006 0.03234649122807017
1 0.258406432748538 0.8580043859649122 0.038011695906432746 0.05482456140350877
1 0.31012426900584794 0.8577302631578947 0.02448830409356725 0.016995614035087717
1 0.38907163742690054 0.9035087719298245 0.049342105263157895 0.044956140350877194
1 0.5078581871345029 0.8843201754385964 0.04788011695906433 0.0581140350877193
1 0.5575657894736842 0.9191337719298245 0.055190058479532164 0.0762061403508772
1 0.6675804093567251 0.875548245614035 0.04788011695906433 0.05263157894736842
1 0.7163742690058479 0.8791118421052632 0.029970760233918127 0.04989035087719298
1 0.7585891812865496 0.875548245614035 0.039108187134502925 0.05263157894736842
1 0.7838084795321637 0.9780701754385964 0.044956140350877194 0.043859649122807015
1 0.6902412280701754 0.9838267543859649 0.039108187134502925 0.03234649122807017
1 0.27887426900584794 0.9879385964912281 0.03654970760233918 0.02412280701754386
1 0.14491959064327484 0.9799890350877193 0.05226608187134503 0.0400219298245614
1 0.025950292397660817 0.993969298245614 0.03216374269005848 0.01206140350877193
