1 0.11677631578947367 0.41310307017543857 0.03691520467836257 0.05975877192982456
1 0.06743421052631579 0.5556469298245613 0.034722222222222224 0.05646929824561403
1 0.07035818713450293 0.6847587719298245 0.0398391812865497 0.05482456140350877
1 0.8720760233918128 0.021929824561403508 0.019005847953216373 0.03070175438596491
1 0.8428362573099415 0.035910087719298246 0.019736842105263157 0.0356359649122807
1 0.8145102339181286 0.0268640350877193 0.0266812865497076 0.020833333333333332
1 0.6913377192982456 0.04906798245614035 0.02448830409356725 0.03782894736842105
1 0.24415204678362573 0.02713815789473684 0.019736842105263157 0.0400219298245614
1 0.31743421052631576 0.03125 0.025950292397660817 0.038377192982456135
1 0.356359649122807 0.022752192982456138 0.02046783625730994 0.0356359649122807
1 0.78125 0.1356907894736842 0.0398391812865497 0.048793859649122806
1 0.7298976608187134 0.15926535087719298 0.025584795321637425 0.05537280701754386
1 0.6895102339181286 0.14035087719298245 0.028143274853801168 0.04057017543859649
1 0.6118421052631579 0.14144736842105263 0.04824561403508772 0.06469298245614034
1 0.5752923976608186 0.1469298245614035 0.0489766081871345 0.06140350877192982
1 0.5455043859649122 0.12582236842105263 0.048611111111111105 0.07072368421052631
1 0.49616228070175433 0.1425438596491228 0.03691520467836257 0.05043859649122807
1 0.4583333333333333 0.1543311403508772 0.02046783625730994 0.048793859649122806
1 0.3994883040935672 0.14528508771929824 0.041666666666666664 0.06469298245614034
1 0.35800438596491224 0.16365131578947367 0.015716374269005847 0.02357456140350877
1 0.2571271929824561 0.16968201754385964 0.05080409356725146 0.06743421052631579
1 0.9809941520467835 0.8530701754385964 0.029970760233918127 0.044956140350877194
1 0.9424342105263157 0.9251644736842105 0.03179824561403509 0.042214912280701754
1 0.9082602339181286 0.9136513157894737 0.03435672514619883 0.03673245614035087
1 0.75 0.8837719298245613 0.024853801169590642 0.038377192982456135
1 0.7923976608187134 0.9383223684210525 0.02046783625730994 0.0356359649122807
1 0.8081140350877193 0.915844298245614 0.025584795321637425 0.03125
1 0.7476242690058479 0.972861842105263 0.031067251461988302 0.04769736842105263
1 0.708516081871345 0.9512061403508771 0.03326023391812866 0.03179824561403509
1 0.6363304093567251 0.9665570175438596 0.046052631578947366 0.0668859649122807
1 0.5604897660818713 0.8744517543859649 0.021564327485380116 0.038377192982456135
1 0.5394736842105263 0.890625 0.017543859649122806 0.0268640350877193
1 0.48391812865497075 0.8867872807017544 0.019005847953216373 0.03015350877192982
1 0.36330409356725146 0.8670504385964912 0.013888888888888888 0.0268640350877193
1 0.27247807017543857 0.8678728070175438 0.01425438596491228 0.029605263157894735
1 0.40679824561403505 0.9890350877192982 0.027046783625730993 0.021929824561403508
1 0.45906432748538006 0.9904057017543859 0.02266081871345029 0.019188596491228067
