1 0.4853801169590643 0.14830043859649122 0.02850877192982456 0.038925438596491224
1 0.4161184210526316 0.18996710526315788 0.02448830409356725 0.03782894736842105
1 0.39400584795321636 0.17434210526315788 0.02412280701754386 0.02631578947368421
1 0.34868421052631576 0.1894188596491228 0.04093567251461988 0.038925438596491224
1 0.2353801169590643 0.19298245614035087 0.021198830409356724 0.04057017543859649
1 0.1957236842105263 0.22395833333333331 0.038377192982456135 0.04769736842105263
1 0.1469298245614035 0.18804824561403508 0.017543859649122806 0.03508771929824561
1 0.010782163742690058 0.2006578947368421 0.012792397660818713 0.03179824561403509
1 0.023026315789473683 0.3262061403508772 0.019005847953216373 0.02631578947368421
1 0.039473684210526314 0.3125 0.01023391812865497 0.019736842105263157
1 0.10307017543859648 0.30975877192982454 0.021929824561403508 0.03399122807017543
1 0.12207602339181287 0.3237390350877193 0.013888888888888888 0.018092105263157895
1 0.14894005847953215 0.3001644736842105 0.013523391812865496 0.0356359649122807
1 0.1913377192982456 0.31469298245614036 0.01864035087719298 0.038377192982456135
1 0.20796783625730994 0.29084429824561403 0.01608187134502924 0.02796052631578947
1 0.27887426900584794 0.29468201754385964 0.021198830409356724 0.0268640350877193
1 0.3340643274853801 0.2864583333333333 0.016812865497076022 0.03453947368421052
1 0.3700657894736842 0.3059210526315789 0.03033625730994152 0.03289473684210526
1 0.3516081871345029 0.31359649122807015 0.00804093567251462 0.020833333333333332
1 0.47697368421052627 0.2864583333333333 0.03289473684210526 0.041118421052631575
1 0.5034722222222222 0.2754934210526316 0.0442251461988304 0.03782894736842105
1 0.5063961988304093 0.3314144736842105 0.027412280701754384 0.03125
1 0.5782163742690059 0.32675438596491224 0.029970760233918127 0.03508771929824561
1 0.5281432748538012 0.4070723684210526 0.04824561403508772 0.07291666666666666
1 0.4994517543859649 0.3867872807017544 0.014985380116959063 0.022478070175438597
1 0.30080409356725146 0.3996710526315789 0.03070175438596491 0.03289473684210526
1 0.2324561403508772 0.42626096491228066 0.035818713450292396 0.04989035087719298
1 0.23720760233918128 0.33031798245614036 0.014619883040935672 0.015899122807017545
1 0.06652046783625731 0.44243421052631576 0.041666666666666664 0.029605263157894735
1 0.05427631578947368 0.39364035087719296 0.04057017543859649 0.041666666666666664
1 0.3252923976608187 0.5158991228070176 0.013888888888888888 0.03179824561403509
1 0.3870614035087719 0.5164473684210527 0.021929824561403508 0.03508771929824561
1 0.5464181286549707 0.5243969298245613 0.017543859649122806 0.03125
1 0.6094663742690059 0.6252741228070176 0.039108187134502925 0.0400219298245614
1 0.11677631578947367 0.6252741228070176 0.009137426900584795 0.0400219298245614
1 0.07858187134502924 0.7905701754385964 0.021929824561403508 0.02850877192982456
1 0.10599415204678361 0.7790570175438596 0.027046783625730993 0.05153508771929824
1 0.14364035087719298 0.7765899122807017 0.02046783625730994 0.03782894736842105
1 0.19883040935672514 0.7678179824561403 0.013157894736842105 0.024671052631578948
1 0.2777777777777778 0.765625 0.01608187134502924 0.02905701754385965
1 0.36860380116959063 0.750548245614035 0.01864035087719298 0.039473684210526314
1 0.4155701754385965 0.7456140350877193 0.02412280701754386 0.042763157894736836
1 0.5166301169590642 0.7406798245614035 0.023757309941520467 0.03179824561403509
1 0.5513523391812866 0.846765350877193 0.0266812865497076 0.03015350877192982
1 0.6197002923976608 0.8621162280701754 0.014985380116959063 0.013706140350877192
1 0.5332602339181286 0.8648574561403508 0.031432748538011694 0.042214912280701754
1 0.48391812865497075 0.8752741228070174 0.035818713450292396 0.03125
1 0.4228801169590643 0.9024122807017544 0.02850877192982456 0.03179824561403509
1 0.35508040935672514 0.875 0.025950292397660817 0.02412280701754386
1 0.33205409356725146 0.906798245614035 0.02887426900584795 0.03508771929824561
1 0.29989035087719296 0.8889802631578947 0.027412280701754384 0.0400219298245614
1 0.2012061403508772 0.859375 0.02010233918128655 0.02905701754385965
1 0.06889619883040936 0.8648574561403508 0.02010233918128655 0.02576754385964912
1 0.034722222222222224 0.915844298245614 0.01827485380116959 0.03673245614035087
1 0.11677631578947367 0.9942434210526315 0.01206140350877193 0.011513157894736841
1 0.164656432748538 0.9934210526315789 0.02010233918128655 0.013157894736842105
1 0.3119517543859649 0.9901315789473684 0.01644736842105263 0.019736842105263157
1 0.3399122807017544 0.984923245614035 0.03070175438596491 0.03015350877192982
1 0.42032163742690054 0.9895833333333333 0.031432748538011694 0.020833333333333332
1 0.5009137426900585 0.981907894736842 0.021564327485380116 0.02631578947368421
1 0.7192982456140351 0.8549890350877193 0.014619883040935672 0.020285087719298246
1 0.7627923976608186 0.834703947368421 0.021198830409356724 0.013706140350877192
1 0.8072002923976608 0.8401864035087718 0.017178362573099414 0.016995614035087717
1 0.8784722222222222 0.8275767543859649 0.023026315789473683 0.014802631578947368
1 0.9839181286549707 0.8615679824561403 0.02631578947368421 0.016995614035087717
1 0.8896198830409356 0.7234100877192982 0.010964912280701754 0.00932017543859649
1 0.8251096491228069 0.7280701754385964 0.032529239766081866 0.06030701754385964
1 0.7768640350877193 0.7239583333333333 0.038377192982456135 0.04989035087719298
1 0.7070540935672515 0.7431469298245613 0.017909356725146198 0.0400219298245614
1 0.7445175438596491 0.7521929824561403 0.008771929824561403 0.021929824561403508
1 0.6763523391812866 0.6104714912280701 0.03033625730994152 0.048793859649122806
1 0.7079678362573099 0.6340460526315789 0.038011695906432746 0.05537280701754386
1 0.7891081871345029 0.6156798245614035 0.03728070175438596 0.03618421052631579
1 0.8384502923976608 0.6118421052631579 0.02046783625730994 0.02850877192982456
1 0.8676900584795321 0.5992324561403508 0.03216374269005848 0.038377192982456135
1 0.8951023391812865 0.6011513157894737 0.02412280701754386 0.03344298245614035
1 0.9340277777777777 0.6047149122807017 0.03033625730994152 0.039473684210526314
1 0.9570540935672515 0.6252741228070176 0.044956140350877194 0.046600877192982455
1 0.9864766081871345 0.5896381578947368 0.027046783625730993 0.048793859649122806
1 0.956140350877193 0.4915021929824561 0.02266081871345029 0.022478070175438597
1 0.8603801169590642 0.4956140350877193 0.029239766081871343 0.03399122807017543
1 0.6233552631578947 0.5265899122807017 0.02010233918128655 0.02576754385964912
1 0.6270102339181286 0.4103618421052631 0.020833333333333332 0.020285087719298246
1 0.6761695906432749 0.41255482456140347 0.01608187134502924 0.02576754385964912
1 0.7123538011695906 0.40625 0.021198830409356724 0.020833333333333332
1 0.7383040935672515 0.3908991228070175 0.012426900584795321 0.019736842105263157
1 0.7982456140350876 0.37746710526315785 0.01023391812865497 0.020285087719298246
1 0.8276681286549707 0.4174890350877193 0.027412280701754384 0.019188596491228067
1 0.9228801169590642 0.37993421052631576 0.014619883040935672 0.010964912280701754
1 0.9608918128654971 0.3769188596491228 0.027777777777777776 0.02357456140350877
1 0.9917763157894737 0.3752741228070175 0.01644736842105263 0.0268640350877193
1 0.993969298245614 0.47423245614035087 0.01206140350877193 0.021929824561403508
1 0.7198464912280701 0.28152412280701755 0.008406432748538011 0.018092105263157895
1 0.9899488304093567 0.12966008771929824 0.02010233918128655 0.0356359649122807
1 0.9502923976608186 0.13925438596491227 0.03289473684210526 0.03179824561403509
1 0.9161184210526315 0.1439144736842105 0.023026315789473683 0.024671052631578948
1 0.8432017543859649 0.15158991228070173 0.02850877192982456 0.03125
1 0.8145102339181286 0.14336622807017543 0.025950292397660817 0.03125
1 0.7768640350877193 0.1650219298245614 0.021564327485380116 0.029605263157894735
1 0.752375730994152 0.18311403508771928 0.025950292397660817 0.03070175438596491
1 0.7236842105263157 0.1680372807017544 0.02850877192982456 0.022478070175438597
1 0.6801900584795322 0.14336622807017543 0.035818713450292396 0.045504385964912276
1 0.6489400584795322 0.1595394736842105 0.019371345029239765 0.03070175438596491
1 0.6133040935672515 0.17461622807017543 0.027777777777777776 0.0268640350877193
1 0.6080043859649122 0.058936403508771926 0.027412280701754384 0.0356359649122807
1 0.6387061403508771 0.07017543859649122 0.035453216374269 0.05153508771929824
1 0.7114400584795322 0.0649671052631579 0.02448830409356725 0.03782894736842105
1 0.768640350877193 0.042214912280701754 0.02046783625730994 0.02850877192982456
1 0.8051900584795321 0.049342105263157895 0.01023391812865497 0.013157894736842105
1 0.8364400584795321 0.05345394736842105 0.017909356725146198 0.020285087719298246
1 0.9325657894736842 0.018092105263157895 0.028143274853801168 0.03399122807017543
1 0.9652777777777777 0.03179824561403509 0.024853801169590642 0.021929824561403508
1 0.9784356725146198 0.0581140350877193 0.025584795321637425 0.020833333333333332
1 0.8901681286549707 0.04468201754385965 0.01644736842105263 0.02357456140350877
