1 0.8282163742690059 0.01864035087719298 0.010964912280701754 0.027412280701754384
1 0.5394736842105263 0.08333333333333333 0.014619883040935672 0.01425438596491228
1 0.36330409356725146 0.5243969298245613 0.019736842105263157 0.02576754385964912
1 0.5049342105263157 0.5227521929824561 0.020833333333333332 0.03125
1 0.5508040935672515 0.5197368421052632 0.023391812865497075 0.03728070175438596
1 0.6858552631578947 0.5005482456140351 0.021564327485380116 0.03508771929824561
1 0.7549342105263157 0.397203947368421 0.05592105263157894 0.0762061403508772
1 0.8516081871345029 0.5106907894736842 0.016812865497076022 0.024671052631578948
1 0.8633040935672515 0.5227521929824561 0.024853801169590642 0.0356359649122807
1 0.7196637426900584 0.5150767543859649 0.019005847953216373 0.02796052631578947
1 0.7695540935672515 0.5241228070175439 0.012792397660818713 0.027412280701754384
1 0.1913377192982456 0.5117872807017544 0.028143274853801168 0.0356359649122807
1 0.1600877192982456 0.5849780701754386 0.019005847953216373 0.03070175438596491
1 0.06341374269005848 0.881578947368421 0.038377192982456135 0.044956140350877194
1 0.10197368421052631 0.8840460526315789 0.03435672514619883 0.0400219298245614
1 0.28673245614035087 0.8481359649122806 0.04568713450292397 0.06469298245614034
1 0.35489766081871343 0.8481359649122806 0.039473684210526314 0.05153508771929824
1 0.31743421052631576 0.9868421052631579 0.038377192982456135 0.044956140350877194
1 0.4438961988304093 0.8174342105263157 0.02887426900584795 0.0537280701754386
1 0.4672880116959064 0.8215460526315789 0.0398391812865497 0.06304824561403509
1 0.518640350877193 0.8571820175438596 0.027046783625730993 0.046600877192982455
1 0.4990862573099415 0.9618969298245613 0.023026315789473683 0.03782894736842105
1 0.6065423976608186 0.9468201754385964 0.017909356725146198 0.03070175438596491
1 0.6175073099415205 0.9542214912280701 0.025950292397660817 0.05975877192982456
1 0.5718201754385964 0.8714364035087718 0.014985380116959063 0.03125
1 0.60453216374269 0.846765350877193 0.031432748538011694 0.03673245614035087
1 0.69828216374269 0.8791118421052632 0.03618421052631579 0.048793859649122806
1 0.8101242690058479 0.9059758771929824 0.02887426900584795 0.03453947368421052
1 0.8578216374269005 0.8793859649122806 0.02046783625730994 0.029605263157894735
1 0.8289473684210525 0.9777960526315789 0.023391812865497075 0.0356359649122807
1 0.8729897660818713 0.9640899122807017 0.025950292397660817 0.042214912280701754
1 0.9345760233918128 0.96875 0.03874269005847953 0.07236842105263158
