1 0.0537280701754386 0.0668859649122807 0.021198830409356724 0.021929824561403508
1 0.10928362573099415 0.07839912280701754 0.016812865497076022 0.019736842105263157
1 0.293859649122807 0.038925438596491224 0.016812865497076022 0.025219298245614034
1 0.1299342105263158 0.1631030701754386 0.015716374269005847 0.022478070175438597
1 0.012244152046783625 0.20038377192982454 0.020833333333333332 0.02576754385964912
1 0.0756578947368421 0.2598684210526316 0.019005847953216373 0.020833333333333332
1 0.14948830409356725 0.2774122807017544 0.015350877192982455 0.06359649122807018
1 0.4126461988304093 0.2543859649122807 0.02046783625730994 0.038377192982456135
1 0.17726608187134502 0.1606359649122807 0.021198830409356724 0.021929824561403508
1 0.2538377192982456 0.13925438596491227 0.02887426900584795 0.023026315789473683
1 0.34375 0.12746710526315788 0.011330409356725146 0.0268640350877193
1 0.41739766081871343 0.1313048245614035 0.01608187134502924 0.02576754385964912
1 0.45211988304093564 0.1162280701754386 0.019736842105263157 0.027412280701754384
1 0.4853801169590643 0.109375 0.017543859649122806 0.03344298245614035
1 0.4917763157894737 0.03344298245614035 0.009868421052631578 0.017543859649122806
1 0.6430921052631579 0.11403508771929824 0.017909356725146198 0.02631578947368421
1 0.6050804093567251 0.02905701754385965 0.013523391812865496 0.023026315789473683
1 0.6641081871345029 0.24177631578947367 0.006578947368421052 0.017543859649122806
1 0.6885964912280701 0.4794407894736842 0.01827485380116959 0.038925438596491224
1 0.11421783625730994 0.5178179824561403 0.039108187134502925 0.03782894736842105
1 0.006944444444444444 0.5671600877192983 0.012426900584795321 0.022478070175438597
1 0.11038011695906433 0.6496710526315789 0.019005847953216373 0.017543859649122806
1 0.191703216374269 0.65625 0.025950292397660817 0.03399122807017543
1 0.23428362573099415 0.640625 0.01023391812865497 0.013706140350877192
1 0.6836622807017544 0.6831140350877193 0.025219298245614034 0.029605263157894735
1 0.39309210526315785 0.7510964912280701 0.017909356725146198 0.03508771929824561
1 0.293859649122807 0.7554824561403508 0.029239766081871343 0.029605263157894735
1 0.23135964912280702 0.7308114035087719 0.027046783625730993 0.025219298245614034
1 0.13998538011695905 0.7234100877192982 0.02046783625730994 0.0356359649122807
1 0.04788011695906433 0.7294407894736842 0.033625730994152045 0.02796052631578947
1 0.059576023391812866 0.9879385964912281 0.029239766081871343 0.02412280701754386
1 0.07821637426900585 0.9640899122807017 0.025584795321637425 0.02796052631578947
1 0.1162280701754386 0.9651864035087718 0.03289473684210526 0.045504385964912276
1 0.18019005847953215 0.9564144736842105 0.023391812865497075 0.03125
1 0.26809210526315785 0.9539473684210525 0.02448830409356725 0.025219298245614034
1 0.36239035087719296 0.9602521929824561 0.02010233918128655 0.022478070175438597
1 0.4322002923976608 0.9550438596491228 0.0266812865497076 0.03179824561403509
1 0.458516081871345 0.9629934210526315 0.029605263157894735 0.0268640350877193
1 0.49122807017543857 0.9553179824561403 0.016812865497076022 0.016995614035087717
1 0.5171783625730993 0.940515350877193 0.014619883040935672 0.020285087719298246
1 0.625 0.9473684210526315 0.023391812865497075 0.023026315789473683
1 0.6644736842105263 0.935032894736842 0.01827485380116959 0.022478070175438597
1 0.6913377192982456 0.9473684210526315 0.01425438596491228 0.03070175438596491
1 0.9038742690058479 0.01425438596491228 0.03289473684210526 0.027412280701754384
1 0.82328216374269 0.14912280701754385 0.011330409356725146 0.01425438596491228
1 0.7891081871345029 0.2149122807017544 0.01827485380116959 0.03070175438596491
1 0.938048245614035 0.14528508771929824 0.007675438596491228 0.017543859649122806
1 0.9696637426900584 0.12033991228070175 0.009502923976608187 0.02905701754385965
1 0.8282163742690059 0.25301535087719296 0.01608187134502924 0.016995614035087717
1 0.9495614035087718 0.2256030701754386 0.013157894736842105 0.024671052631578948
1 0.8804824561403508 0.36485745614035087 0.009502923976608187 0.019188596491228067
1 0.8267543859649122 0.5888157894736842 0.03435672514619883 0.03508771929824561
1 0.8919956140350876 0.6104714912280701 0.04568713450292397 0.04989035087719298
1 0.9512061403508771 0.6052631578947368 0.034722222222222224 0.0668859649122807
1 0.9802631578947368 0.587719298245614 0.039473684210526314 0.041666666666666664
1 0.9904970760233918 0.5940241228070176 0.019005847953216373 0.05756578947368421
1 0.9961622807017543 0.7009320175438596 0.007675438596491228 0.013706140350877192
1 0.9429824561403508 0.7129934210526315 0.013888888888888888 0.016995614035087717
1 0.9301900584795321 0.6836622807017544 0.014619883040935672 0.01425438596491228
1 0.864766081871345 0.6907894736842105 0.013888888888888888 0.020833333333333332
1 0.813048245614035 0.935032894736842 0.023026315789473683 0.0268640350877193
1 0.8901681286549707 0.9427083333333333 0.017178362573099414 0.03673245614035087
1 0.9438961988304093 0.9303728070175438 0.01644736842105263 0.03179824561403509
1 0.995796783625731 0.9191337719298245 0.008406432748538011 0.02357456140350877
