1 0.08095760233918128 0.0581140350877193 0.044956140350877194 0.0625
1 0.1074561403508772 0.04468201754385965 0.038011695906432746 0.06085526315789473
1 0.1290204678362573 0.0268640350877193 0.04678362573099415 0.05153508771929824
1 0.1875 0.023026315789473683 0.0402046783625731 0.044956140350877194
1 0.1875 0.0424890350877193 0.021198830409356724 0.0268640350877193
1 0.21929824561403508 0.02412280701754386 0.027777777777777776 0.046052631578947366
1 0.2847222222222222 0.03618421052631579 0.033625730994152045 0.0537280701754386
1 0.2627923976608187 0.022752192982456138 0.021929824561403508 0.0400219298245614
1 0.3369883040935672 0.044956140350877194 0.03728070175438596 0.0668859649122807
1 0.40040204678362573 0.033717105263157895 0.019371345029239765 0.048793859649122806
1 0.46235380116959063 0.03782894736842105 0.02850877192982456 0.044956140350877194
1 0.4985380116959064 0.03207236842105263 0.029239766081871343 0.045504385964912276
1 0.5199195906432749 0.017543859649122806 0.042763157894736836 0.03179824561403509
1 0.5513523391812866 0.021929824561403508 0.03179824561403509 0.04057017543859649
1 0.5928362573099415 0.022203947368421052 0.03216374269005848 0.041118421052631575
1 0.6240862573099415 0.021929824561403508 0.031067251461988302 0.04057017543859649
1 0.6538742690058479 0.02412280701754386 0.02631578947368421 0.041666666666666664
1 0.689875730994152 0.03207236842105263 0.03691520467836257 0.06304824561403509
1 0.7225877192982456 0.0381030701754386 0.03508771929824561 0.046600877192982455
1 0.65625 0.23739035087719296 0.042763157894736836 0.05701754385964912
1 0.5283260233918128 0.22998903508771928 0.049342105263157895 0.05975877192982456
1 0.4932383040935672 0.25109649122807015 0.0266812865497076 0.05043859649122807
1 0.4541301169590643 0.24862938596491227 0.035453216374269 0.05756578947368421
1 0.4053362573099415 0.27001096491228066 0.05043859649122807 0.048793859649122806
1 0.3682383040935672 0.2431469298245614 0.03399122807017543 0.05427631578947368
1 0.08205409356725146 0.3574561403508772 0.04714912280701754 0.0625
1 0.12554824561403508 0.33771929824561403 0.04349415204678363 0.06578947368421052
1 0.19901315789473684 0.2727521929824561 0.025950292397660817 0.05756578947368421
1 0.2538377192982456 0.2546600877192982 0.02887426900584795 0.048793859649122806
1 0.2666301169590643 0.25 0.04130116959064327 0.03289473684210526
1 0.2730263157894737 0.33223684210526316 0.04239766081871345 0.05701754385964912
1 0.30665204678362573 0.32209429824561403 0.05116959064327485 0.07072368421052631
1 0.3667763157894737 0.31798245614035087 0.042763157894736836 0.05263157894736842
1 0.3980263157894737 0.30838815789473684 0.04312865497076023 0.044407894736842105
1 0.439875730994152 0.3358004385964912 0.04349415204678363 0.05646929824561403
1 0.5038377192982456 0.350328947368421 0.03179824561403509 0.03399122807017543
1 0.5288742690058479 0.3432017543859649 0.023391812865497075 0.03399122807017543
1 0.5913742690058479 0.30975877192982454 0.04239766081871345 0.0581140350877193
1 0.6690423976608186 0.3358004385964912 0.0222953216374269 0.03453947368421052
1 0.6860380116959064 0.30838815789473684 0.04093567251461988 0.05098684210526316
1 0.7479897660818713 0.3527960526315789 0.03691520467836257 0.0400219298245614
1 0.06597222222222222 0.4492872807017544 0.034722222222222224 0.05427631578947368
1 0.5908260233918128 0.740953947368421 0.031067251461988302 0.046600877192982455
1 0.4985380116959064 0.690515350877193 0.017543859649122806 0.03673245614035087
1 0.1299342105263158 0.8336074561403508 0.03618421052631579 0.04769736842105263
1 0.23446637426900582 0.8171600877192982 0.03618421052631579 0.0356359649122807
1 0.7403143274853801 0.9857456140350876 0.029605263157894735 0.02850877192982456
1 0.6763523391812866 0.9890350877192982 0.02887426900584795 0.021929824561403508
1 0.6504020467836257 0.9901315789473684 0.023757309941520467 0.019736842105263157
1 0.6074561403508771 0.9895833333333333 0.03508771929824561 0.020833333333333332
1 0.5796783625730993 0.9893092105263157 0.021198830409356724 0.021381578947368418
1 0.43841374269005845 0.9898574561403508 0.025950292397660817 0.020285087719298246
1 0.3475877192982456 0.9879385964912281 0.03508771929824561 0.02412280701754386
1 0.14108187134502922 0.9876644736842105 0.031432748538011694 0.024671052631578948
1 0.9190423976608186 0.9904057017543859 0.025219298245614034 0.019188596491228067
1 0.8271198830409356 0.04632675438596491 0.005116959064327485 0.018092105263157895
1 0.9608918128654971 0.005482456140350877 0.019736842105263157 0.009868421052631578
1 0.9853801169590642 0.31743421052631576 0.029239766081871343 0.0581140350877193
1 0.9599780701754386 0.3393640350877193 0.048611111111111105 0.0581140350877193
1 0.924890350877193 0.32922149122807015 0.038377192982456135 0.07949561403508772
1 0.8872441520467835 0.3530701754385965 0.042763157894736836 0.0712719298245614
1 0.8501461988304093 0.33031798245614036 0.05043859649122807 0.06195175438596491
1 0.9360380116959064 0.5361842105263157 0.02046783625730994 0.03399122807017543
1 0.9115497076023391 0.7900219298245613 0.02266081871345029 0.02850877192982456
1 0.9459064327485379 0.7741228070175438 0.019005847953216373 0.025219298245614034
