1 0.019554093567251463 0.12280701754385964 0.029605263157894735 0.03399122807017543
1 0.0977704678362573 0.0868969298245614 0.015716374269005847 0.0268640350877193
1 0.11184210526315788 0.05756578947368421 0.027046783625730993 0.03618421052631579
1 0.19682017543859648 0.09868421052631579 0.025219298245614034 0.03289473684210526
1 0.2447002923976608 0.10279605263157894 0.017909356725146198 0.0268640350877193
1 0.30080409356725146 0.125 0.019736842105263157 0.02631578947368421
1 0.33442982456140347 0.21299342105263155 0.021198830409356724 0.02796052631578947
1 0.05281432748538011 0.2637061403508772 0.0222953216374269 0.02631578947368421
1 0.03326023391812866 0.21080043859649122 0.02850877192982456 0.03453947368421052
1 0.4375 0.09429824561403508 0.021929824561403508 0.039473684210526314
1 0.48391812865497075 0.22368421052631576 0.01827485380116959 0.03618421052631579
1 0.5259502923976608 0.18338815789473684 0.02046783625730994 0.0400219298245614
1 0.5677997076023391 0.11184210526315788 0.03179824561403509 0.0537280701754386
1 0.6348684210526315 0.22724780701754385 0.03289473684210526 0.041118421052631575
1 0.37207602339181284 0.328125 0.021929824561403508 0.03015350877192982
1 0.3218201754385965 0.674890350877193 0.023757309941520467 0.03508771929824561
1 0.5721856725146198 0.690515350877193 0.025950292397660817 0.03015350877192982
1 0.6063596491228069 0.6696820175438596 0.023391812865497075 0.0356359649122807
1 0.6343201754385964 0.6137609649122807 0.02887426900584795 0.038925438596491224
1 0.6235380116959064 0.8327850877192982 0.043859649122807015 0.05153508771929824
1 0.4199561403508772 0.9418859649122806 0.016812865497076022 0.02631578947368421
1 0.3534356725146199 0.841282894736842 0.027777777777777776 0.042214912280701754
1 0.1597222222222222 0.813048245614035 0.013888888888888888 0.02631578947368421
1 0.10489766081871345 0.9599780701754386 0.029970760233918127 0.04057017543859649
1 0.07748538011695906 0.9514802631578947 0.019005847953216373 0.02576754385964912
1 0.5864400584795322 0.8662280701754386 0.01425438596491228 0.019736842105263157
1 0.78125 0.10307017543859648 0.025219298245614034 0.044956140350877194
1 0.8125 0.10279605263157894 0.013157894736842105 0.0400219298245614
1 0.7955043859649122 0.23711622807017543 0.0266812865497076 0.041118421052631575
1 0.8457602339181286 0.22861842105263155 0.019736842105263157 0.04057017543859649
1 0.8662280701754386 0.25 0.01608187134502924 0.02631578947368421
1 0.9453581871345029 0.2319078947368421 0.014985380116959063 0.038377192982456135
