1 0.9413377192982456 0.690515350877193 0.035453216374269 0.041118421052631575
1 0.5615862573099415 0.45614035087719296 0.04349415204678363 0.05482456140350877
1 0.6059941520467836 0.4514802631578947 0.019736842105263157 0.03234649122807017
1 0.6626461988304093 0.43804824561403505 0.04239766081871345 0.0537280701754386
1 0.6953581871345029 0.4213267543859649 0.03326023391812866 0.043311403508771926
1 0.7441520467836257 0.4465460526315789 0.027046783625730993 0.05098684210526316
1 0.7905701754385964 0.444078947368421 0.035818713450292396 0.0581140350877193
1 0.8408260233918128 0.44298245614035087 0.042763157894736836 0.05263157894736842
1 0.8951023391812865 0.45614035087719296 0.03289473684210526 0.041666666666666664
1 0.9024122807017544 0.4375 0.03216374269005848 0.04714912280701754
1 0.7412280701754386 0.7346491228070176 0.027046783625730993 0.04714912280701754
