1 0.02448830409356725 0.04906798245614035 0.027777777777777776 0.022478070175438597
1 0.09576023391812866 0.09457236842105263 0.027046783625730993 0.02796052631578947
1 0.07328216374269006 0.14967105263157893 0.0266812865497076 0.03508771929824561
1 0.18804824561403508 0.05098684210526316 0.014985380116959063 0.03289473684210526
1 0.16319444444444445 0.10800438596491227 0.028143274853801168 0.04824561403508772
1 0.13432017543859648 0.2590460526315789 0.01644736842105263 0.0356359649122807
1 0.16758040935672514 0.38788377192982454 0.023026315789473683 0.045504385964912276
1 0.1509502923976608 0.3996710526315789 0.03289473684210526 0.03618421052631579
1 0.09722222222222221 0.3684210526315789 0.025584795321637425 0.039473684210526314
1 0.061586257309941515 0.39555921052631576 0.03618421052631579 0.0268640350877193
1 0.18804824561403508 0.5049342105263157 0.03326023391812866 0.05592105263157894
1 0.07182017543859649 0.5002741228070176 0.029605263157894735 0.05756578947368421
1 0.03618421052631579 0.5046600877192983 0.027046783625730993 0.0356359649122807
1 0.16264619883040934 0.631578947368421 0.017543859649122806 0.02412280701754386
1 0.1699561403508772 0.7546600877192982 0.03654970760233918 0.05537280701754386
1 0.1332236842105263 0.7420504385964912 0.04203216374269006 0.06304824561403509
1 0.0893640350877193 0.7483552631578947 0.032529239766081866 0.0537280701754386
1 0.057200292397660814 0.7436951754385964 0.039108187134502925 0.046600877192982455
1 0.08552631578947367 0.8752741228070174 0.03289473684210526 0.0400219298245614
1 0.1284722222222222 0.90625 0.028143274853801168 0.0581140350877193
1 0.15533625730994152 0.8774671052631579 0.04751461988304093 0.042214912280701754
1 0.31451023391812866 0.14528508771929824 0.028143274853801168 0.042763157894736836
1 0.35800438596491224 0.0981359649122807 0.015716374269005847 0.05263157894736842
1 0.37993421052631576 0.0556469298245614 0.027412280701754384 0.05537280701754386
1 0.4263523391812865 0.10115131578947367 0.04203216374269006 0.04989035087719298
1 0.4950657894736842 0.10581140350877193 0.03326023391812866 0.05482456140350877
1 0.5020102339181286 0.08744517543859649 0.04130116959064327 0.03782894736842105
1 0.5423976608187134 0.10279605263157894 0.02046783625730994 0.0400219298245614
1 0.6401681286549707 0.09457236842105263 0.03764619883040936 0.05208333333333333
1 0.6445540935672515 0.09457236842105263 0.0266812865497076 0.04769736842105263
1 0.6880482456140351 0.10334429824561403 0.03691520467836257 0.05427631578947368
1 0.7112573099415205 0.13020833333333331 0.04532163742690058 0.05975877192982456
1 0.813048245614035 0.1074561403508772 0.04714912280701754 0.049342105263157895
1 0.8843201754385964 0.09923245614035087 0.042763157894736836 0.04057017543859649
1 0.927266081871345 0.1162280701754386 0.046052631578947366 0.0712719298245614
1 0.33059210526315785 0.4649122807017544 0.04057017543859649 0.05701754385964912
1 0.5703581871345029 0.5849780701754386 0.0266812865497076 0.042763157894736836
1 0.5367324561403508 0.591282894736842 0.0266812865497076 0.038925438596491224
1 0.4161184210526316 0.6244517543859649 0.025950292397660817 0.042763157894736836
1 0.34375 0.5915570175438596 0.02887426900584795 0.041666666666666664
1 0.27887426900584794 0.6192434210526315 0.02266081871345029 0.02905701754385965
1 0.28618421052631576 0.8917214912280701 0.02412280701754386 0.03344298245614035
1 0.3505116959064327 0.8977521929824561 0.01827485380116959 0.022478070175438597
1 0.39455409356725146 0.8760964912280701 0.0222953216374269 0.03179824561403509
1 0.42580409356725146 0.8977521929824561 0.019736842105263157 0.03782894736842105
1 0.4473684210526315 0.9024122807017544 0.02046783625730994 0.03179824561403509
1 0.49031432748538006 0.9057017543859649 0.020833333333333332 0.027412280701754384
1 0.5367324561403508 0.8977521929824561 0.03618421052631579 0.042214912280701754
1 0.6851242690058479 0.881578947368421 0.025219298245614034 0.02850877192982456
1 0.72953216374269 0.8843201754385964 0.03216374269005848 0.03728070175438596
1 0.7441520467836257 0.8478618421052632 0.02412280701754386 0.046600877192982455
1 0.7905701754385964 0.890625 0.02412280701754386 0.02796052631578947
1 0.8291301169590642 0.8604714912280701 0.025219298245614034 0.02905701754385965
1 0.8642178362573099 0.8637609649122806 0.039108187134502925 0.0400219298245614
1 0.8974780701754386 0.865953947368421 0.025950292397660817 0.03673245614035087
1 0.9453581871345029 0.8758223684210525 0.03326023391812866 0.038925438596491224
1 0.9727704678362572 0.8678728070175438 0.03179824561403509 0.046052631578947366
