1 0.033625730994152045 0.6790021929824561 0.021929824561403508 0.03125
1 0.03326023391812866 0.328125 0.021929824561403508 0.024671052631578948
1 0.13614766081871343 0.2949561403508772 0.02887426900584795 0.044956140350877194
1 0.14656432748538012 0.34237938596491224 0.031432748538011694 0.046600877192982455
1 0.15168128654970758 0.4174890350877193 0.024853801169590642 0.042214912280701754
1 0.1074561403508772 0.41310307017543857 0.029239766081871343 0.03344298245614035
1 0.04093567251461988 0.47423245614035087 0.02046783625730994 0.03289473684210526
1 0.1602704678362573 0.47121710526315785 0.0266812865497076 0.044407894736842105
1 0.1248172514619883 0.5742872807017544 0.02010233918128655 0.02576754385964912
1 0.0847953216374269 0.5523574561403508 0.014619883040935672 0.018092105263157895
1 0.01425438596491228 0.5808662280701754 0.027046783625730993 0.0356359649122807
1 0.10891812865497075 0.6831140350877193 0.01827485380116959 0.02631578947368421
1 0.17196637426900585 0.5871710526315789 0.03399122807017543 0.046052631578947366
1 0.2269736842105263 0.669407894736842 0.02631578947368421 0.021929824561403508
1 0.2739400584795321 0.5945723684210525 0.031067251461988302 0.0356359649122807
1 0.33059210526315785 0.6921600877192982 0.042763157894736836 0.0356359649122807
1 0.3291301169590643 0.603344298245614 0.03179824561403509 0.043311403508771926
1 0.3159722222222222 0.4761513157894737 0.0266812865497076 0.038925438596491224
1 0.3428362573099415 0.36376096491228066 0.023391812865497075 0.05208333333333333
1 0.37207602339181284 0.5896381578947368 0.027046783625730993 0.0356359649122807
1 0.39400584795321636 0.59375 0.01023391812865497 0.03179824561403509
1 0.40387426900584794 0.7102521929824561 0.027777777777777776 0.0356359649122807
1 0.42196637426900585 0.3908991228070175 0.013523391812865496 0.049342105263157895
1 0.4780701754385965 0.34429824561403505 0.014619883040935672 0.021929824561403508
1 0.6425438596491228 0.3640350877192982 0.021929824561403508 0.06907894736842105
1 0.5201023391812866 0.4608004385964912 0.01608187134502924 0.043311403508771926
1 0.5497076023391813 0.53125 0.024853801169590642 0.03070175438596491
1 0.5332602339181286 0.7025767543859649 0.025584795321637425 0.043311403508771926
1 0.5561038011695906 0.6773574561403508 0.02448830409356725 0.046600877192982455
1 0.6162280701754386 0.7390350877192982 0.027046783625730993 0.0668859649122807
1 0.6597222222222222 0.6907894736842105 0.02850877192982456 0.04824561403508772
1 0.6758040935672515 0.5625 0.029970760233918127 0.03728070175438596
1 0.7510964912280701 0.41913377192982454 0.01608187134502924 0.03782894736842105
1 0.7105263157894737 0.32593201754385964 0.021929824561403508 0.03782894736842105
1 0.7766812865497076 0.5715460526315789 0.03216374269005848 0.044407894736842105
1 0.8115862573099415 0.5200109649122807 0.02010233918128655 0.016995614035087717
1 0.8017178362573099 0.2976973684210526 0.02887426900584795 0.03289473684210526
1 0.8408260233918128 0.2768640350877193 0.025219298245614034 0.019736842105263157
1 0.9722222222222222 0.2944078947368421 0.0402046783625731 0.02850877192982456
1 0.97953216374269 0.4270833333333333 0.03435672514619883 0.042763157894736836
1 0.9228801169590642 0.4495614035087719 0.035818713450292396 0.043859649122807015
1 0.8616593567251462 0.5603070175438596 0.03179824561403509 0.02412280701754386
1 0.9082602339181286 0.5224780701754386 0.03654970760233918 0.03289473684210526
1 0.9811769005847952 0.5622258771929824 0.03764619883040936 0.03125
1 0.985562865497076 0.6674890350877193 0.02887426900584795 0.048793859649122806
