1 0.12353801169590642 0.13788377192982457 0.062134502923976605 0.0805921052631579
1 0.2934941520467836 0.12033991228070175 0.019005847953216373 0.019188596491228067
1 0.1684941520467836 0.4799890350877193 0.02046783625730994 0.03344298245614035
1 0.12701023391812866 0.49616228070175433 0.025219298245614034 0.03508771929824561
1 0.09283625730994152 0.49396929824561403 0.025584795321637425 0.023026315789473683
1 0.04641812865497076 0.49122807017543857 0.013888888888888888 0.013157894736842105
1 0.0805921052631579 0.5989583333333333 0.03033625730994152 0.05208333333333333
1 0.05427631578947368 0.6112938596491228 0.0266812865497076 0.05263157894736842
1 0.017178362573099414 0.59375 0.03289473684210526 0.041666666666666664
1 0.29641812865497075 0.5948464912280701 0.05701754385964912 0.05263157894736842
1 0.2622441520467836 0.8681469298245613 0.06176900584795321 0.06524122807017543
1 0.33114035087719296 0.8053728070175438 0.046052631578947366 0.05263157894736842
1 0.3296783625730994 0.7330043859649122 0.029239766081871343 0.041666666666666664
1 0.33735380116959063 0.6274671052631579 0.035818713450292396 0.03125
1 0.3559941520467836 0.7192982456140351 0.025584795321637425 0.039473684210526314
1 0.33150584795321636 0.11787280701754385 0.015350877192982455 0.023026315789473683
1 0.3516081871345029 0.11156798245614034 0.021929824561403508 0.020285087719298246
1 0.396016081871345 0.0868969298245614 0.012792397660818713 0.019188596491228067
1 0.4947002923976608 0.10005482456140351 0.01206140350877193 0.015899122807017545
1 0.5049342105263157 0.0849780701754386 0.017178362573099414 0.013157894736842105
1 0.47934941520467833 0.22642543859649122 0.0537280701754386 0.06469298245614034
1 0.7065058479532164 0.08744517543859649 0.017543859649122806 0.024671052631578948
1 0.7552997076023391 0.10444078947368421 0.013523391812865496 0.02796052631578947
1 0.7774122807017544 0.10307017543859648 0.01608187134502924 0.02850877192982456
1 0.8413742690058479 0.08525219298245613 0.012426900584795321 0.013706140350877192
1 0.8759137426900584 0.0825109649122807 0.01425438596491228 0.02357456140350877
1 0.958516081871345 0.22094298245614033 0.03618421052631579 0.07236842105263158
1 0.9868421052631579 0.23273026315789472 0.02631578947368421 0.06195175438596491
1 0.7759502923976608 0.2294407894736842 0.027046783625730993 0.07291666666666666
1 0.36659356725146197 0.3379934210526316 0.013157894736842105 0.018092105263157895
1 0.43951023391812866 0.3201754385964912 0.01206140350877193 0.013157894736842105
1 0.5721856725146198 0.3928179824561403 0.023026315789473683 0.02357456140350877
1 0.677266081871345 0.3887061403508772 0.010964912280701754 0.008771929824561403
1 0.7251461988304093 0.3237390350877193 0.013888888888888888 0.014802631578947368
1 0.7763157894736842 0.3379934210526316 0.012426900584795321 0.013706140350877192
1 0.6582602339181286 0.3333333333333333 0.008771929824561403 0.021929824561403508
1 0.8291301169590642 0.3577302631578947 0.009868421052631578 0.013706140350877192
1 0.8843201754385964 0.37088815789473684 0.007675438596491228 0.0268640350877193
1 0.9199561403508771 0.37609649122807015 0.019005847953216373 0.020833333333333332
1 0.9565058479532164 0.3352521929824561 0.02046783625730994 0.018092105263157895
1 0.9883040935672514 0.3308662280701754 0.00804093567251462 0.013706140350877192
1 0.9512061403508771 0.622532894736842 0.0222953216374269 0.042214912280701754
1 0.9159356725146198 0.5896381578947368 0.033625730994152045 0.03782894736842105
1 0.8828581871345029 0.6027960526315789 0.0222953216374269 0.03125
1 0.8486842105263157 0.6260964912280701 0.03070175438596491 0.03728070175438596
1 0.813048245614035 0.6091008771929824 0.029605263157894735 0.05153508771929824
1 0.7788742690058479 0.6006030701754386 0.021198830409356724 0.042214912280701754
1 0.7490862573099415 0.6055372807017544 0.020833333333333332 0.05317982456140351
1 0.7134502923976608 0.643640350877193 0.035818713450292396 0.0581140350877193
1 0.7079678362573099 0.6112938596491228 0.038011695906432746 0.03289473684210526
1 0.6487573099415205 0.6118421052631579 0.03070175438596491 0.049342105263157895
1 0.6317616959064327 0.5822368421052632 0.0266812865497076 0.03070175438596491
1 0.5762061403508771 0.5945723684210525 0.03691520467836257 0.038925438596491224
1 0.5449561403508771 0.6208881578947368 0.023391812865497075 0.048793859649122806
1 0.4857456140350877 0.5981359649122807 0.025584795321637425 0.049342105263157895
1 0.43165204678362573 0.5896381578947368 0.03216374269005848 0.044407894736842105
1 0.3919956140350877 0.6184210526315789 0.0442251461988304 0.04714912280701754
1 0.39309210526315785 0.7683662280701754 0.0222953216374269 0.0356359649122807
1 0.4400584795321637 0.7497258771929824 0.025584795321637425 0.03344298245614035
1 0.5082236842105263 0.7502741228070176 0.02010233918128655 0.0268640350877193
1 0.48830409356725146 0.8925438596491228 0.02850877192982456 0.06907894736842105
1 0.4009502923976608 0.8818530701754386 0.02266081871345029 0.05208333333333333
1 0.5497076023391813 0.71875 0.013157894736842105 0.02631578947368421
1 0.5767543859649122 0.7102521929824561 0.029970760233918127 0.03782894736842105
1 0.5383771929824561 0.8399122807017544 0.04093567251461988 0.07017543859649122
1 0.6023391812865497 0.9106359649122806 0.01608187134502924 0.06798245614035087
1 0.6401681286549707 0.7351973684210525 0.019371345029239765 0.03070175438596491
1 0.6659356725146198 0.7234100877192982 0.019005847953216373 0.03125
1 0.706140350877193 0.7182017543859649 0.02631578947368421 0.043859649122807015
1 0.6445540935672515 0.8928179824561403 0.0398391812865497 0.042214912280701754
1 0.6792763157894737 0.8818530701754386 0.027412280701754384 0.06524122807017543
1 0.7578581871345029 0.8218201754385964 0.017909356725146198 0.0800438596491228
1 0.7724780701754386 0.8240131578947368 0.04349415204678363 0.06907894736842105
1 0.771016081871345 0.9841008771929824 0.025950292397660817 0.03179824561403509
1 0.8262061403508771 0.9816337719298245 0.0442251461988304 0.03673245614035087
1 0.8296783625730993 0.8056469298245613 0.02850877192982456 0.044407894736842105
1 0.8802997076023391 0.8887061403508771 0.03179824561403509 0.0581140350877193
1 0.906798245614035 0.9429824561403508 0.04678362573099415 0.07017543859649122
1 0.9115497076023391 0.8574561403508771 0.02850877192982456 0.0581140350877193
1 0.9354897660818713 0.7143640350877193 0.017178362573099414 0.02412280701754386
1 0.9813596491228069 0.8974780701754386 0.029239766081871343 0.0625
