1 0.575657894736842 0.6014254385964912 0.021198830409356724 0.042763157894736836
1 0.6005116959064327 0.5183662280701754 0.03070175438596491 0.038925438596491224
1 0.7788742690058479 0.5309758771929824 0.019736842105263157 0.03234649122807017
1 0.8393640350877193 0.3327850877192982 0.0222953216374269 0.044956140350877194
1 0.9188596491228069 0.5268640350877193 0.015350877192982455 0.02850877192982456
1 0.96875 0.5227521929824561 0.023026315789473683 0.042214912280701754
1 0.9111842105263157 0.9720394736842105 0.021929824561403508 0.02850877192982456
1 0.9413377192982456 0.8662280701754386 0.0266812865497076 0.04057017543859649
1 0.8876096491228069 0.8333333333333333 0.03618421052631579 0.0581140350877193
1 0.8676900584795321 0.828125 0.031432748538011694 0.05537280701754386
1 0.7832602339181286 0.8552631578947368 0.03654970760233918 0.0581140350877193
1 0.7055921052631579 0.8459429824561403 0.03618421052631579 0.049342105263157895
1 0.7298976608187134 0.9912280701754386 0.03508771929824561 0.038377192982456135
1 0.009868421052631578 0.8870614035087718 0.017543859649122806 0.03179824561403509
1 0.042763157894736836 0.8933662280701754 0.027777777777777776 0.0356359649122807
1 0.08589181286549707 0.8889802631578947 0.024853801169590642 0.044407894736842105
1 0.10489766081871345 0.888157894736842 0.02412280701754386 0.03728070175438596
1 0.20157163742690057 0.8843201754385964 0.034722222222222224 0.049342105263157895
1 0.283625730994152 0.888157894736842 0.021929824561403508 0.03399122807017543
1 0.32821637426900585 0.888157894736842 0.02266081871345029 0.03618421052631579
1 0.3733552631578947 0.8804824561403508 0.034722222222222224 0.04824561403508772
1 0.45175438596491224 0.8640350877192982 0.025584795321637425 0.03508771929824561
1 0.46875 0.8917214912280701 0.025950292397660817 0.03673245614035087
1 0.5069444444444444 0.890625 0.025584795321637425 0.041118421052631575
1 0.5297880116959064 0.893640350877193 0.0222953216374269 0.04057017543859649
