1 0.03691520467836257 0.07922149122807016 0.02046783625730994 0.05537280701754386
1 0.03179824561403509 0.700657894736842 0.02046783625730994 0.03070175438596491
1 0.022478070175438597 0.9912280701754386 0.012792397660818713 0.017543859649122806
1 0.14510233918128654 0.0737390350877193 0.03289473684210526 0.044407894736842105
1 0.1909722222222222 0.06195175438596491 0.028143274853801168 0.043859649122807015
1 0.21436403508771928 0.05866228070175438 0.025219298245614034 0.020833333333333332
1 0.2876461988304093 0.0825109649122807 0.027777777777777776 0.02357456140350877
1 0.3159722222222222 0.05975877192982456 0.03399122807017543 0.046052631578947366
1 0.3475877192982456 0.06277412280701754 0.04239766081871345 0.0356359649122807
1 0.3951023391812865 0.07675438596491227 0.033625730994152045 0.03508771929824561
1 0.42470760233918126 0.0756578947368421 0.024853801169590642 0.02850877192982456
1 0.45193713450292394 0.0512609649122807 0.03033625730994152 0.03125
1 0.4766081871345029 0.05016447368421052 0.023391812865497075 0.042214912280701754
1 0.5096856725146198 0.057839912280701754 0.032529239766081866 0.038925438596491224
1 0.5805921052631579 0.04632675438596491 0.023757309941520467 0.038925438596491224
1 0.6229897660818713 0.07154605263157894 0.027412280701754384 0.03125
1 0.7266081871345029 0.044956140350877194 0.027777777777777776 0.0537280701754386
1 0.7622441520467835 0.04084429824561403 0.02887426900584795 0.044407894736842105
1 0.8042763157894737 0.03070175438596491 0.032529239766081866 0.02631578947368421
1 0.6416301169590642 0.1381578947368421 0.027412280701754384 0.03179824561403509
1 0.6260964912280701 0.1875 0.015350877192982455 0.020833333333333332
1 0.4956140350877193 0.18283991228070173 0.05482456140350877 0.06304824561403509
1 0.37701023391812866 0.21408991228070173 0.04130116959064327 0.06085526315789473
1 0.31341374269005845 0.20038377192982454 0.032529239766081866 0.07072368421052631
1 0.2578581871345029 0.2006578947368421 0.012792397660818713 0.02850877192982456
1 0.1600877192982456 0.20559210526315788 0.04312865497076023 0.0756578947368421
1 0.24214181286549707 0.36047149122807015 0.02887426900584795 0.03453947368421052
1 0.3887061403508772 0.3549890350877193 0.0398391812865497 0.03344298245614035
1 0.4588815789473684 0.32593201754385964 0.05080409356725146 0.04769736842105263
1 0.4619883040935672 0.37554824561403505 0.0445906432748538 0.04057017543859649
1 0.5942982456140351 0.33963815789473684 0.029970760233918127 0.044407894736842105
1 0.5619517543859649 0.43338815789473684 0.025950292397660817 0.03125
1 0.6553362573099415 0.3125 0.03728070175438596 0.05921052631578947
1 0.6743421052631579 0.4377741228070175 0.025584795321637425 0.022478070175438597
1 0.7192982456140351 0.42817982456140347 0.021929824561403508 0.03399122807017543
1 0.7730263157894737 0.3308662280701754 0.04093567251461988 0.045504385964912276
1 0.7465277777777778 0.41913377192982454 0.017909356725146198 0.016995614035087717
1 0.771016081871345 0.5246710526315789 0.0222953216374269 0.025219298245614034
1 0.737390350877193 0.5542763157894737 0.020833333333333332 0.01864035087719298
1 0.66703216374269 0.5496162280701754 0.01827485380116959 0.03125
1 0.5972222222222222 0.5542763157894737 0.015350877192982455 0.02631578947368421
1 0.48830409356725146 0.4643640350877193 0.019736842105263157 0.021929824561403508
1 0.43457602339181284 0.569078947368421 0.01827485380116959 0.02412280701754386
1 0.38925438596491224 0.572094298245614 0.01827485380116959 0.03015350877192982
1 0.31743421052631576 0.5586622807017544 0.012792397660818713 0.01644736842105263
1 0.4133771929824561 0.4550438596491228 0.017543859649122806 0.02850877192982456
1 0.3828581871345029 0.4462719298245614 0.023026315789473683 0.029605263157894735
1 0.5063961988304093 0.43996710526315785 0.015716374269005847 0.03125
1 0.33205409356725146 0.38843201754385964 0.042763157894736836 0.03125
1 0.3475877192982456 0.4572368421052631 0.02046783625730994 0.03179824561403509
1 0.24250730994152045 0.4706688596491228 0.01864035087719298 0.02905701754385965
1 0.21728801169590642 0.47121710526315785 0.013523391812865496 0.0268640350877193
1 0.18951023391812866 0.4865679824561403 0.021564327485380116 0.0356359649122807
1 0.17434210526315788 0.4564144736842105 0.019005847953216373 0.02796052631578947
1 0.24269005847953215 0.6938048245614035 0.03216374269005848 0.0400219298245614
1 0.1732456140350877 0.5893640350877193 0.017543859649122806 0.021929824561403508
1 0.3042763157894737 0.6875 0.023757309941520467 0.03289473684210526
1 0.3682383040935672 0.6691337719298245 0.03618421052631579 0.043311403508771926
1 0.5325292397660818 0.6548793859649122 0.03216374269005848 0.046600877192982455
1 0.6410818713450293 0.6518640350877193 0.024853801169590642 0.03399122807017543
1 0.7867324561403508 0.7058662280701754 0.04568713450292397 0.0849780701754386
1 0.7510964912280701 0.7733004385964912 0.024853801169590642 0.03453947368421052
1 0.6001461988304093 0.7678179824561403 0.03289473684210526 0.04769736842105263
1 0.6997441520467836 0.8322368421052632 0.032529239766081866 0.044956140350877194
1 0.427266081871345 0.7996162280701754 0.03216374269005848 0.048793859649122806
1 0.28252923976608185 0.8108552631578947 0.029239766081871343 0.039473684210526314
1 0.28125 0.8379934210526315 0.03399122807017543 0.0400219298245614
1 0.21637426900584794 0.8125 0.07894736842105263 0.09429824561403508
1 0.15387426900584794 0.8349780701754386 0.03289473684210526 0.042763157894736836
1 0.20413011695906433 0.9065241228070174 0.04714912280701754 0.06743421052631579
1 0.21929824561403508 0.9377741228070174 0.0533625730994152 0.07182017543859649
1 0.314875730994152 0.9106359649122806 0.03764619883040936 0.0625
1 0.35946637426900585 0.924890350877193 0.031067251461988302 0.043859649122807015
1 0.3993055555555555 0.9512061403508771 0.05080409356725146 0.0668859649122807
1 0.418859649122807 0.9643640350877193 0.031432748538011694 0.039473684210526314
1 0.4415204678362573 0.924890350877193 0.02850877192982456 0.043859649122807015
1 0.5268640350877193 0.9109100877192982 0.032529239766081866 0.0400219298245614
1 0.535453216374269 0.988486842105263 0.017543859649122806 0.023026315789473683
1 0.6387061403508771 0.9487390350877193 0.01864035087719298 0.016995614035087717
1 0.7070540935672515 0.9131030701754386 0.042763157894736836 0.06524122807017543
1 0.8192616959064327 0.9577850877192982 0.04057017543859649 0.06030701754385964
1 0.8296783625730993 0.8996710526315789 0.029239766081871343 0.0581140350877193
1 0.9438961988304093 0.04084429824561403 0.0266812865497076 0.044407894736842105
1 0.9016812865497076 0.02905701754385965 0.029239766081871343 0.046052631578947366
1 0.9623538011695906 0.15844298245614033 0.03654970760233918 0.025219298245614034
1 0.91703216374269 0.17434210526315788 0.03435672514619883 0.017543859649122806
1 0.91703216374269 0.25219298245614036 0.019736842105263157 0.03179824561403509
1 0.8656798245614035 0.24396929824561403 0.02887426900584795 0.015350877192982455
1 0.888157894736842 0.3928179824561403 0.024853801169590642 0.0268640350877193
1 0.969298245614035 0.5005482456140351 0.029239766081871343 0.019736842105263157
1 0.9384137426900584 0.5353618421052632 0.03326023391812866 0.03673245614035087
1 0.9914108187134503 0.6356907894736842 0.017178362573099414 0.03453947368421052
1 0.9696637426900584 0.6389802631578947 0.023391812865497075 0.02576754385964912
1 0.9365862573099415 0.7741228070175438 0.038377192982456135 0.0581140350877193
1 0.9444444444444444 0.9684758771929824 0.03874269005847953 0.05646929824561403
1 0.9813596491228069 0.9816337719298245 0.024853801169590642 0.02357456140350877
1 0.9700292397660818 0.9106359649122806 0.05116959064327485 0.06578947368421052
