1 0.03179824561403509 0.6477521929824561 0.017543859649122806 0.03125
1 0.05573830409356725 0.6535087719298245 0.023026315789473683 0.03728070175438596
1 0.03326023391812866 0.7415021929824561 0.013157894736842105 0.022478070175438597
1 0.05427631578947368 0.41173245614035087 0.028143274853801168 0.042763157894736836
1 0.14894005847953215 0.3870614035087719 0.021564327485380116 0.04057017543859649
1 0.17434210526315788 0.365953947368421 0.010964912280701754 0.018092105263157895
1 0.12755847953216373 0.5175438596491228 0.017543859649122806 0.03728070175438596
1 0.16301169590643275 0.6282894736842105 0.019005847953216373 0.02412280701754386
1 0.19444444444444442 0.622532894736842 0.012426900584795321 0.03125
1 0.25493421052631576 0.5093201754385964 0.0222953216374269 0.03508771929824561
1 0.2838084795321637 0.48739035087719296 0.017909356725146198 0.03508771929824561
1 0.314875730994152 0.3834978070175438 0.020833333333333332 0.0400219298245614
1 0.3505116959064327 0.39747807017543857 0.019005847953216373 0.02631578947368421
1 0.34375 0.5087719298245614 0.023026315789473683 0.020833333333333332
1 0.3603801169590643 0.7160087719298245 0.02412280701754386 0.025219298245614034
1 0.45906432748538006 0.7275219298245613 0.023391812865497075 0.03618421052631579
1 0.46582602339181284 0.6255482456140351 0.01644736842105263 0.02631578947368421
1 0.4184941520467836 0.49862938596491224 0.019736842105263157 0.03234649122807017
1 0.38048245614035087 0.4331140350877193 0.012426900584795321 0.0581140350877193
1 0.4336622807017544 0.4026864035087719 0.01644736842105263 0.043311403508771926
1 0.47423245614035087 0.3933662280701754 0.02448830409356725 0.0356359649122807
1 0.5215643274853801 0.4155701754385965 0.021929824561403508 0.03508771929824561
1 0.4857456140350877 0.53125 0.02412280701754386 0.03289473684210526
1 0.5244883040935672 0.6208881578947368 0.024853801169590642 0.0356359649122807
1 0.5204678362573099 0.6765350877192982 0.017543859649122806 0.03399122807017543
1 0.5367324561403508 0.7143640350877193 0.019371345029239765 0.02631578947368421
1 0.5869883040935672 0.6000548245614035 0.025584795321637425 0.02796052631578947
1 0.6206140350877193 0.6071820175438596 0.02266081871345029 0.03125
1 0.6191520467836257 0.5043859649122807 0.02850877192982456 0.04057017543859649
1 0.6675804093567251 0.475328947368421 0.019371345029239765 0.02631578947368421
1 0.5531798245614035 0.42489035087719296 0.023757309941520467 0.049342105263157895
1 0.6244517543859649 0.71875 0.023026315789473683 0.03399122807017543
1 0.7055921052631579 0.7387609649122807 0.0222953216374269 0.02905701754385965
1 0.7344663742690059 0.6631030701754386 0.02448830409356725 0.05427631578947368
1 0.7666301169590642 0.6337719298245613 0.020833333333333332 0.025219298245614034
1 0.7923976608187134 0.5139802631578947 0.031432748538011694 0.038925438596491224
1 0.71875 0.4199561403508772 0.014985380116959063 0.044956140350877194
1 0.8653143274853801 0.4213267543859649 0.014985380116959063 0.02905701754385965
1 0.9033260233918128 0.634594298245614 0.027412280701754384 0.02796052631578947
1 0.9219663742690059 0.618969298245614 0.01864035087719298 0.03399122807017543
1 0.9800804093567251 0.7236842105263157 0.023757309941520467 0.03399122807017543
