1 0.1684941520467836 0.04906798245614035 0.02631578947368421 0.015899122807017545
1 0.20760233918128654 0.0400219298245614 0.012426900584795321 0.01206140350877193
1 0.2309941520467836 0.022752192982456138 0.013888888888888888 0.018092105263157895
1 0.18804824561403508 0.13898026315789472 0.0222953216374269 0.03782894736842105
1 0.30372807017543857 0.02549342105263158 0.008771929824561403 0.018092105263157895
1 0.33150584795321636 0.054002192982456135 0.00804093567251462 0.018092105263157895
1 0.4130116959064327 0.12362938596491227 0.011695906432748537 0.016995614035087717
1 0.4941520467836257 0.12116228070175437 0.012426900584795321 0.023026315789473683
1 0.5405701754385964 0.12746710526315788 0.029970760233918127 0.024671052631578948
1 0.5688961988304093 0.1225328947368421 0.008406432748538011 0.016995614035087717
1 0.5694444444444444 0.0268640350877193 0.015350877192982455 0.02631578947368421
1 0.5990497076023391 0.0512609649122807 0.02631578947368421 0.03015350877192982
1 0.602156432748538 0.12719298245614036 0.017909356725146198 0.04824561403508772
1 0.6326754385964912 0.1006030701754386 0.014619883040935672 0.02905701754385965
1 0.6688596491228069 0.031524122807017545 0.01023391812865497 0.0268640350877193
1 0.6909722222222222 0.09375 0.039108187134502925 0.039473684210526314
1 0.6630116959064327 0.1293859649122807 0.017543859649122806 0.03179824561403509
1 0.6986476608187134 0.21737938596491227 0.042763157894736836 0.06304824561403509
1 0.5767543859649122 0.2308114035087719 0.013157894736842105 0.021929824561403508
1 0.5347222222222222 0.24972587719298245 0.009502923976608187 0.019188596491228067
1 0.3872441520467836 0.21902412280701752 0.025219298245614034 0.018092105263157895
1 0.1524122807017544 0.33114035087719296 0.02046783625730994 0.023026315789473683
1 0.3296783625730994 0.24150219298245612 0.014619883040935672 0.018092105263157895
1 0.21089181286549707 0.35718201754385964 0.013157894736842105 0.015899122807017545
1 0.4409722222222222 0.3527960526315789 0.015716374269005847 0.018092105263157895
1 0.39071637426900585 0.3569078947368421 0.017543859649122806 0.01425438596491228
1 0.47953216374269003 0.3333333333333333 0.013157894736842105 0.02412280701754386
1 0.5224780701754386 0.33497807017543857 0.019371345029239765 0.017543859649122806
1 0.5537280701754386 0.3333333333333333 0.013888888888888888 0.019736842105263157
1 0.6016081871345029 0.3262061403508772 0.013157894736842105 0.021929824561403508
1 0.5718201754385964 0.44709429824561403 0.01425438596491228 0.021381578947368418
1 0.47368421052631576 0.4473684210526315 0.023391812865497075 0.03399122807017543
1 0.4228801169590643 0.4473684210526315 0.013157894736842105 0.01864035087719298
1 0.39455409356725146 0.4506578947368421 0.01206140350877193 0.01644736842105263
1 0.30080409356725146 0.4720394736842105 0.013888888888888888 0.01644736842105263
1 0.3340643274853801 0.5430372807017544 0.025584795321637425 0.04989035087719298
1 0.5277777777777778 0.5268640350877193 0.021929824561403508 0.02412280701754386
1 0.227156432748538 0.46408991228070173 0.020833333333333332 0.016995614035087717
1 0.19389619883040934 0.45093201754385964 0.0222953216374269 0.03782894736842105
1 0.15625 0.4427083333333333 0.023757309941520467 0.018092105263157895
1 0.13285818713450293 0.46655701754385964 0.025950292397660817 0.02850877192982456
1 0.660453216374269 0.5274122807017544 0.03070175438596491 0.03179824561403509
1 0.7412280701754386 0.6192434210526315 0.013157894736842105 0.016995614035087717
1 0.6761695906432749 0.6181469298245613 0.01023391812865497 0.019188596491228067
1 0.5908260233918128 0.6260964912280701 0.011330409356725146 0.01425438596491228
1 0.708516081871345 0.6118421052631579 0.007675438596491228 0.013157894736842105
1 0.23885233918128654 0.7151864035087719 0.035453216374269 0.03453947368421052
1 0.17616959064327484 0.7771381578947368 0.019005847953216373 0.0268640350877193
1 0.4725877192982456 0.765625 0.016812865497076022 0.022478070175438597
1 0.4305555555555555 0.7902960526315789 0.009502923976608187 0.00932017543859649
1 0.6118421052631579 0.8040021929824561 0.014619883040935672 0.0268640350877193
1 0.575657894736842 0.7461622807017544 0.015350877192982455 0.017543859649122806
1 0.6524122807017544 0.7590460526315789 0.02266081871345029 0.014802631578947368
1 0.7236842105263157 0.8648574561403508 0.013157894736842105 0.020285087719298246
1 0.6211622807017544 0.8525219298245613 0.017178362573099414 0.019736842105263157
1 0.583516081871345 0.859375 0.017909356725146198 0.019188596491228067
1 0.7280701754385964 0.9243421052631579 0.014619883040935672 0.021929824561403508
1 0.6944444444444444 0.9251644736842105 0.019005847953216373 0.02576754385964912
1 0.6661184210526315 0.9287280701754386 0.01864035087719298 0.03070175438596491
1 0.5268640350877193 0.8758223684210525 0.014985380116959063 0.014802631578947368
1 0.5625 0.922423245614035 0.019005847953216373 0.02796052631578947
1 0.5350877192982456 0.924890350877193 0.012426900584795321 0.029605263157894735
1 0.4892178362573099 0.9270833333333333 0.029605263157894735 0.023026315789473683
1 0.4638157894736842 0.9333881578947368 0.019005847953216373 0.022478070175438597
1 0.4088084795321637 0.9418859649122806 0.014985380116959063 0.02412280701754386
1 0.3740862573099415 0.9375 0.015716374269005847 0.017543859649122806
1 0.45614035087719296 0.8612938596491228 0.014619883040935672 0.01425438596491228
1 0.48391812865497075 0.890625 0.023391812865497075 0.015899122807017545
1 0.27887426900584794 0.8733552631578947 0.021198830409356724 0.020833333333333332
1 0.2406798245614035 0.8637609649122806 0.023026315789473683 0.020285087719298246
1 0.18512426900584794 0.8667763157894737 0.032529239766081866 0.02412280701754386
1 0.16758040935672514 0.8887061403508771 0.025950292397660817 0.017543859649122806
1 0.1913377192982456 0.9468201754385964 0.02887426900584795 0.03179824561403509
1 0.2324561403508772 0.9553179824561403 0.016812865497076022 0.03782894736842105
1 0.3051900584795321 0.9375 0.029970760233918127 0.023026315789473683
1 0.8516081871345029 0.1162280701754386 0.011695906432748537 0.03070175438596491
1 0.8711622807017544 0.21299342105263155 0.023757309941520467 0.03015350877192982
1 0.9663742690058479 0.6165021929824561 0.02266081871345029 0.0268640350877193
