1 0.14510233918128654 0.5775767543859649 0.021929824561403508 0.03453947368421052
1 0.049707602339181284 0.8040021929824561 0.02412280701754386 0.044407894736842105
1 0.781798245614035 0.3231907894736842 0.03508771929824561 0.05208333333333333
1 0.7388523391812865 0.31496710526315785 0.03399122807017543 0.06304824561403509
1 0.7108918128654971 0.3171600877192982 0.03508771929824561 0.048793859649122806
1 0.6407163742690059 0.31304824561403505 0.035818713450292396 0.0625
1 0.4678362573099415 0.3621162280701754 0.024853801169590642 0.0268640350877193
1 0.4453581871345029 0.30893640350877194 0.031067251461988302 0.04989035087719298
1 0.3983918128654971 0.34402412280701755 0.02631578947368421 0.0356359649122807
1 0.3784722222222222 0.32538377192982454 0.03691520467836257 0.041118421052631575
1 0.21582602339181287 0.32648026315789475 0.032529239766081866 0.05317982456140351
1 0.25054824561403505 0.3223684210526316 0.03399122807017543 0.043859649122807015
1 0.28234649122807015 0.3289473684210526 0.03399122807017543 0.06030701754385964
1 0.24798976608187134 0.5627741228070176 0.02448830409356725 0.0268640350877193
1 0.31451023391812866 0.5603070175438596 0.019371345029239765 0.02850877192982456
1 0.3324195906432748 0.6861293859649122 0.042763157894736836 0.07510964912280702
1 0.3711622807017544 0.5597587719298245 0.01864035087719298 0.02412280701754386
1 0.42434210526315785 0.5666118421052632 0.016812865497076022 0.0268640350877193
1 0.5283260233918128 0.5496162280701754 0.017178362573099414 0.03125
1 0.5858918128654971 0.569078947368421 0.014619883040935672 0.02631578947368421
1 0.616593567251462 0.5540021929824561 0.015350877192982455 0.018092105263157895
1 0.6182383040935672 0.6178728070175439 0.04057017543859649 0.05701754385964912
1 0.6717836257309941 0.5597587719298245 0.019005847953216373 0.03289473684210526
1 0.7538377192982456 0.546875 0.014985380116959063 0.03125
1 0.7788742690058479 0.6746162280701754 0.05043859649122807 0.07949561403508772
1 0.7271564327485379 0.6962719298245613 0.044956140350877194 0.07236842105263158
1 0.6531432748538011 0.6877741228070176 0.04532163742690058 0.06743421052631579
1 0.6244517543859649 0.728344298245614 0.049342105263157895 0.05427631578947368
1 0.5747441520467836 0.6899671052631579 0.044956140350877194 0.07401315789473684
1 0.5347222222222222 0.7190241228070176 0.041666666666666664 0.06743421052631579
1 0.34375 0.7502741228070176 0.0398391812865497 0.048793859649122806
1 0.28125 0.7727521929824561 0.058845029239766075 0.05427631578947368
1 0.21144005847953215 0.7900219298245613 0.05226608187134503 0.09320175438596491
1 0.864766081871345 0.033168859649122806 0.0445906432748538 0.044407894736842105
1 0.8861476608187134 0.5367324561403508 0.03326023391812866 0.05263157894736842
1 0.9533991228070174 0.5709978070175439 0.049342105263157895 0.07401315789473684
1 0.9751461988304093 0.9109100877192982 0.04824561403508772 0.06962719298245613
1 0.9301900584795321 0.8999451754385964 0.03874269005847953 0.0762061403508772
1 0.8711622807017544 0.9616228070175438 0.025219298245614034 0.0537280701754386
