0 0.086897 0.836440 0.031798 0.057383
0 0.113898 0.738121 0.033717 0.072734
0 0.119243 0.757127 0.052632 0.065424
0 0.178728 0.680007 0.033443 0.053728
0 0.259594 0.605263 0.016447 0.027047
0 0.240543 0.569627 0.031524 0.057383
0 0.031387 0.583151 0.046875 0.062500
0 0.134731 0.461988 0.030428 0.042398
0 0.187774 0.490680 0.022478 0.038377
0 0.212171 0.502010 0.020285 0.047880
0 0.247396 0.488852 0.024945 0.039839
0 0.232730 0.380482 0.055921 0.056287
0 0.286458 0.363121 0.044956 0.065424
0 0.364857 0.371893 0.030154 0.038377
0 0.052083 0.286732 0.047149 0.052266
0 0.027001 0.276133 0.044682 0.055190
0 0.240680 0.161732 0.039474 0.050804
0 0.313596 0.157529 0.055373 0.071637
0 0.424890 0.286915 0.032346 0.040205
0 0.715323 0.060855 0.058388 0.057383
0 0.536047 0.361659 0.027138 0.044956
0 0.429413 0.429642 0.028783 0.050804
0 0.510828 0.537646 0.031524 0.048246
0 0.489446 0.646199 0.027138 0.035819
0 0.583607 0.610197 0.035088 0.036184
0 0.591283 0.683662 0.032895 0.058845
0 0.625822 0.637975 0.035636 0.037646
0 0.685033 0.603253 0.028509 0.050073
