0 0.136924 0.819993 0.033169 0.063962
0 0.185307 0.720760 0.037829 0.079678
0 0.214912 0.684759 0.034539 0.065424
0 0.334704 0.683114 0.038377 0.076023
0 0.031661 0.510599 0.044134 0.063596
0 0.249315 0.555190 0.033169 0.043860
0 0.288103 0.512975 0.026316 0.038377
0 0.314830 0.483735 0.028783 0.046418
0 0.466283 0.500365 0.035088 0.039474
0 0.294271 0.401864 0.047423 0.047149
0 0.045367 0.438779 0.075932 0.089547
0 0.132538 0.219298 0.047971 0.066520
0 0.412555 0.146747 0.042215 0.074196
0 0.447505 0.288925 0.039748 0.055921
0 0.944490 0.417032 0.051261 0.078216
0 0.697231 0.522478 0.021656 0.041301
0 0.701069 0.564510 0.026042 0.036915
0 0.607045 0.504934 0.040844 0.039839
