0 0.148438 0.509046 0.038651 0.046053
0 0.159539 0.335526 0.031250 0.031250
0 0.419408 0.459704 0.029605 0.054276
0 0.555510 0.351974 0.053454 0.047697
0 0.289885 0.071135 0.037007 0.045230
0 0.564145 0.169408 0.037829 0.047697
0 0.469161 0.067023 0.032072 0.048520
0 0.215872 0.010280 0.028783 0.020559
0 0.223684 0.180510 0.037829 0.033717
0 0.110609 0.242599 0.023849 0.026316
0 0.277549 0.163240 0.033717 0.037007
0 0.238487 0.967516 0.032895 0.038651
0 0.092928 0.821135 0.029605 0.028783
0 0.096628 0.952303 0.040296 0.029605
0 0.114720 0.876645 0.040296 0.037829
0 0.435855 0.982319 0.027961 0.035362
0 0.007812 0.954770 0.015625 0.016447
0 0.652549 0.965461 0.051809 0.059211
0 0.820312 0.967105 0.027138 0.036184
0 0.977796 0.953125 0.024671 0.029605
0 0.782484 0.952303 0.027138 0.029605
0 0.823191 0.902961 0.034539 0.031250
0 0.703947 0.810033 0.047697 0.037829
0 0.842516 0.952714 0.022204 0.022204
0 0.754934 0.531250 0.011513 0.009868
0 0.740954 0.444079 0.029605 0.021382
0 0.875411 0.537829 0.013980 0.014803
0 0.747533 0.486020 0.014803 0.018092
0 0.981086 0.524260 0.011513 0.020559
0 0.849095 0.391447 0.015625 0.011513
0 0.901727 0.430921 0.013980 0.016447
0 0.729441 0.490132 0.009868 0.021382
0 0.689967 0.475740 0.014803 0.015625
0 0.888569 0.499178 0.017270 0.019737
0 0.717928 0.488076 0.016447 0.015625
0 0.926398 0.528372 0.020559 0.015625
0 0.947780 0.537829 0.017270 0.011513
0 0.714638 0.555510 0.021382 0.025493
0 0.844161 0.401316 0.018914 0.014803
0 0.782895 0.354441 0.029605 0.026316
0 0.635280 0.518914 0.023849 0.026316
0 0.932566 0.553043 0.016447 0.022204
0 0.683799 0.580181 0.027138 0.033717
0 0.810033 0.437911 0.016447 0.015625
0 0.747533 0.516859 0.019737 0.020559
0 0.938734 0.388158 0.017270 0.016447
0 0.744655 0.359786 0.018914 0.017270
0 0.845806 0.457648 0.018914 0.017270
0 0.768914 0.439145 0.023026 0.021382
0 0.820724 0.428865 0.013158 0.012336
