0 0.249589 0.457237 0.013980 0.024671
0 0.310033 0.059622 0.016447 0.015625
0 0.426809 0.176809 0.019737 0.024671
0 0.182155 0.379523 0.020559 0.028783
0 0.256168 0.101151 0.013980 0.016447
0 0.117599 0.122533 0.016447 0.018092
0 0.110609 0.192434 0.018914 0.016447
0 0.268503 0.355263 0.023849 0.026316
0 0.281250 0.066201 0.016447 0.018914
0 0.307566 0.338405 0.021382 0.020559
0 0.016859 0.467516 0.018914 0.030428
0 0.299753 0.201480 0.020559 0.021382
0 0.344984 0.424753 0.020559 0.022204
0 0.396382 0.006990 0.019737 0.013980
0 0.117599 0.822368 0.023026 0.029605
0 0.197780 0.546053 0.020559 0.031250
0 0.431743 0.828947 0.016447 0.023026
0 0.238076 0.748355 0.018914 0.031250
0 0.345806 0.661184 0.020559 0.027961
0 0.284539 0.605674 0.014803 0.022204
0 0.159128 0.893914 0.022204 0.031250
0 0.327303 0.663651 0.019737 0.026316
0 0.249589 0.853618 0.018914 0.034539
0 0.185855 0.627467 0.018092 0.024671
0 0.372533 0.579359 0.016447 0.023849
0 0.312911 0.815789 0.022204 0.031250
0 0.173109 0.562500 0.018914 0.031250
0 0.067434 0.667352 0.014803 0.025493
0 0.158717 0.755757 0.018092 0.023026
0 0.554688 0.673931 0.013980 0.018914
0 0.833059 0.692023 0.014803 0.020559
0 0.631990 0.562089 0.023849 0.018914
0 0.541941 0.672697 0.008224 0.018092
0 0.797286 0.527549 0.023849 0.013980
0 0.574836 0.701891 0.019737 0.022204
0 0.563322 0.622122 0.027961 0.018914
0 0.676809 0.522204 0.024671 0.013158
0 0.703536 0.687089 0.017270 0.017270
0 0.903783 0.615543 0.018092 0.017270
0 0.560855 0.527549 0.019737 0.017270
0 0.510691 0.661184 0.014803 0.019737
0 0.497533 0.796875 0.018092 0.023026
0 0.769737 0.716694 0.021382 0.022204
0 0.504523 0.761924 0.022204 0.030428
0 0.504934 0.775493 0.023026 0.019737
0 0.572368 0.668586 0.016447 0.013158
0 0.741365 0.565789 0.018914 0.019737
0 0.768503 0.687500 0.018914 0.011513
0 0.541941 0.742599 0.016447 0.024671
0 0.856908 0.513569 0.036184 0.022204
0 0.460938 0.576891 0.027138 0.022204
0 0.548520 0.553865 0.029605 0.018914
0 0.726151 0.649671 0.018092 0.014803
0 0.641447 0.234375 0.029605 0.026316
0 0.942434 0.041118 0.031250 0.031250
0 0.686266 0.214638 0.038651 0.024671
0 0.868832 0.061266 0.032072 0.041941
0 0.775905 0.156250 0.025493 0.034539
0 0.671464 0.273026 0.033717 0.050987
0 0.971628 0.034951 0.032072 0.025493
0 0.759457 0.015214 0.027138 0.030428
