0 0.406250 0.199424 0.016447 0.017270
0 0.278783 0.157072 0.014803 0.011513
0 0.128701 0.128701 0.015625 0.013980
0 0.168174 0.045641 0.030428 0.018914
0 0.434622 0.232730 0.013980 0.019737
0 0.241776 0.211760 0.018092 0.018914
0 0.218750 0.057566 0.019737 0.011513
0 0.415707 0.134457 0.023849 0.015625
0 0.428865 0.078536 0.025493 0.015625
0 0.320312 0.053043 0.020559 0.010691
0 0.243010 0.187911 0.015625 0.009046
0 0.188734 0.191201 0.012336 0.017270
0 0.472039 0.276727 0.014803 0.018914
0 0.408717 0.172286 0.013158 0.010691
0 0.465872 0.248355 0.018914 0.024671
0 0.502878 0.097039 0.022204 0.018092
0 0.434211 0.175576 0.006579 0.013980
0 0.358553 0.085526 0.019737 0.014803
0 0.423520 0.176398 0.011513 0.015625
0 0.465461 0.259868 0.019737 0.016447
0 0.418586 0.057155 0.016447 0.013980
0 0.266447 0.088405 0.016447 0.015625
0 0.297697 0.187089 0.014803 0.013980
0 0.460938 0.166118 0.012336 0.016447
0 0.483964 0.523849 0.050164 0.026316
0 0.469161 0.624178 0.027138 0.031250
0 0.173520 0.655839 0.026316 0.035362
0 0.242599 0.472862 0.021382 0.023026
0 0.470806 0.582237 0.020559 0.021382
0 0.386513 0.491365 0.024671 0.022204
0 0.409128 0.487253 0.025493 0.017270
0 0.453536 0.649260 0.017270 0.023849
0 0.255345 0.573602 0.020559 0.023849
0 0.450658 0.509868 0.034539 0.031250
0 0.184622 0.614720 0.030428 0.017270
0 0.497533 0.591283 0.019737 0.026316
0 0.492599 0.405428 0.034539 0.031250
0 0.149671 0.628289 0.023026 0.018092
0 0.328125 0.505757 0.024671 0.029605
0 0.751234 0.439145 0.017270 0.011513
0 0.712993 0.427220 0.014803 0.009046
0 0.645970 0.377056 0.022204 0.015625
0 0.657895 0.504112 0.009868 0.009868
0 0.669408 0.434211 0.021382 0.014803
0 0.836760 0.499589 0.022204 0.009046
0 0.570312 0.565378 0.017270 0.017270
0 0.809211 0.423931 0.018092 0.012336
0 0.632812 0.474095 0.015625 0.010691
0 0.698602 0.423931 0.022204 0.010691
0 0.646793 0.492188 0.017270 0.017270
0 0.581003 0.543174 0.032072 0.020559
0 0.567845 0.535362 0.020559 0.023026
0 0.649671 0.470806 0.018092 0.012336
0 0.778783 0.503289 0.011513 0.009868
0 0.842516 0.519737 0.017270 0.018092
0 0.859375 0.507401 0.014803 0.011513
0 0.794819 0.474507 0.017270 0.011513
0 0.918997 0.350329 0.028783 0.014803
0 0.644737 0.439967 0.029605 0.014803
0 0.631990 0.349918 0.017270 0.013980
0 0.611431 0.470806 0.022204 0.010691
0 0.615132 0.523849 0.019737 0.016447
0 0.890214 0.148026 0.028783 0.034539
0 0.963816 0.064145 0.036184 0.026316
0 0.899260 0.106497 0.033717 0.023849
0 0.983141 0.127467 0.023849 0.019737
0 0.857730 0.120888 0.031250 0.021382
