0 0.229852 0.420230 0.035362 0.049342
0 0.110197 0.110197 0.029605 0.041118
0 0.156250 0.319079 0.029605 0.031250
0 0.008635 0.475740 0.017270 0.051809
0 0.516036 0.485197 0.041941 0.046053
0 0.316612 0.173931 0.027961 0.038651
0 0.134868 0.013158 0.032895 0.026316
0 0.526727 0.183799 0.046875 0.068257
0 0.016036 0.306743 0.032072 0.042763
0 0.080592 0.813322 0.018092 0.019737
0 0.057566 0.698602 0.014803 0.015625
0 0.113898 0.541118 0.010691 0.013158
0 0.383224 0.560033 0.014803 0.019737
0 0.432977 0.518914 0.015625 0.019737
0 0.051398 0.800987 0.015625 0.014803
0 0.094984 0.888980 0.010691 0.018092
0 0.192845 0.639391 0.012336 0.013980
0 0.267681 0.896793 0.013980 0.022204
0 0.532895 0.561678 0.013158 0.019737
0 0.504523 0.613076 0.013980 0.017270
0 0.430510 0.588816 0.015625 0.021382
0 0.089638 0.623355 0.009868 0.013158
0 0.071135 0.597451 0.012336 0.013980
0 0.285773 0.570312 0.012336 0.015625
0 0.049753 0.592516 0.012336 0.010691
0 0.023849 0.865132 0.014803 0.016447
0 0.144737 0.831414 0.014803 0.021382
0 0.198191 0.691612 0.013158 0.013158
0 0.724095 0.863487 0.022204 0.041118
0 0.916530 0.801809 0.013980 0.024671
0 0.706003 0.710115 0.027138 0.025493
0 0.620477 0.932155 0.015625 0.032072
0 0.665296 0.865954 0.018092 0.036184
0 0.918997 0.775082 0.013980 0.023849
0 0.634868 0.622122 0.024671 0.032072
0 0.660362 0.687089 0.021382 0.030428
0 0.801398 0.762747 0.015625 0.025493
0 0.700247 0.767270 0.015625 0.027961
0 0.650493 0.886102 0.026316 0.041941
0 0.621299 0.629112 0.020559 0.031250
0 0.585115 0.760691 0.037007 0.041118
0 0.772615 0.573191 0.023849 0.032895
0 0.870888 0.753701 0.019737 0.022204
0 0.714227 0.755345 0.015625 0.020559
0 0.916118 0.409539 0.013158 0.009868
0 0.768503 0.452303 0.010691 0.006579
0 0.811678 0.368010 0.011513 0.009046
0 0.759868 0.400082 0.011513 0.009046
0 0.683799 0.486020 0.012336 0.009868
0 0.746299 0.432566 0.009046 0.008224
0 0.567023 0.386924 0.007401 0.009046
0 0.597039 0.437089 0.008224 0.007401
0 0.694079 0.483141 0.008224 0.009046
0 0.842105 0.402961 0.011513 0.008224
0 0.881990 0.488487 0.010691 0.006579
0 0.970395 0.402961 0.008224 0.006579
0 0.718339 0.464638 0.009046 0.006579
0 0.975740 0.395148 0.009046 0.009046
0 0.809211 0.483141 0.009868 0.009046
0 0.746711 0.405016 0.009868 0.009046
0 0.935855 0.393914 0.008224 0.006579
0 0.826069 0.428454 0.012336 0.008224
0 0.815789 0.428865 0.009868 0.009046
0 0.770148 0.465461 0.009046 0.008224
0 0.933799 0.398849 0.009046 0.006579
0 0.936678 0.409539 0.009868 0.006579
0 0.790707 0.413240 0.009046 0.005757
0 0.601974 0.492188 0.013158 0.010691
0 0.773026 0.497122 0.009868 0.009046
0 0.849918 0.405428 0.009046 0.006579
0 0.602796 0.439145 0.009868 0.008224
