0 0.194079 0.370477 0.036184 0.053454
0 0.398438 0.298520 0.040296 0.044408
0 0.429276 0.275082 0.024671 0.051809
0 0.377878 0.108964 0.041941 0.040296
0 0.105674 0.022204 0.012336 0.023026
0 0.326069 0.119243 0.023849 0.055921
0 0.249178 0.293174 0.032895 0.040296
0 0.342105 0.089638 0.019737 0.047697
0 0.512336 0.141036 0.018092 0.037007
0 0.502467 0.345395 0.032895 0.067434
0 0.415707 0.073191 0.028783 0.055921
0 0.469161 0.203536 0.022204 0.053454
0 0.076891 0.854852 0.020559 0.015625
0 0.432566 0.726562 0.023026 0.027138
0 0.545641 0.757401 0.020559 0.021382
0 0.360197 0.690789 0.023026 0.024671
0 0.590049 0.692845 0.020559 0.025493
0 0.436678 0.638980 0.024671 0.024671
0 0.068668 0.789885 0.018914 0.017270
0 0.210938 0.703536 0.018914 0.020559
0 0.916530 0.941612 0.097862 0.075658
0 0.703947 0.887336 0.069079 0.064145
0 0.835526 0.660362 0.044408 0.057566
0 0.948602 0.719984 0.064967 0.071546
0 0.715872 0.605674 0.079770 0.040296
0 0.894737 0.021793 0.062500 0.043586
0 0.680099 0.351974 0.070724 0.062500
