0 0.300987 0.015214 0.092105 0.030428
0 0.069901 0.118010 0.050987 0.056743
0 0.104441 0.759868 0.027961 0.032895
0 0.111020 0.805099 0.019737 0.029605
0 0.034539 0.780428 0.019737 0.023026
0 0.002056 0.629934 0.004112 0.026316
0 0.070312 0.579770 0.020559 0.026316
0 0.052220 0.702714 0.022204 0.025493
0 0.207648 0.382812 0.041941 0.041941
0 0.938322 0.484375 0.023026 0.029605
0 0.771793 0.868832 0.028783 0.051809
0 0.654194 0.865132 0.025493 0.027961
0 0.893914 0.395559 0.037829 0.032895
0 0.756579 0.800987 0.029605 0.037829
0 0.727796 0.469161 0.026316 0.043586
0 0.759046 0.527961 0.024671 0.049342
0 0.857730 0.763980 0.032895 0.041118
0 0.727385 0.836349 0.023849 0.024671
0 0.638569 0.247533 0.012336 0.009868
0 0.558799 0.115132 0.023849 0.019737
0 0.520148 0.173520 0.025493 0.014803
0 0.524260 0.226151 0.013980 0.016447
0 0.685033 0.257401 0.013158 0.014803
0 0.495477 0.204359 0.018914 0.012336
0 0.467516 0.275493 0.022204 0.023026
0 0.543997 0.170230 0.017270 0.014803
0 0.510280 0.208882 0.007401 0.009868
0 0.493421 0.255757 0.016447 0.016447
0 0.700658 0.244243 0.013158 0.008224
0 0.523026 0.114309 0.018092 0.013158
0 0.659539 0.170230 0.011513 0.013158
0 0.649260 0.218750 0.013980 0.013158
0 0.680099 0.236431 0.016447 0.007401
0 0.474507 0.196135 0.013158 0.010691
0 0.742188 0.085526 0.022204 0.016447
0 0.452714 0.299753 0.012336 0.017270
