0 0.209704 0.143503 0.027961 0.038651
0 0.097039 0.139803 0.037829 0.046053
0 0.203125 0.194079 0.023026 0.052632
0 0.103207 0.946135 0.027138 0.017270
0 0.206414 0.654605 0.036184 0.029605
0 0.050164 0.897615 0.021382 0.023849
0 0.030016 0.953125 0.013980 0.018092
0 0.110609 0.984375 0.022204 0.031250
0 0.068668 0.798109 0.022204 0.023849
0 0.003289 0.827714 0.006579 0.022204
0 0.131168 0.960938 0.018914 0.022204
0 0.443257 0.991365 0.050987 0.017270
0 0.991365 0.990543 0.017270 0.018914
0 0.902138 0.759457 0.039474 0.073191
0 0.872533 0.887747 0.034539 0.061678
0 0.993010 0.366365 0.013980 0.015625
0 0.835938 0.312089 0.018914 0.018914
0 0.499178 0.175164 0.026316 0.024671
0 0.418997 0.147615 0.015625 0.020559
0 0.675164 0.403372 0.021382 0.025493
0 0.484786 0.223273 0.013980 0.018914
0 0.597862 0.415296 0.016447 0.016447
0 0.578125 0.254523 0.019737 0.018914
0 0.662418 0.422286 0.018914 0.017270
0 0.928454 0.222451 0.021382 0.015625
0 0.810033 0.495477 0.026316 0.020559
0 0.648026 0.177632 0.018092 0.027961
0 0.488898 0.279194 0.015625 0.017270
0 0.496299 0.208059 0.018914 0.021382
0 0.579359 0.240543 0.015625 0.013980
0 0.939967 0.357319 0.016447 0.017270
0 0.861431 0.354852 0.013980 0.020559
0 0.968339 0.507401 0.025493 0.021382
0 0.553865 0.443257 0.027138 0.024671
0 0.782484 0.507401 0.020559 0.019737
0 0.608141 0.202714 0.027138 0.027138
0 0.875411 0.358141 0.013980 0.017270
0 0.600740 0.446135 0.017270 0.017270
0 0.966694 0.168586 0.017270 0.016447
0 0.851562 0.363076 0.015625 0.017270
0 0.958470 0.192023 0.020559 0.023849
