0 0.388569 0.010280 0.040296 0.020559
0 0.472039 0.289062 0.034539 0.040296
0 0.368421 0.174753 0.031250 0.038651
0 0.320724 0.073191 0.023026 0.029605
0 0.435033 0.254112 0.023026 0.039474
0 0.006990 0.133224 0.013980 0.041118
0 0.300987 0.225740 0.046053 0.048520
0 0.424753 0.442845 0.028783 0.027138
0 0.461760 0.444490 0.020559 0.018914
0 0.523438 0.669408 0.027138 0.024671
0 0.365954 0.545641 0.014803 0.018914
0 0.311266 0.520148 0.013980 0.017270
0 0.516036 0.557977 0.015625 0.015625
0 0.235609 0.611431 0.013980 0.018914
0 0.570724 0.488076 0.023026 0.020559
0 0.476151 0.573191 0.009868 0.018092
0 0.324424 0.586349 0.015625 0.018092
0 0.526316 0.662418 0.016447 0.027138
0 0.465872 0.527138 0.028783 0.021382
0 0.540296 0.699424 0.016447 0.022204
0 0.368010 0.491776 0.017270 0.014803
0 0.265625 0.624589 0.018092 0.013980
0 0.398438 0.523849 0.015625 0.014803
0 0.488487 0.569079 0.011513 0.014803
0 0.568668 0.604030 0.023849 0.023849
0 0.493421 0.640214 0.016447 0.020559
0 0.335115 0.627467 0.013980 0.013158
0 0.287007 0.613898 0.018092 0.013980
0 0.452303 0.612253 0.008224 0.010691
0 0.458470 0.568257 0.012336 0.014803
0 0.283306 0.641859 0.017270 0.022204
0 0.220395 0.406661 0.029605 0.022204
0 0.438322 0.520559 0.023026 0.024671
0 0.557977 0.491776 0.023849 0.019737
0 0.461760 0.598684 0.015625 0.021382
0 0.680510 0.525493 0.010691 0.013158
0 0.754523 0.490543 0.012336 0.013980
0 0.632812 0.602385 0.020559 0.023849
0 0.694490 0.487664 0.015625 0.016447
0 0.668586 0.530428 0.009868 0.014803
0 0.668586 0.400082 0.013158 0.013980
0 0.622944 0.627056 0.007401 0.015625
0 0.785362 0.529194 0.013158 0.013980
0 0.796875 0.475740 0.011513 0.010691
0 0.618832 0.594572 0.009046 0.018092
0 0.636513 0.518914 0.013158 0.014803
0 0.833882 0.563322 0.011513 0.009868
0 0.875822 0.401316 0.023026 0.018092
0 0.819490 0.576480 0.013980 0.016447
0 0.655016 0.526316 0.017270 0.014803
0 0.678865 0.428454 0.017270 0.016447
0 0.688322 0.560444 0.008224 0.009046
0 0.679276 0.548931 0.011513 0.015625
0 0.817434 0.555510 0.013158 0.009046
0 0.726151 0.479441 0.011513 0.011513
0 0.655016 0.581003 0.013980 0.015625
0 0.678043 0.494243 0.023849 0.014803
0 0.715461 0.477385 0.009868 0.012336
0 0.997944 0.250411 0.004112 0.022204
0 0.622122 0.155016 0.050164 0.048520
0 0.934622 0.321546 0.037007 0.034539
0 0.633635 0.367599 0.043586 0.032895
0 0.843339 0.147615 0.028783 0.027138
