0 0.379112 0.253701 0.018092 0.013980
0 0.590461 0.167763 0.021382 0.021382
0 0.567845 0.210526 0.018914 0.019737
0 0.602796 0.172697 0.018092 0.019737
0 0.335938 0.267681 0.012336 0.015625
0 0.338405 0.285362 0.012336 0.016447
0 0.510691 0.325247 0.019737 0.027138
0 0.441201 0.259868 0.013980 0.016447
0 0.467105 0.136513 0.021382 0.021382
0 0.233141 0.235197 0.022204 0.023026
0 0.635280 0.258224 0.033717 0.026316
0 0.527138 0.225329 0.024671 0.016447
0 0.576480 0.340461 0.023026 0.027961
0 0.603207 0.370066 0.013980 0.021382
0 0.532072 0.262336 0.013158 0.018092
0 0.519326 0.254934 0.013980 0.013158
0 0.563322 0.326891 0.016447 0.023849
0 0.244655 0.784951 0.117599 0.125822
0 0.528783 0.770559 0.077303 0.090461
0 0.287007 0.640625 0.082237 0.087171
0 0.350329 0.680921 0.052632 0.065789
0 0.972862 0.741365 0.021382 0.022204
0 0.930921 0.754112 0.026316 0.019737
0 0.974918 0.715872 0.022204 0.023849
0 0.987664 0.221217 0.024671 0.024671
0 0.731497 0.240543 0.025493 0.020559
0 0.837993 0.226562 0.029605 0.020559
0 0.991365 0.108964 0.017270 0.032072
