0 0.129523 0.167352 0.013980 0.017270
0 0.149671 0.176398 0.018092 0.017270
0 0.186266 0.217105 0.009046 0.009868
0 0.331414 0.236020 0.014803 0.019737
0 0.293997 0.179688 0.013980 0.015625
0 0.176398 0.060444 0.018914 0.018914
0 0.177220 0.203125 0.012336 0.019737
0 0.164885 0.026316 0.013980 0.016447
0 0.259046 0.134046 0.013158 0.016447
0 0.393092 0.027961 0.026316 0.021382
0 0.114720 0.295641 0.009046 0.018914
0 0.164885 0.180921 0.010691 0.018092
0 0.175164 0.137747 0.026316 0.017270
0 0.150082 0.241365 0.015625 0.018914
0 0.125411 0.266036 0.022204 0.028783
0 0.109375 0.257401 0.009868 0.021382
0 0.346628 0.219984 0.012336 0.012336
0 0.216694 0.118010 0.010691 0.013980
0 0.178043 0.174753 0.012336 0.015625
0 0.193668 0.129934 0.017270 0.019737
0 0.328947 0.210526 0.014803 0.011513
0 0.228618 0.120888 0.013158 0.013158
0 0.306332 0.116776 0.012336 0.013158
0 0.321135 0.682155 0.048520 0.056743
0 0.125000 0.617188 0.029605 0.025493
0 0.076480 0.412007 0.039474 0.039474
0 0.203125 0.789885 0.057566 0.038651
0 0.208470 0.626234 0.032072 0.041941
0 0.164062 0.639803 0.041941 0.037829
0 0.567434 0.592516 0.011513 0.027138
0 0.795230 0.403783 0.019737 0.019737
0 0.597451 0.440378 0.023849 0.027138
0 0.720806 0.629523 0.013980 0.023849
0 0.618421 0.650082 0.014803 0.030428
0 0.773438 0.671464 0.017270 0.032072
0 0.750411 0.457648 0.015625 0.027138
0 0.772204 0.629934 0.014803 0.016447
0 0.592105 0.708470 0.013158 0.035362
0 0.527961 0.473273 0.021382 0.030428
0 0.556743 0.784951 0.014803 0.032072
0 0.824013 0.636102 0.011513 0.028783
0 0.563322 0.754934 0.018092 0.027961
0 0.842516 0.383635 0.028783 0.032072
0 0.738898 0.576891 0.013980 0.020559
0 0.879934 0.527961 0.014803 0.024671
0 0.607319 0.403783 0.015625 0.024671
0 0.616365 0.603207 0.012336 0.018914
0 0.663651 0.453125 0.019737 0.026316
0 0.609786 0.537418 0.022204 0.027138
0 0.592105 0.609375 0.006579 0.024671
0 0.562500 0.735197 0.018092 0.042763
0 0.602796 0.610609 0.011513 0.027138
0 0.699424 0.396382 0.018914 0.018092
0 0.633635 0.043586 0.010691 0.009868
0 0.599095 0.108553 0.012336 0.013158
0 0.702303 0.293174 0.011513 0.009046
0 0.678043 0.115132 0.012336 0.011513
0 0.729852 0.127056 0.012336 0.018914
0 0.912007 0.331414 0.016447 0.014803
0 0.543586 0.213816 0.009868 0.009868
0 0.898026 0.240954 0.011513 0.011513
0 0.933388 0.053454 0.009868 0.014803
0 0.736020 0.279194 0.006579 0.010691
0 0.986020 0.138980 0.009868 0.011513
0 0.576480 0.329359 0.009868 0.010691
0 0.753289 0.061266 0.013158 0.013980
0 0.643503 0.126645 0.013980 0.016447
0 0.645559 0.144737 0.011513 0.011513
0 0.828536 0.004934 0.012336 0.009868
0 0.702303 0.276316 0.009868 0.009868
0 0.909128 0.117599 0.010691 0.011513
0 0.976151 0.152138 0.011513 0.013158
0 0.844572 0.042352 0.006579 0.009046
0 0.773438 0.021382 0.010691 0.013158
0 0.769737 0.034539 0.013158 0.011513
0 0.754934 0.281661 0.008224 0.009046
0 0.926398 0.240543 0.012336 0.012336
0 0.839638 0.209704 0.011513 0.013158
0 0.676809 0.293174 0.018092 0.017270
0 0.846628 0.241776 0.012336 0.011513
0 0.745888 0.266447 0.009868 0.013158
0 0.969572 0.140625 0.009868 0.016447
0 0.593750 0.284539 0.014803 0.011513
0 0.806743 0.334704 0.011513 0.014803
0 0.827303 0.191612 0.009868 0.014803
0 0.754523 0.077303 0.012336 0.013158
0 0.702714 0.001234 0.009046 0.002467
0 0.887747 0.153372 0.012336 0.012336
0 0.561266 0.331003 0.012336 0.010691
0 0.904194 0.132812 0.010691 0.012336
0 0.824424 0.324424 0.013980 0.013980
0 0.825247 0.043174 0.009046 0.010691
0 0.546875 0.174753 0.011513 0.010691
0 0.704359 0.141447 0.017270 0.018092
