0 0.506579 0.268092 0.009868 0.006579
0 0.527138 0.429276 0.011513 0.009868
0 0.489309 0.271382 0.009868 0.008224
0 0.201069 0.266036 0.012336 0.012336
0 0.470395 0.443668 0.008224 0.010691
0 0.505345 0.391036 0.012336 0.009046
0 0.430510 0.409128 0.012336 0.012336
0 0.576480 0.319901 0.011513 0.011513
0 0.474507 0.286595 0.008224 0.007401
0 0.141859 0.280428 0.010691 0.009868
0 0.500411 0.331003 0.012336 0.009046
0 0.481497 0.398849 0.013980 0.011513
0 0.557566 0.243010 0.011513 0.010691
0 0.199013 0.224507 0.013158 0.011513
0 0.387747 0.326891 0.010691 0.007401
0 0.118832 0.250000 0.010691 0.011513
0 0.239309 0.249178 0.011513 0.011513
0 0.317434 0.255345 0.009868 0.009046
0 0.454770 0.238076 0.008224 0.007401
0 0.331414 0.448191 0.011513 0.013158
0 0.392270 0.296053 0.009868 0.008224
0 0.084293 0.711760 0.038651 0.041941
0 0.243010 0.771793 0.045230 0.053454
0 0.108141 0.895559 0.037007 0.044408
0 0.555099 0.928454 0.036184 0.047697
0 0.502467 0.979852 0.050987 0.040296
0 0.545641 0.588405 0.063322 0.056743
0 0.349918 0.746299 0.045230 0.040296
0 0.392270 0.738076 0.047697 0.032072
0 0.003289 0.970806 0.006579 0.032072
0 0.506168 0.911595 0.037007 0.040296
0 0.530428 0.804276 0.092105 0.047697
0 0.468750 0.778783 0.062500 0.057566
0 0.649671 0.933799 0.032895 0.063322
0 0.747122 0.617599 0.032072 0.049342
0 0.630757 0.701891 0.036184 0.035362
0 0.924753 0.820724 0.017270 0.032895
0 0.756168 0.790707 0.023849 0.037007
0 0.620477 0.791118 0.018914 0.039474
0 0.643914 0.769326 0.024671 0.037007
0 0.856086 0.798931 0.019737 0.032072
0 0.721628 0.503289 0.033717 0.065789
0 0.726562 0.329770 0.009046 0.011513
0 0.641447 0.401316 0.016447 0.019737
0 0.713405 0.255345 0.028783 0.017270
0 0.906661 0.348273 0.017270 0.020559
0 0.859786 0.295641 0.017270 0.013980
0 0.701480 0.150905 0.016447 0.015625
0 0.715049 0.182566 0.022204 0.018092
0 0.873766 0.236842 0.017270 0.013158
0 0.651316 0.375000 0.031250 0.024671
0 0.922286 0.333470 0.013980 0.013980
0 0.780428 0.240543 0.014803 0.010691
0 0.638569 0.366776 0.020559 0.026316
0 0.680921 0.291530 0.021382 0.012336
0 0.980674 0.151727 0.027138 0.017270
0 0.817845 0.254523 0.017270 0.013980
0 0.738076 0.248766 0.020559 0.017270
0 0.701891 0.295230 0.015625 0.011513
0 0.766036 0.236431 0.022204 0.012336
0 0.844161 0.328947 0.010691 0.011513
0 0.900493 0.324836 0.021382 0.009868
0 0.685033 0.353207 0.019737 0.018914
0 0.715461 0.316612 0.016447 0.019737
0 0.718339 0.291530 0.017270 0.013980
