0 0.022204 0.180099 0.021382 0.049342
0 0.242599 0.082648 0.013158 0.028783
0 0.245066 0.109786 0.019737 0.028783
0 0.009457 0.060033 0.018914 0.029605
0 0.185444 0.070724 0.020559 0.024671
0 0.393914 0.024671 0.036184 0.049342
0 0.103618 0.070724 0.019737 0.024671
0 0.006579 0.012747 0.013158 0.025493
0 0.236020 0.393914 0.034539 0.021382
0 0.063322 0.615543 0.013158 0.013980
0 0.083059 0.574424 0.021382 0.017270
0 0.141859 0.639803 0.022204 0.026316
0 0.030016 0.522615 0.022204 0.017270
0 0.162418 0.621299 0.017270 0.017270
0 0.101151 0.500411 0.021382 0.017270
0 0.134868 0.610197 0.026316 0.013158
0 0.767270 0.384868 0.023026 0.023026
0 0.630757 0.620477 0.027961 0.027138
0 0.884046 0.624178 0.023026 0.024671
0 0.708882 0.657072 0.026316 0.031250
0 0.986431 0.538651 0.017270 0.018092
0 0.796053 0.400082 0.021382 0.022204
0 0.903783 0.632401 0.023026 0.023026
0 0.942434 0.491365 0.023026 0.020559
0 0.552632 0.411595 0.021382 0.022204
0 0.472862 0.632401 0.023026 0.019737
0 0.785773 0.467516 0.023849 0.023849
0 0.832237 0.687911 0.026316 0.027138
0 0.535362 0.417352 0.019737 0.018914
0 0.612253 0.482319 0.025493 0.018914
0 0.586760 0.481497 0.025493 0.022204
0 0.451480 0.005345 0.029605 0.010691
0 0.518914 0.088405 0.026316 0.041941
0 0.495066 0.044408 0.041118 0.055921
0 0.981086 0.051809 0.036184 0.032895
0 0.944901 0.099918 0.039474 0.063322
0 0.927220 0.027549 0.046875 0.030428
