0 0.304276 0.249178 0.032895 0.052632
0 0.214638 0.087993 0.027961 0.029605
0 0.196957 0.245066 0.040296 0.060855
0 0.240543 0.104441 0.027138 0.041118
0 0.229852 0.021382 0.050164 0.036184
0 0.451069 0.094984 0.068257 0.060033
0 0.385280 0.345395 0.028783 0.047697
0 0.331003 0.278783 0.046875 0.062500
0 0.055099 0.098273 0.029605 0.038651
0 0.312911 0.004934 0.038651 0.009868
0 0.208882 0.763980 0.029605 0.031250
0 0.222039 0.722862 0.021382 0.023026
0 0.268503 0.796053 0.015625 0.019737
0 0.267681 0.771793 0.015625 0.020559
0 0.210526 0.803454 0.024671 0.018092
0 0.114309 0.807566 0.019737 0.019737
0 0.097451 0.686678 0.096217 0.125000
0 0.973273 0.787007 0.020559 0.029605
0 0.760280 0.807155 0.023849 0.032072
0 0.861842 0.539885 0.026316 0.017270
0 0.665296 0.527549 0.039474 0.030428
0 0.993832 0.747944 0.012336 0.025493
0 0.975740 0.740954 0.017270 0.018092
0 0.613898 0.667352 0.020559 0.023849
0 0.993010 0.582648 0.013980 0.025493
0 0.761513 0.767270 0.019737 0.016447
0 0.730263 0.547286 0.026316 0.018914
0 0.985197 0.676809 0.029605 0.026316
0 0.832648 0.766447 0.018914 0.023026
0 0.988898 0.546875 0.020559 0.024671
0 0.691201 0.773026 0.015625 0.027961
0 0.791530 0.599507 0.020559 0.026316
0 0.807977 0.715461 0.018914 0.019737
0 0.911184 0.594984 0.026316 0.025493
0 0.530839 0.083470 0.063322 0.037007
0 0.513569 0.181743 0.025493 0.037829
0 0.924342 0.274260 0.032895 0.051809
0 0.550164 0.228618 0.034539 0.046053
0 0.820312 0.155428 0.025493 0.034539
0 0.547286 0.167763 0.025493 0.031250
0 0.727796 0.057977 0.031250 0.041941
0 0.573191 0.063322 0.042763 0.044408
0 0.625411 0.031250 0.032072 0.026316
0 0.654605 0.037418 0.031250 0.032072
0 0.836760 0.013569 0.027138 0.027138
0 0.569901 0.264803 0.021382 0.034539
0 0.954770 0.234786 0.029605 0.027138
0 0.909539 0.214638 0.037829 0.024671
