0 0.527961 0.069490 0.057566 0.041941
0 0.005757 0.121711 0.011513 0.029605
0 0.643914 0.376234 0.057566 0.074836
0 0.631990 0.035773 0.038651 0.043586
0 0.286184 0.137336 0.046053 0.046053
0 0.476151 0.318668 0.027961 0.066612
0 0.124178 0.118832 0.042763 0.035362
0 0.561678 0.233964 0.026316 0.041941
0 0.008224 0.160773 0.016447 0.040296
0 0.534539 0.164062 0.037829 0.048520
0 0.613487 0.337582 0.041118 0.066612
0 0.592516 0.147204 0.041941 0.049342
0 0.500000 0.146382 0.042763 0.031250
0 0.432977 0.753289 0.017270 0.021382
0 0.564556 0.515214 0.027138 0.033717
0 0.251234 0.854852 0.020559 0.038651
0 0.265625 0.715461 0.013158 0.024671
0 0.305510 0.534951 0.020559 0.028783
0 0.512336 0.533717 0.021382 0.024671
0 0.321546 0.770559 0.019737 0.029605
0 0.449424 0.696546 0.018914 0.029605
0 0.272204 0.861842 0.027961 0.039474
0 0.461349 0.557155 0.018092 0.020559
0 0.489309 0.753701 0.019737 0.023849
0 0.407072 0.524671 0.019737 0.019737
0 0.318257 0.724918 0.014803 0.020559
0 0.370066 0.580592 0.021382 0.023026
0 0.331826 0.662007 0.015625 0.023026
0 0.289885 0.732730 0.009046 0.019737
0 0.221628 0.597451 0.015625 0.027138
0 0.490132 0.794819 0.018092 0.028783
0 0.311678 0.665296 0.027961 0.027961
0 0.300987 0.736020 0.011513 0.023026
0 0.603618 0.655428 0.014803 0.026316
0 0.291530 0.826480 0.013980 0.027961
0 0.462171 0.585938 0.013158 0.025493
0 0.844572 0.528372 0.023026 0.020559
0 0.916530 0.415296 0.012336 0.008224
0 0.996299 0.418174 0.007401 0.007401
0 0.776316 0.381168 0.009868 0.005757
0 0.904194 0.414885 0.013980 0.007401
0 0.886513 0.390625 0.013158 0.008224
0 0.966694 0.480263 0.012336 0.008224
0 0.921464 0.356497 0.013980 0.009046
0 0.995888 0.391859 0.008224 0.009046
0 0.839227 0.472039 0.012336 0.006579
0 0.969984 0.449836 0.010691 0.008224
0 0.775493 0.396382 0.011513 0.006579
0 0.798931 0.396382 0.015625 0.008224
0 0.946135 0.400082 0.010691 0.005757
0 0.778372 0.386102 0.010691 0.005757
0 0.735609 0.389803 0.009046 0.006579
0 0.924753 0.466694 0.012336 0.009046
0 0.972451 0.437089 0.012336 0.005757
0 0.729441 0.382812 0.011513 0.009046
0 0.876645 0.392270 0.011513 0.006579
0 0.981908 0.387336 0.013158 0.008224
