0 0.294408 0.422286 0.019737 0.017270
0 0.504523 0.189967 0.018914 0.014803
0 0.360609 0.470395 0.013980 0.014803
0 0.417763 0.397615 0.021382 0.012336
0 0.409951 0.312911 0.020559 0.012336
0 0.419819 0.225740 0.015625 0.009046
0 0.223684 0.307155 0.018092 0.010691
0 0.391447 0.229441 0.016447 0.011513
0 0.535362 0.297697 0.019737 0.014803
0 0.334704 0.183388 0.014803 0.011513
0 0.366776 0.251234 0.013158 0.010691
0 0.131168 0.476974 0.018914 0.018092
0 0.107730 0.207237 0.016447 0.013158
0 0.453947 0.450247 0.019737 0.013980
0 0.379112 0.407484 0.023026 0.015625
0 0.231086 0.264803 0.016447 0.011513
0 0.326069 0.916530 0.045230 0.055099
0 0.028372 0.654605 0.041941 0.049342
0 0.309211 0.708059 0.036184 0.060855
0 0.037418 0.759868 0.023849 0.039474
0 0.469984 0.995477 0.025493 0.009046
0 0.734375 0.516859 0.032895 0.023849
0 0.831003 0.750822 0.025493 0.014803
0 0.880345 0.711760 0.020559 0.018914
0 0.990132 0.631579 0.019737 0.016447
0 0.931332 0.655428 0.020559 0.018092
0 0.824013 0.782895 0.021382 0.027961
0 0.898849 0.756579 0.013158 0.014803
0 0.975740 0.636924 0.017270 0.013980
0 0.863076 0.631990 0.020559 0.018914
0 0.804688 0.762336 0.017270 0.018092
0 0.933799 0.274671 0.015625 0.011513
0 0.774260 0.414474 0.012336 0.009868
0 0.667352 0.270970 0.012336 0.012336
0 0.969984 0.407484 0.018914 0.013980
0 0.790707 0.335938 0.013980 0.013980
0 0.577303 0.447780 0.013158 0.012336
0 0.829770 0.441612 0.016447 0.011513
0 0.855263 0.401727 0.014803 0.009046
0 0.789062 0.298520 0.015625 0.009868
0 0.930921 0.257401 0.018092 0.009868
0 0.811678 0.443257 0.014803 0.011513
0 0.615132 0.294408 0.014803 0.013158
0 0.685033 0.425164 0.014803 0.011513
0 0.585526 0.287007 0.016447 0.011513
0 0.971217 0.250000 0.016447 0.011513
0 0.989720 0.298520 0.013980 0.016447
0 0.849918 0.340872 0.012336 0.009046
0 0.925576 0.282484 0.010691 0.009046
0 0.819079 0.453125 0.014803 0.011513
0 0.868010 0.404605 0.010691 0.008224
0 0.696135 0.385280 0.018914 0.013980
0 0.997533 0.410362 0.004934 0.009868
0 0.703125 0.284128 0.018092 0.012336
0 0.670641 0.394326 0.022204 0.013980
0 0.681743 0.289062 0.016447 0.013980
