0 0.338816 0.138158 0.014803 0.023026
0 0.381168 0.338816 0.013980 0.014803
0 0.326891 0.344161 0.015625 0.013980
0 0.068257 0.416118 0.021382 0.018092
0 0.158306 0.288240 0.012336 0.017270
0 0.418586 0.361842 0.023026 0.021382
0 0.372533 0.159539 0.023026 0.023026
0 0.315789 0.328536 0.018092 0.022204
0 0.028372 0.268503 0.015625 0.013980
0 0.532072 0.113076 0.013158 0.017270
0 0.396793 0.191201 0.013980 0.012336
0 0.146382 0.290296 0.011513 0.014803
0 0.201891 0.406250 0.022204 0.018092
0 0.101974 0.175987 0.018092 0.013158
0 0.378701 0.364309 0.013980 0.014803
0 0.092105 0.289474 0.013158 0.014803
0 0.044819 0.297286 0.015625 0.012336
0 0.476974 0.177220 0.011513 0.015625
0 0.466694 0.164062 0.015625 0.017270
0 0.464227 0.136513 0.022204 0.021382
0 0.225329 0.416118 0.018092 0.016447
0 0.398026 0.203125 0.016447 0.016447
0 0.473273 0.224507 0.013980 0.014803
0 0.166941 0.294819 0.013158 0.013980
0 0.180099 0.252056 0.016447 0.015625
0 0.069079 0.130757 0.014803 0.013158
0 0.076480 0.150905 0.016447 0.020559
0 0.142270 0.777549 0.018092 0.018914
0 0.454359 0.733553 0.017270 0.018092
0 0.454770 0.637747 0.032895 0.022204
0 0.197368 0.783717 0.026316 0.019737
0 0.195312 0.718750 0.020559 0.019737
0 0.207237 0.755345 0.027961 0.028783
0 0.291941 0.775082 0.097039 0.063322
0 0.935444 0.757812 0.017270 0.013980
0 0.836760 0.647204 0.023849 0.016447
0 0.722451 0.715872 0.023849 0.020559
0 0.648026 0.818257 0.037829 0.029605
0 0.956003 0.716283 0.023849 0.018092
0 0.691201 0.787829 0.025493 0.019737
0 0.743832 0.710115 0.022204 0.018914
0 0.757812 0.758635 0.015625 0.013980
0 0.742188 0.575658 0.032072 0.023026
0 0.979441 0.642681 0.021382 0.017270
0 0.618832 0.806743 0.027138 0.027961
0 0.736842 0.665707 0.042763 0.018914
0 0.816612 0.643914 0.027961 0.018092
0 0.741776 0.743421 0.029605 0.024671
0 0.655839 0.700658 0.022204 0.018092
0 0.774260 0.659128 0.035362 0.022204
0 0.689556 0.712171 0.032072 0.016447
0 0.627878 0.851151 0.023849 0.023026
0 0.895970 0.664062 0.023849 0.015625
0 0.759868 0.137336 0.031250 0.036184
0 0.916941 0.293997 0.021382 0.023849
0 0.642681 0.355674 0.023849 0.045230
0 0.731086 0.210938 0.021382 0.028783
0 0.934622 0.230674 0.027138 0.025493
0 0.636513 0.369655 0.037829 0.033717
0 0.988898 0.279605 0.022204 0.026316
0 0.572780 0.267681 0.028783 0.040296
0 0.619243 0.409539 0.024671 0.032895
0 0.647204 0.196957 0.019737 0.032072
0 0.721217 0.143914 0.044408 0.027961
0 0.872533 0.165707 0.023026 0.028783
0 0.683388 0.324836 0.027961 0.036184
0 0.870477 0.075658 0.028783 0.024671
0 0.688322 0.213816 0.018092 0.023026
0 0.954359 0.124589 0.020559 0.027138
0 0.706414 0.223273 0.014803 0.030428
0 0.727385 0.261102 0.022204 0.035362
0 0.727796 0.011924 0.027961 0.023849
0 0.583882 0.072780 0.041118 0.032072
0 0.992188 0.320312 0.015625 0.037007
0 0.783306 0.010691 0.040296 0.021382
