0 0.092105 0.304688 0.029605 0.015625
0 0.051398 0.200247 0.023849 0.018914
0 0.178865 0.301809 0.023849 0.021382
0 0.098684 0.335526 0.027961 0.024671
0 0.011513 0.319901 0.023026 0.014803
0 0.128289 0.316201 0.031250 0.015625
0 0.030016 0.274260 0.027138 0.020559
0 0.205181 0.072780 0.050164 0.023849
0 0.254523 0.516859 0.041941 0.048520
0 0.116365 0.922697 0.027138 0.036184
0 0.101974 0.998766 0.018092 0.002467
0 0.163651 0.982319 0.024671 0.033717
0 0.194901 0.993421 0.023026 0.013158
0 0.134046 0.775493 0.019737 0.032895
0 0.815378 0.752467 0.020559 0.029605
0 0.904194 0.710115 0.022204 0.022204
0 0.710115 0.445312 0.017270 0.020559
0 0.740954 0.208882 0.016447 0.021382
0 0.510691 0.185033 0.014803 0.021382
0 0.539474 0.295230 0.021382 0.029605
0 0.844572 0.288651 0.016447 0.018092
0 0.460938 0.194901 0.015625 0.019737
0 0.782072 0.417763 0.014803 0.023026
0 0.773026 0.346217 0.014803 0.021382
0 0.544819 0.422286 0.017270 0.020559
0 0.810033 0.249178 0.011513 0.014803
0 0.833059 0.392270 0.018092 0.021382
0 0.859375 0.287418 0.016447 0.018914
0 0.928454 0.400905 0.013158 0.015625
0 0.636513 0.291118 0.011513 0.018092
0 0.731086 0.263980 0.014803 0.016447
0 0.721217 0.219572 0.014803 0.021382
0 0.709704 0.350740 0.014803 0.015625
0 0.676809 0.396793 0.018092 0.020559
0 0.543997 0.402549 0.012336 0.013980
0 0.880757 0.231086 0.013158 0.016447
