0 0.242188 0.167763 0.040296 0.062500
0 0.278783 0.119243 0.036184 0.032895
0 0.224507 0.094984 0.046053 0.030428
0 0.116776 0.022204 0.031250 0.042763
0 0.351562 0.889391 0.038651 0.045230
0 0.298109 0.787007 0.055099 0.046053
0 0.274671 0.991776 0.018092 0.016447
0 0.186678 0.742188 0.026316 0.035362
0 0.393092 0.865543 0.029605 0.046875
0 0.294408 0.960115 0.026316 0.051809
0 0.024671 0.730674 0.024671 0.033717
0 0.259868 0.766859 0.036184 0.053454
0 0.212171 0.734786 0.023026 0.038651
0 0.296053 0.581414 0.039474 0.050987
0 0.319490 0.492188 0.030428 0.043586
0 0.122533 0.777138 0.027961 0.044408
0 0.319490 0.902138 0.022204 0.047697
0 0.291941 0.885280 0.026316 0.041941
0 0.050987 0.898026 0.029605 0.042763
0 0.625000 0.978207 0.054276 0.043586
0 0.682977 0.933799 0.033717 0.041941
0 0.712582 0.804688 0.027138 0.027138
0 0.602796 0.964638 0.034539 0.059211
0 0.741776 0.796053 0.029605 0.031250
0 0.675987 0.796464 0.037829 0.027138
0 0.735197 0.552220 0.037829 0.040296
0 0.849507 0.682155 0.024671 0.023849
0 0.998766 0.673520 0.002467 0.031250
0 0.824836 0.673109 0.037829 0.027138
0 0.755757 0.881990 0.016447 0.025493
0 0.914062 0.712993 0.030428 0.029605
0 0.986431 0.805921 0.027138 0.031250
0 0.712171 0.481497 0.029605 0.035362
0 0.736020 0.851974 0.029605 0.044408
0 0.732730 0.715461 0.050987 0.037829
0 0.775082 0.701069 0.035362 0.038651
0 0.960115 0.879934 0.018914 0.024671
0 0.814967 0.233141 0.031250 0.037007
0 0.749589 0.173109 0.027138 0.033717
0 0.856908 0.186266 0.023026 0.027138
0 0.784539 0.291941 0.023026 0.029605
0 0.887336 0.084293 0.024671 0.037007
0 0.680099 0.354441 0.027961 0.029605
0 0.687911 0.241365 0.027138 0.033717
0 0.682155 0.194490 0.028783 0.033717
0 0.862253 0.209704 0.022204 0.027961
0 0.548931 0.419408 0.025493 0.031250
0 0.781661 0.314556 0.025493 0.032072
