0 0.229441 0.123766 0.031250 0.038651
0 0.282484 0.362664 0.023849 0.062500
0 0.236020 0.212582 0.016447 0.038651
0 0.391447 0.165296 0.050987 0.080592
0 0.204359 0.358553 0.023849 0.069079
0 0.028372 0.206414 0.022204 0.034539
0 0.303454 0.389391 0.031250 0.068257
0 0.219161 0.191612 0.022204 0.041118
0 0.261924 0.254523 0.027138 0.053454
0 0.333470 0.472039 0.022204 0.049342
0 0.340049 0.002056 0.041941 0.004112
0 0.129934 0.025493 0.026316 0.050987
0 0.400493 0.219572 0.032895 0.049342
0 0.116365 0.206003 0.020559 0.035362
0 0.006168 0.969572 0.012336 0.024671
0 0.009046 0.919408 0.018092 0.039474
0 0.042352 0.645148 0.038651 0.040296
0 0.263158 0.969984 0.031250 0.041941
0 0.110197 0.974507 0.023026 0.021382
0 0.256990 0.821135 0.027138 0.038651
0 0.872944 0.779605 0.022204 0.019737
0 0.497944 0.651727 0.013980 0.010691
0 0.551398 0.688734 0.017270 0.010691
0 0.701891 0.806743 0.017270 0.014803
0 0.737253 0.770148 0.015625 0.013980
0 0.533717 0.688322 0.018092 0.013158
0 0.657484 0.633224 0.015625 0.013158
0 0.807566 0.721217 0.011513 0.009868
0 0.510280 0.648438 0.013980 0.012336
0 0.676809 0.641859 0.014803 0.012336
0 0.751234 0.774671 0.015625 0.013158
0 0.617599 0.789062 0.018092 0.017270
0 0.777549 0.694079 0.015625 0.011513
0 0.882812 0.698191 0.017270 0.018092
0 0.455181 0.774671 0.015625 0.011513
0 0.670230 0.680510 0.016447 0.013980
0 0.874178 0.766447 0.016447 0.009868
0 0.563734 0.767681 0.018914 0.015625
0 0.967928 0.328947 0.018092 0.023026
0 0.729030 0.370888 0.020559 0.026316
0 0.895148 0.407484 0.023849 0.027138
0 0.454359 0.610197 0.028783 0.029605
0 0.446957 0.417763 0.032072 0.044408
0 0.844984 0.348273 0.017270 0.018914
0 0.793997 0.496299 0.023849 0.027138
0 0.742188 0.284128 0.020559 0.028783
0 0.804276 0.604030 0.023026 0.033717
0 0.648438 0.569079 0.023849 0.031250
0 0.712582 0.303865 0.022204 0.027138
0 0.918586 0.406250 0.024671 0.026316
0 0.949424 0.322368 0.022204 0.021382
0 0.698191 0.504112 0.019737 0.019737
0 0.879934 0.564967 0.024671 0.031250
0 0.589227 0.411595 0.018914 0.025493
