0 0.110197 0.456003 0.016447 0.020559
0 0.538651 0.176809 0.024671 0.027961
0 0.195312 0.546875 0.022204 0.026316
0 0.129112 0.449013 0.021382 0.019737
0 0.252056 0.479030 0.018914 0.022204
0 0.023026 0.165707 0.016447 0.020559
0 0.229852 0.203947 0.023849 0.024671
0 0.409951 0.431332 0.033717 0.032072
0 0.360609 0.170641 0.027138 0.028783
0 0.388158 0.505345 0.023026 0.027138
0 0.167763 0.543997 0.024671 0.027138
0 0.370888 0.410773 0.027961 0.033717
0 0.137747 0.304276 0.017270 0.023026
0 0.414474 0.138569 0.018092 0.028783
0 0.550987 0.557566 0.019737 0.029605
0 0.226974 0.292763 0.021382 0.034539
0 0.014391 0.106908 0.027138 0.024671
0 0.392681 0.181743 0.025493 0.031250
0 0.011102 0.147615 0.022204 0.027138
0 0.184211 0.571135 0.023026 0.027138
0 0.493832 0.194901 0.023849 0.031250
0 0.462171 0.917352 0.016447 0.015625
0 0.206003 0.702714 0.022204 0.023849
0 0.115543 0.747533 0.015625 0.016447
0 0.571135 0.687500 0.020559 0.021382
0 0.289474 0.910773 0.024671 0.022204
0 0.051398 0.789885 0.022204 0.020559
0 0.342105 0.793997 0.014803 0.018914
0 0.461349 0.939556 0.021382 0.023849
0 0.218339 0.763980 0.018914 0.018092
0 0.505757 0.676809 0.019737 0.024671
0 0.245888 0.964638 0.023026 0.023026
0 0.164062 0.855263 0.018914 0.023026
0 0.085938 0.906250 0.023849 0.023026
0 0.023438 0.727796 0.017270 0.018092
0 0.467928 0.798931 0.027961 0.033717
0 0.070724 0.791118 0.021382 0.019737
0 0.246299 0.860609 0.018914 0.017270
0 0.152138 0.934622 0.019737 0.025493
0 0.231497 0.715049 0.018914 0.023849
0 0.767270 0.736020 0.011513 0.009868
0 0.863898 0.805921 0.012336 0.009868
0 0.625411 0.732319 0.009046 0.010691
0 0.688734 0.742188 0.015625 0.013980
0 0.951069 0.852796 0.009046 0.014803
0 0.889803 0.776727 0.011513 0.012336
0 0.666118 0.718750 0.009868 0.009868
0 0.807977 0.771793 0.012336 0.013980
0 0.837582 0.747533 0.010691 0.009868
0 0.777138 0.732730 0.013158 0.011513
0 0.923109 0.824836 0.010691 0.009868
0 0.861842 0.826069 0.011513 0.012336
0 0.668174 0.726151 0.010691 0.009868
0 0.618832 0.720806 0.010691 0.013980
0 0.664885 0.742188 0.012336 0.010691
0 0.729852 0.860197 0.012336 0.009868
0 0.858141 0.873766 0.012336 0.012336
0 0.873355 0.727796 0.013158 0.013158
0 0.812911 0.679688 0.013980 0.013980
0 0.963816 0.856908 0.014803 0.014803
0 0.815378 0.851974 0.012336 0.013158
0 0.795641 0.770559 0.013980 0.011513
0 0.889391 0.735197 0.012336 0.013158
0 0.888980 0.475329 0.021382 0.032895
0 0.795641 0.101974 0.037007 0.036184
0 0.963405 0.453536 0.020559 0.020559
0 0.946957 0.392270 0.023849 0.027961
0 0.863487 0.446957 0.021382 0.018914
0 0.896793 0.430099 0.027138 0.018092
0 0.930510 0.286184 0.018914 0.027961
