0 0.021793 0.254523 0.022204 0.032072
0 0.113898 0.233553 0.025493 0.031250
0 0.431332 0.225740 0.023849 0.038651
0 0.248766 0.225329 0.032072 0.036184
0 0.399671 0.204359 0.032895 0.035362
0 0.417763 0.138980 0.049342 0.034539
0 0.392270 0.364720 0.044408 0.061678
0 0.260691 0.056743 0.042763 0.047697
0 0.126645 0.689145 0.021382 0.023026
0 0.115954 0.745888 0.023026 0.019737
0 0.111431 0.610609 0.027138 0.017270
0 0.345806 0.602796 0.023849 0.026316
0 0.199013 0.730674 0.023026 0.020559
0 0.119243 0.577303 0.021382 0.024671
0 0.209704 0.770559 0.024671 0.026316
0 0.284951 0.720395 0.012336 0.019737
0 0.847039 0.603618 0.027961 0.026316
0 0.672697 0.767270 0.016447 0.019737
0 0.916118 0.751234 0.018092 0.017270
0 0.926398 0.714227 0.032072 0.020559
0 0.980263 0.695724 0.024671 0.024671
0 0.988487 0.856908 0.023026 0.034539
0 0.535773 0.726974 0.028783 0.029605
0 0.974507 0.840872 0.021382 0.028783
0 0.932977 0.760280 0.017270 0.022204
0 0.998355 0.643092 0.003289 0.026316
0 0.675987 0.788651 0.016447 0.019737
0 0.812500 0.756990 0.019737 0.020559
0 0.905016 0.838405 0.025493 0.033717
0 0.729852 0.749589 0.023849 0.017270
0 0.810444 0.442023 0.020559 0.017270
0 0.584293 0.508635 0.018914 0.020559
0 0.859786 0.134868 0.022204 0.034539
0 0.887336 0.392270 0.018092 0.024671
0 0.625411 0.100740 0.022204 0.023849
0 0.525082 0.295230 0.018914 0.019737
0 0.904194 0.043586 0.022204 0.024671
0 0.813734 0.162007 0.032072 0.032895
0 0.764391 0.442023 0.032072 0.032072
0 0.615132 0.425164 0.027961 0.021382
0 0.531250 0.223273 0.021382 0.020559
0 0.810033 0.409951 0.018092 0.018914
0 0.766447 0.113076 0.023026 0.020559
0 0.870066 0.415707 0.011513 0.018914
0 0.704770 0.134868 0.024671 0.031250
0 0.901316 0.014803 0.024671 0.026316
0 0.707648 0.167763 0.020559 0.021382
0 0.993832 0.518092 0.012336 0.026316
0 0.904194 0.420230 0.015625 0.016447
0 0.556743 0.511513 0.023026 0.019737
