0 0.564145 0.045230 0.023026 0.024671
0 0.322780 0.155428 0.017270 0.031250
0 0.328947 0.111842 0.021382 0.016447
0 0.527549 0.090461 0.017270 0.034539
0 0.618010 0.243010 0.015625 0.035362
0 0.590049 0.028372 0.017270 0.023849
0 0.599507 0.193257 0.027961 0.047697
0 0.368421 0.075247 0.018092 0.027138
0 0.544819 0.054688 0.009046 0.020559
0 0.303043 0.127878 0.017270 0.018914
0 0.381168 0.134457 0.015625 0.020559
0 0.566612 0.151316 0.021382 0.034539
0 0.154194 0.631579 0.033717 0.029605
0 0.226151 0.528372 0.018092 0.017270
0 0.361431 0.574836 0.012336 0.013158
0 0.189967 0.604030 0.021382 0.023849
0 0.140214 0.620888 0.022204 0.032895
0 0.220395 0.484375 0.031250 0.021382
0 0.332648 0.482730 0.018914 0.016447
0 0.207648 0.355674 0.018914 0.018914
0 0.247122 0.476562 0.022204 0.020559
0 0.185855 0.528783 0.023026 0.014803
0 0.445724 0.580181 0.014803 0.017270
0 0.428454 0.598273 0.018092 0.025493
0 0.293174 0.466283 0.015625 0.013158
0 0.143092 0.663651 0.018092 0.024671
0 0.234786 0.575658 0.010691 0.013158
0 0.222862 0.559211 0.018092 0.024671
0 0.277549 0.461349 0.023849 0.014803
0 0.208470 0.533306 0.017270 0.015625
0 0.393503 0.461349 0.018914 0.016447
0 0.378289 0.534128 0.018092 0.017270
0 0.222451 0.394737 0.023849 0.021382
0 0.422286 0.569490 0.022204 0.012336
0 0.508635 0.356497 0.030428 0.022204
0 0.852796 0.260691 0.014803 0.013158
0 0.877878 0.187089 0.012336 0.010691
0 0.927632 0.169819 0.014803 0.009046
0 0.898438 0.252467 0.012336 0.008224
0 0.810855 0.242599 0.013158 0.011513
0 0.797697 0.117599 0.026316 0.013158
0 0.989720 0.187500 0.020559 0.014803
0 0.954359 0.189556 0.013980 0.009046
0 0.856497 0.244243 0.015625 0.008224
0 0.925576 0.202303 0.012336 0.011513
0 0.999178 0.243010 0.001645 0.005757
0 0.837582 0.250411 0.015625 0.009046
0 0.977796 0.139803 0.024671 0.016447
0 0.889391 0.227385 0.013980 0.010691
