0 0.297286 0.204359 0.020559 0.025493
0 0.396382 0.233553 0.018092 0.019737
0 0.435855 0.172286 0.018092 0.023849
0 0.076891 0.570724 0.018914 0.026316
0 0.101562 0.182155 0.017270 0.018914
0 0.232730 0.170230 0.019737 0.023026
0 0.300164 0.121299 0.021382 0.023849
0 0.352796 0.779194 0.023026 0.015625
0 0.030839 0.797697 0.037007 0.024671
0 0.141036 0.814556 0.125822 0.055099
0 0.017681 0.821546 0.035362 0.016447
0 0.015214 0.766859 0.027138 0.017270
0 0.352796 0.696957 0.042763 0.018914
0 0.938734 0.848273 0.015625 0.020559
0 0.706003 0.926809 0.022204 0.019737
0 0.999178 0.834293 0.001645 0.022204
0 0.960115 0.855263 0.012336 0.024671
0 0.761102 0.781661 0.017270 0.023849
0 0.980674 0.948191 0.020559 0.027961
0 0.942845 0.890625 0.018914 0.029605
0 0.789885 0.930510 0.017270 0.018914
0 0.826891 0.817023 0.017270 0.027138
0 0.942845 0.676398 0.023849 0.027138
0 0.776727 0.873766 0.018914 0.025493
0 0.650905 0.623766 0.035362 0.030428
0 0.975329 0.849095 0.013158 0.020559
0 0.727385 0.950247 0.020559 0.030428
0 0.914474 0.782072 0.027961 0.034539
0 0.930921 0.909128 0.009868 0.013980
0 0.898026 0.674342 0.034539 0.037829
0 0.829770 0.742188 0.019737 0.020559
0 0.866365 0.787007 0.018914 0.019737
0 0.669408 0.907895 0.018092 0.026316
0 0.947780 0.791118 0.033717 0.029605
0 0.731908 0.911595 0.021382 0.018914
0 0.531661 0.354030 0.033717 0.040296
0 0.529605 0.300164 0.024671 0.027961
0 0.554276 0.207237 0.041118 0.039474
0 0.497122 0.312089 0.023849 0.033717
0 0.790296 0.288651 0.024671 0.031250
0 0.701891 0.202303 0.030428 0.037829
0 0.513158 0.224918 0.060855 0.033717
0 0.604030 0.178454 0.030428 0.023026
0 0.631579 0.184211 0.029605 0.027961
0 0.806332 0.160362 0.025493 0.029605
0 0.503289 0.074013 0.041118 0.039474
0 0.875411 0.341283 0.037007 0.023026
0 0.918586 0.358964 0.027961 0.023849
0 0.889803 0.394326 0.031250 0.045230
0 0.550576 0.385691 0.020559 0.029605
