0 0.259868 0.068257 0.049342 0.064145
0 0.393914 0.030839 0.074013 0.061678
0 0.068257 0.618421 0.013158 0.034539
0 0.020559 0.594572 0.018092 0.026316
0 0.082648 0.541118 0.035362 0.036184
0 0.309211 0.682977 0.024671 0.025493
0 0.133635 0.389803 0.035362 0.044408
0 0.166530 0.531250 0.020559 0.026316
0 0.090461 0.663651 0.024671 0.034539
0 0.116776 0.533306 0.027961 0.035362
0 0.050164 0.728618 0.026316 0.042763
0 0.263158 0.633224 0.021382 0.032895
0 0.335526 0.698191 0.021382 0.019737
0 0.246711 0.698602 0.016447 0.025493
0 0.099918 0.687911 0.013980 0.015625
0 0.376234 0.675576 0.013980 0.033717
0 0.014391 0.769326 0.028783 0.056743
0 0.324013 0.447368 0.021382 0.027961
0 0.215049 0.453125 0.018914 0.019737
0 0.211349 0.563734 0.023026 0.030428
0 0.087171 0.398438 0.023026 0.028783
0 0.316612 0.723684 0.019737 0.037829
0 0.179688 0.515214 0.015625 0.020559
0 0.090461 0.611842 0.018092 0.029605
0 0.054276 0.615132 0.019737 0.027961
0 0.279194 0.519326 0.017270 0.027138
0 0.208059 0.468750 0.023026 0.024671
0 0.992599 0.675164 0.014803 0.019737
0 0.958470 0.515214 0.022204 0.025493
0 0.979030 0.613898 0.025493 0.027138
0 0.811266 0.346217 0.048520 0.032895
0 0.884868 0.670230 0.029605 0.021382
0 0.836349 0.650905 0.023026 0.028783
0 0.913240 0.696135 0.027138 0.033717
0 0.919819 0.655016 0.028783 0.020559
0 0.666530 0.030428 0.018914 0.014803
0 0.752878 0.232319 0.027138 0.023849
0 0.671875 0.016859 0.016447 0.012336
0 0.705181 0.038240 0.023849 0.018914
0 0.806332 0.023438 0.023849 0.018914
0 0.879523 0.005345 0.020559 0.010691
0 0.932977 0.276316 0.030428 0.019737
0 0.806332 0.048931 0.023849 0.017270
0 0.656250 0.215461 0.016447 0.014803
0 0.953947 0.277961 0.024671 0.016447
0 0.981086 0.137747 0.016447 0.018914
0 0.812911 0.058388 0.020559 0.011513
0 0.710526 0.233141 0.018092 0.015625
0 0.732730 0.083059 0.016447 0.013158
0 0.979852 0.085526 0.020559 0.018092
