0 0.204359 0.232319 0.028783 0.028783
0 0.327303 0.381579 0.021382 0.027961
0 0.381990 0.231086 0.055099 0.046053
0 0.244243 0.220395 0.027961 0.023026
0 0.200658 0.182566 0.036184 0.024671
0 0.261924 0.323191 0.032072 0.032895
0 0.037007 0.221628 0.026316 0.022204
0 0.180921 0.221217 0.023026 0.016447
0 0.327303 0.110197 0.050987 0.029605
0 0.283717 0.343339 0.037829 0.038651
0 0.185444 0.635280 0.015625 0.012336
0 0.331003 0.610197 0.010691 0.008224
0 0.250411 0.545230 0.010691 0.009868
0 0.330592 0.622122 0.014803 0.012336
0 0.158717 0.496711 0.014803 0.013158
0 0.067845 0.543174 0.013980 0.010691
0 0.166941 0.528783 0.013158 0.009868
0 0.360197 0.483141 0.013158 0.012336
0 0.404194 0.488487 0.013980 0.011513
0 0.186266 0.580181 0.012336 0.009046
0 0.335115 0.547286 0.018914 0.017270
0 0.122533 0.619243 0.013158 0.013158
0 0.175987 0.503289 0.013158 0.013158
0 0.215049 0.606908 0.015625 0.011513
0 0.036184 0.509868 0.011513 0.009868
0 0.055099 0.542763 0.014803 0.011513
0 0.130757 0.576891 0.013158 0.012336
0 0.098273 0.520559 0.010691 0.008224
0 0.078125 0.604030 0.016447 0.012336
0 0.490543 0.753701 0.032072 0.032072
0 0.595806 0.515214 0.045230 0.058388
0 0.629523 0.617599 0.041941 0.044408
0 0.776316 0.780016 0.026316 0.028783
0 0.498355 0.900905 0.044408 0.056743
0 0.868421 0.799753 0.023026 0.028783
0 0.641036 0.773026 0.032072 0.032895
0 0.472862 0.692845 0.049342 0.032072
0 0.458882 0.772615 0.024671 0.035362
0 0.803043 0.338816 0.025493 0.031250
0 0.997944 0.183799 0.004112 0.038651
0 0.831003 0.342105 0.022204 0.031250
0 0.476562 0.217516 0.017270 0.028783
0 0.460115 0.186266 0.022204 0.037007
0 0.889391 0.263158 0.018914 0.026316
0 0.534951 0.251645 0.023849 0.026316
0 0.744655 0.236431 0.017270 0.023849
0 0.763980 0.228618 0.021382 0.023026
0 0.772204 0.060444 0.018092 0.025493
0 0.863487 0.046875 0.021382 0.039474
0 0.819901 0.370066 0.023026 0.031250
0 0.585115 0.244655 0.028783 0.038651
