0 0.451069 0.410773 0.012336 0.018914
0 0.402549 0.338816 0.022204 0.014803
0 0.211349 0.285362 0.014803 0.011513
0 0.268914 0.300987 0.016447 0.014803
0 0.369243 0.362253 0.014803 0.017270
0 0.321135 0.287007 0.013980 0.013158
0 0.445312 0.444901 0.010691 0.016447
0 0.357319 0.375000 0.010691 0.009868
0 0.226974 0.341694 0.016447 0.013980
0 0.349095 0.297697 0.020559 0.018092
0 0.306332 0.289474 0.015625 0.011513
0 0.383635 0.205181 0.017270 0.013980
0 0.384046 0.342928 0.013158 0.016447
0 0.162007 0.377878 0.014803 0.010691
0 0.368010 0.337582 0.015625 0.013980
0 0.432155 0.418997 0.027138 0.025493
0 0.371299 0.304688 0.032072 0.015625
0 0.106086 0.206826 0.031250 0.018914
0 0.402138 0.396382 0.018092 0.016447
0 0.184211 0.369243 0.018092 0.009868
0 0.426398 0.331003 0.017270 0.015625
0 0.370066 0.235197 0.023026 0.016447
0 0.180921 0.391447 0.018092 0.018092
0 0.231497 0.525493 0.053454 0.031250
0 0.043174 0.766859 0.030428 0.023849
0 0.118421 0.839227 0.032895 0.028783
0 0.025082 0.821546 0.025493 0.018092
0 0.067845 0.678043 0.025493 0.022204
0 0.966694 0.997122 0.035362 0.005757
0 0.585938 0.783306 0.046875 0.051809
0 0.520970 0.918174 0.027138 0.043586
0 0.560855 0.971628 0.037829 0.051809
0 0.991776 0.978207 0.016447 0.030428
0 0.854441 0.888158 0.027961 0.039474
0 0.642681 0.746711 0.035362 0.029605
0 0.753701 0.777549 0.033717 0.048520
0 0.872122 0.722862 0.028783 0.037829
0 0.951069 0.956003 0.041941 0.028783
0 0.528372 0.612664 0.046875 0.050987
0 0.557977 0.902961 0.027138 0.036184
0 0.673931 0.754112 0.033717 0.036184
0 0.582237 0.996711 0.023026 0.006579
0 0.539474 0.806743 0.069079 0.042763
0 0.846217 0.425987 0.037829 0.037829
0 0.640214 0.267270 0.027138 0.027961
0 0.543997 0.359786 0.037007 0.025493
0 0.948191 0.311266 0.049342 0.035362
0 0.565789 0.423520 0.019737 0.023026
