0 0.030839 0.057566 0.046875 0.023026
0 0.048931 0.113076 0.040296 0.048520
0 0.085526 0.076069 0.036184 0.025493
0 0.034128 0.643092 0.023849 0.029605
0 0.234375 0.583059 0.042763 0.042763
0 0.029605 0.675164 0.024671 0.029605
0 0.441612 0.329770 0.014803 0.016447
0 0.764391 0.569490 0.015625 0.015625
0 0.662007 0.428043 0.011513 0.010691
0 0.592928 0.637336 0.013158 0.018092
0 0.785773 0.475740 0.013980 0.012336
0 0.487664 0.363898 0.013158 0.015625
0 0.706003 0.583882 0.013980 0.018092
0 0.816201 0.611020 0.013980 0.013158
0 0.443668 0.386924 0.013980 0.017270
0 0.376234 0.406661 0.012336 0.013980
0 0.756168 0.414885 0.009046 0.010691
0 0.349918 0.365132 0.012336 0.016447
0 0.751645 0.630757 0.009868 0.014803
0 0.733553 0.348273 0.009868 0.010691
0 0.576480 0.371711 0.011513 0.013158
0 0.872533 0.460938 0.013158 0.015625
0 0.791118 0.558799 0.014803 0.012336
0 0.792352 0.390214 0.010691 0.009046
0 0.851151 0.354852 0.013158 0.015625
0 0.773026 0.393914 0.011513 0.011513
0 0.656661 0.470395 0.012336 0.009868
0 0.525082 0.239720 0.037007 0.025493
0 0.550164 0.141447 0.026316 0.024671
0 0.520970 0.132401 0.020559 0.027961
0 0.575247 0.126645 0.018914 0.016447
0 0.606497 0.002467 0.025493 0.004934
0 0.448602 0.169408 0.030428 0.036184
