0 0.260691 0.318668 0.014803 0.017270
0 0.013980 0.382812 0.027961 0.032072
0 0.426809 0.277549 0.036184 0.032072
0 0.196957 0.311266 0.028783 0.015625
0 0.066201 0.168997 0.032072 0.030428
0 0.090461 0.224918 0.029605 0.023849
0 0.101974 0.310444 0.021382 0.017270
0 0.262336 0.334293 0.018092 0.015625
0 0.004934 0.303043 0.009868 0.017270
0 0.227796 0.571957 0.026316 0.032072
0 0.180921 0.649671 0.026316 0.023026
0 0.135280 0.760280 0.022204 0.022204
0 0.319490 0.848273 0.020559 0.038651
0 0.354441 0.569079 0.023026 0.034539
0 0.100740 0.693668 0.017270 0.018914
0 0.219161 0.637336 0.023849 0.026316
0 0.175164 0.522615 0.019737 0.025493
0 0.127056 0.883224 0.027138 0.032895
0 0.416118 0.771382 0.037829 0.032895
0 0.422286 0.641859 0.027138 0.033717
0 0.618421 0.679276 0.052632 0.032895
0 0.523438 0.652961 0.035362 0.032895
0 0.612253 0.752056 0.035362 0.037007
0 0.511924 0.915296 0.053454 0.057566
0 0.587582 0.805510 0.023849 0.032072
0 0.540296 0.885280 0.037829 0.051809
0 0.558799 0.738487 0.038651 0.037829
0 0.644326 0.738076 0.038651 0.023849
0 0.840049 0.731086 0.041941 0.036184
0 0.665707 0.870888 0.025493 0.050987
0 0.984786 0.717105 0.030428 0.026316
0 0.662829 0.087171 0.018092 0.021382
0 0.597039 0.210115 0.018092 0.023849
0 0.863898 0.470395 0.025493 0.019737
0 0.957648 0.041941 0.020559 0.018092
0 0.964638 0.060444 0.024671 0.015625
0 0.990132 0.120888 0.019737 0.018092
0 0.675987 0.351562 0.023026 0.017270
0 0.747122 0.229030 0.022204 0.017270
0 0.861842 0.072368 0.018092 0.014803
0 0.991776 0.409539 0.014803 0.013158
0 0.858141 0.282072 0.018914 0.021382
0 0.990954 0.098684 0.018092 0.019737
0 0.717516 0.199836 0.018914 0.018092
0 0.826480 0.072368 0.013158 0.013158
0 0.822368 0.353618 0.023026 0.016447
0 0.896382 0.484375 0.019737 0.019737
0 0.835938 0.307566 0.022204 0.018092
0 0.707237 0.178043 0.019737 0.017270
0 0.727796 0.351974 0.021382 0.016447
0 0.702714 0.479852 0.030428 0.020559
0 0.855263 0.018092 0.023026 0.016447
0 0.584293 0.226974 0.022204 0.018092
0 0.565789 0.208059 0.018092 0.016447
