0 0.293586 0.038651 0.044408 0.059211
0 0.344572 0.026727 0.029605 0.035362
0 0.278783 0.571957 0.014803 0.023849
0 0.012747 0.485609 0.020559 0.023849
0 0.303043 0.349918 0.033717 0.027138
0 0.208882 0.569490 0.021382 0.022204
0 0.003701 0.487253 0.007401 0.025493
0 0.210526 0.603207 0.021382 0.030428
0 0.352796 0.479441 0.021382 0.024671
0 0.178043 0.410362 0.018914 0.024671
0 0.236020 0.362664 0.018092 0.023026
0 0.061678 0.407484 0.029605 0.025493
0 0.162007 0.515214 0.018092 0.023849
0 0.139803 0.565789 0.018092 0.019737
0 0.002878 0.590872 0.005757 0.028783
0 0.660773 0.743832 0.040296 0.048520
0 0.747533 0.997122 0.046053 0.005757
0 0.680099 0.960526 0.031250 0.049342
0 0.728207 0.833882 0.023849 0.036184
0 0.849095 0.601151 0.035362 0.049342
0 0.846628 0.496299 0.048520 0.048520
0 0.719984 0.389803 0.032072 0.044408
0 0.638158 0.054688 0.019737 0.017270
0 0.920230 0.164474 0.037829 0.019737
0 0.703947 0.070312 0.032895 0.017270
0 0.554688 0.143914 0.023849 0.013158
0 0.625411 0.032895 0.020559 0.016447
0 0.588816 0.160362 0.024671 0.016447
0 0.535773 0.291118 0.018914 0.021382
0 0.832648 0.219572 0.022204 0.021382
0 0.642681 0.261513 0.027138 0.018092
0 0.907484 0.090461 0.022204 0.021382
0 0.632401 0.193257 0.016447 0.013158
0 0.600329 0.239309 0.019737 0.018092
0 0.559622 0.277961 0.015625 0.013158
