0 0.202303 0.523026 0.019737 0.009868
0 0.268914 0.606908 0.014803 0.013158
0 0.236020 0.579770 0.014803 0.013158
0 0.313734 0.544819 0.018914 0.012336
0 0.307977 0.530428 0.032072 0.018092
0 0.270970 0.486842 0.020559 0.013158
0 0.221628 0.553865 0.013980 0.009046
0 0.248355 0.586760 0.016447 0.015625
0 0.185033 0.579359 0.016447 0.015625
0 0.137336 0.500822 0.016447 0.011513
0 0.031661 0.546875 0.009046 0.008224
0 0.129112 0.542763 0.014803 0.008224
0 0.193668 0.539474 0.012336 0.009868
0 0.204770 0.545230 0.011513 0.008224
0 0.030016 0.555510 0.010691 0.007401
0 0.069490 0.543586 0.017270 0.008224
0 0.152138 0.472039 0.018092 0.014803
0 0.716283 0.460115 0.016447 0.015625
0 0.344572 0.452714 0.013158 0.015625
0 0.540296 0.561678 0.013158 0.013158
0 0.432566 0.649671 0.014803 0.016447
0 0.400082 0.479030 0.012336 0.012336
0 0.760280 0.481908 0.013980 0.019737
0 0.625000 0.466283 0.016447 0.013158
0 0.574424 0.548109 0.017270 0.015625
0 0.410362 0.562911 0.016447 0.015625
0 0.420230 0.486842 0.014803 0.013158
0 0.490954 0.667763 0.016447 0.016447
0 0.535362 0.522615 0.011513 0.012336
0 0.439556 0.508224 0.009046 0.009868
0 0.759868 0.122122 0.021382 0.028783
0 0.384868 0.050576 0.009868 0.010691
0 0.631168 0.096628 0.041941 0.027138
0 0.458470 0.266036 0.028783 0.023849
0 0.506990 0.225740 0.050164 0.035362
0 0.666118 0.017681 0.029605 0.035362
0 0.665707 0.079359 0.025493 0.038651
0 0.645559 0.226151 0.047697 0.027961
0 0.390214 0.153783 0.013980 0.013158
0 0.356086 0.197368 0.014803 0.014803
0 0.440378 0.055510 0.020559 0.028783
0 0.719572 0.160773 0.026316 0.032072
0 0.683388 0.347451 0.037829 0.035362
0 0.377467 0.014391 0.009868 0.012336
0 0.679688 0.208059 0.020559 0.037829
