0 0.501645 0.443257 0.021382 0.019737
0 0.229030 0.226562 0.020559 0.022204
0 0.630757 0.547286 0.026316 0.027138
0 0.278783 0.382401 0.024671 0.026316
0 0.029194 0.347039 0.015625 0.014803
0 0.256579 0.213405 0.024671 0.023849
0 0.272615 0.349095 0.018914 0.018914
0 0.354441 0.429688 0.026316 0.027138
0 0.437089 0.228618 0.018914 0.019737
0 0.210938 0.215872 0.018914 0.020559
0 0.611842 0.237664 0.018092 0.018092
0 0.104441 0.437089 0.019737 0.023849
0 0.419408 0.222451 0.023026 0.023849
0 0.388569 0.287418 0.022204 0.022204
0 0.569490 0.238076 0.027138 0.025493
0 0.227796 0.298109 0.024671 0.023849
0 0.122944 0.430510 0.017270 0.025493
0 0.171875 0.381579 0.019737 0.019737
0 0.367188 0.289885 0.020559 0.020559
0 0.282895 0.468750 0.024671 0.027961
0 0.012747 0.830592 0.020559 0.026316
0 0.043174 0.958059 0.027138 0.031250
0 0.380345 0.935444 0.025493 0.020559
0 0.088816 0.789885 0.037829 0.030428
0 0.346628 0.921875 0.027138 0.023026
0 0.444901 0.603207 0.046053 0.033717
0 0.314145 0.780016 0.021382 0.022204
0 0.094572 0.666118 0.027961 0.027961
0 0.354441 0.961349 0.023026 0.032895
0 0.279194 0.941612 0.018914 0.018092
0 0.128701 0.780016 0.027138 0.032072
0 0.071957 0.858964 0.010691 0.018914
0 0.294819 0.880757 0.028783 0.024671
0 0.011102 0.988076 0.022204 0.023849
0 0.147204 0.667763 0.042763 0.044408
0 0.095395 0.894326 0.023026 0.035362
0 0.047286 0.849918 0.025493 0.022204
0 0.938322 0.645148 0.031250 0.037007
0 0.787007 0.773849 0.027961 0.034539
0 0.872533 0.974507 0.029605 0.047697
0 0.840872 0.864720 0.020559 0.032072
0 0.773849 0.988076 0.034539 0.023849
0 0.793997 0.977796 0.023849 0.041118
0 0.976974 0.860197 0.021382 0.029605
0 0.733964 0.708059 0.027138 0.034539
0 0.859786 0.851974 0.020559 0.023026
0 0.752878 0.700247 0.032072 0.037007
0 0.848273 0.800576 0.037007 0.028783
0 0.685444 0.857730 0.050164 0.046053
0 0.793174 0.130345 0.028783 0.027138
0 0.902138 0.404605 0.013158 0.016447
0 0.856908 0.387747 0.016447 0.017270
0 0.836760 0.400493 0.017270 0.018092
0 0.879934 0.270970 0.013158 0.020559
0 0.853207 0.421875 0.015625 0.027961
0 0.962171 0.275905 0.014803 0.017270
0 0.986842 0.175576 0.026316 0.033717
0 0.891859 0.353618 0.015625 0.023026
0 0.994655 0.271793 0.010691 0.030428
0 0.931332 0.303043 0.013980 0.023849
0 0.933799 0.236431 0.015625 0.018914
0 0.807977 0.384457 0.013980 0.023849
