0 0.372944 0.310033 0.132401 0.100329
0 0.014803 0.165707 0.029605 0.096217
0 0.067434 0.210115 0.090461 0.073191
0 0.397615 0.628289 0.060033 0.054276
0 0.448602 0.906250 0.073191 0.067434
0 0.338816 0.872533 0.034539 0.037829
0 0.063734 0.759457 0.066612 0.061678
0 0.507812 0.665296 0.060033 0.062500
0 0.091694 0.645559 0.056743 0.046053
0 0.333059 0.643914 0.064145 0.060855
0 0.874178 0.911595 0.021382 0.030428
0 0.638980 0.838405 0.050987 0.058388
0 0.964638 0.898438 0.041118 0.028783
0 0.872122 0.939967 0.025493 0.027961
0 0.901316 0.380757 0.070724 0.087171
0 0.712582 0.114309 0.091283 0.082237
