0 0.138980 0.190789 0.018092 0.013158
0 0.099095 0.112664 0.018914 0.018092
0 0.009046 0.088816 0.018092 0.023026
0 0.270970 0.175164 0.018914 0.018092
0 0.207648 0.203947 0.022204 0.021382
0 0.153783 0.151727 0.021382 0.017270
0 0.095806 0.061678 0.022204 0.014803
0 0.020970 0.015214 0.037007 0.025493
0 0.202714 0.177632 0.023849 0.013158
0 0.170641 0.088405 0.018914 0.015625
0 0.230674 0.187911 0.023849 0.013980
0 0.055510 0.092105 0.020559 0.013158
0 0.162418 0.507401 0.015625 0.019737
0 0.226562 0.427220 0.018914 0.025493
0 0.210115 0.374589 0.020559 0.030428
0 0.039885 0.495066 0.037007 0.037829
0 0.032895 0.520970 0.023026 0.023849
0 0.150493 0.517270 0.011513 0.018092
0 0.236020 0.513980 0.014803 0.016447
0 0.076480 0.404605 0.029605 0.026316
0 0.131990 0.537418 0.018914 0.025493
0 0.155016 0.475329 0.022204 0.018092
0 0.344161 0.540707 0.015625 0.018914
0 0.173109 0.587171 0.017270 0.032895
0 0.342928 0.522204 0.009868 0.019737
0 0.458882 0.483141 0.027961 0.033717
0 0.117599 0.588816 0.016447 0.029605
0 0.102385 0.601974 0.022204 0.032895
0 0.081003 0.641036 0.015625 0.023849
0 0.298931 0.514391 0.015625 0.017270
0 0.570312 0.375411 0.010691 0.007401
0 0.514391 0.345806 0.012336 0.012336
0 0.990132 0.354441 0.011513 0.013158
0 0.775082 0.360197 0.010691 0.011513
0 0.965049 0.389803 0.012336 0.011513
0 0.608964 0.576891 0.009046 0.012336
0 0.604852 0.396382 0.009046 0.008224
0 0.903372 0.325247 0.013980 0.013980
0 0.859786 0.353618 0.012336 0.013158
0 0.901316 0.372533 0.013158 0.014803
0 0.597039 0.525493 0.014803 0.013158
0 0.576891 0.446957 0.013980 0.010691
0 0.652961 0.537418 0.013158 0.013980
0 0.699013 0.442845 0.011513 0.009046
0 0.547697 0.560033 0.013158 0.011513
0 0.759457 0.582237 0.012336 0.014803
0 0.571957 0.516859 0.013980 0.010691
0 0.626234 0.340461 0.009046 0.009868
0 0.694490 0.407484 0.010691 0.009046
0 0.494655 0.434622 0.012336 0.012336
0 0.588405 0.378289 0.010691 0.009868
0 0.686266 0.010691 0.050164 0.021382
0 0.809622 0.137336 0.060033 0.055921
