0 0.393914 0.171464 0.041118 0.037007
0 0.397204 0.245477 0.016447 0.020559
0 0.159951 0.277961 0.022204 0.039474
0 0.236431 0.119655 0.023849 0.018914
0 0.099095 0.249589 0.033717 0.048520
0 0.368421 0.252467 0.024671 0.034539
0 0.239720 0.157072 0.023849 0.018092
0 0.297286 0.589638 0.023849 0.026316
0 0.318668 0.649260 0.017270 0.020559
0 0.087993 0.709293 0.016447 0.015625
0 0.307155 0.705181 0.012336 0.013980
0 0.336349 0.452303 0.019737 0.021382
0 0.336349 0.657484 0.014803 0.023849
0 0.322368 0.600329 0.036184 0.023026
0 0.356908 0.736842 0.021382 0.024671
0 0.143503 0.571957 0.015625 0.017270
0 0.405428 0.809211 0.011513 0.024671
0 0.357319 0.651316 0.025493 0.023026
0 0.160773 0.655428 0.018914 0.021382
0 0.249589 0.577303 0.017270 0.018092
0 0.321135 0.497122 0.025493 0.025493
0 0.113076 0.696135 0.020559 0.013980
0 0.207648 0.594984 0.018914 0.022204
0 0.320312 0.686266 0.017270 0.025493
0 0.384457 0.639391 0.018914 0.023849
0 0.266036 0.573602 0.015625 0.018914
0 0.412007 0.758635 0.013158 0.028783
0 0.390625 0.770148 0.031250 0.037007
0 0.109375 0.729852 0.021382 0.027138
0 0.025082 0.454359 0.035362 0.028783
0 0.564556 0.616365 0.079770 0.081414
0 0.800576 0.738076 0.074836 0.084704
0 0.626234 0.653372 0.051809 0.061678
0 0.523849 0.751234 0.115132 0.117599
0 0.844572 0.287829 0.016447 0.021382
0 0.514803 0.140625 0.019737 0.018092
0 0.773026 0.303454 0.016447 0.016447
0 0.776316 0.086760 0.029605 0.028783
0 0.601562 0.032895 0.020559 0.021382
0 0.538651 0.392681 0.021382 0.017270
0 0.980674 0.167352 0.017270 0.023849
0 0.946546 0.398026 0.018092 0.023026
0 0.563734 0.389803 0.017270 0.018092
0 0.995477 0.196546 0.009046 0.021382
0 0.859786 0.312500 0.013980 0.014803
0 0.828536 0.308388 0.010691 0.016447
0 0.678454 0.091694 0.019737 0.018914
0 0.592516 0.317023 0.025493 0.018914
0 0.818668 0.062911 0.020559 0.030428
0 0.731086 0.331414 0.029605 0.027961
0 0.675576 0.062911 0.023849 0.027138
0 0.732730 0.043586 0.021382 0.018092
0 0.773438 0.331414 0.018914 0.014803
0 0.975329 0.381990 0.023026 0.022204
0 0.509457 0.203536 0.017270 0.017270
