2 0.8288216560509555 0.9400773195876289 0.04299363057324841 0.01804123711340206
2 0.5947452229299364 0.9581185567010309 0.04299363057324841 0.015463917525773196
2 0.5103503184713376 0.9033505154639175 0.03343949044585987 0.014175257731958763
2 0.5660828025477708 0.8891752577319587 0.039808917197452234 0.020618556701030927
2 0.3885350318471338 0.9674613402061856 0.04777070063694268 0.01997422680412371
2 0.30254777070063693 0.9684278350515464 0.06050955414012739 0.019329896907216496
2 0.25079617834394907 0.9010953608247423 0.03662420382165605 0.01610824742268041
2 0.267515923566879 0.9581185567010309 0.04140127388535032 0.01804123711340206
2 0.06050955414012739 0.8753221649484536 0.04140127388535032 0.021262886597938145
2 0.13853503184713375 0.8395618556701031 0.04140127388535032 0.015463917525773196
2 0.8781847133757962 0.8608247422680412 0.030254777070063694 0.014175257731958763
2 0.819267515923567 0.8427835051546392 0.030254777070063694 0.01675257731958763
2 0.873407643312102 0.8089561855670103 0.03662420382165605 0.01610824742268041
2 0.7014331210191083 0.8012242268041238 0.03662420382165605 0.01610824742268041
2 0.5644904458598726 0.8105670103092784 0.04299363057324841 0.01804123711340206
2 0.481687898089172 0.7925257731958762 0.03662420382165605 0.01675257731958763
2 0.3781847133757962 0.7831829896907216 0.03662420382165605 0.012242268041237113
2 0.1305732484076433 0.8083118556701031 0.038216560509554146 0.017396907216494846
2 0.19745222929936307 0.791881443298969 0.03503184713375796 0.011597938144329897
2 0.06289808917197452 0.7931701030927835 0.030254777070063694 0.015463917525773196
2 0.26831210191082805 0.7838273195876289 0.039808917197452234 0.01610824742268041
2 0.8757961783439491 0.7416237113402062 0.0445859872611465 0.014175257731958763
2 0.8049363057324841 0.7467783505154639 0.04617834394904459 0.01675257731958763
2 0.7364649681528663 0.7403350515463918 0.03343949044585987 0.011597938144329897
2 0.7380573248407644 0.709729381443299 0.04617834394904459 0.018685567010309278
2 0.6114649681528663 0.7548324742268041 0.03184713375796178 0.013530927835051547
2 0.4888535031847134 0.7554768041237113 0.028662420382165606 0.012242268041237113
2 0.8391719745222931 0.6939432989690721 0.03184713375796178 0.014175257731958763
2 0.9243630573248408 0.6913659793814433 0.04299363057324841 0.01675257731958763
2 0.6011146496815287 0.7139175257731959 0.04299363057324841 0.019329896907216496
2 0.5079617834394905 0.7026417525773195 0.04777070063694268 0.018685567010309278
2 0.5119426751592357 0.7168170103092784 0.03662420382165605 0.014819587628865979
2 0.5676751592356688 0.7052190721649484 0.03343949044585987 0.013530927835051547
2 0.18789808917197454 0.6765463917525774 0.04777070063694268 0.01804123711340206
2 0.22611464968152867 0.7126288659793815 0.038216560509554146 0.014175257731958763
2 0.22531847133757962 0.7007087628865979 0.030254777070063694 0.017396907216494846
2 0.3638535031847134 0.6875 0.03662420382165605 0.014175257731958763
2 0.39570063694267515 0.7123067010309279 0.027070063694267517 0.01095360824742268
2 0.6815286624203822 0.6675257731958762 0.0445859872611465 0.01804123711340206
2 0.642515923566879 0.6469072164948454 0.03662420382165605 0.01804123711340206
2 0.7085987261146497 0.6382087628865979 0.03184713375796178 0.017396907216494846
2 0.5804140127388535 0.6630154639175257 0.04936305732484077 0.020618556701030927
2 0.9394904458598726 0.5873067010309279 0.04140127388535032 0.014819587628865979
2 0.7468152866242038 0.5866623711340206 0.05732484076433121 0.018685567010309278
2 0.6050955414012739 0.6018041237113402 0.03503184713375796 0.01804123711340206
2 0.2070063694267516 0.5879510309278351 0.038216560509554146 0.014819587628865979
2 0.34156050955414013 0.6272551546391752 0.027070063694267517 0.014819587628865979
2 0.27229299363057324 0.6278994845360825 0.03503184713375796 0.013530927835051547
2 0.1265923566878981 0.5934278350515464 0.03343949044585987 0.011597938144329897
2 0.3495222929936306 0.5673324742268041 0.03662420382165605 0.014819587628865979
2 0.4291401273885351 0.5599226804123711 0.03662420382165605 0.01675257731958763
2 0.4394904458598726 0.5963273195876289 0.07961783439490447 0.026417525773195876
2 0.5851910828025478 0.5621778350515464 0.04617834394904459 0.018685567010309278
2 0.534235668789809 0.5747422680412371 0.030254777070063694 0.015463917525773196
2 0.588375796178344 0.5795747422680412 0.039808917197452234 0.014819587628865979
2 0.7539808917197452 0.5470360824742267 0.039808917197452234 0.014175257731958763
2 0.8765923566878981 0.5538015463917526 0.04617834394904459 0.02384020618556701
2 0.9689490445859873 0.5438144329896907 0.04936305732484077 0.020618556701030927
2 0.2643312101910828 0.553479381443299 0.04140127388535032 0.015463917525773196
2 0.13853503184713375 0.516430412371134 0.0445859872611465 0.018685567010309278
2 0.2054140127388535 0.5267396907216495 0.06050955414012739 0.018685567010309278
2 0.2125796178343949 0.5086984536082474 0.03343949044585987 0.013530927835051547
2 0.2746815286624204 0.4990335051546392 0.04299363057324841 0.017396907216494846
2 0.3463375796178344 0.5144974226804123 0.04617834394904459 0.018685567010309278
2 0.5875796178343949 0.5144974226804123 0.0445859872611465 0.017396907216494846
2 0.4673566878980892 0.5183634020618556 0.03662420382165605 0.012242268041237113
2 0.6393312101910829 0.4922680412371134 0.039808917197452234 0.014175257731958763
2 0.7197452229299364 0.49838917525773196 0.0445859872611465 0.014819587628865979
2 0.7587579617834396 0.5235180412371134 0.03343949044585987 0.014819587628865979
2 0.8001592356687899 0.5006443298969072 0.03343949044585987 0.01288659793814433
2 0.8089171974522293 0.518041237113402 0.03184713375796178 0.015463917525773196
2 0.8447452229299364 0.5228737113402062 0.04299363057324841 0.014819587628865979
2 0.8797770700636943 0.4961340206185567 0.04299363057324841 0.020618556701030927
2 0.9020700636942676 0.5260953608247423 0.0589171974522293 0.021262886597938145
2 0.9498407643312102 0.5115979381443299 0.04299363057324841 0.01675257731958763
2 0.9243630573248408 0.47100515463917525 0.04617834394904459 0.01804123711340206
2 0.8535031847133758 0.4410438144329897 0.03503184713375796 0.01610824742268041
2 0.819267515923567 0.453930412371134 0.052547770700636945 0.01997422680412371
2 0.7683121019108281 0.4574742268041237 0.04617834394904459 0.01675257731958763
2 0.8081210191082803 0.4742268041237113 0.02388535031847134 0.014175257731958763
2 0.7054140127388535 0.4726159793814433 0.0445859872611465 0.017396907216494846
2 0.7436305732484076 0.4771262886597938 0.03184713375796178 0.014819587628865979
2 0.677547770700637 0.453930412371134 0.03343949044585987 0.014819587628865979
2 0.660828025477707 0.4771262886597938 0.04140127388535032 0.01610824742268041
2 0.5923566878980892 0.45521907216494845 0.03184713375796178 0.013530927835051547
2 0.4944267515923567 0.4726159793814433 0.04617834394904459 0.01997422680412371
2 0.09792993630573249 0.4690721649484536 0.04936305732484077 0.020618556701030927
2 0.05652866242038217 0.4265463917525773 0.04299363057324841 0.020618556701030927
2 0.25636942675159236 0.4184922680412371 0.038216560509554146 0.013530927835051547
2 0.8320063694267517 0.4014175257731959 0.04299363057324841 0.01675257731958763
2 0.784235668789809 0.4155927835051546 0.03662420382165605 0.014175257731958763
2 0.7404458598726115 0.4097938144329897 0.03503184713375796 0.01288659793814433
2 0.6982484076433121 0.40818298969072164 0.04617834394904459 0.01997422680412371
2 0.6385350318471338 0.42880154639175255 0.04777070063694268 0.01610824742268041
2 0.5828025477707006 0.40496134020618557 0.038216560509554146 0.018685567010309278
2 0.4848726114649682 0.41269329896907214 0.04936305732484077 0.018685567010309278
2 0.08041401273885351 0.3798324742268041 0.039808917197452234 0.018685567010309278
2 0.039808917197452234 0.3582474226804124 0.050955414012738856 0.01804123711340206
2 0.12898089171974522 0.3559922680412371 0.0445859872611465 0.017396907216494846
2 0.14410828025477707 0.3373067010309278 0.04617834394904459 0.01997422680412371
2 0.05732484076433121 0.33472938144329895 0.0445859872611465 0.017396907216494846
2 0.2269108280254777 0.34052835051546393 0.03662420382165605 0.01610824742268041
2 0.31289808917197454 0.3324742268041237 0.04936305732484077 0.01804123711340206
2 0.3893312101910828 0.34375 0.04617834394904459 0.017396907216494846
2 0.5031847133757962 0.3534149484536082 0.054140127388535034 0.026417525773195876
2 0.5565286624203822 0.3540592783505155 0.03343949044585987 0.013530927835051547
2 0.7890127388535032 0.33505154639175255 0.04299363057324841 0.01675257731958763
2 0.6472929936305732 0.321520618556701 0.052547770700636945 0.020618556701030927
2 0.5286624203821656 0.3057345360824742 0.0445859872611465 0.01610824742268041
2 0.06210191082802548 0.31443298969072164 0.04777070063694268 0.015463917525773196
2 0.05573248407643312 0.2963917525773196 0.04140127388535032 0.014175257731958763
2 0.06847133757961783 0.2802835051546392 0.06050955414012739 0.02190721649484536
2 0.11464968152866242 0.2699742268041237 0.04140127388535032 0.015463917525773196
2 0.12898089171974522 0.29091494845360827 0.04140127388535032 0.01610824742268041
2 0.16480891719745225 0.2864046391752577 0.03662420382165605 0.014819587628865979
2 0.2157643312101911 0.28801546391752575 0.04617834394904459 0.020618556701030927
2 0.2484076433121019 0.29413659793814434 0.03503184713375796 0.01610824742268041
2 0.26831210191082805 0.27512886597938147 0.030254777070063694 0.01675257731958763
2 0.36624203821656054 0.26320876288659795 0.0445859872611465 0.01997422680412371
2 0.42197452229299365 0.28447164948453607 0.038216560509554146 0.014819587628865979
2 0.5007961783439491 0.27512886597938147 0.04617834394904459 0.01288659793814433
2 0.5533439490445861 0.2709407216494845 0.05573248407643312 0.021262886597938145
2 0.6138535031847134 0.27190721649484534 0.05573248407643312 0.024484536082474227
2 0.7890127388535032 0.2934922680412371 0.04936305732484077 0.018685567010309278
2 0.7515923566878981 0.2393685567010309 0.03503184713375796 0.01610824742268041
2 0.8240445859872612 0.2657860824742268 0.04936305732484077 0.01997422680412371
2 0.8933121019108281 0.26707474226804123 0.04140127388535032 0.014819587628865979
2 0.9538216560509555 0.27931701030927836 0.03503184713375796 0.017396907216494846
2 0.9363057324840764 0.2554768041237113 0.04140127388535032 0.017396907216494846
2 0.9578025477707007 0.2416237113402062 0.04617834394904459 0.01804123711340206
2 0.9554140127388535 0.2148840206185567 0.03184713375796178 0.017396907216494846
2 0.9084394904458599 0.2306701030927835 0.04299363057324841 0.014175257731958763
2 0.8574840764331211 0.23550257731958762 0.04617834394904459 0.01997422680412371
2 0.7428343949044587 0.26836340206185566 0.03662420382165605 0.013530927835051547
2 0.8638535031847134 0.1958762886597938 0.04936305732484077 0.01675257731958763
2 0.9164012738853503 0.17396907216494845 0.03343949044585987 0.014175257731958763
2 0.8503184713375797 0.18621134020618557 0.028662420382165606 0.011597938144329897
2 0.7022292993630573 0.19716494845360824 0.03503184713375796 0.015463917525773196
2 0.5764331210191083 0.25934278350515466 0.038216560509554146 0.012242268041237113
2 0.5031847133757962 0.24774484536082475 0.03184713375796178 0.01610824742268041
2 0.4888535031847134 0.22841494845360824 0.03503184713375796 0.012242268041237113
2 0.4402866242038217 0.21681701030927836 0.039808917197452234 0.014819587628865979
2 0.569267515923567 0.20038659793814434 0.04617834394904459 0.01675257731958763
2 0.1998407643312102 0.21005154639175258 0.03662420382165605 0.015463917525773196
2 0.11703821656050956 0.21423969072164947 0.039808917197452234 0.014819587628865979
2 0.8901273885350319 0.15560567010309279 0.050955414012738856 0.018685567010309278
2 0.8519108280254778 0.14561855670103094 0.028662420382165606 0.01675257731958763
2 0.7659235668789809 0.1478737113402062 0.03503184713375796 0.014819587628865979
2 0.7364649681528663 0.1643041237113402 0.04617834394904459 0.01675257731958763
2 0.7030254777070064 0.17525773195876287 0.04299363057324841 0.019329896907216496
2 0.15923566878980894 0.16720360824742267 0.054140127388535034 0.017396907216494846
2 0.2229299363057325 0.16591494845360824 0.054140127388535034 0.017396907216494846
2 0.22054140127388536 0.15012886597938144 0.04936305732484077 0.01288659793814433
2 0.29538216560509556 0.1604381443298969 0.03343949044585987 0.015463917525773196
2 0.32324840764331214 0.17074742268041238 0.03184713375796178 0.014175257731958763
2 0.2818471337579618 0.1411082474226804 0.04140127388535032 0.01804123711340206
2 0.2619426751592357 0.1253221649484536 0.027070063694267517 0.014819587628865979
2 0.21178343949044587 0.12016752577319588 0.03503184713375796 0.01997422680412371
2 0.16799363057324843 0.11920103092783504 0.039808917197452234 0.015463917525773196
2 0.02388535031847134 0.15689432989690721 0.038216560509554146 0.017396907216494846
2 0.052547770700636945 0.11404639175257732 0.054140127388535034 0.019329896907216496
2 0.13455414012738853 0.10051546391752578 0.03662420382165605 0.014175257731958763
2 0.38057324840764334 0.10373711340206185 0.03503184713375796 0.01288659793814433
2 0.4721337579617835 0.11791237113402062 0.03662420382165605 0.014175257731958763
2 0.6297770700636943 0.12306701030927834 0.04936305732484077 0.01804123711340206
2 0.7707006369426752 0.10760309278350515 0.04140127388535032 0.01804123711340206
2 0.7834394904458599 0.09664948453608248 0.04140127388535032 0.014175257731958763
2 0.819267515923567 0.07989690721649484 0.052547770700636945 0.020618556701030927
2 0.6321656050955414 0.08859536082474227 0.04777070063694268 0.018685567010309278
2 0.5143312101910829 0.06990979381443299 0.04777070063694268 0.021262886597938145
2 0.5979299363057325 0.07248711340206185 0.030254777070063694 0.009664948453608248
2 0.4156050955414013 0.0666881443298969 0.0445859872611465 0.013530927835051547
2 0.41958598726114654 0.08150773195876289 0.03662420382165605 0.01610824742268041
2 0.2070063694267516 0.09149484536082474 0.038216560509554146 0.01804123711340206
2 0.19745222929936307 0.07635309278350515 0.050955414012738856 0.017396907216494846
2 0.2611464968152866 0.07345360824742268 0.03503184713375796 0.01288659793814433
2 0.32245222929936307 0.06314432989690721 0.04617834394904459 0.01675257731958763
2 0.38455414012738853 0.048646907216494846 0.04936305732484077 0.018685567010309278
2 0.7340764331210191 0.055412371134020616 0.050955414012738856 0.020618556701030927
2 0.7683121019108281 0.07280927835051547 0.039808917197452234 0.011597938144329897
2 0.08996815286624205 0.02931701030927835 0.04617834394904459 0.021262886597938145
2 0.21019108280254778 0.014175257731958763 0.050955414012738856 0.01804123711340206
2 0.2778662420382166 0.020940721649484535 0.04299363057324841 0.017396907216494846
2 0.12818471337579618 0.07667525773195877 0.04617834394904459 0.015463917525773196
2 0.1584394904458599 0.06056701030927835 0.04617834394904459 0.020618556701030927
2 0.33757961783439494 0.04188144329896907 0.04777070063694268 0.01675257731958763
2 0.4402866242038217 0.04188144329896907 0.04299363057324841 0.014175257731958763
2 0.482484076433121 0.030605670103092782 0.04777070063694268 0.021262886597938145
2 0.730095541401274 0.038337628865979384 0.03343949044585987 0.014819587628865979
2 0.819267515923567 0.05895618556701031 0.039808917197452234 0.01997422680412371
2 0.589968152866242 0.12693298969072164 0.030254777070063694 0.011597938144329897
2 0.6074840764331211 0.2348582474226804 0.03662420382165605 0.013530927835051547
2 0.39331210191082805 0.019652061855670103 0.04140127388535032 0.018685567010309278
2 0.5135350318471338 0.04349226804123711 0.03662420382165605 0.01095360824742268
2 0.589171974522293 0.011920103092783504 0.050955414012738856 0.022551546391752577
2 0.8351910828025478 0.09213917525773195 0.03662420382165605 0.01288659793814433
2 0.7245222929936306 0.07119845360824742 0.038216560509554146 0.009664948453608248
2 0.6003184713375797 0.09536082474226804 0.03184713375796178 0.01288659793814433
2 0.49124203821656054 0.008054123711340205 0.04299363057324841 0.014819587628865979
2 0.8964968152866243 0.13369845360824742 0.03503184713375796 0.01610824742268041
2 0.32165605095541405 0.11823453608247422 0.03184713375796178 0.014819587628865979
2 0.06369426751592357 0.12886597938144329 0.03503184713375796 0.011597938144329897
2 0.6385350318471338 0.16752577319587628 0.03503184713375796 0.01288659793814433
2 0.1799363057324841 0.31024484536082475 0.028662420382165606 0.01610824742268041
2 0.28423566878980894 0.2541881443298969 0.04299363057324841 0.021262886597938145
2 0.2054140127388535 0.2712628865979381 0.03503184713375796 0.00902061855670103
2 0.7046178343949044 0.3385953608247423 0.03662420382165605 0.013530927835051547
2 0.749203821656051 0.34181701030927836 0.03343949044585987 0.012242268041237113
2 0.13694267515923567 0.46069587628865977 0.03184713375796178 0.01675257731958763
2 0.0963375796178344 0.4461984536082474 0.03662420382165605 0.01095360824742268
2 0.09156050955414013 0.4255798969072165 0.030254777070063694 0.013530927835051547
2 0.374203821656051 0.4581185567010309 0.04140127388535032 0.01288659793814433
2 0.9848726114649682 0.49677835051546393 0.030254777070063694 0.014175257731958763
2 0.6210191082802549 0.547680412371134 0.06687898089171974 0.015463917525773196
2 0.5469745222929937 0.6140463917525774 0.039808917197452234 0.015463917525773196
2 0.7786624203821656 0.6365979381443299 0.03503184713375796 0.014175257731958763
2 0.7906050955414013 0.6614046391752577 0.03343949044585987 0.014819587628865979
2 0.09156050955414013 0.6836340206185567 0.04617834394904459 0.015463917525773196
2 0.06847133757961783 0.6994201030927835 0.038216560509554146 0.017396907216494846
2 0.4657643312101911 0.6907216494845361 0.03343949044585987 0.01288659793814433
2 0.9084394904458599 0.7197164948453608 0.052547770700636945 0.020618556701030927
2 0.9578025477707007 0.7216494845360825 0.04617834394904459 0.01675257731958763
2 0.9824840764331211 0.7512886597938144 0.03503184713375796 0.01804123711340206
2 0.4315286624203822 0.8118556701030928 0.03503184713375796 0.010309278350515464
2 0.30891719745222934 0.985180412371134 0.03503184713375796 0.01288659793814433
2 0.3160828025477707 0.9429768041237113 0.027070063694267517 0.01095360824742268
