2 0.05228276877761414 0.029448233106013636 0.033873343151693665 0.013019218846869187
2 0.12444771723122239 0.017048977061376317 0.030927835051546393 0.009299442033477991
2 0.21944035346097202 0.038437693738375696 0.029455081001472753 0.011159330440173589
2 0.26362297496318116 0.04742715437073775 0.032400589101620025 0.010539367637941723
2 0.31001472754050075 0.05021698698078115 0.022091310751104563 0.008679479231246125
2 0.42930780559646536 0.08152510849349039 0.048600883652430045 0.016738995660260384
2 0.5139911634756995 0.007129572225666459 0.03829160530191458 0.013019218846869187
2 0.5066273932253313 0.027278363298202105 0.023564064801178203 0.011159330440173589
2 0.7967599410898379 0.06416615003099814 0.03829160530191458 0.013019218846869187
2 0.9513991163475699 0.04897706137631742 0.03829160530191458 0.011159330440173589
2 0.9720176730486009 0.05858648481091134 0.03829160530191458 0.015499070055796652
2 0.9374079528718704 0.07873527588344699 0.042709867452135494 0.01239925604463732
2 0.7614138438880707 0.0666460012399256 0.014727540500736377 0.008059516429014259
2 0.6767304860088366 0.10663360198388096 0.045655375552282766 0.009919404835709857
2 0.7857142857142857 0.12368257904525728 0.036818851251840944 0.02045877247365158
2 0.841678939617084 0.11686298822070675 0.036818851251840944 0.011779293242405455
2 0.8365243004418262 0.10632362058276502 0.023564064801178203 0.006819590824550526
2 0.8254786450662739 0.12988220706757594 0.030927835051546393 0.013019218846869187
2 0.8762886597938144 0.10942343459392435 0.026509572901325478 0.009299442033477991
2 0.9116347569955817 0.11438313701177928 0.029455081001472753 0.014259144451332919
2 0.9432989690721649 0.10508369497830129 0.033873343151693665 0.009299442033477991
2 0.5920471281296024 0.06974581525108493 0.029455081001472753 0.009299442033477991
2 0.5412371134020618 0.08059516429014259 0.039764359351988215 0.014879107253564786
2 0.5228276877761414 0.10446373217606943 0.041237113402061855 0.014259144451332919
2 0.15979381443298968 0.08276503409795412 0.05154639175257732 0.02665840049597024
2 0.06701030927835051 0.060446373217606944 0.025036818851251842 0.011779293242405455
2 0.05743740795287187 0.11438313701177928 0.03829160530191458 0.014259144451332919
2 0.22754050073637702 0.12647241165530068 0.045655375552282766 0.018598884066955982
2 0.23637702503681884 0.1624302541847489 0.033873343151693665 0.014879107253564786
2 0.3159057437407953 0.13205207687538748 0.022091310751104563 0.013639181649101053
2 0.27982326951399117 0.14135151890886546 0.03829160530191458 0.013639181649101053
2 0.03755522827687776 0.18226906385616862 0.033873343151693665 0.01735895846249225
2 0.06553755522827688 0.1661500309981401 0.039764359351988215 0.018598884066955982
2 0.11634756995581738 0.1642901425914445 0.023564064801178203 0.01239925604463732
2 0.3114874815905744 0.17203967761934283 0.027982326951399114 0.015499070055796652
2 0.41973490427098675 0.16676999380037197 0.032400589101620025 0.018598884066955982
2 0.5419734904270986 0.15158090514569125 0.041237113402061855 0.016738995660260384
2 0.5537555228276878 0.12957222566646 0.029455081001472753 0.014879107253564786
2 0.6502209131075111 0.138871667699938 0.045655375552282766 0.014879107253564786
2 0.698821796759941 0.12027278363298202 0.036818851251840944 0.01239925604463732
2 0.6730486008836524 0.17296962182269063 0.041237113402061855 0.016119032858028518
2 0.7135493372606775 0.17420954742715436 0.036818851251840944 0.01735895846249225
2 0.8092783505154639 0.17761934283942962 0.033873343151693665 0.014259144451332919
2 0.751840942562592 0.16212027278363297 0.030927835051546393 0.015499070055796652
2 0.8527245949926362 0.1605703657780533 0.053019145802650956 0.01735895846249225
2 0.9344624447717231 0.17110973341599503 0.036818851251840944 0.016119032858028518
2 0.8873343151693667 0.17017978921264723 0.030927835051546393 0.016738995660260384
2 0.5824742268041238 0.15220086794792312 0.039764359351988215 0.011779293242405455
2 0.13622974963181148 0.22411655300681957 0.045655375552282766 0.014259144451332919
2 0.25625920471281294 0.22008679479231244 0.05891016200294551 0.016119032858028518
2 0.29381443298969073 0.23248605083694976 0.036818851251840944 0.014879107253564786
2 0.3865979381443299 0.1859888406695598 0.033873343151693665 0.018598884066955982
2 0.41237113402061853 0.208307501549907 0.032400589101620025 0.013639181649101053
2 0.5051546391752577 0.2207067575945443 0.029455081001472753 0.013639181649101053
2 0.5309278350515464 0.2073775573465592 0.033873343151693665 0.011779293242405455
2 0.6377025036818851 0.20582765034097952 0.047128129602356406 0.01735895846249225
2 0.7385861561119293 0.2234965902045877 0.027982326951399114 0.014259144451332919
2 0.8888070692194403 0.21574705517668938 0.027982326951399114 0.016119032858028518
2 0.6892488954344624 0.24271543707377558 0.047128129602356406 0.02045877247365158
2 0.5949926362297496 0.2588344699318041 0.023564064801178203 0.015499070055796652
2 0.4418262150220913 0.24333539987600744 0.047128129602356406 0.017978921264724116
2 0.3865979381443299 0.24147551146931184 0.030927835051546393 0.013019218846869187
2 0.42415316642120765 0.2262864228146311 0.026509572901325478 0.01239925604463732
2 0.47496318114874814 0.25263484190948543 0.039764359351988215 0.011779293242405455
2 0.3483063328424153 0.2619342839429634 0.027982326951399114 0.013019218846869187
2 0.2702503681885125 0.2656540607563546 0.027982326951399114 0.016738995660260384
2 0.07511045655375552 0.25108493490390577 0.05596465390279823 0.019838809671419714
2 0.12223858615611193 0.24271543707377558 0.026509572901325478 0.010539367637941723
2 0.406480117820324 0.2737135771853689 0.020618556701030927 0.014259144451332919
2 0.4212076583210604 0.26131432114073155 0.020618556701030927 0.014259144451332919
2 0.4624447717231222 0.2712337259764414 0.03829160530191458 0.014259144451332919
2 0.4263622974963181 0.2889026658400496 0.039764359351988215 0.01735895846249225
2 0.3792341678939617 0.2889026658400496 0.027982326951399114 0.013639181649101053
2 0.4617083946980854 0.2929324240545567 0.022091310751104563 0.014259144451332919
2 0.5589101620029455 0.2882827030378177 0.042709867452135494 0.018598884066955982
2 0.751840942562592 0.28115313081215126 0.048600883652430045 0.024178549287042776
2 0.8512518409425626 0.2814631122132672 0.050073637702503684 0.019838809671419714
2 0.8114874815905744 0.29045257284562925 0.029455081001472753 0.013019218846869187
2 0.751840942562592 0.3096714197148171 0.030927835051546393 0.017978921264724116
2 0.8438880706921944 0.30533168009919404 0.035346097201767304 0.017978921264724116
2 0.8784977908689249 0.3446993180409175 0.033873343151693665 0.013639181649101053
2 0.8328424153166422 0.34128952262864226 0.05154639175257732 0.016738995660260384
2 0.7776141384388807 0.33477991320520767 0.035346097201767304 0.018598884066955982
2 0.8070692194403535 0.3558586484810911 0.041237113402061855 0.019838809671419714
2 0.7555228276877761 0.3642281463112213 0.047128129602356406 0.019218846869187848
2 0.706921944035346 0.3369497830130192 0.04418262150220913 0.017978921264724116
2 0.5721649484536082 0.34686918784872905 0.045655375552282766 0.019218846869187848
2 0.5360824742268041 0.32393056416615 0.041237113402061855 0.017978921264724116
2 0.40942562592047127 0.30905145691258523 0.041237113402061855 0.010539367637941723
2 0.14432989690721648 0.31773093614383136 0.041237113402061855 0.02169869807811531
2 0.04050073637702504 0.33756974581525107 0.045655375552282766 0.017978921264724116
2 0.15316642120765833 0.3539987600743955 0.03829160530191458 0.019838809671419714
2 0.29455081001472755 0.3508989460632362 0.032400589101620025 0.016119032858028518
2 0.3645066273932253 0.3549287042777433 0.027982326951399114 0.017978921264724116
2 0.4020618556701031 0.35616862988220704 0.047128129602356406 0.02045877247365158
2 0.4698085419734904 0.3230006199628022 0.035346097201767304 0.011159330440173589
2 0.6509572901325479 0.36453812771233723 0.03829160530191458 0.01735895846249225
2 0.8991163475699558 0.38809671419714814 0.025036818851251842 0.01735895846249225
2 0.8490427098674521 0.38623682579045254 0.042709867452135494 0.01735895846249225
2 0.735640648011782 0.39119652820830747 0.05154639175257732 0.026038437693738373
2 0.6848306332842415 0.3877867327960322 0.035346097201767304 0.016738995660260384
2 0.6296023564064801 0.4039057656540607 0.039764359351988215 0.015499070055796652
2 0.6524300441826215 0.41537507749535024 0.047128129602356406 0.009919404835709857
2 0.5832106038291606 0.39677619342839426 0.026509572901325478 0.016119032858028518
2 0.58100147275405 0.3791072535647861 0.027982326951399114 0.014259144451332919
2 0.5434462444771723 0.39181649101053934 0.03829160530191458 0.018598884066955982
2 0.5051546391752577 0.3877867327960322 0.041237113402061855 0.022938623682579044
2 0.4742268041237113 0.39305641661500307 0.029455081001472753 0.013639181649101053
2 0.4057437407952872 0.3775573465592064 0.054491899852724596 0.01735895846249225
2 0.3939617083946981 0.39460632362058273 0.054491899852724596 0.014259144451332919
2 0.3910162002945508 0.4101053936763794 0.045655375552282766 0.019218846869187848
2 0.33136966126656847 0.41847489150650957 0.032400589101620025 0.01239925604463732
2 0.3637702503681885 0.4252944823310601 0.020618556701030927 0.013639181649101053
2 0.3019145802650957 0.4063856168629882 0.035346097201767304 0.011779293242405455
2 0.3011782032400589 0.38158710477371355 0.036818851251840944 0.014259144451332919
2 0.2547864506627393 0.393366398016119 0.047128129602356406 0.017978921264724116
2 0.18262150220913106 0.3924364538127712 0.04418262150220913 0.01735895846249225
2 0.187039764359352 0.37414755114693116 0.04418262150220913 0.014259144451332919
2 0.11192930780559646 0.379417234965902 0.03829160530191458 0.021078735275883446
2 0.0625920471281296 0.374767513949163 0.048600883652430045 0.011779293242405455
2 0.060382916053019146 0.3884066955982641 0.035346097201767304 0.014259144451332919
2 0.018409425625920472 0.3992560446373217 0.030927835051546393 0.013639181649101053
2 0.048600883652430045 0.4147551146931184 0.041237113402061855 0.016119032858028518
2 0.1053019145802651 0.407315561066336 0.036818851251840944 0.016119032858028518
2 0.14948453608247422 0.4094854308741475 0.036818851251840944 0.016738995660260384
2 0.1759941089837997 0.41165530068195905 0.01914580265095729 0.014879107253564786
2 0.2076583210603829 0.4128952262864228 0.03829160530191458 0.014879107253564786
2 0.24374079528718703 0.41630502169869804 0.036818851251840944 0.016738995660260384
2 0.030927835051546393 0.43893366398016115 0.03829160530191458 0.018598884066955982
2 0.101620029455081 0.4392436453812771 0.03829160530191458 0.019218846869187848
2 0.18924889543446244 0.4438933663980161 0.042709867452135494 0.016119032858028518
2 0.18998527245949925 0.4283942963422194 0.050073637702503684 0.009919404835709857
2 0.2599410898379971 0.4376937383756974 0.030927835051546393 0.016119032858028518
2 0.31958762886597936 0.44854308741475507 0.023564064801178203 0.010539367637941723
2 0.3681885125184094 0.44358338499690014 0.041237113402061855 0.015499070055796652
2 0.40795287187039764 0.43986360818350895 0.035346097201767304 0.015499070055796652
2 0.422680412371134 0.4575325480471171 0.047128129602356406 0.018598884066955982
2 0.4683357879234168 0.46714197148171105 0.050073637702503684 0.019218846869187848
2 0.5338733431516937 0.4584624922504649 0.054491899852724596 0.016738995660260384
2 0.5927835051546392 0.434903905765654 0.039764359351988215 0.016738995660260384
2 0.6273932253313697 0.45381277123372593 0.04418262150220913 0.018598884066955982
2 0.6811487481590575 0.4420334779913205 0.036818851251840944 0.01239925604463732
2 0.6303387334315169 0.42684438933663976 0.035346097201767304 0.014259144451332919
2 0.7466863033873343 0.42374457532548043 0.035346097201767304 0.010539367637941723
2 0.7798232695139912 0.41258524488530685 0.048600883652430045 0.02169869807811531
2 0.8276877761413843 0.4122752634841909 0.032400589101620025 0.01239925604463732
2 0.8232695139911634 0.42498450092994416 0.035346097201767304 0.014259144451332919
2 0.7415316642120766 0.45133292002479847 0.036818851251840944 0.01735895846249225
2 0.8431516936671576 0.44916305021698694 0.054491899852724596 0.02045877247365158
2 0.7849779086892489 0.4327340359578425 0.041237113402061855 0.01239925604463732
2 0.8203240058910162 0.4659020458772473 0.03829160530191458 0.016738995660260384
2 0.6929307805596465 0.4795412275263484 0.033873343151693665 0.014259144451332919
2 0.5942562592047128 0.4786112833230006 0.048600883652430045 0.019838809671419714
2 0.5552282768777614 0.47365158090514564 0.023564064801178203 0.009919404835709857
2 0.7466863033873343 0.5015499070055797 0.03829160530191458 0.01735895846249225
2 0.812960235640648 0.5130192188468692 0.04418262150220913 0.019218846869187848
2 0.8343151693667158 0.4916305021698698 0.022091310751104563 0.01239925604463732
2 0.6458026509572902 0.5030998140111593 0.036818851251840944 0.02045877247365158
2 0.6502209131075111 0.5189088654680719 0.016200294550810013 0.009919404835709857
2 0.7061855670103092 0.5226286422814631 0.045655375552282766 0.019838809671419714
2 0.6075110456553755 0.5 0.039764359351988215 0.02045877247365158
2 0.5346097201767305 0.49876007439553627 0.032400589101620025 0.013019218846869187
2 0.5603829160530192 0.504649721016739 0.027982326951399114 0.014879107253564786
2 0.4933726067746686 0.5086794792312461 0.04418262150220913 0.02169869807811531
2 0.4366715758468336 0.5024798512089275 0.042709867452135494 0.02169869807811531
2 0.38217967599410896 0.5012399256044637 0.06332842415316642 0.019218846869187848
2 0.3519882179675994 0.4705517668939863 0.03829160530191458 0.013639181649101053
2 0.3217967599410898 0.46249225046497205 0.036818851251840944 0.014879107253564786
2 0.29381443298969073 0.5 0.033873343151693665 0.014259144451332919
2 0.24079528718703977 0.4931804091754495 0.042709867452135494 0.017978921264724116
2 0.18556701030927836 0.5030998140111593 0.03829160530191458 0.016738995660260384
2 0.024300441826215022 0.4962802231866088 0.036818851251840944 0.017978921264724116
2 0.050073637702503684 0.46528208307501545 0.050073637702503684 0.02045877247365158
2 0.10603829160530191 0.5154990700557966 0.041237113402061855 0.014259144451332919
2 0.11561119293078055 0.5316181029138252 0.033873343151693665 0.015499070055796652
2 0.1605301914580265 0.546187228766274 0.032400589101620025 0.013639181649101053
2 0.23343151693667158 0.5511469311841289 0.045655375552282766 0.019838809671419714
2 0.26362297496318116 0.5406075635461872 0.023564064801178203 0.011159330440173589
2 0.3122238586156112 0.5595164290142591 0.03829160530191458 0.013019218846869187
2 0.3843888070692194 0.5424674519528828 0.050073637702503684 0.01735895846249225
2 0.406480117820324 0.5626162430254185 0.035346097201767304 0.017978921264724116
2 0.33063328424153166 0.5759454432734036 0.042709867452135494 0.016119032858028518
2 0.374079528718704 0.5840049597024178 0.020618556701030927 0.01239925604463732
2 0.4153166421207658 0.5858648481091134 0.047128129602356406 0.01735895846249225
2 0.4455081001472754 0.578735275883447 0.027982326951399114 0.016738995660260384
2 0.4609720176730486 0.5945443273403596 0.03829160530191458 0.013639181649101053
2 0.4941089837997054 0.5774953502789832 0.054491899852724596 0.016738995660260384
2 0.5265095729013255 0.5433973961562306 0.027982326951399114 0.016738995660260384
2 0.5567010309278351 0.5719156850588965 0.041237113402061855 0.015499070055796652
2 0.5574374079528719 0.587724736515809 0.033873343151693665 0.014879107253564786
2 0.6185567010309279 0.5790452572845629 0.053019145802650956 0.018598884066955982
2 0.6229749631811488 0.6041537507749535 0.035346097201767304 0.014259144451332919
2 0.5677466863033873 0.5536267823930564 0.033873343151693665 0.01239925604463732
2 0.5972017673048601 0.5505269683818971 0.01914580265095729 0.016119032858028518
2 0.6266568483063328 0.5449473031618103 0.036818851251840944 0.014879107253564786
2 0.6450662739322534 0.5582765034097954 0.041237113402061855 0.011779293242405455
2 0.6723122238586156 0.5716057036577805 0.036818851251840944 0.01239925604463732
2 0.7297496318114874 0.5706757594544327 0.05743740795287187 0.016738995660260384
2 0.7849779086892489 0.5610663360198388 0.032400589101620025 0.013639181649101053
2 0.8350515463917526 0.5468071915685059 0.041237113402061855 0.01735895846249225
2 0.9153166421207658 0.5576565406075635 0.042709867452135494 0.015499070055796652
2 0.9020618556701031 0.5678859268443893 0.042709867452135494 0.009919404835709857
2 0.7488954344624448 0.5874147551146931 0.048600883652430045 0.015499070055796652
2 0.9241531664212076 0.5855548667079975 0.039764359351988215 0.019218846869187848
2 0.8313696612665684 0.6057036577805331 0.036818851251840944 0.014879107253564786
2 0.9631811487481591 0.6168629882207067 0.029455081001472753 0.014879107253564786
2 0.9189985272459499 0.6239925604463732 0.04418262150220913 0.019218846869187848
2 0.9565537555228276 0.6332920024798512 0.045655375552282766 0.014259144451332919
2 0.8541973490427098 0.6311221326720396 0.035346097201767304 0.01239925604463732
2 0.8733431516936672 0.6453812771233726 0.041237113402061855 0.013639181649101053
2 0.8041237113402062 0.6264724116553007 0.041237113402061855 0.017978921264724116
2 0.7621502209131075 0.6317420954742715 0.039764359351988215 0.022318660880347178
2 0.6730486008836524 0.6317420954742715 0.04418262150220913 0.01735895846249225
2 0.6148748159057438 0.633911965282083 0.039764359351988215 0.013019218846869187
2 0.7128129602356407 0.6373217606943583 0.029455081001472753 0.014879107253564786
2 0.5883652430044183 0.6088034717916925 0.033873343151693665 0.014879107253564786
2 0.5456553755522827 0.6208927464352139 0.030927835051546393 0.016738995660260384
2 0.5655375552282769 0.6125232486050837 0.029455081001472753 0.01239925604463732
2 0.5073637702503682 0.6230626162430254 0.033873343151693665 0.009919404835709857
2 0.45581737849779086 0.6168629882207067 0.027982326951399114 0.008679479231246125
2 0.48748159057437407 0.6305021698698078 0.026509572901325478 0.009919404835709857
2 0.45581737849779086 0.6429014259144451 0.036818851251840944 0.018598884066955982
2 0.42857142857142855 0.6577805331680099 0.041237113402061855 0.028518288902665837
2 0.39764359351988215 0.6044637321760694 0.032400589101620025 0.01239925604463732
2 0.3394698085419735 0.6029138251704897 0.033873343151693665 0.013019218846869187
2 0.3851251840942563 0.6236825790452573 0.07216494845360824 0.01735895846249225
2 0.3365243004418262 0.6394916305021698 0.042709867452135494 0.015499070055796652
2 0.27245949926362295 0.6137631742095474 0.032400589101620025 0.013639181649101053
2 0.21354933726067746 0.5964042157470552 0.032400589101620025 0.013639181649101053
2 0.21649484536082475 0.5725356478611283 0.032400589101620025 0.014259144451332919
2 0.17893961708394698 0.5722256664600124 0.036818851251840944 0.016119032858028518
2 0.17010309278350516 0.5861748295102294 0.042709867452135494 0.013019218846869187
2 0.14580265095729014 0.5697458152510849 0.026509572901325478 0.014879107253564786
2 0.11192930780559646 0.5635461872287663 0.04418262150220913 0.018598884066955982
2 0.06995581737849779 0.5588964662120273 0.039764359351988215 0.010539367637941723
2 0.027982326951399114 0.5619962802231866 0.032400589101620025 0.014259144451332919
2 0.05964653902798232 0.5778053316800992 0.045655375552282766 0.019838809671419714
2 0.09572901325478644 0.5858648481091134 0.023564064801178203 0.019838809671419714
2 0.0743740795287187 0.6357718536887786 0.030927835051546393 0.014259144451332919
2 0.1369661266568483 0.6230626162430254 0.053019145802650956 0.021078735275883446
2 0.19293078055964655 0.6382517048977061 0.035346097201767304 0.015499070055796652
2 0.24447717231222385 0.6320520768753874 0.04418262150220913 0.015499070055796652
2 0.2268041237113402 0.6187228766274023 0.035346097201767304 0.007439553626782393
2 0.24594992636229748 0.6466212027278363 0.032400589101620025 0.013639181649101053
2 0.3004418262150221 0.6363918164910105 0.023564064801178203 0.014259144451332919
2 0.3181148748159057 0.657470551766894 0.029455081001472753 0.016738995660260384
2 0.37260677466863035 0.6720396776193428 0.026509572901325478 0.011159330440173589
2 0.21944035346097202 0.6760694358338499 0.05596465390279823 0.017978921264724116
2 0.22533136966126657 0.6993180409175449 0.047128129602356406 0.021078735275883446
2 0.5184094256259204 0.6723496590204587 0.032400589101620025 0.014259144451332919
2 0.5360824742268041 0.6475511469311841 0.050073637702503684 0.02045877247365158
2 0.49852724594992637 0.6537507749535028 0.036818851251840944 0.022938623682579044
2 0.6067746686303387 0.6658400495970241 0.04418262150220913 0.01735895846249225
2 0.6450662739322534 0.6776193428394296 0.032400589101620025 0.014879107253564786
2 0.711340206185567 0.6627402355858648 0.03829160530191458 0.013639181649101053
2 0.7827687776141384 0.6794792312461252 0.048600883652430045 0.019838809671419714
2 0.8284241531664212 0.6875387476751394 0.030927835051546393 0.013639181649101053
2 0.8865979381443299 0.6655300681959082 0.03829160530191458 0.014259144451332919
2 0.9742268041237113 0.6494110353378797 0.036818851251840944 0.013019218846869187
2 0.7650957290132547 0.6556106633601984 0.01914580265095729 0.006819590824550526
2 0.8836524300441826 0.7256664600123992 0.029455081001472753 0.014259144451332919
2 0.9285714285714286 0.7241165530068195 0.033873343151693665 0.014879107253564786
2 0.9005891016200295 0.7362058276503409 0.033873343151693665 0.006819590824550526
2 0.938880706921944 0.7411655300681959 0.016200294550810013 0.006819590824550526
2 0.7967599410898379 0.7234965902045877 0.053019145802650956 0.018598884066955982
2 0.7098674521354934 0.7076875387476751 0.041237113402061855 0.016738995660260384
2 0.8203240058910162 0.7464352138871667 0.03829160530191458 0.013639181649101053
2 0.6782032400589102 0.7334159950402975 0.045655375552282766 0.01735895846249225
2 0.6192930780559647 0.7284562926224426 0.048600883652430045 0.018598884066955982
2 0.6649484536082474 0.717296962182269 0.027982326951399114 0.007439553626782393
2 0.5228276877761414 0.7052076875387476 0.032400589101620025 0.013019218846869187
2 0.5537555228276878 0.7138871667699938 0.029455081001472753 0.014259144451332919
2 0.47569955817378495 0.71264724116553 0.023564064801178203 0.013019218846869187
2 0.3895434462444772 0.7185368877867327 0.036818851251840944 0.013639181649101053
2 0.4050073637702504 0.7086174829510229 0.032400589101620025 0.008679479231246125
2 0.337260677466863 0.7200867947923124 0.029455081001472753 0.014259144451332919
2 0.2974963181148748 0.7262864228146311 0.032400589101620025 0.014259144451332919
2 0.2960235640648012 0.7417854928704277 0.029455081001472753 0.013019218846869187
2 0.13843888070692195 0.7334159950402975 0.041237113402061855 0.018598884066955982
2 0.05375552282768777 0.7343459392436453 0.045655375552282766 0.017978921264724116
2 0.093519882179676 0.7275263484190948 0.036818851251840944 0.010539367637941723
2 0.17304860088365243 0.7259764414135151 0.025036818851251842 0.011159330440173589
2 0.1767304860088365 0.7476751394916304 0.029455081001472753 0.009919404835709857
2 0.3630338733431517 0.740545567265964 0.045655375552282766 0.015499070055796652
2 0.39690721649484534 0.7513949163050216 0.033873343151693665 0.011159330440173589
2 0.3394698085419735 0.7597644141351518 0.045655375552282766 0.016738995660260384
2 0.3998527245949926 0.7616243025418474 0.027982326951399114 0.009299442033477991
2 0.44403534609720174 0.7284562926224426 0.042709867452135494 0.014879107253564786
2 0.44403534609720174 0.7427154370737755 0.030927835051546393 0.014879107253564786
2 0.51620029455081 0.7433353998760074 0.039764359351988215 0.01735895846249225
2 0.5191458026509573 0.7597644141351518 0.033873343151693665 0.015499070055796652
2 0.5913107511045655 0.749535027898326 0.030927835051546393 0.013639181649101053
2 0.8711340206185567 0.7560446373217606 0.030927835051546393 0.016738995660260384
2 0.8343151693667158 0.7724736515809051 0.042709867452135494 0.016119032858028518
2 0.7879234167893961 0.7755734655920644 0.041237113402061855 0.013639181649101053
2 0.8696612665684831 0.782083075015499 0.039764359351988215 0.016738995660260384
2 0.9086892488954345 0.7932424054556726 0.04418262150220913 0.015499070055796652
2 0.9602356406480118 0.805331680099194 0.029455081001472753 0.014879107253564786
2 0.7812960235640648 0.7941723496590204 0.033873343151693665 0.013639181649101053
2 0.8195876288659794 0.8009919404835709 0.042709867452135494 0.013639181649101053
2 0.6737849779086892 0.77743335399876 0.042709867452135494 0.01735895846249225
2 0.6310751104565537 0.7712337259764414 0.025036818851251842 0.007439553626782393
2 0.6244477172312224 0.7833230006199627 0.029455081001472753 0.014259144451332919
2 0.5964653902798233 0.7823930564166149 0.029455081001472753 0.016119032858028518
2 0.5552282768777614 0.7746435213887166 0.053019145802650956 0.014259144451332919
2 0.48748159057437407 0.7864228146311221 0.04418262150220913 0.02045877247365158
2 0.3991163475699558 0.7845629262244265 0.03829160530191458 0.016738995660260384
2 0.42930780559646536 0.7792932424054556 0.022091310751104563 0.01239925604463732
2 0.35051546391752575 0.7892126472411655 0.023564064801178203 0.013639181649101053
2 0.3159057437407953 0.7833230006199627 0.030927835051546393 0.014259144451332919
2 0.2665684830633284 0.7833230006199627 0.04418262150220913 0.019218846869187848
2 0.23784977908689248 0.7622442653440793 0.030927835051546393 0.013019218846869187
2 0.20029455081001474 0.758834469931804 0.03829160530191458 0.011159330440173589
2 0.10677466863033873 0.7768133911965281 0.033873343151693665 0.016119032858028518
2 0.17083946980854198 0.7904525728456292 0.041237113402061855 0.016119032858028518
2 0.024300441826215022 0.7885926844389336 0.042709867452135494 0.019838809671419714
2 0.030927835051546393 0.8381897086174829 0.050073637702503684 0.022318660880347178
2 0.03313696612665685 0.8081215127092374 0.025036818851251842 0.011779293242405455
2 0.11487481590574374 0.8391196528208307 0.032400589101620025 0.014259144451332919
2 0.09425625920471281 0.8214507129572225 0.029455081001472753 0.011159330440173589
2 0.1296023564064801 0.8233106013639181 0.029455081001472753 0.01239925604463732
2 0.20544918998527245 0.8384996900185988 0.042709867452135494 0.019218846869187848
2 0.2746686303387334 0.8360198388096713 0.01914580265095729 0.014259144451332919
2 0.33063328424153166 0.8158710477371357 0.022091310751104563 0.008679479231246125
2 0.3593519882179676 0.832920024798512 0.029455081001472753 0.014259144451332919
2 0.4050073637702504 0.8323000619962801 0.047128129602356406 0.015499070055796652
2 0.4322533136966127 0.814631122132672 0.036818851251840944 0.013639181649101053
2 0.4528718703976436 0.8363298202107873 0.033873343151693665 0.014879107253564786
2 0.44403534609720174 0.7975821450712957 0.027982326951399114 0.010539367637941723
2 0.39248895434462444 0.800371977681339 0.027982326951399114 0.013639181649101053
2 0.5044182621502209 0.8034717916924984 0.048600883652430045 0.009919404835709857
2 0.5014727540500736 0.818970861748295 0.039764359351988215 0.018598884066955982
2 0.5434462444771723 0.8022318660880347 0.023564064801178203 0.008679479231246125
2 0.5478645066273932 0.8397396156230625 0.04418262150220913 0.017978921264724116
2 0.5920471281296024 0.8323000619962801 0.04418262150220913 0.024178549287042776
2 0.6428571428571428 0.8298202107873527 0.036818851251840944 0.019218846869187848
2 0.6958762886597938 0.8223806571605703 0.054491899852724596 0.02045877247365158
2 0.7157584683357879 0.8059516429014258 0.032400589101620025 0.01239925604463732
2 0.7326951399116347 0.8195908245505269 0.025036818851251842 0.013639181649101053
2 0.7503681885125184 0.8242405455672659 0.025036818851251842 0.013019218846869187
2 0.7864506627393225 0.8130812151270923 0.03829160530191458 0.019218846869187848
2 0.861561119293078 0.8443893366398015 0.035346097201767304 0.01735895846249225
2 0.7812960235640648 0.8415995040297581 0.048600883652430045 0.017978921264724116
2 0.7025036818851251 0.8595784252944823 0.035346097201767304 0.013019218846869187
2 0.7268041237113402 0.8549287042777433 0.039764359351988215 0.013639181649101053
2 0.7326951399116347 0.8474891506509609 0.033873343151693665 0.009919404835709857
2 0.8070692194403535 0.8611283323000619 0.041237113402061855 0.008679479231246125
2 0.8100147275405007 0.8682579045257284 0.035346097201767304 0.009299442033477991
2 0.9374079528718704 0.8558586484810911 0.022091310751104563 0.014259144451332919
2 0.9631811487481591 0.8577185368877867 0.023564064801178203 0.013019218846869187
2 0.8321060382916052 0.8828270303781772 0.047128129602356406 0.01735895846249225
2 0.7525773195876289 0.88871667699938 0.03829160530191458 0.013019218846869187
2 0.5758468335787923 0.865158090514569 0.041237113402061855 0.02045877247365158
2 0.6428571428571428 0.8713577185368877 0.030927835051546393 0.009299442033477991
2 0.6539027982326951 0.8834469931804091 0.03829160530191458 0.01239925604463732
2 0.6656848306332842 0.8939863608183508 0.035346097201767304 0.007439553626782393
2 0.7083946980854198 0.8958462492250464 0.029455081001472753 0.014879107253564786
2 0.6597938144329897 0.9107253564786112 0.026509572901325478 0.01239925604463732
2 0.678939617083947 0.9020458772473651 0.041237113402061855 0.00619962802231866
2 0.5132547864506627 0.8818970861748294 0.036818851251840944 0.011779293242405455
2 0.43446244477172313 0.8611283323000619 0.032400589101620025 0.013639181649101053
2 0.3917525773195876 0.8505889646621202 0.029455081001472753 0.01239925604463732
2 0.3556701030927835 0.851518908865468 0.030927835051546393 0.010539367637941723
2 0.30412371134020616 0.8676379417234965 0.033873343151693665 0.017978921264724116
2 0.3593519882179676 0.8781773093614382 0.03829160530191458 0.016738995660260384
2 0.39764359351988215 0.8648481091134531 0.035346097201767304 0.016119032858028518
2 0.3954344624447717 0.88871667699938 0.039764359351988215 0.016738995660260384
2 0.4182621502209131 0.8952262864228145 0.029455081001472753 0.013639181649101053
2 0.4491899852724595 0.902355858648481 0.03829160530191458 0.015499070055796652
2 0.3402061855670103 0.8942963422194667 0.04418262150220913 0.013019218846869187
2 0.2599410898379971 0.897706137631742 0.045655375552282766 0.018598884066955982
2 0.2076583210603829 0.8834469931804091 0.061855670103092786 0.016119032858028518
2 0.10603829160530191 0.8927464352138871 0.041237113402061855 0.014879107253564786
2 0.08541973490427099 0.9169249845009299 0.041237113402061855 0.013639181649101053
2 0.05154639175257732 0.9352138871667699 0.041237113402061855 0.016738995660260384
2 0.11561119293078055 0.9448233106013638 0.042709867452135494 0.019838809671419714
2 0.15537555228276878 0.9519528828270303 0.033873343151693665 0.015499070055796652
2 0.18998527245949925 0.9491630502169869 0.04418262150220913 0.014879107253564786
2 0.19882179675994108 0.9367637941723496 0.041237113402061855 0.016119032858028518
2 0.2496318114874816 0.9355238685678858 0.036818851251840944 0.026038437693738373
2 0.1914580265095729 0.9079355238685678 0.041237113402061855 0.016738995660260384
2 0.5169366715758468 0.8589584624922504 0.035346097201767304 0.016738995660260384
2 0.5272459499263623 0.9017358958462491 0.047128129602356406 0.016738995660260384
2 0.5125184094256259 0.9138251704897705 0.05596465390279823 0.007439553626782393
2 0.4896907216494845 0.92529448233106 0.039764359351988215 0.015499070055796652
2 0.5316642120765832 0.9259144451332919 0.04418262150220913 0.016738995660260384
2 0.5787923416789396 0.9290142591444512 0.041237113402061855 0.017978921264724116
2 0.5861561119293078 0.8989460632362057 0.047128129602356406 0.014879107253564786
2 0.5868924889543446 0.9150650960942343 0.042709867452135494 0.013639181649101053
2 0.6303387334315169 0.9218846869187848 0.047128129602356406 0.02355858648481091
2 0.6597938144329897 0.9373837569745814 0.03829160530191458 0.018598884066955982
2 0.7010309278350515 0.9355238685678858 0.032400589101620025 0.011159330440173589
2 0.707658321060383 0.9482331060136391 0.033873343151693665 0.013019218846869187
2 0.7209131075110456 0.9290142591444512 0.036818851251840944 0.013019218846869187
2 0.7496318114874816 0.9194048357098573 0.04418262150220913 0.021078735275883446
2 0.7879234167893961 0.9141351518908865 0.032400589101620025 0.015499070055796652
2 0.8269513991163475 0.9097954122752634 0.042709867452135494 0.017978921264724116
2 0.8865979381443299 0.9035957842529447 0.029455081001472753 0.017978921264724116
2 0.9285714285714286 0.8877867327960322 0.027982326951399114 0.014879107253564786
2 0.9860088365243004 0.8822070675759454 0.027982326951399114 0.009919404835709857
2 0.9447717231222386 0.929944203347799 0.030927835051546393 0.013639181649101053
2 0.882179675994109 0.9308741475511468 0.03829160530191458 0.017978921264724116
2 0.8696612665684831 0.95350278983261 0.05743740795287187 0.018598884066955982
2 0.7827687776141384 0.9432734035957842 0.042709867452135494 0.016738995660260384
2 0.6472754050073638 0.9562926224426535 0.030927835051546393 0.011779293242405455
2 0.6627393225331369 0.9696218226906386 0.035346097201767304 0.013639181649101053
2 0.6296023564064801 0.9637321760694358 0.025036818851251842 0.010539367637941723
2 0.6244477172312224 0.9528828270303782 0.020618556701030927 0.013639181649101053
2 0.5986745213549337 0.9491630502169869 0.030927835051546393 0.016119032858028518
2 0.5846833578792342 0.9624922504649721 0.03829160530191458 0.015499070055796652
2 0.5640648011782032 0.9448233106013638 0.041237113402061855 0.014879107253564786
2 0.5301914580265096 0.9612523248605084 0.041237113402061855 0.017978921264724116
2 0.5633284241531664 0.9776813391196528 0.036818851251840944 0.016119032858028518
2 0.4941089837997054 0.9755114693118413 0.033873343151693665 0.014259144451332919
2 0.44992636229749633 0.9587724736515809 0.025036818851251842 0.008059516429014259
2 0.4425625920471281 0.9507129572225665 0.036818851251840944 0.010539367637941723
2 0.41973490427098675 0.9398636081835089 0.017673048600883652 0.00619962802231866
2 0.4366715758468336 0.9321140731556106 0.030927835051546393 0.013019218846869187
2 0.4852724594992636 0.9373837569745814 0.030927835051546393 0.00619962802231866
2 0.49189985272459497 0.9460632362058276 0.050073637702503684 0.009919404835709857
2 0.34683357879234167 0.9197148171109732 0.036818851251840944 0.014259144451332919
2 0.40868924889543445 0.9166150030998139 0.039764359351988215 0.014259144451332919
2 0.3939617083946981 0.9290142591444512 0.048600883652430045 0.010539367637941723
2 0.37260677466863035 0.9420334779913204 0.047128129602356406 0.017978921264724116
2 0.3247422680412371 0.9407935523868567 0.042709867452135494 0.02169869807811531
2 0.203240058910162 0.9696218226906386 0.032400589101620025 0.01735895846249225
2 0.2341678939617084 0.9792312461252325 0.041237113402061855 0.016738995660260384
2 0.26288659793814434 0.9655920644761314 0.039764359351988215 0.02045877247365158
2 0.30412371134020616 0.9680719156850589 0.045655375552282766 0.02045877247365158
2 0.3070692194403535 0.9823310601363918 0.036818851251840944 0.008059516429014259
2 0.3755522827687776 0.9900805951642901 0.03829160530191458 0.009919404835709857
2 0.3674521354933726 0.9745815251084935 0.05154639175257732 0.009919404835709857
2 0.37260677466863035 0.9646621202727836 0.03829160530191458 0.008679479231246125
2 0.36597938144329895 0.9547427154370738 0.030927835051546393 0.00619962802231866
2 0.406480117820324 0.9711717296962182 0.026509572901325478 0.013019218846869187
2 0.2547864506627393 0.9156850588964661 0.041237113402061855 0.009919404835709857
2 0.04418262150220913 0.8952262864228145 0.032400589101620025 0.011159330440173589
2 0.09941089837997054 0.8732176069435833 0.025036818851251842 0.013019218846869187
2 0.6774668630338734 0.7997520148791072 0.026509572901325478 0.01239925604463732
2 0.4683357879234168 0.42777433353998756 0.047128129602356406 0.013639181649101053
2 0.4742268041237113 0.4113453192808431 0.047128129602356406 0.011779293242405455
2 0.6649484536082474 0.3183508989460632 0.030927835051546393 0.010539367637941723
2 0.882179675994109 0.12988220706757594 0.026509572901325478 0.014259144451332919
2 0.9815905743740795 0.08648481091134531 0.036818851251840944 0.022938623682579044
2 0.45581737849779086 0.16676999380037197 0.036818851251840944 0.022318660880347178
2 0.6428571428571428 0.33818970861748293 0.033873343151693665 0.015499070055796652
2 0.6752577319587628 0.3341599504029758 0.030927835051546393 0.01239925604463732
2 0.8608247422680412 0.35988840669559824 0.054491899852724596 0.017978921264724116
2 0.16200294550810015 0.4600123992560446 0.041237113402061855 0.016119032858028518
2 0.5353460972017673 0.41630502169869804 0.036818851251840944 0.010539367637941723
2 0.3269513991163476 0.513639181649101 0.03829160530191458 0.016738995660260384
2 0.017673048600883652 0.6227526348419095 0.032400589101620025 0.02169869807811531
2 0.05228276877761414 0.6779293242405455 0.042709867452135494 0.017978921264724116
2 0.17820324005891017 0.6676999380037197 0.023564064801178203 0.014879107253564786
2 0.32547864506627394 0.7058276503409795 0.041237113402061855 0.015499070055796652
2 0.634020618556701 0.7411655300681959 0.039764359351988215 0.013019218846869187
2 0.9867452135493372 0.8065716057036577 0.026509572901325478 0.022318660880347178
2 0.048600883652430045 0.7734035957842529 0.032400589101620025 0.014259144451332919
2 0.29455081001472755 0.8233106013639181 0.04418262150220913 0.016119032858028518
2 0.788659793814433 0.9305641661500309 0.042709867452135494 0.014879107253564786
2 0.14432989690721648 0.9938003719776813 0.04418262150220913 0.01239925604463732
2 0.5036818851251841 0.9928704277743335 0.03829160530191458 0.014259144451332919
2 0.7982326951399116 0.995350278983261 0.035346097201767304 0.009299442033477991
