2 0.9011379800853485 0.9503523382447149 0.04125177809388336 0.01985906470211403
2 0.9566145092460883 0.9147982062780269 0.03556187766714083 0.016655989750160152
2 0.9359886201991465 0.9362588084561179 0.025604551920341397 0.016015374759769378
2 0.8229018492176388 0.924087123638693 0.04125177809388336 0.01985906470211403
2 0.7681365576102419 0.9497117232543241 0.042674253200568994 0.016015374759769378
2 0.7147937411095306 0.9301729660474054 0.03556187766714083 0.015374759769378602
2 0.6486486486486487 0.9128763613068546 0.05120910384068279 0.020499679692504803
2 0.6443812233285918 0.9301729660474054 0.02844950213371266 0.012812299807815501
2 0.620199146514936 0.9622037155669442 0.034139402560455195 0.015374759769378602
2 0.5739687055476529 0.9343369634849454 0.03271692745376956 0.013452914798206277
2 0.9174964438122333 0.8882126841768097 0.02844950213371266 0.016015374759769378
2 0.8243243243243243 0.9436258808456117 0.03271692745376956 0.015374759769378602
2 0.5120910384068279 0.9615631005765535 0.03698435277382646 0.017937219730941704
2 0.4765291607396871 0.970211402946829 0.031294452347083924 0.021140294682895577
2 0.411095305832148 0.9638052530429212 0.042674253200568994 0.017296604740550926
2 0.4210526315789474 0.948750800768738 0.03982930298719772 0.017937219730941704
2 0.4388335704125178 0.9250480461242793 0.03556187766714083 0.015374759769378602
2 0.29871977240398295 0.9602818705957719 0.034139402560455195 0.016655989750160152
2 0.25533428165007116 0.9538757206918641 0.03840682788051209 0.017937219730941704
2 0.2105263157894737 0.9708520179372196 0.034139402560455195 0.02370275464445868
2 0.3698435277382646 0.9247277386290839 0.03698435277382646 0.016015374759769378
2 0.18705547652916074 0.9388212684176809 0.03840682788051209 0.017296604740550926
2 0.24822190611664297 0.9256886611146701 0.03556187766714083 0.016655989750160152
2 0.2624466571834993 0.9122357463164638 0.03556187766714083 0.017937219730941704
2 0.1856330014224751 0.9170403587443946 0.04125177809388336 0.014734144778987827
2 0.13940256045519203 0.9109545163356823 0.03698435277382646 0.016655989750160152
2 0.17923186344238975 0.8991031390134528 0.031294452347083924 0.016015374759769378
2 0.28876244665718354 0.8965406790518897 0.03982930298719772 0.018577834721332478
2 0.30156472261735423 0.911595131326073 0.025604551920341397 0.016655989750160152
2 0.5270270270270271 0.9042280589365791 0.029871977240398296 0.01985906470211403
2 0.8364153627311522 0.8770019218449712 0.03698435277382646 0.015374759769378602
2 0.7389758179231863 0.8574631646380525 0.05832147937411095 0.017296604740550926
2 0.6564722617354196 0.8465727098014093 0.03271692745376956 0.012171684817424727
2 0.616642958748222 0.8561819346572709 0.02702702702702703 0.016015374759769378
2 0.46230440967283076 0.864509929532351 0.05405405405405406 0.017296604740550926
2 0.395448079658606 0.8609865470852017 0.03698435277382646 0.010249839846252402
2 0.4210526315789474 0.8609865470852017 0.025604551920341397 0.015374759769378602
2 0.8648648648648649 0.9250480461242793 0.02275960170697013 0.010249839846252402
2 0.5035561877667141 0.840486867392697 0.031294452347083924 0.012812299807815501
2 0.09815078236130868 0.876040999359385 0.03698435277382646 0.016015374759769378
2 0.22190611664295876 0.8417680973734785 0.042674253200568994 0.016655989750160152
2 0.3278805120910384 0.8468930172966047 0.03840682788051209 0.015374759769378602
2 0.3783783783783784 0.8324791800128123 0.04551920341394026 0.017296604740550926
2 0.7809388335704126 0.8167841127482383 0.03982930298719772 0.016655989750160152
2 0.8165007112375534 0.7988468930172965 0.031294452347083924 0.015374759769378602
2 0.7027027027027027 0.8122998078155028 0.03982930298719772 0.023062139654067903
2 0.6607396870554766 0.8161434977578474 0.029871977240398296 0.014093529788597053
2 0.15362731152204837 0.8119795003203074 0.03698435277382646 0.021140294682895577
2 0.22972972972972974 0.7895579756566303 0.044096728307254626 0.02370275464445868
2 0.46514935988620204 0.8167841127482383 0.042674253200568994 0.016655989750160152
2 0.48079658605974396 0.7978859705317104 0.04551920341394026 0.018577834721332478
2 0.5419630156472262 0.8174247277386291 0.03698435277382646 0.014093529788597053
2 0.5725462304409673 0.8344010249839846 0.03556187766714083 0.012171684817424727
2 0.585348506401138 0.8222293401665598 0.03840682788051209 0.017296604740550926
2 0.6308677098150782 0.7998078155028827 0.03271692745376956 0.013452914798206277
2 0.5739687055476529 0.8055733504163997 0.049786628733997154 0.02626521460602178
2 0.5881934566145093 0.7885970531710441 0.02702702702702703 0.016655989750160152
2 0.87624466571835 0.8023702754644458 0.031294452347083924 0.014734144778987827
2 0.9359886201991465 0.7588084561178731 0.03982930298719772 0.018577834721332478
2 0.8485064011379801 0.771941063420884 0.03840682788051209 0.020499679692504803
2 0.8691322901849218 0.7427930813581037 0.03982930298719772 0.01985906470211403
2 0.8093883357041252 0.7495195387572069 0.03982930298719772 0.019218449711723252
2 0.7332859174964439 0.7575272261370916 0.03271692745376956 0.012171684817424727
2 0.6671408250355619 0.7796284433055733 0.031294452347083924 0.015374759769378602
2 0.6401137980085349 0.75208199871877 0.034139402560455195 0.019218449711723252
2 0.5846372688477952 0.7338244714926329 0.03698435277382646 0.018577834721332478
2 0.5227596017069701 0.7639333760409993 0.03840682788051209 0.017296604740550926
2 0.5049786628733998 0.744714926329276 0.05120910384068279 0.021140294682895577
2 0.44025604551920344 0.7600896860986547 0.04125177809388336 0.01985906470211403
2 0.5376955903271693 0.7889173606662395 0.02844950213371266 0.014734144778987827
2 0.3712660028449502 0.7905188981422164 0.02844950213371266 0.014093529788597053
2 0.36699857752489334 0.7616912235746316 0.031294452347083924 0.014093529788597053
2 0.3058321479374111 0.7725816784112748 0.042674253200568994 0.016655989750160152
2 0.2716927453769559 0.7568866111467007 0.04551920341394026 0.01985906470211403
2 0.17425320056899005 0.7604099935938501 0.04125177809388336 0.016655989750160152
2 0.12944523470839261 0.787636130685458 0.04551920341394026 0.02242152466367713
2 0.10881934566145093 0.8007687379884689 0.03840682788051209 0.014093529788597053
2 0.07396870554765292 0.7767456758488148 0.03698435277382646 0.014734144778987827
2 0.0903271692745377 0.7831518257527226 0.03271692745376956 0.018577834721332478
2 0.09672830725462304 0.7517616912235746 0.042674253200568994 0.021140294682895577
2 0.15362731152204837 0.7389493914157591 0.042674253200568994 0.018577834721332478
2 0.05618776671408251 0.7373478539397822 0.04125177809388336 0.016655989750160152
2 0.07681365576102418 0.7130044843049327 0.03982930298719772 0.023062139654067903
2 0.08036984352773827 0.6825752722613708 0.03271692745376956 0.014734144778987827
2 0.13157894736842105 0.6784112748238308 0.03556187766714083 0.019218449711723252
2 0.1678520625889047 0.6969891095451634 0.04836415362731152 0.020499679692504803
2 0.259601706970128 0.709160794362588 0.044096728307254626 0.020499679692504803
2 0.17709815078236132 0.6736066623959001 0.04125177809388336 0.02498398462524023
2 0.16927453769559034 0.719090326713645 0.034139402560455195 0.012171684817424727
2 0.19985775248933144 0.7120435618193466 0.029871977240398296 0.010890454836643177
2 0.21408250355618777 0.719090326713645 0.02702702702702703 0.008327994875080076
2 0.2539118065433855 0.7312620115310697 0.03840682788051209 0.014734144778987827
2 0.14366998577524895 0.7110826393337604 0.02275960170697013 0.007687379884689301
2 0.1635846372688478 0.7072389493914157 0.02275960170697013 0.011531069827033951
2 0.14011379800853485 0.7040358744394618 0.02418207681365576 0.007687379884689301
2 0.20412517780938835 0.6979500320307495 0.02418207681365576 0.012171684817424727
2 0.11877667140825036 0.6569506726457399 0.03556187766714083 0.017296604740550926
2 0.07183499288762447 0.6582319026265214 0.02702702702702703 0.014734144778987827
2 0.2332859174964438 0.66527866752082 0.03698435277382646 0.016015374759769378
2 0.2901849217638691 0.6844971172325433 0.02844950213371266 0.013452914798206277
2 0.3278805120910384 0.689301729660474 0.03556187766714083 0.016655989750160152
2 0.22190611664295876 0.6787315823190262 0.025604551920341397 0.008327994875080076
2 0.23897581792318637 0.6915438821268417 0.03982930298719772 0.012171684817424727
2 0.29871977240398295 0.709160794362588 0.03698435277382646 0.014093529788597053
2 0.32930298719772405 0.7104420243433696 0.021337126600284497 0.015374759769378602
2 0.352773826458037 0.7197309417040358 0.042674253200568994 0.017296604740550926
2 0.39402560455192037 0.7277386290839205 0.03982930298719772 0.017937219730941704
2 0.39687055476529165 0.6832158872517616 0.042674253200568994 0.018577834721332478
2 0.3741109530583215 0.7040358744394618 0.02844950213371266 0.012812299807815501
2 0.43741109530583216 0.7114029468289558 0.04125177809388336 0.02882767456758488
2 0.48577524893314367 0.719090326713645 0.04125177809388336 0.016015374759769378
2 0.49573257467994314 0.6925048046124279 0.044096728307254626 0.019218449711723252
2 0.5298719772403984 0.7232543241511851 0.04125177809388336 0.019218449711723252
2 0.5633001422475107 0.7043561819346572 0.04551920341394026 0.018577834721332478
2 0.5633001422475107 0.6819346572709801 0.03698435277382646 0.017296604740550926
2 0.5995732574679944 0.697629724535554 0.044096728307254626 0.017937219730941704
2 0.6308677098150782 0.6854580397181294 0.04694167852062589 0.019218449711723252
2 0.6351351351351352 0.719090326713645 0.03840682788051209 0.016015374759769378
2 0.70199146514936 0.732222934016656 0.02702702702702703 0.012812299807815501
2 0.7916073968705548 0.7238949391415759 0.029871977240398296 0.014093529788597053
2 0.7105263157894737 0.7069186418962203 0.044096728307254626 0.018577834721332478
2 0.7290184921763869 0.7171684817424727 0.03271692745376956 0.008327994875080076
2 0.833570412517781 0.6973094170403586 0.03982930298719772 0.01985906470211403
2 0.7389758179231863 0.7328635490070468 0.029871977240398296 0.011531069827033951
2 0.6756756756756757 0.7065983344010249 0.025604551920341397 0.012812299807815501
2 0.9110953058321479 0.6953875720691863 0.04125177809388336 0.021140294682895577
2 0.8712660028449503 0.6614349775784752 0.029871977240398296 0.014734144778987827
2 0.7937411095305833 0.6688020499679692 0.03982930298719772 0.019218449711723252
2 0.8264580369843528 0.66111467008328 0.031294452347083924 0.014093529788597053
2 0.8541963015647227 0.6444586803331197 0.044096728307254626 0.017937219730941704
2 0.9679943100995733 0.6393337604099936 0.03840682788051209 0.019218449711723252
2 0.8598862019914651 0.6287636130685458 0.03271692745376956 0.013452914798206277
2 0.8115220483641536 0.6345291479820627 0.03556187766714083 0.013452914798206277
2 0.8136557610241821 0.6204356181934657 0.031294452347083924 0.013452914798206277
2 0.6770981507823614 0.6809737347853939 0.03698435277382646 0.020499679692504803
2 0.7012802275960172 0.6630365150544523 0.042674253200568994 0.020499679692504803
2 0.7347083926031295 0.6274823830877642 0.03840682788051209 0.017296604740550926
2 0.7005689900426743 0.6463805253042921 0.029871977240398296 0.015374759769378602
2 0.6955903271692746 0.6262011531069827 0.03698435277382646 0.014734144778987827
2 0.6650071123755334 0.6534272901985906 0.03271692745376956 0.012812299807815501
2 0.6650071123755334 0.6374119154388213 0.061166429587482224 0.019218449711723252
2 0.6557610241820768 0.6220371556694426 0.02844950213371266 0.012812299807815501
2 0.6244665718349929 0.6326073030108904 0.01991465149359886 0.014734144778987827
2 0.6066856330014225 0.6149903907751441 0.03556187766714083 0.015374759769378602
2 0.5412517780938834 0.6550288276745675 0.03556187766714083 0.012171684817424727
2 0.60099573257468 0.6623959000640615 0.04125177809388336 0.025624599615631002
2 0.5028449502133713 0.6425368353619474 0.03840682788051209 0.016655989750160152
2 0.4466571834992888 0.6463805253042921 0.031294452347083924 0.015374759769378602
2 0.4046941678520626 0.6425368353619474 0.03271692745376956 0.015374759769378602
2 0.360597439544808 0.6470211402946828 0.04125177809388336 0.017937219730941704
2 0.2965860597439545 0.6515054452274183 0.03840682788051209 0.016655989750160152
2 0.3300142247510669 0.6527866752081999 0.031294452347083924 0.015374759769378602
2 0.259601706970128 0.6377322229340167 0.044096728307254626 0.021140294682895577
2 0.3079658605974396 0.6210762331838564 0.04125177809388336 0.014734144778987827
2 0.1806543385490754 0.6386931454196028 0.025604551920341397 0.016655989750160152
2 0.20839260312944524 0.6338885329916719 0.03271692745376956 0.016015374759769378
2 0.2503556187766714 0.6165919282511211 0.03698435277382646 0.013452914798206277
2 0.23470839260312945 0.6034593209481102 0.01991465149359886 0.012812299807815501
2 0.09743954480796586 0.6473414477898782 0.02702702702702703 0.013452914798206277
2 0.07112375533428165 0.6271620755925689 0.03698435277382646 0.019218449711723252
2 0.4509246088193457 0.6085842408712363 0.042674253200568994 0.015374759769378602
2 0.7951635846372689 0.5916079436258808 0.04551920341394026 0.017296604740550926
2 0.8136557610241821 0.6044202434336963 0.02844950213371266 0.009609224855861626
2 0.7780938833570413 0.5996156310057655 0.02844950213371266 0.011531069827033951
2 0.9743954480796586 0.5743113388853299 0.042674253200568994 0.018577834721332478
2 0.689900426742532 0.5845611787315823 0.05974395448079659 0.01985906470211403
2 0.49786628733997157 0.5884048686739269 0.02844950213371266 0.017296604740550926
2 0.4743954480796586 0.5727098014093529 0.03840682788051209 0.016655989750160152
2 0.4438122332859175 0.5887251761691223 0.05405405405405406 0.023062139654067903
2 0.39829302987197723 0.5877642536835361 0.034139402560455195 0.01985906470211403
2 0.3733997155049787 0.589365791159513 0.02702702702702703 0.010249839846252402
2 0.31223328591749644 0.5903267136450993 0.03271692745376956 0.014734144778987827
2 0.08250355618776672 0.5797565663036515 0.03698435277382646 0.014093529788597053
2 0.14793741109530584 0.5730301089045483 0.034139402560455195 0.016015374759769378
2 0.2069701280227596 0.5739910313901345 0.02702702702702703 0.014093529788597053
2 0.25533428165007116 0.5727098014093529 0.04125177809388336 0.016655989750160152
2 0.302275960170697 0.5675848814862268 0.03840682788051209 0.016655989750160152
2 0.22403982930298721 0.5541319666880204 0.03840682788051209 0.017937219730941704
2 0.05547652916073969 0.5627802690582959 0.03982930298719772 0.016015374759769378
2 0.09815078236130868 0.565342729019859 0.03698435277382646 0.017296604740550926
2 0.13015647226173543 0.5563741191543882 0.03556187766714083 0.013452914798206277
2 0.15860597439544807 0.5474055092889173 0.029871977240398296 0.013452914798206277
2 0.10526315789473685 0.5413196668802049 0.03982930298719772 0.024343369634849454
2 0.17923186344238975 0.5291479820627802 0.03982930298719772 0.016655989750160152
2 0.2631578947368421 0.5384368994234465 0.031294452347083924 0.012171684817424727
2 0.2745376955903272 0.518257527226137 0.034139402560455195 0.014093529788597053
2 0.3008534850640114 0.5144138372837924 0.02418207681365576 0.014093529788597053
2 0.3314366998577525 0.5035233824471492 0.03982930298719772 0.016655989750160152
2 0.3058321479374111 0.5416399743754003 0.03982930298719772 0.02370275464445868
2 0.33641536273115225 0.535554131966688 0.01849217638691323 0.020499679692504803
2 0.2980085348506401 0.5791159513132607 0.03271692745376956 0.012812299807815501
2 0.35917496443812236 0.5736707238949391 0.049786628733997154 0.02242152466367713
2 0.41465149359886205 0.5582959641255605 0.03556187766714083 0.017296604740550926
2 0.39758179231863444 0.5393978219090326 0.03556187766714083 0.016655989750160152
2 0.3833570412517781 0.5211402946828956 0.04125177809388336 0.017296604740550926
2 0.4687055476529161 0.5336322869955157 0.04125177809388336 0.017937219730941704
2 0.4566145092460882 0.5147341447789878 0.04551920341394026 0.017296604740550926
2 0.4544807965860598 0.49679692504804607 0.04125177809388336 0.01985906470211403
2 0.2155049786628734 0.5060858424087123 0.03271692745376956 0.014093529788597053
2 0.9054054054054055 0.5512491992312619 0.03840682788051209 0.016015374759769378
2 0.8641536273115221 0.5557335041639974 0.029871977240398296 0.012171684817424727
2 0.8627311522048364 0.5371556694426649 0.044096728307254626 0.017296604740550926
2 0.8805120910384069 0.5112107623318385 0.034139402560455195 0.012812299807815501
2 0.786628733997155 0.535554131966688 0.03982930298719772 0.014093529788597053
2 0.7759601706970128 0.5560538116591928 0.049786628733997154 0.020499679692504803
2 0.6991465149359887 0.5506085842408712 0.03840682788051209 0.02242152466367713
2 0.7332859174964439 0.5435618193465727 0.03840682788051209 0.01985906470211403
2 0.7382645803698435 0.5179372197309416 0.04551920341394026 0.02370275464445868
2 0.7930298719772404 0.5028827674567584 0.03556187766714083 0.017937219730941704
2 0.6578947368421053 0.5483664317745035 0.04694167852062589 0.014093529788597053
2 0.5668563300142248 0.5534913516976296 0.03556187766714083 0.014093529788597053
2 0.5953058321479374 0.5413196668802049 0.04125177809388336 0.016655989750160152
2 0.5412517780938834 0.5192184497117233 0.044096728307254626 0.017296604740550926
2 0.5789473684210527 0.5080076873798847 0.03982930298719772 0.020499679692504803
2 0.5832147937411095 0.48782831518257525 0.04836415362731152 0.01985906470211403
2 0.6002844950213372 0.521460602178091 0.04836415362731152 0.019218449711723252
2 0.6287339971550499 0.5025624599615631 0.03982930298719772 0.017296604740550926
2 0.6500711237553343 0.529788597053171 0.03698435277382646 0.016655989750160152
2 0.6884779516358464 0.5317104420243434 0.04836415362731152 0.019218449711723252
2 0.6877667140825036 0.5150544522741832 0.03556187766714083 0.014093529788597053
2 0.6884779516358464 0.49711723254324147 0.04836415362731152 0.023062139654067903
2 0.9238975817923186 0.45964125560538116 0.03840682788051209 0.016015374759769378
2 0.8620199146514936 0.4452274183215887 0.042674253200568994 0.019218449711723252
2 0.8783783783783784 0.45707879564381804 0.021337126600284497 0.013452914798206277
2 0.7631578947368421 0.46092248558616267 0.044096728307254626 0.018577834721332478
2 0.6806543385490754 0.4503523382447149 0.03840682788051209 0.015374759769378602
2 0.635846372688478 0.46444586803331195 0.031294452347083924 0.014093529788597053
2 0.6116642958748222 0.4525944907110826 0.03698435277382646 0.014734144778987827
2 0.5825035561877667 0.44490711082639334 0.04125177809388336 0.014734144778987827
2 0.5817923186344239 0.42504804612427927 0.03982930298719772 0.018577834721332478
2 0.4943100995732575 0.4346572709801409 0.03840682788051209 0.016015374759769378
2 0.37766714082503555 0.474375400384369 0.03840682788051209 0.01985906470211403
2 0.387624466571835 0.45355541319666876 0.029871977240398296 0.015374759769378602
2 0.2923186344238976 0.48206278026905824 0.029871977240398296 0.013452914798206277
2 0.2283072546230441 0.4554772581678411 0.044096728307254626 0.020499679692504803
2 0.29374110953058324 0.4477898782831518 0.02702702702702703 0.014093529788597053
2 0.16642958748221906 0.48270339525944905 0.03982930298719772 0.01985906470211403
2 0.0988620199146515 0.5131326073030109 0.04125177809388336 0.020499679692504803
2 0.12091038406827881 0.4993593850096092 0.02275960170697013 0.013452914798206277
2 0.01635846372688478 0.49295323510570144 0.029871977240398296 0.014734144778987827
2 0.07681365576102418 0.4865470852017937 0.03982930298719772 0.01985906470211403
2 0.10455192034139403 0.46700832799487507 0.044096728307254626 0.019218449711723252
2 0.16856330014224752 0.4545163356822549 0.04694167852062589 0.01985906470211403
2 0.06472261735419631 0.46636771300448426 0.029871977240398296 0.010249839846252402
2 0.042674253200568994 0.45003203074951953 0.04551920341394026 0.02370275464445868
2 0.07965860597439545 0.4385009609224856 0.042674253200568994 0.017296604740550926
2 0.08321479374110953 0.44875080076873797 0.029871977240398296 0.012171684817424727
2 0.10597439544807967 0.41960281870595767 0.03840682788051209 0.019218449711723252
2 0.14295874822190613 0.41960281870595767 0.02702702702702703 0.010249839846252402
2 0.18847795163584638 0.4147982062780269 0.044096728307254626 0.018577834721332478
2 0.21408250355618777 0.4007046764894298 0.03556187766714083 0.012171684817424727
2 0.24608819345661453 0.4247277386290839 0.034139402560455195 0.012812299807815501
2 0.4466571834992888 0.4067905188981422 0.042674253200568994 0.017937219730941704
2 0.3314366998577525 0.39622037155669443 0.03698435277382646 0.016015374759769378
2 0.2652916073968706 0.38565022421524664 0.03556187766714083 0.015374759769378602
2 0.11522048364153628 0.38725176169122355 0.02275960170697013 0.014734144778987827
2 0.6258890469416786 0.3862908392056374 0.04836415362731152 0.017937219730941704
2 0.6379800853485065 0.3987828315182575 0.03271692745376956 0.013452914798206277
2 0.6913229018492176 0.40839205637411913 0.042674253200568994 0.018577834721332478
2 0.7204836415362732 0.41768097373478535 0.02702702702702703 0.012812299807815501
2 0.7574679943100996 0.3904548366431774 0.02702702702702703 0.013452914798206277
2 0.7773826458036984 0.3805253042921204 0.03271692745376956 0.017937219730941704
2 0.8285917496443813 0.3914157591287636 0.03840682788051209 0.012812299807815501
2 0.9644381223328592 0.3782831518257527 0.034139402560455195 0.014734144778987827
2 0.8556187766714083 0.34625240230621396 0.03556187766714083 0.014734144778987827
2 0.7880512091038407 0.34401024983984624 0.03982930298719772 0.015374759769378602
2 0.6891891891891893 0.35361947469570787 0.04125177809388336 0.017937219730941704
2 0.4366998577524894 0.364509929532351 0.025604551920341397 0.011531069827033951
2 0.21123755334281652 0.3507367072389494 0.04125177809388336 0.017296604740550926
2 0.13940256045519203 0.3484945547725817 0.031294452347083924 0.016655989750160152
2 0.10312944523470839 0.3273542600896861 0.02418207681365576 0.015374759769378602
2 0.16429587482219063 0.3302370275464446 0.03840682788051209 0.017296604740550926
2 0.2105263157894737 0.32575272261370913 0.04836415362731152 0.01985906470211403
2 0.2709815078236131 0.34112748238308777 0.04125177809388336 0.017296604740550926
2 0.3584637268847795 0.344650864830237 0.03982930298719772 0.017937219730941704
2 0.39687055476529165 0.3468930172966047 0.03982930298719772 0.017296604740550926
2 0.4431009957325747 0.33568225496476617 0.03556187766714083 0.014093529788597053
2 0.5419630156472262 0.3379244074311339 0.034139402560455195 0.017296604740550926
2 0.5846372688477952 0.3324791800128123 0.034139402560455195 0.021780909673286355
2 0.5320056899004267 0.31518257527226134 0.034139402560455195 0.015374759769378602
2 0.5945945945945946 0.30973734785393975 0.042674253200568994 0.01985906470211403
2 0.6415362731152205 0.31358103779628443 0.03982930298719772 0.018577834721332478
2 0.6607396870554766 0.3007687379884689 0.052631578947368425 0.021140294682895577
2 0.7027027027027027 0.2985265855221012 0.02844950213371266 0.016655989750160152
2 0.7219061166429588 0.2873158231902626 0.03271692745376956 0.014734144778987827
2 0.7596017069701281 0.30301089045483665 0.031294452347083924 0.012812299807815501
2 0.7617354196301566 0.31197950032030747 0.03271692745376956 0.014093529788597053
2 0.767425320056899 0.2825112107623318 0.052631578947368425 0.019218449711723252
2 0.8307254623044097 0.28699551569506726 0.034139402560455195 0.015374759769378602
2 0.8513513513513514 0.289237668161435 0.02702702702702703 0.014734144778987827
2 0.837126600284495 0.3058936579115951 0.03271692745376956 0.009609224855861626
2 0.9338549075391182 0.3267136450992953 0.03271692745376956 0.012812299807815501
2 0.9608819345661451 0.3004484304932735 0.029871977240398296 0.015374759769378602
2 0.9409672830725463 0.2860345932094811 0.04125177809388336 0.01985906470211403
2 0.9132290184921764 0.2572069186418962 0.034139402560455195 0.014734144778987827
2 0.8933143669985776 0.2418321588725176 0.034139402560455195 0.016015374759769378
2 0.8954480796586061 0.2754644458680333 0.029871977240398296 0.012812299807815501
2 0.8051209103840683 0.2652146060217809 0.03698435277382646 0.019218449711723252
2 0.8357041251778095 0.2600896860986547 0.029871977240398296 0.016655989750160152
2 0.7425320056899004 0.2588084561178731 0.02844950213371266 0.014093529788597053
2 0.9068278805120911 0.21332479180012812 0.029871977240398296 0.014093529788597053
2 0.9310099573257469 0.21780909673286353 0.03556187766714083 0.014093529788597053
2 0.9715504978662873 0.1957078795643818 0.031294452347083924 0.018577834721332478
2 0.817923186344239 0.20691864189622036 0.034139402560455195 0.017937219730941704
2 0.8883357041251778 0.1777706598334401 0.029871977240398296 0.016015374759769378
2 0.7688477951635847 0.22325432415118512 0.03271692745376956 0.016015374759769378
2 0.7233285917496444 0.21716848174247275 0.044096728307254626 0.020499679692504803
2 0.689900426742532 0.22805893657911594 0.02844950213371266 0.012812299807815501
2 0.6756756756756757 0.24119154388212682 0.04836415362731152 0.018577834721332478
2 0.6472261735419631 0.2498398462524023 0.02844950213371266 0.014093529788597053
2 0.6116642958748222 0.24343369634849454 0.02844950213371266 0.012812299807815501
2 0.5803698435277382 0.22325432415118512 0.034139402560455195 0.014734144778987827
2 0.5284495021337127 0.2319026265214606 0.029871977240398296 0.011531069827033951
2 0.4950213371266003 0.21428571428571427 0.042674253200568994 0.018577834721332478
2 0.3826458036984353 0.23574631646380523 0.03698435277382646 0.014093529788597053
2 0.42532005689900426 0.3001281229980781 0.031294452347083924 0.013452914798206277
2 0.48577524893314367 0.2799487508007687 0.03556187766714083 0.015374759769378602
2 0.5682788051209104 0.28443305573350414 0.03556187766714083 0.015374759769378602
2 0.5483641536273115 0.26841768097373475 0.03556187766714083 0.015374759769378602
2 0.6145092460881935 0.2783472133247918 0.03698435277382646 0.018577834721332478
2 0.4061166429587482 0.2853939782190903 0.02702702702702703 0.010890454836643177
2 0.4260312944523471 0.27226137091607944 0.044096728307254626 0.019218449711723252
2 0.34637268847795166 0.3094170403587444 0.04125177809388336 0.016655989750160152
2 0.3534850640113798 0.3017296604740551 0.03556187766714083 0.012812299807815501
2 0.38549075391180654 0.29916720051249196 0.042674253200568994 0.014093529788597053
2 0.38193456614509247 0.309096732863549 0.029871977240398296 0.012171684817424727
2 0.21408250355618777 0.3039718129404228 0.03271692745376956 0.014734144778987827
2 0.15433854907539118 0.3068545803971813 0.029871977240398296 0.016655989750160152
2 0.25675675675675674 0.27930813581037794 0.03840682788051209 0.016655989750160152
2 0.3079658605974396 0.24503523382447148 0.03840682788051209 0.016015374759769378
2 0.25675675675675674 0.2546444586803331 0.029871977240398296 0.016015374759769378
2 0.10455192034139403 0.2424727738629084 0.03271692745376956 0.014734144778987827
2 0.27382645803698435 0.2341447789878283 0.04125177809388336 0.018577834721332478
2 0.259601706970128 0.21492632927610505 0.02702702702702703 0.017296604740550926
2 0.32147937411095306 0.21524663677130043 0.034139402560455195 0.012812299807815501
2 0.1728307254623044 0.22485586162716206 0.04125177809388336 0.020499679692504803
2 0.2155049786628734 0.22998078155028825 0.04125177809388336 0.011531069827033951
2 0.04551920341394026 0.2136450992953235 0.03698435277382646 0.014734144778987827
2 0.023470839260312945 0.2315823190262652 0.03271692745376956 0.013452914798206277
2 0.1337126600284495 0.22581678411274822 0.025604551920341397 0.010890454836643177
2 0.077524893314367 0.1931454196028187 0.03840682788051209 0.014734144778987827
2 0.08819345661450925 0.17296604740550928 0.04551920341394026 0.019218449711723252
2 0.13940256045519203 0.18962203715566944 0.02844950213371266 0.014093529788597053
2 0.13798008534850642 0.16591928251121074 0.03982930298719772 0.016655989750160152
2 0.2197724039829303 0.17552850736707237 0.04125177809388336 0.012812299807815501
2 0.17496443812233287 0.17745035233824472 0.03698435277382646 0.014093529788597053
2 0.18278805120910385 0.16271620755925686 0.03840682788051209 0.020499679692504803
2 0.16500711237553345 0.1364509929532351 0.03982930298719772 0.016655989750160152
2 0.1763869132290185 0.1463805253042921 0.04551920341394026 0.017296604740550926
2 0.2368421052631579 0.15823190262652145 0.04694167852062589 0.017937219730941704
2 0.31650071123755336 0.15150544522741832 0.04125177809388336 0.013452914798206277
2 0.4160739687055477 0.1905829596412556 0.03840682788051209 0.017296604740550926
2 0.4694167852062589 0.17616912235746315 0.034139402560455195 0.016655989750160152
2 0.4004267425320057 0.16367713004484305 0.03271692745376956 0.014734144778987827
2 0.7524893314366999 0.18417680973734785 0.042674253200568994 0.016015374759769378
2 0.7489331436699858 0.16623959000640615 0.061166429587482224 0.014734144778987827
2 0.6543385490753912 0.18353619474695707 0.025604551920341397 0.012171684817424727
2 0.5839260312944524 0.18353619474695707 0.044096728307254626 0.01985906470211403
2 0.534850640113798 0.16271620755925686 0.03982930298719772 0.020499679692504803
2 0.5362731152204837 0.14830237027546445 0.031294452347083924 0.014734144778987827
2 0.47083926031294454 0.15118513773222292 0.02844950213371266 0.012812299807815501
2 0.8549075391180655 0.12203715566944266 0.031294452347083924 0.016015374759769378
2 0.8890469416785207 0.13484945547725816 0.02844950213371266 0.014734144778987827
2 0.884068278805121 0.118193465727098 0.02418207681365576 0.018577834721332478
2 0.9153627311522049 0.12299807815502882 0.04125177809388336 0.021780909673286355
2 0.9103840682788051 0.1467008327994875 0.034139402560455195 0.012812299807815501
2 0.9160739687055477 0.13324791800128122 0.03698435277382646 0.014093529788597053
2 0.7603129445234709 0.13196668802049968 0.052631578947368425 0.023062139654067903
2 0.7176386913229019 0.11755285073670724 0.044096728307254626 0.018577834721332478
2 0.6650071123755334 0.13324791800128122 0.029871977240398296 0.014093529788597053
2 0.6927453769559033 0.1313260730301089 0.02275960170697013 0.012812299807815501
2 0.6621621621621622 0.11563100576553491 0.044096728307254626 0.017296604740550926
2 0.6785206258890469 0.09673286354900704 0.03982930298719772 0.016655989750160152
2 0.5448079658605974 0.12235746316463804 0.04551920341394026 0.023062139654067903
2 0.5967283072546231 0.12684176809737346 0.06401137980085349 0.015374759769378602
2 0.5689900426742532 0.10089686098654709 0.034139402560455195 0.014734144778987827
2 0.5867709815078236 0.08840486867392697 0.04694167852062589 0.016655989750160152
2 0.5007112375533428 0.12940422805893656 0.034139402560455195 0.015374759769378602
2 0.4388335704125178 0.09385009609224855 0.03840682788051209 0.017296604740550926
2 0.411095305832148 0.1313260730301089 0.03698435277382646 0.017937219730941704
2 0.3698435277382646 0.12331838565022421 0.042674253200568994 0.016015374759769378
2 0.30298719772403987 0.11306854580397181 0.042674253200568994 0.018577834721332478
2 0.23044096728307256 0.11979500320307494 0.03698435277382646 0.017937219730941704
2 0.2631578947368421 0.10666239590006406 0.03982930298719772 0.018577834721332478
2 0.155049786628734 0.11274823830877642 0.042674253200568994 0.019218449711723252
2 0.37268847795163584 0.08039718129404227 0.02844950213371266 0.013452914798206277
2 0.27311522048364156 0.08680333119795003 0.042674253200568994 0.018577834721332478
2 0.09174964438122334 0.12107623318385649 0.03556187766714083 0.015374759769378602
2 0.12660028449502134 0.08616271620755925 0.04551920341394026 0.01985906470211403
2 0.14509246088193456 0.07110826393337603 0.042674253200568994 0.017937219730941704
2 0.18705547652916074 0.09128763613068545 0.04125177809388336 0.018577834721332478
2 0.21408250355618777 0.07591287636130685 0.04125177809388336 0.018577834721332478
2 0.25177809388335703 0.05477258167841127 0.03698435277382646 0.016015374759769378
2 0.8058321479374111 0.09385009609224855 0.029871977240398296 0.014734144778987827
2 0.9139402560455192 0.10506085842408712 0.03556187766714083 0.016655989750160152
2 0.9445234708392604 0.1159513132607303 0.03698435277382646 0.019218449711723252
2 0.9665718349928877 0.10986547085201794 0.02702702702702703 0.014734144778987827
2 0.9388335704125178 0.0951313260730301 0.05405405405405406 0.02242152466367713
2 0.19487908961593173 0.0541319666880205 0.042674253200568994 0.02242152466367713
2 0.15789473684210528 0.038436899423446504 0.034139402560455195 0.015374759769378602
2 0.28591749644381226 0.051889814221652786 0.02844950213371266 0.019218449711723252
2 0.2852062588904694 0.07142857142857142 0.021337126600284497 0.013452914798206277
2 0.8385490753911807 0.06374119154388212 0.044096728307254626 0.01985906470211403
2 0.8492176386913229 0.07879564381806534 0.02844950213371266 0.016655989750160152
2 0.9039829302987198 0.08007687379884688 0.04125177809388336 0.017937219730941704
2 0.9025604551920342 0.06149903907751441 0.03556187766714083 0.017937219730941704
2 0.9388335704125178 0.06021780909673286 0.034139402560455195 0.017937219730941704
2 0.8904694167852063 0.042280589365791155 0.03698435277382646 0.015374759769378602
2 0.7503556187766715 0.060858424087123636 0.044096728307254626 0.017937219730941704
2 0.9722617354196302 0.036835361947469565 0.03840682788051209 0.018577834721332478
2 0.6337126600284495 0.05733504163997437 0.04125177809388336 0.010890454836643177
2 0.6372688477951636 0.06758488148622677 0.031294452347083924 0.013452914798206277
2 0.5668563300142248 0.06662395900064061 0.029871977240398296 0.017937219730941704
2 0.4061166429587482 0.031710442024343366 0.03840682788051209 0.016015374759769378
2 0.37197724039829305 0.037155669442664956 0.02702702702702703 0.014093529788597053
2 0.42247510668563304 0.055413196668802046 0.02844950213371266 0.014734144778987827
2 0.4395448079658606 0.03939782190903267 0.025604551920341397 0.016015374759769378
2 0.31934566145092463 0.013773222293401664 0.044096728307254626 0.018577834721332478
2 0.2183499288762447 0.025304292120435615 0.03840682788051209 0.021140294682895577
2 0.5291607396870555 0.03235105701473414 0.02844950213371266 0.014734144778987827
2 0.5540540540540541 0.038757206918641894 0.02702702702702703 0.014734144778987827
2 0.5796586059743954 0.046444586803331196 0.049786628733997154 0.01985906470211403
2 0.6273115220483642 0.03619474695707879 0.042674253200568994 0.016015374759769378
2 0.689900426742532 0.04292120435618193 0.04836415362731152 0.023062139654067903
2 0.6600284495021338 0.018577834721332478 0.03982930298719772 0.015374759769378602
2 0.6763869132290186 0.02498398462524023 0.02702702702702703 0.015374759769378602
2 0.7496443812233287 0.015054452274183215 0.042674253200568994 0.013452914798206277
2 0.8036984352773827 0.04292120435618193 0.02844950213371266 0.012812299807815501
2 0.7980085348506402 0.02722613709160794 0.031294452347083924 0.012171684817424727
2 0.8321479374110954 0.029788597053171044 0.03982930298719772 0.02242152466367713
2 0.8812233285917497 0.02498398462524023 0.029871977240398296 0.015374759769378602
2 0.9374110953058322 0.02242152466367713 0.04551920341394026 0.025624599615631002
2 0.04125177809388336 0.16848174247277387 0.031294452347083924 0.015374759769378602
2 0.09317211948790896 0.14862267777065982 0.02702702702702703 0.016655989750160152
2 0.29871977240398295 0.42088404868673923 0.025604551920341397 0.015374759769378602
2 0.024893314366998577 0.04868673926969891 0.04694167852062589 0.024343369634849454
2 0.15362731152204837 0.006085842408712364 0.03698435277382646 0.010890454836643177
2 0.205547652916074 0.008648302370275463 0.03271692745376956 0.014734144778987827
2 0.23826458036984355 0.008648302370275463 0.03840682788051209 0.016015374759769378
2 0.27667140825035563 0.008968609865470852 0.044096728307254626 0.016655989750160152
2 0.5376955903271693 0.009288917360666239 0.034139402560455195 0.016015374759769378
2 0.48862019914651494 0.008007687379884689 0.06401137980085349 0.014734144778987827
2 0.6116642958748222 0.010570147341447789 0.06543385490753913 0.01985906470211403
2 0.8655761024182077 0.01441383728379244 0.052631578947368425 0.013452914798206277
2 0.9822190611664297 0.05221012171684817 0.03556187766714083 0.021140294682895577
2 0.9864864864864865 0.06886611146700833 0.02702702702702703 0.012171684817424727
2 0.9836415362731152 0.08103779628443306 0.03271692745376956 0.012171684817424727
2 0.5462304409672831 0.07078795643818064 0.031294452347083924 0.014734144778987827
2 0.2709815078236131 0.14862267777065982 0.03556187766714083 0.023062139654067903
2 0.02844950213371266 0.25656630365150546 0.05120910384068279 0.016015374759769378
2 0.620199146514936 0.2946828955797565 0.042674253200568994 0.015374759769378602
2 0.4971550497866288 0.5547725816784113 0.03556187766714083 0.015374759769378602
2 0.10668563300142248 0.6787315823190262 0.01991465149359886 0.018577834721332478
2 0.9366998577524894 0.7732222934016656 0.02702702702702703 0.014093529788597053
2 0.02062588904694168 0.7450352338244715 0.03840682788051209 0.019218449711723252
2 0.17709815078236132 0.951313260730301 0.049786628733997154 0.014093529788597053
