2 0.9114503816793893 0.9177777777777778 0.03969465648854962 0.017142857142857144
2 0.8786259541984732 0.9025396825396825 0.02900763358778626 0.022222222222222223
2 0.9671755725190839 0.8815873015873016 0.035114503816793895 0.014603174603174604
2 0.8137404580152672 0.9257142857142857 0.042748091603053436 0.017777777777777778
2 0.7183206106870229 0.9393650793650794 0.04122137404580153 0.014603174603174604
2 0.7687022900763358 0.893968253968254 0.04732824427480916 0.01904761904761905
2 0.7068702290076336 0.8965079365079365 0.024427480916030534 0.015238095238095238
2 0.42442748091603055 0.9457142857142857 0.0366412213740458 0.014603174603174604
2 0.3534351145038168 0.9387301587301587 0.03206106870229008 0.02095238095238095
2 0.3137404580152672 0.9352380952380952 0.044274809160305344 0.020317460317460317
2 0.1465648854961832 0.9723809523809523 0.0366412213740458 0.014603174603174604
2 0.09770992366412214 0.9498412698412698 0.042748091603053436 0.013968253968253968
2 0.15801526717557252 0.9425396825396826 0.04732824427480916 0.015873015873015872
2 0.13282442748091602 0.9301587301587302 0.042748091603053436 0.012698412698412698
2 0.07938931297709924 0.9355555555555556 0.030534351145038167 0.013333333333333332
2 0.06641221374045801 0.9158730158730158 0.044274809160305344 0.019682539682539683
2 0.03206106870229008 0.920952380952381 0.030534351145038167 0.012063492063492064
2 0.20458015267175572 0.9206349206349206 0.02748091603053435 0.015238095238095238
2 0.21068702290076335 0.9457142857142857 0.03969465648854962 0.013333333333333332
2 0.24198473282442748 0.9361904761904762 0.04732824427480916 0.02095238095238095
2 0.27022900763358776 0.926031746031746 0.04885496183206107 0.022222222222222223
2 0.28091603053435116 0.9107936507936508 0.03358778625954199 0.015873015873015872
2 0.31297709923664124 0.9196825396825397 0.03969465648854962 0.012063492063492064
2 0.38625954198473283 0.9012698412698412 0.030534351145038167 0.012063492063492064
2 0.8099236641221373 0.8444444444444444 0.035114503816793895 0.013968253968253968
2 0.7305343511450382 0.8441269841269842 0.04122137404580153 0.010793650793650793
2 0.6183206106870229 0.8488888888888889 0.042748091603053436 0.017777777777777778
2 0.6 0.86 0.02748091603053435 0.010793650793650793
2 0.4954198473282443 0.8580952380952381 0.044274809160305344 0.017142857142857144
2 0.40916030534351144 0.8647619047619047 0.03969465648854962 0.015238095238095238
2 0.3183206106870229 0.8653968253968254 0.035114503816793895 0.016507936507936506
2 0.23893129770992366 0.8514285714285714 0.044274809160305344 0.015238095238095238
2 0.1450381679389313 0.8577777777777778 0.042748091603053436 0.015238095238095238
2 0.0984732824427481 0.8577777777777778 0.04732824427480916 0.020317460317460317
2 0.12595419847328243 0.8371428571428572 0.02900763358778626 0.014603174603174604
2 0.45725190839694657 0.8911111111111111 0.02900763358778626 0.019682539682539683
2 0.020610687022900764 0.8165079365079365 0.03816793893129771 0.012698412698412698
2 0.04198473282442748 0.7977777777777778 0.050381679389312976 0.018412698412698412
2 0.08015267175572519 0.793968253968254 0.02900763358778626 0.015873015873015872
2 0.14045801526717558 0.7961904761904762 0.042748091603053436 0.01904761904761905
2 0.23587786259541985 0.8146031746031746 0.03206106870229008 0.015238095238095238
2 0.22442748091603054 0.8022222222222222 0.03969465648854962 0.015873015873015872
2 0.31603053435114503 0.7961904761904762 0.03969465648854962 0.01904761904761905
2 0.30229007633587784 0.8238095238095238 0.042748091603053436 0.015873015873015872
2 0.2862595419847328 0.812063492063492 0.025954198473282442 0.011428571428571429
2 0.34961832061068704 0.812063492063492 0.04885496183206107 0.017777777777777778
2 0.3564885496183206 0.8326984126984127 0.035114503816793895 0.009523809523809525
2 0.383206106870229 0.7942857142857143 0.0366412213740458 0.011428571428571429
2 0.3900763358778626 0.8085714285714286 0.04122137404580153 0.018412698412698412
2 0.42748091603053434 0.8095238095238095 0.03358778625954199 0.017777777777777778
2 0.45572519083969465 0.8301587301587302 0.03816793893129771 0.015873015873015872
2 0.5183206106870228 0.8088888888888889 0.05343511450381679 0.01904761904761905
2 0.5564885496183206 0.813968253968254 0.04122137404580153 0.016507936507936506
2 0.5610687022900763 0.7936507936507936 0.02900763358778626 0.012698412698412698
2 0.6748091603053435 0.799047619047619 0.0366412213740458 0.015873015873015872
2 0.7694656488549618 0.8006349206349206 0.042748091603053436 0.017777777777777778
2 0.7824427480916031 0.8133333333333334 0.02900763358778626 0.017777777777777778
2 0.8435114503816794 0.8222222222222222 0.050381679389312976 0.017777777777777778
2 0.8290076335877863 0.8012698412698412 0.04580152671755725 0.017777777777777778
2 0.7793893129770992 0.7828571428571428 0.03816793893129771 0.013968253968253968
2 0.8251908396946565 0.7815873015873016 0.04122137404580153 0.015238095238095238
2 0.9282442748091603 0.7333333333333333 0.03969465648854962 0.017777777777777778
2 0.9396946564885497 0.7507936507936508 0.035114503816793895 0.014603174603174604
2 0.899236641221374 0.7431746031746032 0.03358778625954199 0.015873015873015872
2 0.8465648854961833 0.7390476190476191 0.03816793893129771 0.013968253968253968
2 0.7900763358778626 0.7441269841269841 0.03816793893129771 0.013968253968253968
2 0.7870229007633588 0.7558730158730159 0.044274809160305344 0.013333333333333332
2 0.8435114503816794 0.7631746031746032 0.05343511450381679 0.017777777777777778
2 0.7 0.7476190476190476 0.03816793893129771 0.014603174603174604
2 0.5251908396946565 0.741904761904762 0.04885496183206107 0.015873015873015872
2 0.4022900763358779 0.7707936507936508 0.025954198473282442 0.012698412698412698
2 0.36335877862595417 0.7847619047619048 0.02748091603053435 0.015238095238095238
2 0.07862595419847328 0.7434920634920635 0.02900763358778626 0.010158730158730159
2 0.1183206106870229 0.7447619047619047 0.035114503816793895 0.011428571428571429
2 0.16259541984732825 0.7374603174603175 0.03206106870229008 0.018412698412698412
2 0.21374045801526717 0.7311111111111112 0.03969465648854962 0.012063492063492064
2 0.216793893129771 0.7238095238095238 0.030534351145038167 0.011428571428571429
2 0.23053435114503817 0.7428571428571429 0.03358778625954199 0.010158730158730159
2 0.24580152671755726 0.7479365079365079 0.030534351145038167 0.010158730158730159
2 0.2816793893129771 0.7390476190476191 0.03816793893129771 0.015238095238095238
2 0.3893129770992366 0.7390476190476191 0.042748091603053436 0.017777777777777778
2 0.44732824427480916 0.7250793650793651 0.03358778625954199 0.012698412698412698
2 0.5122137404580153 0.7139682539682539 0.044274809160305344 0.02095238095238095
2 0.4381679389312977 0.7044444444444444 0.042748091603053436 0.018412698412698412
2 0.333587786259542 0.7022222222222222 0.02900763358778626 0.013968253968253968
2 0.283206106870229 0.7139682539682539 0.050381679389312976 0.017142857142857144
2 0.29923664122137406 0.706031746031746 0.03969465648854962 0.016507936507936506
2 0.22366412213740458 0.7104761904761905 0.03816793893129771 0.01904761904761905
2 0.14198473282442747 0.7111111111111111 0.042748091603053436 0.016507936507936506
2 0.08091603053435115 0.6917460317460318 0.05801526717557252 0.02095238095238095
2 0.15190839694656488 0.673968253968254 0.04732824427480916 0.014603174603174604
2 0.19312977099236642 0.6885714285714286 0.04122137404580153 0.019682539682539683
2 0.2648854961832061 0.6806349206349206 0.04122137404580153 0.017777777777777778
2 0.28854961832061066 0.6746031746031746 0.024427480916030534 0.012063492063492064
2 0.36717557251908395 0.6765079365079365 0.04122137404580153 0.018412698412698412
2 0.39083969465648855 0.6736507936507936 0.030534351145038167 0.015238095238095238
2 0.4267175572519084 0.6780952380952381 0.03206106870229008 0.013968253968253968
2 0.4763358778625954 0.6831746031746032 0.051908396946564885 0.01904761904761905
2 0.5244274809160305 0.6828571428571428 0.02900763358778626 0.014603174603174604
2 0.5595419847328245 0.6711111111111111 0.035114503816793895 0.013968253968253968
2 0.47938931297709925 0.659047619047619 0.03358778625954199 0.016507936507936506
2 0.5091603053435114 0.6349206349206349 0.02900763358778626 0.012698412698412698
2 0.3053435114503817 0.626984126984127 0.0366412213740458 0.018412698412698412
2 0.2099236641221374 0.6219047619047618 0.044274809160305344 0.018412698412698412
2 0.1801526717557252 0.6092063492063492 0.03358778625954199 0.013333333333333332
2 0.10534351145038168 0.6253968253968254 0.042748091603053436 0.01904761904761905
2 0.09770992366412214 0.6374603174603175 0.0366412213740458 0.011428571428571429
2 0.6267175572519084 0.7063492063492064 0.04122137404580153 0.018412698412698412
2 0.6946564885496184 0.7015873015873015 0.024427480916030534 0.012698412698412698
2 0.732824427480916 0.6774603174603174 0.03358778625954199 0.012698412698412698
2 0.7557251908396947 0.7006349206349206 0.0366412213740458 0.017142857142857144
2 0.8396946564885496 0.692063492063492 0.03969465648854962 0.015238095238095238
2 0.9229007633587786 0.68 0.03206106870229008 0.016507936507936506
2 0.8465648854961833 0.6346031746031746 0.035114503816793895 0.014603174603174604
2 0.7450381679389313 0.626031746031746 0.03969465648854962 0.016507936507936506
2 0.6480916030534352 0.6082539682539683 0.02900763358778626 0.012698412698412698
2 0.7419847328244275 0.6415873015873016 0.024427480916030534 0.012063492063492064
2 0.1412213740458015 0.5726984126984127 0.03206106870229008 0.015238095238095238
2 0.18396946564885497 0.586031746031746 0.02900763358778626 0.012698412698412698
2 0.2183206106870229 0.5653968253968253 0.03969465648854962 0.013333333333333332
2 0.24885496183206107 0.5523809523809524 0.042748091603053436 0.01904761904761905
2 0.2778625954198473 0.5793650793650794 0.021374045801526718 0.014603174603174604
2 0.29923664122137406 0.5479365079365079 0.0366412213740458 0.012698412698412698
2 0.34885496183206105 0.546031746031746 0.03816793893129771 0.015238095238095238
2 0.36412213740458016 0.5368253968253969 0.03206106870229008 0.013333333333333332
2 0.4183206106870229 0.5447619047619048 0.042748091603053436 0.013968253968253968
2 0.4534351145038168 0.5733333333333334 0.02748091603053435 0.012698412698412698
2 0.3564885496183206 0.5765079365079365 0.025954198473282442 0.011428571428571429
2 0.48854961832061067 0.5876190476190476 0.030534351145038167 0.013333333333333332
2 0.5106870229007634 0.5736507936507936 0.03206106870229008 0.012063492063492064
2 0.5465648854961832 0.5517460317460318 0.04580152671755725 0.015238095238095238
2 0.5083969465648855 0.5501587301587302 0.024427480916030534 0.009523809523809525
2 0.4854961832061069 0.5352380952380953 0.042748091603053436 0.016507936507936506
2 0.9419847328244275 0.6019047619047619 0.04885496183206107 0.017777777777777778
2 0.9519083969465649 0.5841269841269842 0.04732824427480916 0.01904761904761905
2 0.8801526717557252 0.5761904761904761 0.04122137404580153 0.014603174603174604
2 0.8366412213740458 0.5673015873015873 0.02748091603053435 0.013333333333333332
2 0.7770992366412214 0.5133333333333333 0.030534351145038167 0.015873015873015872
2 0.7923664122137405 0.5219047619047619 0.02748091603053435 0.008888888888888889
2 0.7167938931297709 0.5238095238095238 0.03816793893129771 0.015238095238095238
2 0.15954198473282444 0.5279365079365079 0.02900763358778626 0.013333333333333332
2 0.1083969465648855 0.5117460317460317 0.030534351145038167 0.013968253968253968
2 0.20534351145038168 0.513015873015873 0.02900763358778626 0.013968253968253968
2 0.2511450381679389 0.5317460317460317 0.04122137404580153 0.014603174603174604
2 0.26259541984732826 0.5146031746031746 0.03969465648854962 0.015873015873015872
2 0.25267175572519085 0.4942857142857143 0.03816793893129771 0.012063492063492064
2 0.1916030534351145 0.4961904761904762 0.035114503816793895 0.013333333333333332
2 0.3015267175572519 0.5057142857142857 0.03816793893129771 0.013333333333333332
2 0.3282442748091603 0.5238095238095238 0.04580152671755725 0.01904761904761905
2 0.37404580152671757 0.5174603174603175 0.04885496183206107 0.020317460317460317
2 0.4076335877862595 0.5215873015873016 0.024427480916030534 0.017142857142857144
2 0.7381679389312977 0.4873015873015873 0.035114503816793895 0.014603174603174604
2 0.6053435114503817 0.4926984126984127 0.044274809160305344 0.017777777777777778
2 0.4297709923664122 0.49714285714285716 0.025954198473282442 0.010158730158730159
2 0.4099236641221374 0.5044444444444445 0.02900763358778626 0.013333333333333332
2 0.3412213740458015 0.4847619047619048 0.04122137404580153 0.017142857142857144
2 0.06259541984732825 0.466984126984127 0.04885496183206107 0.018412698412698412
2 0.0717557251908397 0.4834920634920635 0.02748091603053435 0.013333333333333332
2 0.13435114503816795 0.4714285714285714 0.0366412213740458 0.013333333333333332
2 0.09389312977099236 0.4514285714285714 0.03206106870229008 0.01904761904761905
2 0.2129770992366412 0.466031746031746 0.044274809160305344 0.017777777777777778
2 0.2450381679389313 0.4726984126984127 0.02900763358778626 0.010793650793650793
2 0.2732824427480916 0.45174603174603173 0.04580152671755725 0.019682539682539683
2 0.3114503816793893 0.46253968253968253 0.030534351145038167 0.010793650793650793
2 0.35954198473282445 0.4580952380952381 0.035114503816793895 0.012063492063492064
2 0.3801526717557252 0.4657142857142857 0.02748091603053435 0.013333333333333332
2 0.3969465648854962 0.47555555555555556 0.030534351145038167 0.017777777777777778
2 0.433587786259542 0.4726984126984127 0.04580152671755725 0.019682539682539683
2 0.4305343511450382 0.44253968253968257 0.0366412213740458 0.013968253968253968
2 0.5916030534351145 0.4492063492063492 0.03816793893129771 0.018412698412698412
2 0.7045801526717557 0.4612698412698413 0.03816793893129771 0.015873015873015872
2 0.7786259541984732 0.45650793650793653 0.03969465648854962 0.017777777777777778
2 0.8305343511450382 0.4653968253968254 0.03358778625954199 0.013968253968253968
2 0.8900763358778626 0.4612698412698413 0.0366412213740458 0.014603174603174604
2 0.682442748091603 0.42698412698412697 0.042748091603053436 0.019682539682539683
2 0.8633587786259542 0.43174603174603177 0.03206106870229008 0.010158730158730159
2 0.9183206106870229 0.3711111111111111 0.04122137404580153 0.014603174603174604
2 0.9351145038167938 0.40253968253968253 0.044274809160305344 0.020317460317460317
2 0.9587786259541985 0.4104761904761905 0.03358778625954199 0.018412698412698412
2 0.8694656488549618 0.3914285714285714 0.050381679389312976 0.019682539682539683
2 0.8625954198473282 0.4104761904761905 0.03358778625954199 0.018412698412698412
2 0.7725190839694657 0.3987301587301587 0.042748091603053436 0.017777777777777778
2 0.7931297709923664 0.3926984126984127 0.03206106870229008 0.014603174603174604
2 0.7167938931297709 0.3987301587301587 0.04732824427480916 0.017777777777777778
2 0.6320610687022901 0.3984126984126984 0.03358778625954199 0.014603174603174604
2 0.5755725190839694 0.4073015873015873 0.042748091603053436 0.017142857142857144
2 0.564885496183206 0.39111111111111113 0.030534351145038167 0.013968253968253968
2 0.6282442748091603 0.3780952380952381 0.02900763358778626 0.014603174603174604
2 0.516030534351145 0.3933333333333333 0.03969465648854962 0.015873015873015872
2 0.4213740458015267 0.3819047619047619 0.03969465648854962 0.015873015873015872
2 0.44274809160305345 0.39206349206349206 0.030534351145038167 0.014603174603174604
2 0.44732824427480916 0.4012698412698413 0.030534351145038167 0.010158730158730159
2 0.40458015267175573 0.4158730158730159 0.03358778625954199 0.015238095238095238
2 0.383969465648855 0.4203174603174603 0.03206106870229008 0.012698412698412698
2 0.3564885496183206 0.4050793650793651 0.02900763358778626 0.010158730158730159
2 0.3267175572519084 0.4146031746031746 0.030534351145038167 0.013968253968253968
2 0.30305343511450383 0.4104761904761905 0.02900763358778626 0.019682539682539683
2 0.2931297709923664 0.3907936507936508 0.051908396946564885 0.019682539682539683
2 0.2580152671755725 0.4095238095238095 0.030534351145038167 0.011428571428571429
2 0.22366412213740458 0.39746031746031746 0.03816793893129771 0.013968253968253968
2 0.3877862595419847 0.3450793650793651 0.02748091603053435 0.013333333333333332
2 0.4900763358778626 0.33396825396825397 0.03969465648854962 0.013968253968253968
2 0.5687022900763359 0.3387301587301587 0.03206106870229008 0.017142857142857144
2 0.26106870229007634 0.3361904761904762 0.03969465648854962 0.017142857142857144
2 0.19541984732824427 0.3603174603174603 0.0366412213740458 0.015873015873015872
2 0.17557251908396945 0.346984126984127 0.02748091603053435 0.012063492063492064
2 0.19312977099236642 0.3333333333333333 0.05343511450381679 0.020317460317460317
2 0.216793893129771 0.3219047619047619 0.02748091603053435 0.015238095238095238
2 0.1 0.3412698412698413 0.059541984732824425 0.018412698412698412
2 0.14427480916030533 0.29333333333333333 0.04122137404580153 0.01904761904761905
2 0.1763358778625954 0.3082539682539683 0.035114503816793895 0.012063492063492064
2 0.24580152671755726 0.29968253968253966 0.04580152671755725 0.022857142857142857
2 0.2763358778625954 0.2958730158730159 0.03358778625954199 0.015238095238095238
2 0.366412213740458 0.29015873015873017 0.0366412213740458 0.016507936507936506
2 0.3916030534351145 0.2777777777777778 0.04122137404580153 0.017142857142857144
2 0.4343511450381679 0.2857142857142857 0.03206106870229008 0.013968253968253968
2 0.47862595419847326 0.2857142857142857 0.035114503816793895 0.015238095238095238
2 0.5145038167938931 0.28634920634920635 0.03358778625954199 0.017777777777777778
2 0.6076335877862595 0.2949206349206349 0.042748091603053436 0.019682539682539683
2 0.7129770992366412 0.33904761904761904 0.0366412213740458 0.015238095238095238
2 0.7061068702290076 0.2965079365079365 0.02900763358778626 0.012698412698412698
2 0.7641221374045801 0.29619047619047617 0.04732824427480916 0.02603174603174603
2 0.8625954198473282 0.29714285714285715 0.042748091603053436 0.02412698412698413
2 0.7854961832061068 0.2638095238095238 0.03206106870229008 0.014603174603174604
2 0.6061068702290077 0.31206349206349204 0.04580152671755725 0.012063492063492064
2 0.6923664122137404 0.27555555555555555 0.050381679389312976 0.017777777777777778
2 0.732824427480916 0.25523809523809526 0.04885496183206107 0.01904761904761905
2 0.8076335877862595 0.24031746031746032 0.042748091603053436 0.017142857142857144
2 0.8839694656488549 0.22603174603174603 0.0366412213740458 0.01904761904761905
2 0.6801526717557251 0.2542857142857143 0.044274809160305344 0.018412698412698412
2 0.7038167938931298 0.2419047619047619 0.030534351145038167 0.016507936507936506
2 0.6534351145038167 0.2165079365079365 0.03969465648854962 0.015238095238095238
2 0.650381679389313 0.22698412698412698 0.04885496183206107 0.015873015873015872
2 0.7122137404580152 0.21555555555555556 0.04122137404580153 0.02095238095238095
2 0.7633587786259541 0.21746031746031746 0.04885496183206107 0.014603174603174604
2 0.7778625954198474 0.2288888888888889 0.044274809160305344 0.014603174603174604
2 0.5679389312977099 0.22857142857142856 0.051908396946564885 0.012698412698412698
2 0.5145038167938931 0.22317460317460316 0.051908396946564885 0.02349206349206349
2 0.466412213740458 0.23142857142857143 0.03206106870229008 0.013333333333333332
2 0.4389312977099237 0.24571428571428572 0.035114503816793895 0.015238095238095238
2 0.40076335877862596 0.2419047619047619 0.03816793893129771 0.020317460317460317
2 0.3465648854961832 0.2453968253968254 0.042748091603053436 0.018412698412698412
2 0.3435114503816794 0.2222222222222222 0.03969465648854962 0.016507936507936506
2 0.29083969465648857 0.259047619047619 0.035114503816793895 0.015238095238095238
2 0.26717557251908397 0.24698412698412697 0.04885496183206107 0.01904761904761905
2 0.26717557251908397 0.22666666666666666 0.030534351145038167 0.015238095238095238
2 0.2580152671755725 0.20793650793650795 0.0366412213740458 0.015873015873015872
2 0.1633587786259542 0.23206349206349206 0.042748091603053436 0.018412698412698412
2 0.18244274809160305 0.24571428571428572 0.059541984732824425 0.016507936507936506
2 0.22519083969465647 0.2571428571428571 0.03816793893129771 0.011428571428571429
2 0.17938931297709923 0.2746031746031746 0.04732824427480916 0.015873015873015872
2 0.915267175572519 0.2473015873015873 0.025954198473282442 0.012063492063492064
2 0.022137404580152672 0.28095238095238095 0.03206106870229008 0.013333333333333332
2 0.07938931297709924 0.28444444444444444 0.021374045801526718 0.011428571428571429
2 0.13587786259541984 0.2768253968253968 0.03358778625954199 0.013968253968253968
2 0.11145038167938931 0.21555555555555556 0.04885496183206107 0.015873015873015872
2 0.4618320610687023 0.16952380952380952 0.044274809160305344 0.015238095238095238
2 0.416030534351145 0.18698412698412697 0.03206106870229008 0.014603174603174604
2 0.23206106870229007 0.19555555555555557 0.04580152671755725 0.015238095238095238
2 0.18778625954198472 0.19396825396825396 0.0366412213740458 0.015873015873015872
2 0.20534351145038168 0.18095238095238095 0.050381679389312976 0.01904761904761905
2 0.28015267175572517 0.16285714285714287 0.04122137404580153 0.017142857142857144
2 0.34580152671755726 0.15746031746031747 0.03816793893129771 0.012698412698412698
2 0.8473282442748091 0.18603174603174602 0.03969465648854962 0.01904761904761905
2 0.7480916030534351 0.18698412698412697 0.04580152671755725 0.02095238095238095
2 0.6809160305343511 0.1819047619047619 0.042748091603053436 0.017142857142857144
2 0.9251908396946564 0.17809523809523808 0.051908396946564885 0.02095238095238095
2 0.6122137404580152 0.1873015873015873 0.0366412213740458 0.017777777777777778
2 0.5786259541984733 0.19936507936507936 0.030534351145038167 0.012698412698412698
2 0.5480916030534351 0.1873015873015873 0.03358778625954199 0.011428571428571429
2 0.5320610687022901 0.17269841269841268 0.044274809160305344 0.020317460317460317
2 0.21068702290076335 0.1619047619047619 0.03969465648854962 0.017777777777777778
2 0.13511450381679388 0.15936507936507938 0.06564885496183206 0.021587301587301586
2 0.27251908396946567 0.133015873015873 0.044274809160305344 0.018412698412698412
2 0.2282442748091603 0.14095238095238094 0.03816793893129771 0.017777777777777778
2 0.33969465648854963 0.13714285714285715 0.050381679389312976 0.017777777777777778
2 0.41450381679389314 0.13396825396825396 0.04122137404580153 0.017777777777777778
2 0.46106870229007635 0.1419047619047619 0.03969465648854962 0.019682539682539683
2 0.42748091603053434 0.1473015873015873 0.030534351145038167 0.011428571428571429
2 0.5251908396946565 0.1526984126984127 0.04580152671755725 0.02095238095238095
2 0.6297709923664122 0.15619047619047619 0.04122137404580153 0.013968253968253968
2 0.7076335877862595 0.15619047619047619 0.05648854961832061 0.017777777777777778
2 0.7824427480916031 0.16031746031746033 0.04732824427480916 0.013333333333333332
2 0.8625954198473282 0.16031746031746033 0.04580152671755725 0.018412698412698412
2 0.8954198473282443 0.15777777777777777 0.025954198473282442 0.017142857142857144
2 0.966412213740458 0.15015873015873016 0.03969465648854962 0.018412698412698412
2 0.849618320610687 0.13746031746031745 0.050381679389312976 0.02095238095238095
2 0.749618320610687 0.14285714285714285 0.0549618320610687 0.017777777777777778
2 0.6885496183206107 0.13968253968253969 0.03969465648854962 0.017777777777777778
2 0.6473282442748092 0.12349206349206349 0.04580152671755725 0.019682539682539683
2 0.5931297709923664 0.12380952380952381 0.03816793893129771 0.016507936507936506
2 0.7045801526717557 0.10761904761904761 0.03206106870229008 0.015873015873015872
2 0.6740458015267176 0.09142857142857143 0.035114503816793895 0.013968253968253968
2 0.7450381679389313 0.1034920634920635 0.0366412213740458 0.017777777777777778
2 0.748854961832061 0.13206349206349205 0.03206106870229008 0.015238095238095238
2 0.7770992366412214 0.11492063492063492 0.04885496183206107 0.021587301587301586
2 0.7748091603053435 0.13015873015873017 0.03816793893129771 0.016507936507936506
2 0.8129770992366412 0.10507936507936508 0.035114503816793895 0.015873015873015872
2 0.8351145038167939 0.11015873015873016 0.03358778625954199 0.018412698412698412
2 0.9106870229007633 0.11777777777777777 0.03816793893129771 0.015873015873015872
2 0.9748091603053435 0.11365079365079366 0.04122137404580153 0.020317460317460317
2 0.9656488549618321 0.09904761904761905 0.02900763358778626 0.015238095238095238
2 0.9564885496183206 0.12857142857142856 0.035114503816793895 0.014603174603174604
2 0.7824427480916031 0.09333333333333334 0.044274809160305344 0.01904761904761905
2 0.5618320610687023 0.10825396825396826 0.03358778625954199 0.013333333333333332
2 0.4022900763358779 0.10857142857142857 0.02900763358778626 0.015238095238095238
2 0.3893129770992366 0.11873015873015873 0.04885496183206107 0.017777777777777778
2 0.35419847328244275 0.10952380952380952 0.03358778625954199 0.017142857142857144
2 0.3 0.11015873015873016 0.04122137404580153 0.017142857142857144
2 0.18167938931297709 0.12761904761904763 0.0549618320610687 0.025396825396825397
2 0.8045801526717558 0.06698412698412698 0.0366412213740458 0.017142857142857144
2 0.7145038167938931 0.058095238095238096 0.03969465648854962 0.019682539682539683
2 0.7458015267175573 0.07047619047619047 0.04122137404580153 0.017777777777777778
2 0.7603053435114504 0.06222222222222222 0.03358778625954199 0.016507936507936506
2 0.5099236641221374 0.08126984126984127 0.03969465648854962 0.013968253968253968
2 0.6076335877862595 0.08825396825396825 0.03969465648854962 0.012698412698412698
2 0.6358778625954199 0.05015873015873016 0.044274809160305344 0.017777777777777778
2 0.5854961832061069 0.07301587301587302 0.035114503816793895 0.017777777777777778
2 0.583206106870229 0.08476190476190476 0.02748091603053435 0.012063492063492064
2 0.4251908396946565 0.08666666666666667 0.044274809160305344 0.02095238095238095
2 0.4862595419847328 0.06476190476190476 0.035114503816793895 0.013968253968253968
2 0.5290076335877862 0.06349206349206349 0.04732824427480916 0.012698412698412698
2 0.5473282442748092 0.05746031746031746 0.035114503816793895 0.014603174603174604
2 0.5870229007633587 0.05587301587301587 0.03206106870229008 0.011428571428571429
2 0.5732824427480916 0.04380952380952381 0.04122137404580153 0.015238095238095238
2 0.7755725190839694 0.04476190476190476 0.03969465648854962 0.02095238095238095
2 0.7954198473282442 0.036825396825396824 0.030534351145038167 0.015238095238095238
2 0.866412213740458 0.07333333333333333 0.035114503816793895 0.013333333333333332
2 0.8847328244274809 0.044126984126984126 0.03816793893129771 0.014603174603174604
2 0.916793893129771 0.08507936507936507 0.035114503816793895 0.015238095238095238
2 0.9320610687022901 0.07555555555555556 0.04122137404580153 0.016507936507936506
2 0.950381679389313 0.06888888888888889 0.02900763358778626 0.019682539682539683
2 0.9641221374045802 0.03238095238095238 0.044274809160305344 0.017777777777777778
2 0.9748091603053435 0.04825396825396826 0.044274809160305344 0.016507936507936506
2 0.9045801526717557 0.020317460317460317 0.03816793893129771 0.017777777777777778
2 0.8740458015267175 0.028888888888888888 0.04122137404580153 0.017142857142857144
2 0.8297709923664122 0.04793650793650794 0.044274809160305344 0.015873015873015872
2 0.8381679389312977 0.03746031746031746 0.04885496183206107 0.015238095238095238
2 0.8259541984732824 0.024761904761904763 0.0366412213740458 0.01904761904761905
2 0.8519083969465648 0.016507936507936506 0.02748091603053435 0.011428571428571429
2 0.7305343511450382 0.021587301587301586 0.035114503816793895 0.015238095238095238
2 0.7557251908396947 0.011746031746031746 0.03358778625954199 0.014603174603174604
2 0.7770992366412214 0.02253968253968254 0.0366412213740458 0.013333333333333332
2 0.8022900763358779 0.012063492063492064 0.044274809160305344 0.013968253968253968
2 0.6572519083969466 0.020317460317460317 0.035114503816793895 0.020317460317460317
2 0.5854961832061069 0.008253968253968253 0.03816793893129771 0.015238095238095238
2 0.6274809160305344 0.007936507936507936 0.03358778625954199 0.013333333333333332
2 0.6091603053435114 0.030476190476190476 0.042748091603053436 0.015238095238095238
2 0.6251908396946565 0.03746031746031746 0.050381679389312976 0.015238095238095238
2 0.5343511450381679 0.014920634920634921 0.04580152671755725 0.019682539682539683
2 0.5251908396946565 0.029841269841269842 0.042748091603053436 0.016507936507936506
2 0.5793893129770993 0.025714285714285714 0.04732824427480916 0.02349206349206349
2 0.47404580152671755 0.044444444444444446 0.03206106870229008 0.021587301587301586
2 0.47099236641221376 0.024444444444444446 0.03816793893129771 0.015873015873015872
2 0.48244274809160304 0.014920634920634921 0.03969465648854962 0.02095238095238095
2 0.3893129770992366 0.07301587301587302 0.0366412213740458 0.012698412698412698
2 0.4099236641221374 0.06984126984126984 0.03206106870229008 0.012698412698412698
2 0.33435114503816793 0.07428571428571429 0.030534351145038167 0.013968253968253968
2 0.4183206106870229 0.05619047619047619 0.05801526717557252 0.015873015873015872
2 0.4305343511450382 0.04317460317460317 0.051908396946564885 0.017777777777777778
2 0.36717557251908395 0.029523809523809525 0.035114503816793895 0.015873015873015872
2 0.38549618320610685 0.03968253968253968 0.035114503816793895 0.014603174603174604
2 0.2687022900763359 0.009841269841269842 0.042748091603053436 0.014603174603174604
2 0.3198473282442748 0.06031746031746032 0.04732824427480916 0.013968253968253968
2 0.4206106870229008 0.012063492063492064 0.044274809160305344 0.012698412698412698
2 0.42366412213740456 0.023174603174603174 0.04122137404580153 0.015873015873015872
2 0.3152671755725191 0.010793650793650793 0.050381679389312976 0.017777777777777778
2 0.3419847328244275 0.015555555555555555 0.030534351145038167 0.014603174603174604
2 0.08396946564885496 0.13936507936507936 0.03969465648854962 0.017142857142857144
2 0.2916030534351145 0.0761904761904762 0.04580152671755725 0.015238095238095238
2 0.2862595419847328 0.049523809523809526 0.04732824427480916 0.01904761904761905
2 0.3198473282442748 0.02603174603174603 0.04122137404580153 0.013968253968253968
2 0.30229007633587784 0.03142857142857143 0.030534351145038167 0.013333333333333332
2 0.3145038167938931 0.040634920634920635 0.021374045801526718 0.011428571428571429
2 0.26183206106870227 0.030476190476190476 0.04732824427480916 0.01904761904761905
2 0.2183206106870229 0.040317460317460314 0.0366412213740458 0.014603174603174604
2 0.2633587786259542 0.040634920634920635 0.04122137404580153 0.017777777777777778
2 0.26564885496183205 0.06603174603174602 0.042748091603053436 0.016507936507936506
2 0.2480916030534351 0.06063492063492063 0.04122137404580153 0.014603174603174604
2 0.22595419847328244 0.1034920634920635 0.03969465648854962 0.01904761904761905
2 0.24045801526717556 0.0873015873015873 0.044274809160305344 0.015873015873015872
2 0.21145038167938932 0.07746031746031747 0.04122137404580153 0.01904761904761905
2 0.1183206106870229 0.016507936507936506 0.04732824427480916 0.020317460317460317
2 0.07633587786259542 0.023174603174603174 0.04885496183206107 0.018412698412698412
2 0.04198473282442748 0.012063492063492064 0.044274809160305344 0.016507936507936506
2 0.035114503816793895 0.027301587301587302 0.03358778625954199 0.011428571428571429
2 0.038931297709923665 0.12698412698412698 0.044274809160305344 0.015238095238095238
2 0.1099236641221374 0.12095238095238095 0.04885496183206107 0.018412698412698412
2 0.08702290076335878 0.11523809523809524 0.03969465648854962 0.017142857142857144
2 0.050381679389312976 0.1034920634920635 0.030534351145038167 0.017777777777777778
2 0.08091603053435115 0.10634920634920635 0.03969465648854962 0.010793650793650793
2 0.1648854961832061 0.040634920634920635 0.0366412213740458 0.012698412698412698
2 0.029770992366412213 0.07428571428571429 0.04732824427480916 0.017777777777777778
2 0.025190839694656488 0.05714285714285714 0.03816793893129771 0.015238095238095238
2 0.16793893129770993 0.11142857142857143 0.030534351145038167 0.012063492063492064
2 0.08091603053435115 0.04634920634920635 0.03969465648854962 0.025396825396825397
2 0.1763358778625954 0.06825396825396825 0.044274809160305344 0.019682539682539683
2 0.12442748091603054 0.04253968253968254 0.04122137404580153 0.016507936507936506
2 0.10916030534351145 0.05523809523809524 0.03816793893129771 0.013968253968253968
2 0.10381679389312977 0.0746031746031746 0.03358778625954199 0.015873015873015872
2 0.11984732824427481 0.06698412698412698 0.035114503816793895 0.017142857142857144
2 0.15419847328244274 0.08063492063492063 0.0549618320610687 0.016507936507936506
2 0.035114503816793895 0.08825396825396825 0.06412213740458016 0.015238095238095238
2 0.083206106870229 0.09142857142857143 0.02900763358778626 0.01904761904761905
2 0.15725190839694655 0.09746031746031746 0.0549618320610687 0.015873015873015872
2 0.10687022900763359 0.09650793650793651 0.030534351145038167 0.011428571428571429
2 0.1282442748091603 0.09206349206349207 0.03358778625954199 0.011428571428571429
2 0.1633587786259542 0.007936507936507936 0.04885496183206107 0.014603174603174604
2 0.8541984732824427 0.006349206349206349 0.04732824427480916 0.011428571428571429
2 0.9893129770992366 0.06222222222222222 0.021374045801526718 0.015238095238095238
2 0.14427480916030533 0.3968253968253968 0.059541984732824425 0.01904761904761905
2 0.8427480916030534 0.37746031746031744 0.0366412213740458 0.012063492063492064
2 0.6198473282442748 0.5361904761904762 0.07022900763358779 0.015873015873015872
2 0.01603053435114504 0.5774603174603175 0.02900763358778626 0.02095238095238095
2 0.09618320610687023 0.672063492063492 0.030534351145038167 0.012063492063492064
2 0.983206106870229 0.7428571428571429 0.03358778625954199 0.017777777777777778
2 0.9801526717557252 0.8028571428571428 0.03969465648854962 0.018412698412698412
2 0.06564885496183206 0.8701587301587301 0.02748091603053435 0.012063492063492064
2 0.5450381679389313 0.8777777777777778 0.021374045801526718 0.010793650793650793
2 0.9389312977099237 0.9412698412698413 0.04580152671755725 0.014603174603174604
