2 0.8307692307692308 0.9872465663832571 0.033846153846153845 0.016350555918901243
2 0.9038461538461539 0.9702419882275998 0.03230769230769231 0.012426422498364946
2 0.8530769230769231 0.9672988881621976 0.04461538461538461 0.017004578155657292
2 0.9046153846153846 0.9506213211249183 0.052307692307692305 0.020274689339437543
2 0.9176923076923077 0.9319816873773709 0.03538461538461538 0.015696533682145193
2 0.95 0.9453891432308699 0.04461538461538461 0.02289077828646174
2 0.7938461538461539 0.986592544146501 0.033846153846153845 0.017658600392413345
2 0.8076923076923077 0.9568345323741008 0.046153846153846156 0.018312622629169394
2 0.8453846153846154 0.9218443427076521 0.04153846153846154 0.020274689339437543
2 0.7915384615384615 0.9274035317200785 0.04153846153846154 0.017004578155657292
2 0.7715384615384615 0.9705689993459778 0.04461538461538461 0.019620667102681493
2 0.7138461538461538 0.9659908436886855 0.04923076923076923 0.015696533682145193
2 0.7184615384615385 0.9784172661870504 0.03692307692307692 0.010464355788096796
2 0.7369230769230769 0.9545454545454546 0.04 0.016350555918901243
2 0.7323076923076923 0.9326357096141269 0.046153846153846156 0.017004578155657292
2 0.7515384615384615 0.946043165467626 0.03230769230769231 0.016350555918901243
2 0.6476923076923077 0.9283845650752126 0.04923076923076923 0.017658600392413345
2 0.9276923076923077 0.879986919555265 0.03692307692307692 0.017658600392413345
2 0.83 0.8724656638325704 0.03538461538461538 0.015696533682145193
2 0.8438461538461538 0.8888162197514716 0.038461538461538464 0.014388489208633094
2 0.9792307692307692 0.9764551994767823 0.03538461538461538 0.019620667102681493
2 0.7684615384615384 0.8960104643557881 0.04153846153846154 0.017004578155657292
2 0.7638461538461538 0.9054937867887509 0.03230769230769231 0.012426422498364946
2 0.7192307692307692 0.9084368868541531 0.04153846153846154 0.015696533682145193
2 0.7407692307692307 0.9153041203400917 0.04153846153846154 0.016350555918901243
2 0.9038461538461539 0.8397645519947678 0.03538461538461538 0.014388489208633094
2 0.9230769230769231 0.8165467625899281 0.04 0.017658600392413345
2 0.9438461538461539 0.8453237410071943 0.038461538461538464 0.013734466971877045
2 0.963076923076923 0.8348593852190975 0.03692307692307692 0.016350555918901243
2 0.7923076923076923 0.8587311968606933 0.033846153846153845 0.017004578155657292
2 0.8176923076923077 0.855461085676913 0.02 0.015696533682145193
2 0.7361538461538462 0.868214519293656 0.04461538461538461 0.017658600392413345
2 0.7007692307692308 0.8790058862001309 0.038461538461538464 0.015696533682145193
2 0.6753846153846154 0.880967952910399 0.03692307692307692 0.019620667102681493
2 0.6423076923076924 0.906147809025507 0.02923076923076923 0.016350555918901243
2 0.5684615384615385 0.9473512099411381 0.047692307692307694 0.016350555918901243
2 0.6353846153846154 0.9538914323086986 0.06153846153846154 0.017658600392413345
2 0.4946153846153846 0.9169391759319817 0.03230769230769231 0.017004578155657292
2 0.5576923076923077 0.9107259646827993 0.03538461538461538 0.011118378024852845
2 0.5646153846153846 0.9251144538914323 0.052307692307692305 0.018966644865925444
2 0.54 0.9198822759973839 0.03692307692307692 0.015042511445389144
2 0.35 0.9205362982341401 0.038461538461538464 0.017658600392413345
2 0.3515384615384615 0.9473512099411381 0.03230769230769231 0.013734466971877045
2 0.2946153846153846 0.9254414650098104 0.04461538461538461 0.013080444735120995
2 0.25076923076923074 0.9381948986265534 0.04923076923076923 0.020274689339437543
2 0.23307692307692307 0.9607586657946371 0.04153846153846154 0.014388489208633094
2 0.11692307692307692 0.9512753433616744 0.04 0.015042511445389144
2 0.15076923076923077 0.9218443427076521 0.033846153846153845 0.013734466971877045
2 0.17615384615384616 0.9113799869195554 0.04153846153846154 0.015042511445389144
2 0.19384615384615383 0.9045127534336168 0.03692307692307692 0.014388489208633094
2 0.06230769230769231 0.8979725310660563 0.026153846153846153 0.014388489208633094
2 0.09230769230769231 0.906147809025507 0.04 0.02158273381294964
2 0.12153846153846154 0.8989535644211903 0.055384615384615386 0.02158273381294964
2 0.09 0.8718116415958144 0.038461538461538464 0.014388489208633094
2 0.13538461538461538 0.8636363636363636 0.04923076923076923 0.02289077828646174
2 0.19 0.8691955526487901 0.038461538461538464 0.014388489208633094
2 0.23384615384615384 0.854153041203401 0.043076923076923075 0.020928711576193592
2 0.29923076923076924 0.8400915631131459 0.02923076923076923 0.013734466971877045
2 0.48384615384615387 0.8561151079136691 0.04153846153846154 0.017004578155657292
2 0.4046153846153846 0.8309352517985612 0.04 0.015042511445389144
2 0.04 0.8499018966644867 0.024615384615384615 0.013734466971877045
2 0.15923076923076923 0.8492478744277306 0.03230769230769231 0.011118378024852845
2 0.11153846153846154 0.84107259646828 0.03538461538461538 0.014388489208633094
2 0.21615384615384614 0.8165467625899281 0.038461538461538464 0.016350555918901243
2 0.26 0.8165467625899281 0.04923076923076923 0.020274689339437543
2 0.12846153846153846 0.8155657292347941 0.04153846153846154 0.017004578155657292
2 0.21 0.7943100065402224 0.047692307692307694 0.02289077828646174
2 0.043076923076923075 0.8332243296272074 0.033846153846153845 0.013080444735120995
2 0.07384615384615384 0.842053629823414 0.03692307692307692 0.016350555918901243
2 0.04692307692307692 0.8201438848920863 0.026153846153846153 0.020928711576193592
2 0.07461538461538461 0.8214519293655985 0.04153846153846154 0.02223675604970569
2 0.3192307692307692 0.8001962066710269 0.03538461538461538 0.020274689339437543
2 0.3 0.8122956180510138 0.024615384615384615 0.010464355788096796
2 0.35615384615384615 0.8031393067364291 0.038461538461538464 0.019620667102681493
2 0.3892307692307692 0.7871157619359058 0.04 0.020274689339437543
2 0.41307692307692306 0.8060824068018313 0.05692307692307692 0.02550686723348594
2 0.46692307692307694 0.8191628515369523 0.038461538461538464 0.015042511445389144
2 0.4869230769230769 0.8064094179202094 0.04153846153846154 0.018312622629169394
2 0.5261538461538462 0.7939829954218444 0.033846153846153845 0.014388489208633094
2 0.5546153846153846 0.7975801177240027 0.038461538461538464 0.018966644865925444
2 0.5207692307692308 0.8227599738391106 0.04461538461538461 0.017004578155657292
2 0.5715384615384616 0.81458469587966 0.05076923076923077 0.017658600392413345
2 0.5930769230769231 0.8332243296272074 0.04153846153846154 0.015696533682145193
2 0.6346153846153846 0.7867887508175279 0.05692307692307692 0.018312622629169394
2 0.65 0.8083714846304775 0.04461538461538461 0.017004578155657292
2 0.6969230769230769 0.8064094179202094 0.043076923076923075 0.018312622629169394
2 0.6353846153846154 0.8502289077828646 0.05846153846153846 0.017004578155657292
2 0.6123076923076923 0.841399607586658 0.03692307692307692 0.012426422498364946
2 0.6246153846153846 0.8191628515369523 0.046153846153846156 0.018966644865925444
2 0.66 0.827338129496403 0.046153846153846156 0.015696533682145193
2 0.7015384615384616 0.8417266187050361 0.04 0.015696533682145193
2 0.7307692307692307 0.8247220405493787 0.04 0.018312622629169394
2 0.7669230769230769 0.8342053629823415 0.03230769230769231 0.02158273381294964
2 0.8438461538461538 0.8296272073250491 0.03230769230769231 0.012426422498364946
2 0.86 0.8178548070634402 0.046153846153846156 0.016350555918901243
2 0.8176923076923077 0.8119686069326357 0.03230769230769231 0.015042511445389144
2 0.8669230769230769 0.7913669064748202 0.03538461538461538 0.019620667102681493
2 0.8969230769230769 0.7779594506213212 0.043076923076923075 0.017658600392413345
2 0.9069230769230769 0.7949640287769785 0.038461538461538464 0.016350555918901243
2 0.9615384615384616 0.7956180510137345 0.046153846153846156 0.020274689339437543
2 0.7676923076923077 0.7992151733158928 0.046153846153846156 0.019620667102681493
2 0.8 0.789077828646174 0.04 0.020274689339437543
2 0.7230769230769231 0.7858077174623938 0.043076923076923075 0.017658600392413345
2 0.18769230769230769 0.7743623283191629 0.046153846153846156 0.015696533682145193
2 0.24923076923076923 0.7740353172007849 0.04 0.013734466971877045
2 0.24923076923076923 0.7609548724656638 0.027692307692307693 0.011118378024852845
2 0.11153846153846154 0.7681491170699805 0.03230769230769231 0.012426422498364946
2 0.13692307692307693 0.7952910398953565 0.043076923076923075 0.019620667102681493
2 0.07461538461538461 0.802158273381295 0.03538461538461538 0.013734466971877045
2 0.08153846153846153 0.7802485284499674 0.03692307692307692 0.017004578155657292
2 0.02846153846153846 0.8077174623937214 0.04461538461538461 0.017004578155657292
2 0.03538461538461538 0.7956180510137345 0.033846153846153845 0.012426422498364946
2 0.22230769230769232 0.749182472204055 0.05076923076923077 0.020274689339437543
2 0.7215384615384616 0.7678221059516024 0.043076923076923075 0.017004578155657292
2 0.16384615384615384 0.7472204054937869 0.026153846153846153 0.013734466971877045
2 0.1 0.7406801831262263 0.046153846153846156 0.02158273381294964
2 0.045384615384615384 0.7410071942446044 0.02923076923076923 0.017004578155657292
2 0.12615384615384614 0.7249836494440811 0.043076923076923075 0.011118378024852845
2 0.025384615384615384 0.723021582733813 0.038461538461538464 0.013734466971877045
2 0.07230769230769231 0.7138652714192283 0.033846153846153845 0.017658600392413345
2 0.10692307692307693 0.7069980379332897 0.038461538461538464 0.014388489208633094
2 0.29923076923076924 0.7253106605624592 0.04153846153846154 0.019620667102681493
2 0.3553846153846154 0.7334859385219098 0.03692307692307692 0.016350555918901243
2 0.46615384615384614 0.749836494440811 0.04923076923076923 0.018966644865925444
2 0.5553846153846154 0.7537606278613473 0.043076923076923075 0.018966644865925444
2 0.5723076923076923 0.7439502943100066 0.046153846153846156 0.020274689339437543
2 0.6784615384615384 0.7730542838456508 0.04 0.010464355788096796
2 0.6553846153846153 0.762589928057554 0.03076923076923077 0.014388489208633094
2 0.6853846153846154 0.761935905820798 0.02923076923076923 0.011772400261608895
2 0.6630769230769231 0.7521255722694572 0.027692307692307693 0.009156311314584697
2 0.6984615384615385 0.748528449967299 0.046153846153846156 0.018966644865925444
2 0.8915384615384615 0.736429038587312 0.05076923076923077 0.014388489208633094
2 0.9015384615384615 0.7275997383911054 0.024615384615384615 0.011118378024852845
2 0.8607692307692307 0.7240026160889471 0.047692307692307694 0.020928711576193592
2 0.7823076923076923 0.7468933943754088 0.047692307692307694 0.018312622629169394
2 0.7646153846153846 0.7403531720078483 0.043076923076923075 0.017004578155657292
2 0.8076923076923077 0.7279267495094833 0.04 0.014388489208633094
2 0.8015384615384615 0.7145192936559843 0.033846153846153845 0.012426422498364946
2 0.7623076923076924 0.7269457161543493 0.04153846153846154 0.016350555918901243
2 0.7238461538461538 0.7295618051013735 0.038461538461538464 0.015042511445389144
2 0.6592307692307692 0.7331589274035317 0.038461538461538464 0.017004578155657292
2 0.6976923076923077 0.7158273381294965 0.038461538461538464 0.011118378024852845
2 0.5615384615384615 0.7177894048397646 0.052307692307692305 0.017658600392413345
2 0.10692307692307693 0.6903204708960106 0.03538461538461538 0.013734466971877045
2 0.14384615384615385 0.6880313930673644 0.03538461538461538 0.017004578155657292
2 0.17846153846153845 0.696860693263571 0.03692307692307692 0.012426422498364946
2 0.046153846153846156 0.6765860039241335 0.03692307692307692 0.017658600392413345
2 0.08076923076923077 0.6762589928057554 0.02923076923076923 0.014388489208633094
2 0.10076923076923076 0.6677567037279268 0.03538461538461538 0.015696533682145193
2 0.14153846153846153 0.6661216481360367 0.033846153846153845 0.016350555918901243
2 0.1853846153846154 0.6739699149771092 0.038461538461538464 0.015042511445389144
2 0.22076923076923077 0.6621975147155004 0.03230769230769231 0.012426422498364946
2 0.22 0.6958796599084369 0.027692307692307693 0.013080444735120995
2 0.2423076923076923 0.6765860039241335 0.04153846153846154 0.016350555918901243
2 0.28307692307692306 0.6605624591236102 0.027692307692307693 0.014388489208633094
2 0.34076923076923077 0.7109221713538261 0.038461538461538464 0.017004578155657292
2 0.3607692307692308 0.6726618705035972 0.03230769230769231 0.018966644865925444
2 0.4023076923076923 0.6870503597122303 0.02923076923076923 0.012426422498364946
2 0.4076923076923077 0.6723348593852192 0.027692307692307693 0.010464355788096796
2 0.4176923076923077 0.7119032047089602 0.02923076923076923 0.008502289077828646
2 0.4046153846153846 0.7056899934597777 0.03692307692307692 0.011772400261608895
2 0.37846153846153846 0.7011118378024853 0.04 0.013080444735120995
2 0.3576923076923077 0.6939175931981688 0.05076923076923077 0.014388489208633094
2 0.30538461538461537 0.6870503597122303 0.04153846153846154 0.015042511445389144
2 0.3038461538461538 0.696533682145193 0.026153846153846153 0.011772400261608895
2 0.31846153846153846 0.6792020928711576 0.046153846153846156 0.015042511445389144
2 0.3123076923076923 0.6360366252452584 0.04923076923076923 0.02158273381294964
2 0.30923076923076925 0.6517331589274036 0.027692307692307693 0.011118378024852845
2 0.40384615384615385 0.6265533028122957 0.04153846153846154 0.018312622629169394
2 0.47615384615384615 0.6157619359058208 0.038461538461538464 0.016350555918901243
2 0.4623076923076923 0.6723348593852192 0.03538461538461538 0.015696533682145193
2 0.4846153846153846 0.6530412034009156 0.033846153846153845 0.012426422498364946
2 0.5138461538461538 0.6638325703073905 0.04923076923076923 0.02223675604970569
2 0.5284615384615384 0.6805101373446698 0.04153846153846154 0.015042511445389144
2 0.546923076923077 0.6909744931327666 0.04461538461538461 0.018966644865925444
2 0.5876923076923077 0.6893394375408765 0.033846153846153845 0.024852844996729892
2 0.6261538461538462 0.7020928711576194 0.024615384615384615 0.013734466971877045
2 0.6546153846153846 0.7027468933943755 0.038461538461538464 0.018966644865925444
2 0.8653846153846154 0.7050359712230216 0.04461538461538461 0.018312622629169394
2 0.8076923076923077 0.6975147155003271 0.04923076923076923 0.018966644865925444
2 0.7492307692307693 0.6903204708960106 0.043076923076923075 0.017658600392413345
2 0.79 0.6778940483976456 0.038461538461538464 0.017658600392413345
2 0.8446153846153847 0.6805101373446698 0.033846153846153845 0.011118378024852845
2 0.7061538461538461 0.6729888816219752 0.04 0.017004578155657292
2 0.7676923076923077 0.6680837148463048 0.043076923076923075 0.012426422498364946
2 0.7523076923076923 0.6546762589928058 0.043076923076923075 0.014388489208633094
2 0.8246153846153846 0.6589274035317201 0.033846153846153845 0.012426422498364946
2 0.91 0.6592544146500982 0.038461538461538464 0.019620667102681493
2 0.8907692307692308 0.6334205362982341 0.043076923076923075 0.018966644865925444
2 0.9407692307692308 0.6298234139960759 0.03538461538461538 0.018312622629169394
2 0.9730769230769231 0.6376716808371485 0.04461538461538461 0.018312622629169394
2 0.8469230769230769 0.6415958142576847 0.038461538461538464 0.015696533682145193
2 0.7730769230769231 0.6409417920209287 0.047692307692307694 0.02354480052321779
2 0.8061538461538461 0.6330935251798562 0.04 0.017004578155657292
2 0.8507692307692307 0.6111837802485285 0.04 0.017658600392413345
2 0.9192307692307692 0.6000654022236757 0.038461538461538464 0.016350555918901243
2 0.8476923076923077 0.591236102027469 0.04 0.015696533682145193
2 0.7830769230769231 0.6216481360366253 0.027692307692307693 0.009810333551340747
2 0.7261538461538461 0.6285153695225638 0.04 0.014388489208633094
2 0.68 0.6347285807717463 0.05846153846153846 0.02681491170699804
2 0.7046153846153846 0.6507521255722695 0.027692307692307693 0.011772400261608895
2 0.6030769230769231 0.6219751471550033 0.033846153846153845 0.017004578155657292
2 0.6292307692307693 0.6612164813603663 0.033846153846153845 0.015696533682145193
2 0.5953846153846154 0.6625245258338784 0.043076923076923075 0.018312622629169394
2 0.20076923076923076 0.6334205362982341 0.03538461538461538 0.015042511445389144
2 0.054615384615384614 0.6330935251798562 0.04153846153846154 0.02223675604970569
2 0.12 0.6239372138652715 0.03692307692307692 0.017004578155657292
2 0.18615384615384614 0.6157619359058208 0.04923076923076923 0.020274689339437543
2 0.046153846153846156 0.6095487246566383 0.04 0.017004578155657292
2 0.024615384615384615 0.6141268803139307 0.03076923076923077 0.018312622629169394
2 0.12153846153846154 0.5846958796599084 0.04923076923076923 0.018312622629169394
2 0.02923076923076923 0.5866579463701767 0.04 0.018312622629169394
2 0.05846153846153846 0.5742315238718116 0.024615384615384615 0.010464355788096796
2 0.2776923076923077 0.5817527795945062 0.047692307692307694 0.018966644865925444
2 0.8969230769230769 0.5588620013080445 0.046153846153846156 0.02289077828646174
2 0.7384615384615385 0.578155657292348 0.03076923076923077 0.010464355788096796
2 0.7215384615384616 0.5618051013734467 0.055384615384615386 0.02354480052321779
2 0.566923076923077 0.5578809679529104 0.02923076923076923 0.014388489208633094
2 0.5053846153846154 0.5716154349247875 0.03230769230769231 0.014388489208633094
2 0.05384615384615385 0.5454545454545455 0.046153846153846156 0.020928711576193592
2 0.16615384615384615 0.5562459123610203 0.03076923076923077 0.012426422498364946
2 0.2569230769230769 0.5516677567037279 0.04 0.016350555918901243
2 0.28846153846153844 0.5372792674950949 0.03230769230769231 0.013734466971877045
2 0.32076923076923075 0.5346631785480707 0.04461538461538461 0.02289077828646174
2 0.36615384615384616 0.5336821451929366 0.03076923076923077 0.013080444735120995
2 0.3346153846153846 0.5206017004578156 0.03230769230769231 0.011772400261608895
2 0.37 0.5176586003924134 0.03230769230769231 0.015042511445389144
2 0.3930769230769231 0.5209287115761936 0.03230769230769231 0.015042511445389144
2 0.4430769230769231 0.5241988227599739 0.04 0.018966644865925444
2 0.4753846153846154 0.5284499672988882 0.027692307692307693 0.017004578155657292
2 0.53 0.5291039895356442 0.04461538461538461 0.019620667102681493
2 0.5684615384615385 0.5330281229561805 0.02923076923076923 0.013080444735120995
2 0.9807692307692307 0.5287769784172662 0.038461538461538464 0.017658600392413345
2 0.95 0.5235448005232178 0.038461538461538464 0.016350555918901243
2 0.9546153846153846 0.49607586657946373 0.03538461538461538 0.015042511445389144
2 0.8246153846153846 0.4905166775670373 0.03692307692307692 0.015696533682145193
2 0.8353846153846154 0.5091563113145847 0.046153846153846156 0.020274689339437543
2 0.77 0.5183126226291694 0.05384615384615385 0.02158273381294964
2 0.7 0.5202746893394375 0.046153846153846156 0.018966644865925444
2 0.66 0.5143884892086331 0.04 0.018966644865925444
2 0.6146153846153846 0.5170045781556574 0.04153846153846154 0.017658600392413345
2 0.5784615384615385 0.49869195552648793 0.04 0.016350555918901243
2 0.56 0.4905166775670373 0.033846153846153845 0.013080444735120995
2 0.3415384615384615 0.5026160889470243 0.033846153846153845 0.016350555918901243
2 0.29846153846153844 0.5049051667756704 0.043076923076923075 0.017004578155657292
2 0.19846153846153847 0.5101373446697188 0.046153846153846156 0.018312622629169394
2 0.2276923076923077 0.4852844996729889 0.04923076923076923 0.017004578155657292
2 0.2076923076923077 0.5003270111183781 0.027692307692307693 0.015696533682145193
2 0.14307692307692307 0.5085022890778287 0.033846153846153845 0.012426422498364946
2 0.11153846153846154 0.5065402223675606 0.03538461538461538 0.018966644865925444
2 0.09 0.4800523217789405 0.03230769230769231 0.018312622629169394
2 0.11692307692307692 0.46729888816219756 0.04 0.017658600392413345
2 0.15076923076923077 0.48953564421190326 0.024615384615384615 0.013734466971877045
2 0.18307692307692308 0.4797253106605625 0.043076923076923075 0.018966644865925444
2 0.18846153846153846 0.4493132766514062 0.038461538461538464 0.014388489208633094
2 0.2453846153846154 0.46337475474166123 0.05384615384615385 0.02289077828646174
2 0.28923076923076924 0.4708960104643558 0.027692307692307693 0.014388489208633094
2 0.30230769230769233 0.48332243296272076 0.03538461538461538 0.013080444735120995
2 0.34 0.4705689993459778 0.052307692307692305 0.018966644865925444
2 0.34384615384615386 0.4535644211903205 0.038461538461538464 0.013734466971877045
2 0.3192307692307692 0.4444081098757358 0.03230769230769231 0.013734466971877045
2 0.4015384615384615 0.43688685415304124 0.043076923076923075 0.018312622629169394
2 0.4823076923076923 0.46958796599084374 0.05384615384615385 0.020928711576193592
2 0.5261538461538462 0.4385219097449314 0.03692307692307692 0.013734466971877045
2 0.6176923076923077 0.45160235448005237 0.04461538461538461 0.018966644865925444
2 0.6838461538461539 0.43427076520601704 0.04153846153846154 0.015696533682145193
2 0.7353846153846154 0.44506213211249185 0.03692307692307692 0.015042511445389144
2 0.7430769230769231 0.42151733158927407 0.024615384615384615 0.011118378024852845
2 0.8 0.42282537606278614 0.046153846153846156 0.020274689339437543
2 0.8630769230769231 0.4310006540222368 0.04 0.018312622629169394
2 0.8753846153846154 0.40974493132766515 0.033846153846153845 0.011118378024852845
2 0.8176923076923077 0.38554610856769134 0.03230769230769231 0.013734466971877045
2 0.87 0.38554610856769134 0.04461538461538461 0.017658600392413345
2 0.9138461538461539 0.37508175277959455 0.04 0.013734466971877045
2 0.8484615384615385 0.3564421190320471 0.03538461538461538 0.011772400261608895
2 0.7546153846153846 0.35546108567691304 0.04153846153846154 0.017658600392413345
2 0.7376923076923076 0.3868541530412034 0.04461538461538461 0.018966644865925444
2 0.6876923076923077 0.39143230869849577 0.052307692307692305 0.017658600392413345
2 0.5961538461538461 0.41203400915631133 0.047692307692307694 0.020928711576193592
2 0.5584615384615385 0.4025506867233486 0.03076923076923077 0.012426422498364946
2 0.5592307692307692 0.3868541530412034 0.05384615384615385 0.018966644865925444
2 0.4576923076923077 0.41007194244604317 0.03230769230769231 0.013080444735120995
2 0.4053846153846154 0.40712884238064095 0.03230769230769231 0.013734466971877045
2 0.5030769230769231 0.3875081752779595 0.033846153846153845 0.012426422498364946
2 0.4684615384615385 0.3783518639633748 0.03538461538461538 0.012426422498364946
2 0.45076923076923076 0.3930673642903859 0.046153846153846156 0.020928711576193592
2 0.4115384615384615 0.3770438194898627 0.03230769230769231 0.013734466971877045
2 0.3030769230769231 0.38587311968606935 0.03692307692307692 0.014388489208633094
2 0.22538461538461538 0.3734466971877044 0.04461538461538461 0.019620667102681493
2 0.21461538461538462 0.39764551994767827 0.047692307692307694 0.018312622629169394
2 0.19692307692307692 0.42903858731196864 0.043076923076923075 0.018312622629169394
2 0.22538461538461538 0.4408109875735775 0.02923076923076923 0.014388489208633094
2 0.03230769230769231 0.43688685415304124 0.05846153846153846 0.017004578155657292
2 0.13846153846153847 0.42903858731196864 0.04923076923076923 0.02746893394375409
2 0.13 0.4038587311968607 0.047692307692307694 0.017658600392413345
2 0.04923076923076923 0.40549378678875087 0.046153846153846156 0.019620667102681493
2 0.25461538461538463 0.3875081752779595 0.03230769230769231 0.012426422498364946
2 0.17461538461538462 0.37442773054283846 0.02923076923076923 0.018966644865925444
2 0.13615384615384615 0.36919555264879006 0.06 0.017658600392413345
2 0.07 0.35022890778286464 0.03538461538461538 0.017658600392413345
2 0.1 0.33158927403531724 0.04923076923076923 0.020928711576193592
2 0.05307692307692308 0.2956180510137345 0.03230769230769231 0.011772400261608895
2 0.17307692307692307 0.3116415958142577 0.038461538461538464 0.017658600392413345
2 0.2076923076923077 0.3136036625245259 0.03692307692307692 0.02158273381294964
2 0.27076923076923076 0.33060824068018313 0.046153846153846156 0.020274689339437543
2 0.3161538461538462 0.3109875735775017 0.05076923076923077 0.018966644865925444
2 0.33076923076923076 0.3302812295618051 0.024615384615384615 0.011772400261608895
2 0.4153846153846154 0.31066056245912366 0.03076923076923077 0.011772400261608895
2 0.4369230769230769 0.31196860693263573 0.033846153846153845 0.018312622629169394
2 0.5023076923076923 0.328646173969915 0.04461538461538461 0.020274689339437543
2 0.55 0.32275997383911054 0.03538461538461538 0.018966644865925444
2 0.5915384615384616 0.3165467625899281 0.03230769230769231 0.011772400261608895
2 0.7315384615384616 0.31229561805101375 0.047692307692307694 0.016350555918901243
2 0.8930769230769231 0.28482668410725964 0.047692307692307694 0.020274689339437543
2 0.8123076923076923 0.28613472858077177 0.04 0.018966644865925444
2 0.8492307692307692 0.32537606278613473 0.03076923076923077 0.016350555918901243
2 0.8461538461538461 0.28548070634401573 0.03076923076923077 0.011118378024852845
2 0.7346153846153847 0.2946370176586004 0.03230769230769231 0.011118378024852845
2 0.7284615384615385 0.27959450621321125 0.03230769230769231 0.012426422498364946
2 0.62 0.27240026160889474 0.046153846153846156 0.02419882275997384
2 0.6923076923076923 0.275670372792675 0.03076923076923077 0.012426422498364946
2 0.6746153846153846 0.2645519947678221 0.04461538461538461 0.017658600392413345
2 0.7207692307692307 0.2668410725964683 0.06 0.018312622629169394
2 0.5584615384615385 0.26357096141268804 0.052307692307692305 0.02616088947024199
2 0.4246153846153846 0.2681491170699804 0.03692307692307692 0.015696533682145193
2 0.39076923076923076 0.2570307390451276 0.03076923076923077 0.017004578155657292
2 0.33615384615384614 0.26618705035971224 0.02923076923076923 0.013080444735120995
2 0.4146153846153846 0.24002616088947026 0.03538461538461538 0.014388489208633094
2 0.27 0.2694571615434925 0.04153846153846154 0.015696533682145193
2 0.2676923076923077 0.2537606278613473 0.027692307692307693 0.015696533682145193
2 0.22384615384615383 0.2589928057553957 0.04153846153846154 0.017004578155657292
2 0.09230769230769231 0.26618705035971224 0.046153846153846156 0.019620667102681493
2 0.11923076923076924 0.20928711576193593 0.02923076923076923 0.014388489208633094
2 0.16923076923076924 0.20961412688031394 0.04 0.017658600392413345
2 0.22692307692307692 0.21713538260300852 0.02923076923076923 0.015696533682145193
2 0.2915384615384615 0.2311968606932636 0.03538461538461538 0.015042511445389144
2 0.30538461538461537 0.20994113799869196 0.038461538461538464 0.013080444735120995
2 0.35384615384615387 0.20863309352517986 0.043076923076923075 0.015696533682145193
2 0.42615384615384616 0.21517331589274036 0.03692307692307692 0.015696533682145193
2 0.4938461538461538 0.2115761935905821 0.04923076923076923 0.016350555918901243
2 0.5438461538461539 0.22563767168083718 0.038461538461538464 0.015696533682145193
2 0.5992307692307692 0.22236756049705692 0.04153846153846154 0.019620667102681493
2 0.65 0.20830608240680185 0.038461538461538464 0.013734466971877045
2 0.6684615384615384 0.21353826030085024 0.04153846153846154 0.013734466971877045
2 0.8061538461538461 0.21353826030085024 0.046153846153846156 0.016350555918901243
2 0.7530769230769231 0.20896010464355788 0.02923076923076923 0.011118378024852845
2 0.7707692307692308 0.1998037933289732 0.043076923076923075 0.018966644865925444
2 0.7246153846153847 0.18051013734466972 0.033846153846153845 0.013080444735120995
2 0.6792307692307692 0.18770438194898628 0.05692307692307692 0.018312622629169394
2 0.686923076923077 0.16710268149117072 0.02923076923076923 0.016350555918901243
2 0.6315384615384615 0.16154349247874428 0.047692307692307694 0.020928711576193592
2 0.6976923076923077 0.13113145846958799 0.047692307692307694 0.015042511445389144
2 0.7792307692307693 0.13734466971877043 0.038461538461538464 0.014388489208633094
2 0.7530769230769231 0.14257684761281886 0.03538461538461538 0.015696533682145193
2 0.5723076923076923 0.16121648136036626 0.055384615384615386 0.02158273381294964
2 0.5146153846153846 0.1788750817527796 0.05076923076923077 0.020274689339437543
2 0.5653846153846154 0.17560497056899935 0.03538461538461538 0.013734466971877045
2 0.5207692307692308 0.1458469587965991 0.04461538461538461 0.015696533682145193
2 0.43538461538461537 0.16906474820143885 0.03076923076923077 0.013734466971877045
2 0.47692307692307695 0.15598430346631786 0.052307692307692305 0.012426422498364946
2 0.43538461538461537 0.144538914323087 0.04923076923076923 0.018312622629169394
2 0.35923076923076924 0.16710268149117072 0.047692307692307694 0.016350555918901243
2 0.14076923076923076 0.1798561151079137 0.03538461538461538 0.020928711576193592
2 0.2023076923076923 0.1723348593852191 0.04153846153846154 0.02158273381294964
2 0.2792307692307692 0.17952910398953564 0.04461538461538461 0.013734466971877045
2 0.29615384615384616 0.1693917593198169 0.038461538461538464 0.011772400261608895
2 0.29538461538461536 0.15860039241334206 0.03076923076923077 0.016350555918901243
2 0.25153846153846154 0.170699803793329 0.038461538461538464 0.013080444735120995
2 0.20846153846153845 0.16219751471550034 0.038461538461538464 0.013080444735120995
2 0.22692307692307692 0.14780902550686725 0.04153846153846154 0.018312622629169394
2 0.24153846153846154 0.15794637017658603 0.04 0.013734466971877045
2 0.2923076923076923 0.1393067364290386 0.04 0.015696533682145193
2 0.25461538461538463 0.13047743623283192 0.03230769230769231 0.015042511445389144
2 0.1946153846153846 0.13178548070634402 0.02923076923076923 0.020274689339437543
2 0.21153846153846154 0.11805101373446698 0.03538461538461538 0.016350555918901243
2 0.27076923076923076 0.11935905820797908 0.033846153846153845 0.013734466971877045
2 0.29384615384615387 0.10497056899934598 0.03076923076923077 0.020274689339437543
2 0.2376923076923077 0.09712230215827339 0.04461538461538461 0.02158273381294964
2 0.36230769230769233 0.0974493132766514 0.047692307692307694 0.017004578155657292
2 0.4046153846153846 0.08567691301504252 0.033846153846153845 0.015696533682145193
2 0.4907692307692308 0.09319816873773709 0.04923076923076923 0.017658600392413345
2 0.556923076923077 0.11183780248528451 0.052307692307692305 0.02354480052321779
2 0.6038461538461538 0.0974493132766514 0.04153846153846154 0.018312622629169394
2 0.5776923076923077 0.07913669064748202 0.05384615384615385 0.013080444735120995
2 0.6269230769230769 0.09385219097449314 0.02923076923076923 0.015042511445389144
2 0.5207692307692308 0.07815565729234794 0.03538461538461538 0.013734466971877045
2 0.536923076923077 0.07030739045127535 0.033846153846153845 0.011118378024852845
2 0.9738461538461538 0.10398953564421191 0.03076923076923077 0.011772400261608895
2 0.9507692307692308 0.0670372792674951 0.03076923076923077 0.013734466971877045
2 0.8553846153846154 0.009483322432962722 0.04 0.017658600392413345
2 0.8853846153846154 0.02223675604970569 0.038461538461538464 0.017004578155657292
2 0.8592307692307692 0.04774362328319163 0.047692307692307694 0.020928711576193592
2 0.8084615384615385 0.049705689993459784 0.03538461538461538 0.015696533682145193
2 0.7553846153846154 0.04316546762589928 0.046153846153846156 0.018312622629169394
2 0.6853846153846154 0.015696533682145193 0.038461538461538464 0.015696533682145193
2 0.6361538461538462 0.05035971223021583 0.03538461538461538 0.013080444735120995
2 0.5723076923076923 0.027795945062132114 0.033846153846153845 0.017658600392413345
2 0.6184615384615385 0.019947678221059518 0.027692307692307693 0.016350555918901243
2 0.5323076923076923 0.03793328973185089 0.04 0.013080444735120995
2 0.5430769230769231 0.05068672334859386 0.04 0.013734466971877045
2 0.4876923076923077 0.044800523217789406 0.021538461538461538 0.012426422498364946
2 0.5053846153846154 0.04774362328319163 0.02 0.011772400261608895
2 0.44153846153846155 0.05101373446697188 0.033846153846153845 0.011772400261608895
2 0.37 0.0670372792674951 0.02923076923076923 0.011118378024852845
2 0.45 0.03858731196860694 0.04461538461538461 0.018312622629169394
2 0.3707692307692308 0.04512753433616743 0.043076923076923075 0.017004578155657292
2 0.29538461538461536 0.04512753433616743 0.04923076923076923 0.019620667102681493
2 0.2153846153846154 0.059516023544800525 0.03692307692307692 0.017004578155657292
2 0.1346153846153846 0.02289077828646174 0.04461538461538461 0.017004578155657292
2 0.22230769230769232 0.01406147809025507 0.04153846153846154 0.017658600392413345
2 0.17076923076923076 0.9820143884892087 0.04 0.009810333551340747
2 0.17076923076923076 0.9695879659908437 0.03692307692307692 0.016350555918901243
2 0.18076923076923077 0.9378678875081753 0.03230769230769231 0.014388489208633094
2 0.20461538461538462 0.933289731850883 0.033846153846153845 0.014388489208633094
2 0.25153846153846154 0.9032047089601047 0.03538461538461538 0.013080444735120995
2 0.28384615384615386 0.892740353172008 0.047692307692307694 0.019620667102681493
2 0.07 0.01929365598430347 0.04153846153846154 0.017658600392413345
2 0.019230769230769232 0.03531720078482669 0.03538461538461538 0.017004578155657292
2 0.3269230769230769 0.030412034009156312 0.03230769230769231 0.018966644865925444
2 0.4969230769230769 0.017658600392413345 0.033846153846153845 0.017004578155657292
2 0.4453846153846154 0.01863963374754742 0.02923076923076923 0.017658600392413345
2 0.813076923076923 0.16448659254414652 0.038461538461538464 0.016350555918901243
2 0.5976923076923077 0.1209941137998692 0.026153846153846153 0.010464355788096796
2 0.8938461538461538 0.2141922825376063 0.04923076923076923 0.02289077828646174
2 0.9038461538461539 0.23446697187704382 0.02923076923076923 0.013734466971877045
2 0.2353846153846154 0.32374100719424465 0.027692307692307693 0.013080444735120995
2 0.02076923076923077 0.368541530412034 0.038461538461538464 0.02419882275997384
2 0.823076923076923 0.4064748201438849 0.046153846153846156 0.013734466971877045
2 0.7638461538461538 0.433943754087639 0.03230769230769231 0.013734466971877045
2 0.7115384615384616 0.4852844996729889 0.03538461538461538 0.013080444735120995
2 0.9223076923076923 0.512426422498365 0.038461538461538464 0.020274689339437543
2 0.7284615384615385 0.5362982341399608 0.038461538461538464 0.014388489208633094
2 0.21 0.5631131458469588 0.03538461538461538 0.014388489208633094
2 0.23153846153846153 0.6393067364290387 0.02 0.011118378024852845
2 0.2569230769230769 0.6425768476128189 0.027692307692307693 0.013734466971877045
2 0.013076923076923076 0.7393721386527142 0.023076923076923078 0.018966644865925444
2 0.014615384615384615 0.7599738391105298 0.026153846153846153 0.019620667102681493
2 0.2923076923076923 0.7920209287115763 0.03692307692307692 0.020928711576193592
2 0.9315384615384615 0.7717462393721387 0.026153846153846153 0.011772400261608895
2 0.9869230769230769 0.8109875735775017 0.026153846153846153 0.015696533682145193
2 0.055384615384615386 0.880640941792021 0.027692307692307693 0.011118378024852845
2 0.05846153846153846 0.9879005886200132 0.04923076923076923 0.02289077828646174
2 0.11461538461538462 0.9924787442773055 0.038461538461538464 0.011118378024852845
2 0.6484615384615384 0.985938521909745 0.04153846153846154 0.02419882275997384
