2 0.9100169779286927 0.9850413749204328 0.06112054329371817 0.02227880330999363
2 0.8285229202037351 0.9379376193507319 0.050933786078098474 0.017186505410566516
2 0.5933786078098472 0.9551241247612985 0.042444821731748725 0.017186505410566516
2 0.5764006791171477 0.9099299809038828 0.04584040747028863 0.019732654360280075
2 0.466893039049236 0.9898154042011457 0.044142614601018676 0.015276893698281349
2 0.3777589134125637 0.9589433481858688 0.04923599320882852 0.02227880330999363
2 0.3064516129032258 0.949395289624443 0.05263157894736842 0.018459579885423297
2 0.23174872665534804 0.9417568427753022 0.04584040747028863 0.015913430935709738
2 0.19864176570458403 0.9115213239974538 0.05432937181663837 0.016549968173138127
2 0.2436332767402377 0.8901973265436027 0.05602716468590832 0.019732654360280075
2 0.08488964346349745 0.9392106938255887 0.04753820033955857 0.015913430935709738
2 0.07470288624787776 0.9719923615531508 0.06112054329371817 0.017823042647994905
2 0.04584040747028863 0.957670273711012 0.030560271646859084 0.01336728198599618
2 0.02461799660441426 0.9054742202418841 0.04584040747028863 0.017186505410566516
2 0.07385398981324279 0.8812858052196053 0.042444821731748725 0.017186505410566516
2 0.13073005093378606 0.8746021642266072 0.04753820033955857 0.019096117122851686
2 0.05432937181663837 0.7842138765117759 0.050933786078098474 0.021642266072565242
2 0.09592529711375213 0.8262253341820496 0.059422750424448216 0.017823042647994905
2 0.8862478777589134 0.7959898154042011 0.044142614601018676 0.017186505410566516
2 0.398981324278438 0.864417568427753 0.04753820033955857 0.01400381922342457
2 0.9244482173174873 0.8647358370464672 0.03904923599320883 0.018459579885423297
2 0.8726655348047538 0.828453214513049 0.044142614601018676 0.014640356460852958
2 0.8828522920203735 0.7148313176320814 0.07130730050933785 0.022915340547422024
2 0.7071307300509337 0.6785486950986632 0.059422750424448216 0.016549968173138127
2 0.5466893039049235 0.6661362189688096 0.040747028862478774 0.014640356460852958
2 0.5186757215619694 0.6807765754296626 0.03904923599320883 0.01336728198599618
2 0.4728353140916808 0.6810948440483767 0.04584040747028863 0.017823042647994905
2 0.4397283531409168 0.7205601527689369 0.040747028862478774 0.01400381922342457
2 0.42699490662139217 0.6559516231699554 0.04923599320882852 0.018459579885423297
2 0.41086587436332767 0.6795035009548058 0.044142614601018676 0.019732654360280075
2 0.3522920203735144 0.6823679185232335 0.042444821731748725 0.017823042647994905
2 0.2767402376910017 0.6409929980903882 0.040747028862478774 0.015276893698281349
2 0.8947368421052632 0.5569700827498408 0.040747028862478774 0.016549968173138127
2 0.8556876061120543 0.5009548058561425 0.03395585738539898 0.017823042647994905
2 0.7258064516129032 0.5006365372374284 0.06621392190152801 0.017186505410566516
2 0.634974533106961 0.5385105028644175 0.05432937181663837 0.017823042647994905
2 0.8387096774193549 0.4659452577975811 0.04753820033955857 0.020369191597708464
2 0.3149405772495755 0.678230426479949 0.03225806451612903 0.0120942075111394
2 0.5526315789473684 0.5225970719287077 0.028862478777589132 0.017823042647994905
2 0.5093378607809848 0.5286441756842775 0.03735144312393888 0.015913430935709738
2 0.37521222410865873 0.5222788033099935 0.057724957555178265 0.021005728835136853
2 0.13921901528013583 0.524506683640993 0.03735144312393888 0.011457670273711012
2 0.0831918505942275 0.5741565881604074 0.040747028862478774 0.015276893698281349
2 0.2699490662139219 0.5789306174411203 0.040747028862478774 0.0120942075111394
2 0.23089983022071306 0.5324633991088479 0.04753820033955857 0.021005728835136853
2 0.199490662139219 0.45257797581158493 0.04923599320882852 0.016549968173138127
2 0.4847198641765704 0.46308084022915336 0.06281833616298811 0.019732654360280075
2 0.9219015280135824 0.35614258434118395 0.044142614601018676 0.014640356460852958
2 0.8361629881154499 0.3851050286441757 0.04584040747028863 0.019096117122851686
2 0.6629881154499151 0.390515595162317 0.03904923599320883 0.019732654360280075
2 0.6230899830220713 0.385741565881604 0.03395585738539898 0.015276893698281349
2 0.6230899830220713 0.35614258434118395 0.03395585738539898 0.01336728198599618
2 0.5432937181663837 0.36791852323360913 0.044142614601018676 0.01400381922342457
2 0.568760611205433 0.37810311903246335 0.044142614601018676 0.019096117122851686
2 0.5806451612903226 0.3940165499681731 0.040747028862478774 0.015276893698281349
2 0.5237691001697793 0.39306174411203054 0.04923599320882852 0.019732654360280075
2 0.5169779286926994 0.4124761298535964 0.04584040747028863 0.017823042647994905
2 0.47453310696095075 0.41152132399745384 0.03225806451612903 0.015913430935709738
2 0.4397283531409168 0.4054742202418841 0.03735144312393888 0.01273074474856779
2 0.45500848896434637 0.39083386378103113 0.030560271646859084 0.01273074474856779
2 0.36757215619694394 0.4092934436664545 0.042444821731748725 0.016549968173138127
2 0.4388794567062818 0.4309357097390197 0.028862478777589132 0.01273074474856779
2 0.3395585738539898 0.40260980267345636 0.030560271646859084 0.01336728198599618
2 0.34804753820033957 0.3882877148313176 0.040747028862478774 0.016549968173138127
2 0.3837011884550085 0.385741565881604 0.044142614601018676 0.016549968173138127
2 0.40492359932088284 0.3956078930617441 0.03225806451612903 0.01336728198599618
2 0.3174872665534805 0.36059834500318266 0.05432937181663837 0.021005728835136853
2 0.3760611205432937 0.3583704646721833 0.04584040747028863 0.016549968173138127
2 0.31069609507640067 0.3819223424570337 0.03395585738539898 0.01400381922342457
2 0.6196943972835314 0.45798854232972624 0.030560271646859084 0.01336728198599618
2 0.39728353140916806 0.4847231063017186 0.03395585738539898 0.017186505410566516
2 0.4864176570458404 0.31317632081476765 0.03565365025466893 0.015276893698281349
2 0.31833616298811546 0.3150859325270528 0.03225806451612903 0.019096117122851686
2 0.2563667232597623 0.33036282622533414 0.03735144312393888 0.016549968173138127
2 0.2266553480475382 0.3093570973901973 0.042444821731748725 0.01273074474856779
2 0.1765704584040747 0.32622533418204963 0.044142614601018676 0.014640356460852958
2 0.13073005093378606 0.3532781667727562 0.04753820033955857 0.015276893698281349
2 0.11205432937181664 0.3217695735200509 0.057724957555178265 0.018459579885423297
2 0.200339558573854 0.2546148949713558 0.040747028862478774 0.017823042647994905
2 0.2266553480475382 0.21578612348822404 0.059422750424448216 0.019096117122851686
2 0.3455008488964346 0.23297262889879056 0.03904923599320883 0.01400381922342457
2 0.3921901528013582 0.23392743475493313 0.030560271646859084 0.0120942075111394
2 0.8361629881154499 0.23647358370464672 0.04923599320882852 0.015913430935709738
2 0.8157894736842105 0.2113303628262253 0.03565365025466893 0.01400381922342457
2 0.8480475382003395 0.2119669000636537 0.03225806451612903 0.01400381922342457
2 0.8701188455008488 0.1931890515595162 0.03565365025466893 0.01336728198599618
2 0.900679117147708 0.18491406747294714 0.03904923599320883 0.021005728835136853
2 0.6952461799660441 0.20846594525779757 0.05263157894736842 0.021005728835136853
2 0.7419354838709677 0.18618714194780392 0.050933786078098474 0.021005728835136853
2 0.6400679117147708 0.20241884150222786 0.040747028862478774 0.01400381922342457
2 0.564516129032258 0.20432845321451304 0.028862478777589132 0.01273074474856779
2 0.5636672325976231 0.18427753023551877 0.04753820033955857 0.015913430935709738
2 0.5959252971137521 0.192870782940802 0.03395585738539898 0.015276893698281349
2 0.5229202037351443 0.20528325907065562 0.040747028862478774 0.017186505410566516
2 0.42020373514431236 0.21451304901336726 0.04923599320882852 0.01400381922342457
2 0.48047538200339557 0.17409293443666454 0.06112054329371817 0.015913430935709738
2 0.3455008488964346 0.19605346912794397 0.04584040747028863 0.01400381922342457
2 0.34295415959252973 0.1817313812858052 0.050933786078098474 0.014640356460852958
2 0.2792869269949066 0.18746021642266072 0.06281833616298811 0.015913430935709738
2 0.24108658743633277 0.17886696371737745 0.03735144312393888 0.01400381922342457
2 0.8344651952461799 0.08084022915340547 0.03565365025466893 0.017823042647994905
2 0.8718166383701188 0.09452577975811584 0.03904923599320883 0.018459579885423297
2 0.8811544991511036 0.11680458306810948 0.03735144312393888 0.0120942075111394
2 0.5882852292020373 0.1572246976448122 0.042444821731748725 0.01400381922342457
2 0.4872665534804754 0.13749204328453213 0.06451612903225806 0.02673456397199236
2 0.21816638370118846 0.14831317632081475 0.05263157894736842 0.01273074474856779
2 0.38879456706281834 0.10025461489497135 0.04753820033955857 0.015913430935709738
2 0.43378607809847197 0.08561425843411839 0.042444821731748725 0.014640356460852958
2 0.5042444821731749 0.08625079567154678 0.040747028862478774 0.014640356460852958
2 0.5407470288624787 0.11171228516868235 0.03904923599320883 0.014640356460852958
2 0.50169779286927 0.11425843411839592 0.03904923599320883 0.0120942075111394
2 0.5534804753820034 0.08688733290897517 0.030560271646859084 0.01336728198599618
2 0.6044142614601019 0.09770846594525778 0.04753820033955857 0.015913430935709738
2 0.6061120543293718 0.14290260980267344 0.03735144312393888 0.010821133036282621
2 0.6494057724957555 0.1031190324633991 0.03225806451612903 0.011457670273711012
2 0.6943972835314092 0.10757479312539783 0.03395585738539898 0.015276893698281349
2 0.6935483870967741 0.12889879057924888 0.03565365025466893 0.014640356460852958
2 0.7266553480475382 0.12285168682367918 0.023769100169779286 0.01273074474856779
2 0.9202037351443124 0.023551877784850413 0.044142614601018676 0.016549968173138127
2 0.7707979626485568 0.027689369828134944 0.050933786078098474 0.021005728835136853
2 0.7062818336162988 0.04805856142584341 0.044142614601018676 0.017186505410566516
2 0.6307300509337861 0.08274984086569064 0.042444821731748725 0.01400381922342457
2 0.6383701188455009 0.05983450031826861 0.07130730050933785 0.017823042647994905
2 0.6910016977928692 0.07192870782940801 0.040747028862478774 0.01400381922342457
2 0.6247877758913413 0.017186505410566516 0.04753820033955857 0.021642266072565242
2 0.633276740237691 0.042647994907702096 0.03395585738539898 0.01400381922342457
2 0.25806451612903225 0.049968173138128576 0.050933786078098474 0.01336728198599618
2 0.31833616298811546 0.08179503500954806 0.042444821731748725 0.015913430935709738
2 0.3081494057724958 0.010821133036282621 0.04923599320882852 0.017823042647994905
2 0.3684210526315789 0.03150859325270528 0.040747028862478774 0.014640356460852958
2 0.4312393887945671 0.03469127943984723 0.05432937181663837 0.017186505410566516
2 0.5110356536502546 0.04551241247612985 0.06112054329371817 0.019732654360280075
2 0.3293718166383701 0.04360280076384468 0.040747028862478774 0.0120942075111394
2 0.1774193548387097 0.09834500318268619 0.03904923599320883 0.01336728198599618
2 0.331918505942275 0.7495225970719287 0.03904923599320883 0.014640356460852958
2 0.4312393887945671 0.743475493316359 0.03395585738539898 0.01400381922342457
2 0.5288624787775891 0.7460216422660725 0.03565365025466893 0.01400381922342457
2 0.8064516129032258 0.7307447485677911 0.03735144312393888 0.017823042647994905
2 0.4524617996604414 0.593252705283259 0.03904923599320883 0.015276893698281349
2 0.7045840407470289 0.7536600891152132 0.044142614601018676 0.01273074474856779
2 0.4261460101867572 0.7985359643539146 0.040747028862478774 0.014640356460852958
2 0.7894736842105263 0.14799490770210055 0.05432937181663837 0.015913430935709738
2 0.7478777589134126 0.10630171865054105 0.03904923599320883 0.017823042647994905
2 0.8285229202037351 0.11712285168682367 0.057724957555178265 0.015276893698281349
2 0.9278438030560272 0.15499681731381285 0.03904923599320883 0.01336728198599618
2 0.18505942275042445 0.015595162316995544 0.03735144312393888 0.021005728835136853
2 0.39134125636672323 0.018777848504137492 0.028862478777589132 0.009548058561425843
2 0.7258064516129032 0.019732654360280075 0.03565365025466893 0.015276893698281349
2 0.5713073005093379 0.062380649267982174 0.05263157894736842 0.010184595798854232
2 0.16893039049235992 0.0728835136855506 0.028862478777589132 0.014640356460852958
2 0.3387096774193548 0.11234882240611074 0.042444821731748725 0.01336728198599618
2 0.2767402376910017 0.12858052196053468 0.07130730050933785 0.020369191597708464
2 0.4074702886247878 0.1623169955442393 0.030560271646859084 0.010184595798854232
2 0.43378607809847197 0.1527689369828135 0.042444821731748725 0.01400381922342457
2 0.3938879456706282 0.14831317632081475 0.023769100169779286 0.01273074474856779
2 0.4244482173174873 0.13271801400381922 0.027164685908319185 0.009548058561425843
2 0.47198641765704585 0.09802673456397198 0.03395585738539898 0.011457670273711012
2 0.6264855687606112 0.12539783577339272 0.03735144312393888 0.01273074474856779
2 0.18590831918505943 0.19096117122851686 0.042444821731748725 0.010184595798854232
2 0.29711375212224106 0.22915340547422022 0.03395585738539898 0.010184595798854232
2 0.43378607809847197 0.18936982813494588 0.03225806451612903 0.0120942075111394
2 0.4847198641765704 0.20114576702737108 0.028862478777589132 0.01400381922342457
2 0.6969439728353141 0.1696371737746658 0.01867572156196944 0.010821133036282621
2 0.83276740237691 0.18714194780394652 0.03225806451612903 0.015276893698281349
2 0.8921901528013583 0.20973901973265435 0.03225806451612903 0.014640356460852958
2 0.9176570458404074 0.2138765117759389 0.022071307300509338 0.01273074474856779
2 0.7589134125636672 0.21705919796308082 0.03735144312393888 0.016549968173138127
2 0.4303904923599321 0.23297262889879056 0.03565365025466893 0.010184595798854232
2 0.020373514431239387 0.24729471674092932 0.023769100169779286 0.008274984086569064
2 0.13412563667232597 0.279439847231063 0.04753820033955857 0.016549968173138127
2 0.42699490662139217 0.3459579885423297 0.04584040747028863 0.0120942075111394
2 0.7266553480475382 0.32718014003819224 0.044142614601018676 0.01273074474856779
2 0.8370118845500849 0.3058561425843412 0.030560271646859084 0.014640356460852958
2 0.7877758913412564 0.37810311903246335 0.030560271646859084 0.011457670273711012
2 0.37860780984719866 0.4306174411203055 0.030560271646859084 0.014640356460852958
2 0.03310696095076401 0.3851050286441757 0.04584040747028863 0.01273074474856779
2 0.9278438030560272 0.5194143857415658 0.03904923599320883 0.015276893698281349
2 0.5152801358234296 0.5490133672819859 0.03565365025466893 0.014640356460852958
2 0.039898132427843805 0.6187141947803946 0.028862478777589132 0.01400381922342457
2 0.20967741935483872 0.6416295353278166 0.03904923599320883 0.016549968173138127
2 0.09847198641765705 0.6623169955442393 0.03735144312393888 0.0120942075111394
2 0.28862478777589134 0.6241247612985359 0.040747028862478774 0.014640356460852958
2 0.2775891341256367 0.6712285168682367 0.028862478777589132 0.01336728198599618
2 0.38879456706281834 0.702737110120942 0.027164685908319185 0.017823042647994905
2 0.42105263157894735 0.7071928707829408 0.03395585738539898 0.011457670273711012
2 0.298811544991511 0.6982813494589433 0.030560271646859084 0.016549968173138127
2 0.865874363327674 0.6464035646085295 0.044142614601018676 0.014640356460852958
2 0.6027164685908319 0.6530872056015277 0.040747028862478774 0.01273074474856779
2 0.7767402376910016 0.7479312539783577 0.04923599320882852 0.016549968173138127
2 0.5195246179966044 0.7928071292170591 0.040747028862478774 0.014640356460852958
2 0.44906621392190155 0.7708465945257797 0.03225806451612903 0.011457670273711012
2 0.15195246179966043 0.7886696371737746 0.042444821731748725 0.015276893698281349
2 0.09168081494057725 0.8064926798217695 0.027164685908319185 0.008911521323997453
2 0.028862478777589132 0.800763844684914 0.030560271646859084 0.0076384468491406746
2 0.022920203735144314 0.8160407383831954 0.025466893039049237 0.010184595798854232
2 0.014431239388794566 0.8437301082113303 0.022071307300509338 0.009548058561425843
2 0.013582342954159592 0.8736473583704646 0.023769100169779286 0.017186505410566516
2 0.48132427843803055 0.8539147040101845 0.03565365025466893 0.014640356460852958
2 0.4168081494057725 0.9175684277530235 0.03565365025466893 0.0120942075111394
2 0.13157894736842105 0.960852959898154 0.05263157894736842 0.018459579885423297
2 0.9872665534804753 0.9162953532781667 0.025466893039049237 0.014640356460852958
2 0.6052631578947368 0.7202418841502227 0.025466893039049237 0.0120942075111394
2 0.33446519524617996 0.4598981540420114 0.040747028862478774 0.015913430935709738
2 0.12054329371816638 0.44016549968173135 0.03395585738539898 0.010821133036282621
2 0.11544991511035653 0.48122215149586245 0.027164685908319185 0.011457670273711012
2 0.8964346349745331 0.27975811584977717 0.030560271646859084 0.010821133036282621
2 0.6604414261460102 0.14894971355824316 0.027164685908319185 0.011457670273711012
2 0.6383701188455009 0.1521323997453851 0.020373514431239387 0.010184595798854232
