2 0.1174785100286533 0.10313075506445671 0.028653295128939826 0.013505217925107426
2 0.15687679083094555 0.4797421731123388 0.0329512893982808 0.011663597298956415
2 0.24713467048710602 0.01749539594843462 0.0329512893982808 0.007980356046654388
2 0.2951289398280802 0.05187231430325352 0.03151862464183381 0.011663597298956415
2 0.3001432664756447 0.03069367710251688 0.03008595988538682 0.012277470841006752
2 0.3452722063037249 0.05371393492940454 0.03151862464183381 0.010435850214855739
2 0.49570200573065903 0.03775322283609576 0.028653295128939826 0.012891344383057089
2 0.43553008595988535 0.03007980356046654 0.020057306590257878 0.011049723756906077
2 0.6088825214899714 0.06353591160220994 0.040114613180515755 0.014119091467157764
2 0.5 0.06967464702271331 0.028653295128939826 0.011663597298956415
2 0.4591690544412607 0.08962553713934929 0.0329512893982808 0.013505217925107426
2 0.5544412607449857 0.09269490484960098 0.025787965616045846 0.012277470841006752
2 0.6038681948424068 0.09484346224677716 0.03008595988538682 0.012891344383057089
2 0.6368194842406877 0.09453652547575199 0.03008595988538682 0.011049723756906077
2 0.748567335243553 0.08901166359729895 0.03008595988538682 0.013505217925107426
2 0.8495702005730659 0.08809085328422345 0.03724928366762178 0.012891344383057089
2 0.7671919770773639 0.05064456721915285 0.03008595988538682 0.011663597298956415
2 0.826647564469914 0.03621853898096992 0.028653295128939826 0.011049723756906077
2 0.7893982808022922 0.041743400859422956 0.028653295128939826 0.011049723756906077
2 0.7492836676217765 0.059545733578882744 0.028653295128939826 0.009821976672805401
2 0.7227793696275071 0.058011049723756904 0.03008595988538682 0.011663597298956415
2 0.7027220630372493 0.04266421117249846 0.03581661891117478 0.012891344383057089
2 0.6590257879656161 0.041743400859422956 0.034383954154727794 0.013505217925107426
2 0.31876790830945556 0.07980356046654388 0.03581661891117478 0.011049723756906077
2 0.3975644699140401 0.07642725598526703 0.024355300859598854 0.010435850214855739
2 0.42478510028653294 0.11878453038674032 0.03581661891117478 0.01534683855125844
2 0.5164756446991404 0.11049723756906077 0.04154727793696275 0.01718845917740945
2 0.5136103151862464 0.13535911602209943 0.03868194842406877 0.012891344383057089
2 0.6446991404011461 0.12615101289134437 0.034383954154727794 0.014119091467157764
2 0.7191977077363897 0.12707182320441987 0.03151862464183381 0.009821976672805401
2 0.7951289398280802 0.10926949048496008 0.03724928366762178 0.014732965009208102
2 0.7922636103151862 0.13075506445672191 0.034383954154727794 0.011049723756906077
2 0.8789398280802292 0.13413136893799876 0.0329512893982808 0.014119091467157764
2 0.8796561604584527 0.14671577655003068 0.034383954154727794 0.012277470841006752
2 0.6991404011461317 0.19643953345610804 0.040114613180515755 0.015960712093308776
2 0.6146131805157593 0.16973603437691834 0.03724928366762178 0.01534683855125844
2 0.5723495702005731 0.14794352363413135 0.027220630372492834 0.013505217925107426
2 0.30873925501432664 0.18354818907305093 0.03581661891117478 0.015960712093308776
2 0.20702005730659026 0.9459791282995702 0.04154727793696275 0.015960712093308776
2 0.3474212034383954 0.9441375076734192 0.03868194842406877 0.015960712093308776
2 0.3825214899713467 0.9459791282995702 0.025787965616045846 0.013505217925107426
2 0.4391117478510029 0.9717618170656844 0.0329512893982808 0.013505217925107426
2 0.40472779369627504 0.9944751381215469 0.0329512893982808 0.011049723756906077
2 0.5186246418338109 0.9825046040515653 0.040114613180515755 0.01534683855125844
2 0.6912607449856734 0.9640883977900552 0.03581661891117478 0.014119091467157764
2 0.7693409742120344 0.9797421731123388 0.03724928366762178 0.014732965009208102
2 0.8445558739255014 0.9843462246777163 0.0329512893982808 0.014119091467157764
2 0.8209169054441261 0.9493554327808471 0.03151862464183381 0.012891344383057089
2 0.8144699140401146 0.8996316758747698 0.03008595988538682 0.014119091467157764
2 0.7012893982808023 0.9177409453652546 0.0329512893982808 0.013505217925107426
2 0.6153295128939827 0.9057704112952731 0.03581661891117478 0.012891344383057089
2 0.5544412607449857 0.9343155310006138 0.034383954154727794 0.013505217925107426
2 0.32020057306590255 0.8775322283609576 0.03581661891117478 0.01534683855125844
2 0.2299426934097421 0.8873542050337629 0.027220630372492834 0.011663597298956415
2 0.409025787965616 0.9045426642111725 0.02148997134670487 0.009208103130755063
2 0.27292263610315187 0.9085328422344996 0.027220630372492834 0.012277470841006752
2 0.4297994269340974 0.84561080417434 0.03151862464183381 0.014119091467157764
2 0.35888252148997135 0.843769183548189 0.03581661891117478 0.014119091467157764
2 0.29083094555873923 0.8327194597912829 0.03151862464183381 0.014119091467157764
2 0.23782234957020057 0.8634131368937998 0.028653295128939826 0.011663597298956415
2 0.19054441260744986 0.8228974831184775 0.034383954154727794 0.014119091467157764
2 0.2958452722063037 0.7915899324739103 0.04154727793696275 0.016574585635359115
2 0.3538681948424069 0.7808471454880294 0.03724928366762178 0.014732965009208102
2 0.3452722063037249 0.8011049723756906 0.040114613180515755 0.014732965009208102
2 0.3868194842406877 0.796500920810313 0.03151862464183381 0.014119091467157764
2 0.5465616045845272 0.7697974217311233 0.03581661891117478 0.014732965009208102
2 0.6060171919770774 0.7704112952731736 0.025787965616045846 0.012277470841006752
2 0.670487106017192 0.7664211172498465 0.025787965616045846 0.011663597298956415
2 0.3746418338108882 0.6488643339472068 0.044412607449856735 0.018416206261510127
2 0.43982808022922637 0.64548802946593 0.03724928366762178 0.014119091467157764
2 0.5143266475644699 0.638121546961326 0.034383954154727794 0.01534683855125844
2 0.5873925501432664 0.629220380601596 0.040114613180515755 0.014732965009208102
2 0.6160458452722063 0.6258440761203191 0.034383954154727794 0.01534683855125844
2 0.6848137535816619 0.6282995702885205 0.04297994269340974 0.016574585635359115
2 0.7722063037249284 0.6445672191528544 0.028653295128939826 0.013505217925107426
2 0.7714899713467048 0.6286065070595457 0.03581661891117478 0.013505217925107426
2 0.7184813753581661 0.6414978514426027 0.03581661891117478 0.015960712093308776
2 0.6769340974212034 0.6476365868631061 0.0329512893982808 0.014732965009208102
2 0.7127507163323782 0.651012891344383 0.04727793696275071 0.012891344383057089
2 0.8531518624641834 0.6543891958256599 0.027220630372492834 0.011049723756906077
2 0.8667621776504297 0.6774094536525476 0.034383954154727794 0.012891344383057089
2 0.7191977077363897 0.7065684468999386 0.028653295128939826 0.014732965009208102
2 0.563753581661891 0.7013505217925107 0.03581661891117478 0.012891344383057089
2 0.3545845272206304 0.7556783302639656 0.04154727793696275 0.015960712093308776
2 0.4004297994269341 0.7648864333947206 0.03581661891117478 0.012277470841006752
2 0.2686246418338109 0.7458563535911602 0.03868194842406877 0.014732965009208102
2 0.21848137535816617 0.7532228360957642 0.04154727793696275 0.015960712093308776
2 0.19126074498567336 0.7323511356660527 0.04727793696275071 0.01718845917740945
2 0.16475644699140402 0.7427869858809085 0.025787965616045846 0.008594229588704726
2 0.3159025787965616 0.14487415592387967 0.027220630372492834 0.012277470841006752
2 0.2822349570200573 0.20779619398403928 0.034383954154727794 0.011663597298956415
2 0.3624641833810888 0.2053406998158379 0.03151862464183381 0.011663597298956415
2 0.38825214899713467 0.20472682627378758 0.028653295128939826 0.011663597298956415
2 0.40472779369627504 0.19889502762430938 0.024355300859598854 0.012277470841006752
2 0.49426934097421205 0.2114794352363413 0.03724928366762178 0.012891344383057089
2 0.4598853868194842 0.22958870472682624 0.03151862464183381 0.011049723756906077
2 0.4992836676217765 0.2289748311847759 0.03008595988538682 0.013505217925107426
2 0.5816618911174785 0.2369551872314303 0.040114613180515755 0.015960712093308776
2 0.6418338108882521 0.23756906077348064 0.034383954154727794 0.013505217925107426
2 0.6962750716332378 0.23081645181092694 0.025787965616045846 0.011049723756906077
2 0.8545845272206304 0.2311233885819521 0.027220630372492834 0.012891344383057089
2 0.8710601719197707 0.19858809085328422 0.022922636103151862 0.009208103130755063
2 0.828080229226361 0.19858809085328422 0.028653295128939826 0.011663597298956415
2 0.7363896848137536 0.25506445672191524 0.03151862464183381 0.01534683855125844
2 0.7614613180515759 0.26335174953959484 0.03581661891117478 0.013505217925107426
2 0.8144699140401146 0.27071823204419887 0.03008595988538682 0.014732965009208102
2 0.8510028653295129 0.2759361571516267 0.028653295128939826 0.014119091467157764
2 0.816618911174785 0.2823818293431553 0.040114613180515755 0.014732965009208102
2 0.7077363896848138 0.2937384898710865 0.03724928366762178 0.012891344383057089
2 0.7628939828080229 0.2949662369551872 0.03008595988538682 0.014119091467157764
2 0.670487106017192 0.2658072437077962 0.03724928366762178 0.014732965009208102
2 0.6167621776504297 0.2562922038060159 0.03008595988538682 0.012891344383057089
2 0.5444126074498568 0.25690607734806625 0.028653295128939826 0.009208103130755063
2 0.498567335243553 0.28759975445058317 0.028653295128939826 0.014119091467157764
2 0.3538681948424069 0.23143032535297728 0.034383954154727794 0.013505217925107426
2 0.3166189111747851 0.26887661141804786 0.034383954154727794 0.013505217925107426
2 0.27435530085959886 0.2544505831798649 0.04154727793696275 0.01534683855125844
2 0.21203438395415472 0.22498465316144872 0.034383954154727794 0.014119091467157764
2 0.17621776504297992 0.24278698588090852 0.028653295128939826 0.012891344383057089
2 0.17908309455587393 0.2596685082872928 0.022922636103151862 0.013505217925107426
2 0.32234957020057303 0.307243707796194 0.028653295128939826 0.014119091467157764
2 0.36174785100286533 0.3204419889502762 0.03581661891117478 0.014732965009208102
2 0.24713467048710602 0.32811540822590546 0.03868194842406877 0.011663597298956415
2 0.27363896848137537 0.3720073664825046 0.034383954154727794 0.012277470841006752
2 0.40472779369627504 0.3729281767955801 0.03581661891117478 0.012891344383057089
2 0.5 0.35082872928176795 0.03151862464183381 0.014119091467157764
2 0.5587392550143266 0.3769183548189073 0.028653295128939826 0.015960712093308776
2 0.663323782234957 0.3806015960712093 0.04297994269340974 0.015960712093308776
2 0.6532951289398281 0.3895027624309392 0.022922636103151862 0.009208103130755063
2 0.755730659025788 0.35758133824432164 0.03008595988538682 0.014119091467157764
2 0.7141833810888252 0.35758133824432164 0.0329512893982808 0.012891344383057089
2 0.6626074498567335 0.36249232658072433 0.03581661891117478 0.014119091467157764
2 0.7041547277936963 0.37262124002455493 0.03868194842406877 0.015960712093308776
2 0.2600286532951289 0.4211172498465316 0.03008595988538682 0.014732965009208102
2 0.4799426934097421 0.43400859422958865 0.03151862464183381 0.012277470841006752
2 0.5651862464183381 0.456414978514426 0.03008595988538682 0.012891344383057089
2 0.6446991404011461 0.44413750767341925 0.034383954154727794 0.01534683855125844
2 0.6518624641833811 0.41252302025782683 0.03151862464183381 0.014732965009208102
2 0.6762177650429799 0.4238796807857581 0.03151862464183381 0.012891344383057089
2 0.6891117478510028 0.4011663597298956 0.03151862464183381 0.012891344383057089
2 0.8667621776504297 0.3882750153468385 0.040114613180515755 0.014119091467157764
2 0.8624641833810888 0.3296500920810313 0.028653295128939826 0.012277470841006752
2 0.8553008595988538 0.4419889502762431 0.03151862464183381 0.014732965009208102
2 0.8631805157593123 0.4069981583793738 0.027220630372492834 0.014732965009208102
2 0.31948424068767906 0.7421731123388582 0.05157593123209169 0.015960712093308776
2 0.34169054441260743 0.7130141190914671 0.04154727793696275 0.02025782688766114
2 0.34169054441260743 0.7289748311847759 0.03868194842406877 0.011663597298956415
2 0.38108882521489973 0.7314303253529773 0.04297994269340974 0.014119091467157764
2 0.4169054441260745 0.7384898710865561 0.03151862464183381 0.014732965009208102
2 0.3997134670487106 0.7467771639042357 0.03724928366762178 0.012891344383057089
2 0.19412607449856734 0.660220994475138 0.04154727793696275 0.016574585635359115
2 0.20272206303724927 0.701964395334561 0.03868194842406877 0.014119091467157764
2 0.22851002865329512 0.7940454266421116 0.04154727793696275 0.01534683855125844
2 0.6074498567335244 0.8232044198895027 0.025787965616045846 0.011049723756906077
2 0.4613180515759312 0.823818293431553 0.03724928366762178 0.014732965009208102
2 0.501432664756447 0.8348680171884592 0.034383954154727794 0.011049723756906077
2 0.5222063037249284 0.8551258440761202 0.03008595988538682 0.013505217925107426
2 0.6389684813753581 0.9404542664211172 0.022922636103151862 0.009821976672805401
2 0.22636103151862463 0.8373235113566605 0.03724928366762178 0.012277470841006752
2 0.2800859598853868 0.8118477593615715 0.0329512893982808 0.014119091467157764
2 0.41117478510028654 0.8143032535297728 0.028653295128939826 0.012891344383057089
2 0.8502865329512894 0.7888275015346838 0.03008595988538682 0.013505217925107426
2 0.829512893982808 0.7719459791282995 0.03151862464183381 0.014119091467157764
2 0.7686246418338109 0.7762430939226519 0.027220630372492834 0.011663597298956415
2 0.7492836676217765 0.7581338244321669 0.03724928366762178 0.013505217925107426
2 0.748567335243553 0.731123388581952 0.03008595988538682 0.012277470841006752
2 0.6525787965616046 0.692756292203806 0.03008595988538682 0.010435850214855739
2 0.20558739255014327 0.6009821976672804 0.04154727793696275 0.015960712093308776
2 0.21991404011461319 0.6123388581952117 0.0329512893982808 0.012891344383057089
2 0.2621776504297994 0.620012277470841 0.03724928366762178 0.013505217925107426
2 0.3445558739255014 0.5951503990178023 0.03581661891117478 0.012891344383057089
2 0.3746418338108882 0.60926949048496 0.0329512893982808 0.011663597298956415
2 0.42048710601719197 0.5742786985880908 0.0329512893982808 0.014119091467157764
2 0.4828080229226361 0.592694904849601 0.03151862464183381 0.012891344383057089
2 0.43481375358166185 0.5979128299570288 0.027220630372492834 0.012277470841006752
2 0.7055873925501432 0.5877839165131983 0.027220630372492834 0.011663597298956415
2 0.7428366762177651 0.6141804788213627 0.03581661891117478 0.011663597298956415
2 0.83810888252149 0.6062001227747084 0.034383954154727794 0.014119091467157764
2 0.5343839541547277 0.5623081645181093 0.034383954154727794 0.015960712093308776
2 0.45272206303724927 0.5567833026396561 0.03724928366762178 0.014732965009208102
2 0.33882521489971346 0.5227133210558624 0.03868194842406877 0.014119091467157764
2 0.32879656160458454 0.5368324125230202 0.0329512893982808 0.012891344383057089
2 0.3746418338108882 0.5340699815837937 0.0329512893982808 0.012277470841006752
2 0.20630372492836677 0.5426642111724984 0.03724928366762178 0.013505217925107426
2 0.28724928366762176 0.5748925721301411 0.03581661891117478 0.014119091467157764
2 0.29083094555873923 0.716390423572744 0.03151862464183381 0.011049723756906077
2 0.22779369627507162 0.7228360957642725 0.03151862464183381 0.011663597298956415
2 0.5336676217765043 0.4966236955187231 0.0329512893982808 0.014732965009208102
2 0.6246418338108882 0.5122774708410067 0.03151862464183381 0.01534683855125844
2 0.6232091690544412 0.531000613873542 0.040114613180515755 0.014732965009208102
2 0.5573065902578797 0.5279312461632903 0.028653295128939826 0.012277470841006752
2 0.6532951289398281 0.5331491712707181 0.025787965616045846 0.011663597298956415
2 0.6726361031518624 0.5334561080417434 0.024355300859598854 0.014732965009208102
2 0.666189111747851 0.5165745856353591 0.034383954154727794 0.012891344383057089
2 0.7012893982808023 0.5178023327194597 0.027220630372492834 0.012891344383057089
2 0.646131805157593 0.5030693677102517 0.025787965616045846 0.010435850214855739
2 0.6941260744985673 0.48741559238796806 0.03581661891117478 0.011049723756906077
2 0.7951289398280802 0.5141190914671577 0.028653295128939826 0.010435850214855739
2 0.8624641833810888 0.5196439533456108 0.025787965616045846 0.011663597298956415
2 0.2979942693409742 0.4665438919582566 0.028653295128939826 0.013505217925107426
2 0.40544412607449853 0.49815837937384894 0.034383954154727794 0.012891344383057089
2 0.4606017191977077 0.4944751381215469 0.03008595988538682 0.011663597298956415
2 0.42406876790830944 0.44505831798649476 0.034383954154727794 0.008594229588704726
2 0.3015759312320917 0.3265807243707796 0.03008595988538682 0.009821976672805401
2 0.1991404011461318 0.432780847145488 0.025787965616045846 0.012277470841006752
2 0.416189111747851 0.16144874155923877 0.027220630372492834 0.013505217925107426
2 0.5007163323782234 0.41436464088397784 0.02148997134670487 0.011049723756906077
2 0.5888252148997134 0.4051565377532228 0.028653295128939826 0.013505217925107426
2 0.5752148997134671 0.4266421117249846 0.0329512893982808 0.012277470841006752
2 0.745702005730659 0.5420503376304481 0.0329512893982808 0.014732965009208102
2 0.7177650429799427 0.5573971761817065 0.03151862464183381 0.013505217925107426
2 0.6361031518624641 0.5834868017188458 0.03724928366762178 0.01780233271945979
2 0.5121776504297995 0.7298956414978514 0.03581661891117478 0.013505217925107426
2 0.5429799426934098 0.9607120933087783 0.022922636103151862 0.013505217925107426
2 0.42406876790830944 0.867403314917127 0.034383954154727794 0.012277470841006752
2 0.5351002865329513 0.8198281154082259 0.027220630372492834 0.010435850214855739
2 0.36962750716332377 0.6771025168815223 0.03724928366762178 0.012277470841006752
2 0.6525787965616046 0.2096378146101903 0.0329512893982808 0.012891344383057089
2 0.45702005730659023 0.19398403928790667 0.03151862464183381 0.011049723756906077
2 0.2929799426934097 0.22651933701657456 0.027220630372492834 0.011049723756906077
2 0.17836676217765043 0.8937998772252915 0.024355300859598854 0.013505217925107426
2 0.07664756446991404 0.08594229588704726 0.027220630372492834 0.015960712093308776
2 0.14541547277936961 0.06752608962553713 0.027220630372492834 0.009821976672805401
2 0.563753581661891 0.051258440761203186 0.03581661891117478 0.014119091467157764
2 0.910458452722063 0.08072437077961939 0.044412607449856735 0.016574585635359115
2 0.9749283667621776 0.10988336402701043 0.03868194842406877 0.019643953345610803
2 0.9491404011461317 0.11602209944751381 0.01862464183381089 0.008594229588704726
2 0.9412607449856734 0.13413136893799876 0.03151862464183381 0.014119091467157764
2 0.7292263610315186 0.10589318600368323 0.03724928366762178 0.01534683855125844
2 0.14255014326647564 0.15193370165745856 0.027220630372492834 0.01534683855125844
2 0.083810888252149 0.1620626151012891 0.015759312320916905 0.007366482504604051
2 0.1518624641833811 0.22068753836709637 0.022922636103151862 0.016574585635359115
2 0.42550143266475643 0.21454880294659298 0.028653295128939826 0.011663597298956415
2 0.5386819484240688 0.18815224063842848 0.034383954154727794 0.01780233271945979
2 0.8782234957020058 0.23081645181092694 0.020057306590257878 0.014732965009208102
2 0.1511461318051576 0.32074892572130137 0.04727793696275071 0.012891344383057089
2 0.17406876790830944 0.36985880908532837 0.05300859598853868 0.01780233271945979
2 0.08882521489971347 0.38029465930018413 0.03151862464183381 0.01534683855125844
2 0.13968481375358166 0.3996316758747698 0.024355300859598854 0.013505217925107426
2 0.11246418338108882 0.38121546961325964 0.02148997134670487 0.013505217925107426
2 0.6518624641833811 0.29558011049723754 0.040114613180515755 0.02025782688766114
2 0.666189111747851 0.30847145488029465 0.020057306590257878 0.009208103130755063
2 0.6984240687679083 0.3155310006138735 0.03581661891117478 0.013505217925107426
2 0.666189111747851 0.3204419889502762 0.034383954154727794 0.013505217925107426
2 0.6389684813753581 0.33793738489871084 0.040114613180515755 0.01534683855125844
2 0.7521489971346704 0.3275015346838551 0.040114613180515755 0.01780233271945979
2 0.7865329512893983 0.3296500920810313 0.028653295128939826 0.014732965009208102
2 0.900429799426934 0.340085942295887 0.03581661891117478 0.01718845917740945
2 0.09455587392550142 0.4208103130755064 0.045845272206303724 0.011663597298956415
2 0.14541547277936961 0.4533456108041743 0.0329512893982808 0.01534683855125844
2 0.10888252148997134 0.46869244935543275 0.040114613180515755 0.016574585635359115
2 0.023638968481375356 0.5153468385512584 0.03868194842406877 0.01780233271945979
2 0.1518624641833811 0.5380601596071208 0.03724928366762178 0.014119091467157764
2 0.12893982808022922 0.5632289748311847 0.03151862464183381 0.011663597298956415
2 0.083810888252149 0.601903007980356 0.027220630372492834 0.010435850214855739
2 0.17048710601719197 0.6040515653775321 0.020057306590257878 0.009821976672805401
2 0.9448424068767908 0.6197053406998158 0.03868194842406877 0.014119091467157764
2 0.9541547277936963 0.5954573357888274 0.034383954154727794 0.013505217925107426
2 0.9040114613180515 0.5715162676488643 0.03724928366762178 0.013505217925107426
2 0.6819484240687679 0.556476365868631 0.025787965616045846 0.012891344383057089
2 0.9462750716332378 0.6414978514426027 0.04154727793696275 0.015960712093308776
2 0.9011461318051576 0.6476365868631061 0.040114613180515755 0.01718845917740945
2 0.9512893982808023 0.6626764886433394 0.034383954154727794 0.014119091467157764
2 0.9591690544412607 0.6985880908532842 0.04727793696275071 0.020871700429711478
2 0.987106017191977 0.698281154082259 0.020057306590257878 0.016574585635359115
2 0.9548710601719197 0.7228360957642725 0.03008595988538682 0.012891344383057089
2 0.987106017191977 0.7286678944137507 0.025787965616045846 0.01718845917740945
2 0.9290830945558739 0.7372621240024554 0.03581661891117478 0.018416206261510127
2 0.15257879656160458 0.651012891344383 0.03868194842406877 0.01534683855125844
2 0.07163323782234957 0.670963781461019 0.045845272206303724 0.020871700429711478
2 0.1475644699140401 0.6933701657458563 0.034383954154727794 0.012891344383057089
2 0.16045845272206302 0.6737262124002455 0.03151862464183381 0.014119091467157764
2 0.022206303724928367 0.7173112338858194 0.03868194842406877 0.012891344383057089
2 0.04297994269340974 0.7360343769183547 0.034383954154727794 0.018416206261510127
2 0.07091690544412607 0.7335788827501534 0.024355300859598854 0.012277470841006752
2 0.14111747851002865 0.7335788827501534 0.027220630372492834 0.012277470841006752
2 0.15257879656160458 0.7160834868017187 0.044412607449856735 0.01534683855125844
2 0.1167621776504298 0.7627378759975444 0.03581661891117478 0.016574585635359115
2 0.028653295128939826 0.7949662369551872 0.045845272206303724 0.015960712093308776
2 0.10386819484240688 0.816451810926949 0.04727793696275071 0.019643953345610803
2 0.03868194842406877 0.8370165745856353 0.025787965616045846 0.010435850214855739
2 0.0336676217765043 0.8244321669736033 0.027220630372492834 0.012277470841006752
2 0.05515759312320917 0.807550644567219 0.0329512893982808 0.011663597298956415
2 0.14040114613180515 0.8290362185389809 0.028653295128939826 0.014119091467157764
2 0.2693409742120344 0.7661141804788213 0.028653295128939826 0.014732965009208102
2 0.2979942693409742 0.7682627378759975 0.034383954154727794 0.01534683855125844
2 0.42406876790830944 0.7605893186003683 0.022922636103151862 0.012277470841006752
2 0.9075931232091691 0.7716390423572743 0.03581661891117478 0.019643953345610803
2 0.9419770773638968 0.7756292203806016 0.03868194842406877 0.01780233271945979
2 0.9806590257879656 0.7866789441375076 0.03008595988538682 0.012891344383057089
2 0.9691977077363897 0.7977286678944137 0.03868194842406877 0.014119091467157764
2 0.9140401146131805 0.8007980356046653 0.03151862464183381 0.014119091467157764
2 0.9097421203438395 0.8121546961325966 0.022922636103151862 0.011049723756906077
2 0.9699140401146131 0.8115408225905463 0.03151862464183381 0.015960712093308776
2 0.9520057306590257 0.8262737875997543 0.0329512893982808 0.01718845917740945
2 0.9849570200573066 0.8290362185389809 0.03008595988538682 0.02025782688766114
2 0.9885386819484241 0.8575813382443216 0.022922636103151862 0.013505217925107426
2 0.913323782234957 0.8585021485573971 0.04727793696275071 0.019030079803560467
2 0.9262177650429799 0.8247391037446286 0.024355300859598854 0.01534683855125844
2 0.9634670487106017 0.889195825659914 0.04154727793696275 0.019030079803560467
2 0.914756446991404 0.9042357274401472 0.03581661891117478 0.015960712093308776
2 0.9040114613180515 0.9416820135052179 0.05157593123209169 0.01718845917740945
2 0.42120343839541546 0.9140577041129526 0.022922636103151862 0.009821976672805401
2 0.3022922636103152 0.8879680785758133 0.025787965616045846 0.011663597298956415
2 0.10673352435530085 0.8738489871086556 0.03581661891117478 0.01534683855125844
2 0.08882521489971347 0.9254143646408839 0.03724928366762178 0.016574585635359115
2 0.8954154727793696 0.9871086556169428 0.040114613180515755 0.015960712093308776
