2 0.28674121405750796 0.04181600955794504 0.0463258785942492 0.014336917562724014
2 0.2460063897763578 0.03076463560334528 0.03194888178913738 0.01135005973715651
2 0.3402555910543131 0.01194743130227001 0.04472843450479233 0.014336917562724014
2 0.36102236421725237 0.04838709677419355 0.038338658146964855 0.015531660692951015
2 0.43051118210862616 0.055256869772998804 0.039936102236421724 0.013739545997610512
2 0.4888178913738019 0.06123058542413381 0.04472843450479233 0.013739545997610512
2 0.6166134185303515 0.02329749103942652 0.04792332268370607 0.015531660692951015
2 0.6078274760383386 0.06660692951015532 0.0463258785942492 0.016129032258064516
2 0.7507987220447284 0.09169653524492234 0.04792332268370607 0.016129032258064516
2 0.8594249201277955 0.06571087216248506 0.04792332268370607 0.02270011947431302
2 0.6837060702875399 0.07019115890083631 0.03194888178913738 0.012544802867383511
2 0.6557507987220447 0.07915173237753882 0.036741214057507986 0.013739545997610512
2 0.755591054313099 0.04778972520908004 0.03514376996805112 0.014336917562724014
2 0.7883386581469648 0.05854241338112306 0.03354632587859425 0.019115890083632018
2 0.32827476038338654 0.09109916367980883 0.04952076677316294 0.018518518518518517
2 0.24041533546325877 0.08841099163679808 0.04313099041533546 0.014336917562724014
2 0.20447284345047922 0.06391875746714457 0.04153354632587859 0.01194743130227001
2 0.1485623003194888 0.048685782556750296 0.03194888178913738 0.017323775388291517
2 0.27715654952076674 0.06929510155316607 0.036741214057507986 0.016726403823178016
2 0.3154952076677316 0.0570489844683393 0.03354632587859425 0.01015531660692951
2 0.2875399361022364 0.12066905615292711 0.04792332268370607 0.017921146953405017
2 0.35383386581469645 0.11469534050179211 0.04313099041533546 0.014336917562724014
2 0.4001597444089457 0.11977299880525687 0.04952076677316294 0.018518518518518517
2 0.48162939297124596 0.09976105137395459 0.039936102236421724 0.014336917562724014
2 0.4792332268370607 0.09109916367980883 0.038338658146964855 0.01135005973715651
2 0.4696485623003195 0.08034647550776583 0.03514376996805112 0.013739545997610512
2 0.5471246006389776 0.07317801672640382 0.036741214057507986 0.01135005973715651
2 0.5399361022364217 0.1057347670250896 0.04153354632587859 0.016726403823178016
2 0.5734824281150159 0.10125448028673835 0.04153354632587859 0.017323775388291517
2 0.6182108626198083 0.11140979689366785 0.04153354632587859 0.014934289127837515
2 0.6230031948881789 0.12783751493428913 0.04153354632587859 0.016726403823178016
2 0.6501597444089456 0.15352449223416964 0.04472843450479233 0.016726403823178016
2 0.7204472843450479 0.16427718040621264 0.054313099041533544 0.017921146953405017
2 0.7627795527156549 0.14665471923536438 0.036741214057507986 0.014934289127837515
2 0.7939297124600638 0.12903225806451613 0.04153354632587859 0.014336917562724014
2 0.7883386581469648 0.11559139784946236 0.04313099041533546 0.012544802867383511
2 0.7212460063897763 0.12156511350059736 0.036741214057507986 0.01135005973715651
2 0.6932907348242812 0.11708482676224612 0.038338658146964855 0.014336917562724014
2 0.8394568690095846 0.08691756272401434 0.0463258785942492 0.012544802867383511
2 0.8370607028753994 0.09826762246117084 0.051118210862619806 0.01135005973715651
2 0.8554313099041533 0.11051373954599761 0.04313099041533546 0.01194743130227001
2 0.8602236421725239 0.11827956989247311 0.04313099041533546 0.01194743130227001
2 0.84185303514377 0.1436678614097969 0.04153354632587859 0.016129032258064516
2 0.23722044728434505 0.14277180406212664 0.036741214057507986 0.01075268817204301
2 0.2244408945686901 0.12783751493428913 0.04313099041533546 0.01194743130227001
2 0.12939297124600638 0.12066905615292711 0.04472843450479233 0.014336917562724014
2 0.15495207667731628 0.1580047789725209 0.04153354632587859 0.012544802867383511
2 0.14217252396166133 0.17712066905615292 0.038338658146964855 0.013739545997610512
2 0.1996805111821086 0.1753285543608124 0.04153354632587859 0.013739545997610512
2 0.23242811501597443 0.17980884109916367 0.039936102236421724 0.014336917562724014
2 0.28115015974440893 0.17891278375149341 0.04153354632587859 0.014934289127837515
2 0.33546325878594246 0.17771804062126642 0.03514376996805112 0.014934289127837515
2 0.3921725239616613 0.1663679808841099 0.039936102236421724 0.016129032258064516
2 0.3945686900958466 0.14068100358422939 0.03514376996805112 0.01135005973715651
2 0.3642172523961661 0.14814814814814814 0.038338658146964855 0.013142174432497012
2 0.31629392971246006 0.15053763440860213 0.038338658146964855 0.014336917562724014
2 0.2875399361022364 0.14038231780167262 0.038338658146964855 0.014336917562724014
2 0.46405750798722045 0.17831541218637992 0.036741214057507986 0.012544802867383511
2 0.4720447284345048 0.18697729988052567 0.039936102236421724 0.01194743130227001
2 0.47843450479233224 0.19444444444444442 0.036741214057507986 0.01135005973715651
2 0.4656549520766773 0.20937873357228196 0.04952076677316294 0.016129032258064516
2 0.5175718849840255 0.18847072879330942 0.04153354632587859 0.018518518518518517
2 0.5998402555910542 0.19982078853046595 0.052715654952076675 0.016129032258064516
2 0.6645367412140575 0.19444444444444442 0.04792332268370607 0.018518518518518517
2 0.7140575079872205 0.19145758661887693 0.04153354632587859 0.016129032258064516
2 0.7675718849840255 0.19444444444444442 0.0463258785942492 0.016129032258064516
2 0.8434504792332268 0.1747311827956989 0.03194888178913738 0.014934289127837515
2 0.8011182108626198 0.18727598566308243 0.036741214057507986 0.016129032258064516
2 0.7899361022364217 0.17204301075268816 0.036741214057507986 0.016726403823178016
2 0.7763578274760383 0.16069295101553166 0.03194888178913738 0.01194743130227001
2 0.547923322683706 0.12425328554360812 0.04472843450479233 0.015531660692951015
2 0.444888178913738 0.13440860215053763 0.052715654952076675 0.015531660692951015
2 0.43290734824281146 0.14516129032258063 0.038338658146964855 0.014336917562724014
2 0.2484025559105431 0.16069295101553166 0.036741214057507986 0.013142174432497012
2 0.21964856230031948 0.20131421744324968 0.039936102236421724 0.014336917562724014
2 0.30750798722044725 0.20758661887694144 0.0463258785942492 0.016129032258064516
2 0.34185303514376997 0.21714456391875744 0.04792332268370607 0.014934289127837515
2 0.3937699680511182 0.2132616487455197 0.039936102236421724 0.013142174432497012
2 0.4217252396166134 0.19653524492234167 0.04472843450479233 0.017921146953405017
2 0.38817891373801916 0.20131421744324968 0.038338658146964855 0.013142174432497012
2 0.36261980830670926 0.18936678614097968 0.03514376996805112 0.015531660692951015
2 0.47843450479233224 0.24044205495818397 0.039936102236421724 0.013739545997610512
2 0.48402555910543127 0.22520908004778972 0.04472843450479233 0.015531660692951015
2 0.4416932907348243 0.2228195937873357 0.036741214057507986 0.013142174432497012
2 0.3993610223642172 0.23207885304659498 0.04472843450479233 0.012544802867383511
2 0.5982428115015974 0.22013142174432496 0.03354632587859425 0.016129032258064516
2 0.5559105431309904 0.21565113500597372 0.03514376996805112 0.013142174432497012
2 0.5255591054313099 0.21654719235364395 0.03514376996805112 0.01135005973715651
2 0.5223642172523961 0.21057347670250895 0.03514376996805112 0.01135005973715651
2 0.6014376996805112 0.17234169653524492 0.039936102236421724 0.02090800477897252
2 0.5535143769968051 0.15830346475507764 0.039936102236421724 0.015531660692951015
2 0.48562300319488816 0.1544205495818399 0.04472843450479233 0.013739545997610512
2 0.4744408945686901 0.1615890083632019 0.04472843450479233 0.013739545997610512
2 0.43130990415335463 0.1645758661887694 0.038338658146964855 0.012544802867383511
2 0.20287539936102236 0.22580645161290322 0.03514376996805112 0.013142174432497012
2 0.21964856230031948 0.24044205495818397 0.0463258785942492 0.016129032258064516
2 0.24361022364217252 0.25567502986857826 0.036741214057507986 0.014336917562724014
2 0.3194888178913738 0.24342891278375148 0.03514376996805112 0.013739545997610512
2 0.31150159744408945 0.2589605734767025 0.02875399361022364 0.01015531660692951
2 0.2979233226837061 0.2661290322580645 0.023961661341853034 0.008960573476702509
2 0.38578274760383385 0.26463560334528075 0.036741214057507986 0.017921146953405017
2 0.43530351437699677 0.24551971326164873 0.03035143769968051 0.014336917562724014
2 0.4936102236421725 0.260752688172043 0.03194888178913738 0.01135005973715651
2 0.5782747603833865 0.26224611708482676 0.038338658146964855 0.014336917562724014
2 0.5319488817891374 0.2577658303464755 0.02875399361022364 0.01135005973715651
2 0.5295527156549521 0.23715651135005972 0.04313099041533546 0.015531660692951015
2 0.5934504792332268 0.24014336917562723 0.036741214057507986 0.01194743130227001
2 0.6261980830670926 0.24850657108721624 0.03514376996805112 0.01194743130227001
2 0.6301916932907348 0.266726403823178 0.0463258785942492 0.012544802867383511
2 0.6733226837060703 0.26105137395459976 0.04313099041533546 0.015531660692951015
2 0.713258785942492 0.2640382317801672 0.036741214057507986 0.01194743130227001
2 0.7571884984025559 0.254778972520908 0.038338658146964855 0.012544802867383511
2 0.737220447284345 0.24432497013142174 0.03035143769968051 0.013142174432497012
2 0.7212460063897763 0.23237753882915171 0.036741214057507986 0.01194743130227001
2 0.7148562300319489 0.2180406212664277 0.039936102236421724 0.015531660692951015
2 0.7531948881789137 0.21654719235364395 0.036741214057507986 0.012544802867383511
2 0.8218849840255591 0.21057347670250895 0.052715654952076675 0.016129032258064516
2 0.9009584664536741 0.19474313022700118 0.025559105431309903 0.016726403823178016
2 0.8666134185303515 0.23984468339307047 0.036741214057507986 0.013739545997610512
2 0.8035143769968051 0.2383512544802867 0.04153354632587859 0.014336917562724014
2 0.8154952076677316 0.26105137395459976 0.0463258785942492 0.015531660692951015
2 0.6373801916932907 0.22252090800477897 0.03514376996805112 0.016129032258064516
2 0.6557507987220447 0.22939068100358423 0.03035143769968051 0.013142174432497012
2 0.6677316293929713 0.20878136200716846 0.01597444089456869 0.01015531660692951
2 0.12140575079872204 0.9916367980884109 0.03194888178913738 0.014336917562724014
2 0.30511182108626195 0.9743130227001194 0.03514376996805112 0.015531660692951015
2 0.26996805111821087 0.9605734767025089 0.04153354632587859 0.014336917562724014
2 0.2971246006389776 0.9540023894862604 0.03514376996805112 0.01194743130227001
2 0.3546325878594249 0.9608721624850657 0.03194888178913738 0.01135005973715651
2 0.3570287539936102 0.9453405017921146 0.039936102236421724 0.014934289127837515
2 0.4033546325878594 0.9486260454002389 0.04313099041533546 0.016726403823178016
2 0.4416932907348243 0.9301075268817204 0.0463258785942492 0.015531660692951015
2 0.4177316293929712 0.9190561529271206 0.04313099041533546 0.013739545997610512
2 0.5279552715654952 0.9372759856630823 0.05591054313099041 0.019115890083632018
2 0.4992012779552715 0.9626642771804061 0.05591054313099041 0.018518518518518517
2 0.6349840255591054 0.9752090800477896 0.0463258785942492 0.018518518518518517
2 0.6717252396166133 0.9650537634408601 0.036741214057507986 0.014934289127837515
2 0.748402555910543 0.9713261648745519 0.0463258785942492 0.019115890083632018
2 0.7204472843450479 0.9492234169653524 0.051118210862619806 0.019115890083632018
2 0.6629392971246006 0.9513142174432496 0.04153354632587859 0.012544802867383511
2 0.6038338658146964 0.9492234169653524 0.04472843450479233 0.015531660692951015
2 0.5575079872204473 0.9486260454002389 0.04153354632587859 0.014336917562724014
2 0.6222044728434505 0.9271206690561529 0.0463258785942492 0.015531660692951015
2 0.6174121405750799 0.9378733572281959 0.04313099041533546 0.01194743130227001
2 0.7699680511182109 0.9333930704898447 0.054313099041533544 0.016129032258064516
2 0.7899361022364217 0.9540023894862604 0.036741214057507986 0.014336917562724014
2 0.8362619808306709 0.9599761051373954 0.04952076677316294 0.015531660692951015
2 0.8642172523961661 0.9393667861409797 0.03194888178913738 0.01971326164874552
2 0.41293929712460065 0.8853046594982078 0.03354632587859425 0.013142174432497012
2 0.5167731629392971 0.8838112305854241 0.039936102236421724 0.014934289127837515
2 0.5263578274760383 0.89336917562724 0.04313099041533546 0.01015531660692951
2 0.6126198083067093 0.89336917562724 0.039936102236421724 0.017323775388291517
2 0.5966453674121406 0.9094982078853046 0.0463258785942492 0.014934289127837515
2 0.6413738019169328 0.9053166069295101 0.04313099041533546 0.014934289127837515
2 0.7252396166134185 0.9142771804062126 0.04472843450479233 0.017323775388291517
2 0.6813099041533546 0.9208482676224611 0.06230031948881789 0.014934289127837515
2 0.7939297124600638 0.9080047789725209 0.03514376996805112 0.019115890083632018
2 0.7619808306709265 0.9124850657108721 0.04153354632587859 0.017323775388291517
2 0.5199680511182109 0.9097968936678613 0.039936102236421724 0.014336917562724014
2 0.28833865814696485 0.8984468339307048 0.039936102236421724 0.019115890083632018
2 0.3178913738019169 0.8712664277180405 0.038338658146964855 0.012544802867383511
2 0.24920127795527156 0.8832138590203106 0.038338658146964855 0.017323775388291517
2 0.20686900958466453 0.8769414575866188 0.03354632587859425 0.01194743130227001
2 0.20527156549520767 0.8629032258064515 0.039936102236421724 0.013739545997610512
2 0.14057507987220447 0.8533452807646356 0.04153354632587859 0.013739545997610512
2 0.11421725239616613 0.8796296296296295 0.04952076677316294 0.01971326164874552
2 0.15415335463258786 0.8963560334528076 0.04952076677316294 0.02090800477897252
2 0.1253993610223642 0.9211469534050178 0.039936102236421724 0.015531660692951015
2 0.097444089456869 0.9381720430107526 0.04472843450479233 0.01971326164874552
2 0.16773162939297123 0.9602747909199522 0.04792332268370607 0.014934289127837515
2 0.1829073482428115 0.9390681003584229 0.05591054313099041 0.02150537634408602
2 0.31869009584664537 0.9357825567502986 0.04952076677316294 0.02090800477897252
2 0.3769968051118211 0.9086021505376344 0.04153354632587859 0.013142174432497012
2 0.3746006389776358 0.8996415770609318 0.052715654952076675 0.015531660692951015
2 0.4680511182108626 0.9071087216248506 0.038338658146964855 0.014934289127837515
2 0.20207667731629392 0.9713261648745519 0.03035143769968051 0.01194743130227001
2 0.1253993610223642 0.9653524492234169 0.03354632587859425 0.019115890083632018
2 0.6150159744408945 0.8790322580645161 0.03194888178913738 0.013739545997610512
2 0.8162939297124601 0.8643966547192353 0.038338658146964855 0.015531660692951015
2 0.895367412140575 0.8799283154121863 0.036741214057507986 0.019115890083632018
2 0.8825878594249201 0.8416965352449223 0.03354632587859425 0.013142174432497012
2 0.8945686900958466 0.8608124253285543 0.03194888178913738 0.013142174432497012
2 0.45287539936102233 0.8115292712066905 0.039936102236421724 0.013739545997610512
2 0.5127795527156549 0.8255675029868578 0.04153354632587859 0.015531660692951015
2 0.5686900958466453 0.802568697729988 0.04153354632587859 0.014934289127837515
2 0.603035143769968 0.8034647550776582 0.03354632587859425 0.017921146953405017
2 0.5175718849840255 0.7849462365591398 0.038338658146964855 0.015531660692951015
2 0.463258785942492 0.7622461170848267 0.04153354632587859 0.013142174432497012
2 0.2747603833865815 0.822879330943847 0.04792332268370607 0.017323775388291517
2 0.24121405750798722 0.8482676224611708 0.04472843450479233 0.015531660692951015
2 0.20527156549520767 0.7939068100358423 0.039936102236421724 0.014336917562724014
2 0.15814696485623003 0.789426523297491 0.03514376996805112 0.01135005973715651
2 0.13019169329073482 0.769115890083632 0.04313099041533546 0.014934289127837515
2 0.19169329073482427 0.7473118279569892 0.038338658146964855 0.01194743130227001
2 0.1621405750798722 0.7511947431302269 0.023961661341853034 0.01135005973715651
2 0.28674121405750796 0.7434289127837514 0.0463258785942492 0.013739545997610512
2 0.3410543130990415 0.7473118279569892 0.03354632587859425 0.014336917562724014
2 0.7036741214057508 0.7724014336917562 0.036741214057507986 0.015531660692951015
2 0.7531948881789137 0.7721027479091995 0.04952076677316294 0.017323775388291517
2 0.834664536741214 0.769115890083632 0.03035143769968051 0.016129032258064516
2 0.8977635782747604 0.8231780167264038 0.022364217252396165 0.013142174432497012
2 0.8562300319488818 0.8189964157706092 0.025559105431309903 0.01194743130227001
2 0.8330670926517572 0.8452807646356033 0.03035143769968051 0.013142174432497012
2 0.7651757188498403 0.8381123058542412 0.022364217252396165 0.008363201911589008
2 0.7875399361022364 0.8303464755077657 0.019169329073482427 0.008363201911589008
2 0.4720447284345048 0.868279569892473 0.036741214057507986 0.012544802867383511
2 0.3913738019169329 0.8694743130227001 0.03194888178913738 0.012544802867383511
2 0.5351437699680511 0.6798088410991636 0.04792332268370607 0.017921146953405017
2 0.5886581469648562 0.6962365591397849 0.027156549520766772 0.012544802867383511
2 0.6900958466453674 0.6839904420549582 0.04153354632587859 0.015531660692951015
2 0.7260383386581469 0.7010155316606929 0.03354632587859425 0.013739545997610512
2 0.7571884984025559 0.705794504181601 0.03194888178913738 0.016129032258064516
2 0.8178913738019169 0.7189366786140979 0.03514376996805112 0.012544802867383511
2 0.8730031948881789 0.7201314217443249 0.0463258785942492 0.016129032258064516
2 0.8809904153354632 0.739247311827957 0.036741214057507986 0.017323775388291517
2 0.646964856230032 0.7553763440860215 0.04472843450479233 0.014934289127837515
2 0.273961661341853 0.7849462365591398 0.036741214057507986 0.013142174432497012
2 0.33067092651757185 0.7777777777777777 0.02875399361022364 0.01194743130227001
2 0.23083067092651757 0.7727001194743129 0.027156549520766772 0.01135005973715651
2 0.347444089456869 0.7275985663082437 0.0463258785942492 0.015531660692951015
2 0.40814696485623003 0.6768219832735961 0.0463258785942492 0.015531660692951015
2 0.4704472843450479 0.6681600955794503 0.036741214057507986 0.012544802867383511
2 0.8019169329073482 0.6932497013142174 0.038338658146964855 0.014934289127837515
2 0.8730031948881789 0.6944444444444444 0.036741214057507986 0.014934289127837515
2 0.7460063897763578 0.6896654719235364 0.038338658146964855 0.016129032258064516
2 0.8330670926517572 0.6944444444444444 0.027156549520766772 0.01015531660692951
2 0.8674121405750799 0.6801075268817204 0.03514376996805112 0.013739545997610512
2 0.8266773162939297 0.6756272401433692 0.03354632587859425 0.01075268817204301
2 0.8410543130990416 0.6810035842293907 0.036741214057507986 0.014336917562724014
2 0.7955271565495208 0.6633811230585424 0.051118210862619806 0.02090800477897252
2 0.8546325878594249 0.6523297491039426 0.04792332268370607 0.017921146953405017
2 0.8881789137380192 0.6499402628434886 0.03194888178913738 0.014336917562724014
2 0.7116613418530351 0.6741338112305854 0.039936102236421724 0.01135005973715651
2 0.713258785942492 0.6541218637992832 0.039936102236421724 0.01075268817204301
2 0.6381789137380192 0.6487455197132616 0.03035143769968051 0.014336917562724014
2 0.5327476038338658 0.6427718040621266 0.0463258785942492 0.019115890083632018
2 0.5686900958466453 0.632616487455197 0.038338658146964855 0.014336917562724014
2 0.7116613418530351 0.6251493428912783 0.04313099041533546 0.014934289127837515
2 0.7340255591054313 0.6191756272401433 0.036741214057507986 0.012544802867383511
2 0.7907348242811502 0.6278375149342891 0.04153354632587859 0.017921146953405017
2 0.8146964856230031 0.6248506571087216 0.038338658146964855 0.014336917562724014
2 0.8506389776357827 0.6117084826762246 0.0463258785942492 0.016726403823178016
2 0.5814696485623003 0.6093189964157706 0.04153354632587859 0.015531660692951015
2 0.6253993610223642 0.6191756272401433 0.039936102236421724 0.014934289127837515
2 0.6701277955271565 0.611111111111111 0.03354632587859425 0.01075268817204301
2 0.444888178913738 0.6454599761051374 0.04313099041533546 0.017323775388291517
2 0.3498402555910543 0.6720430107526881 0.04792332268370607 0.016726403823178016
2 0.23562300319488816 0.6756272401433692 0.0463258785942492 0.016726403823178016
2 0.1900958466453674 0.6890681003584229 0.04153354632587859 0.018518518518518517
2 0.1461661341853035 0.6869772998805257 0.04313099041533546 0.01194743130227001
2 0.12380191693290735 0.6547192353643966 0.039936102236421724 0.02150537634408602
2 0.2915335463258786 0.6367980884109916 0.039936102236421724 0.014336917562724014
2 0.347444089456869 0.6382915173237753 0.039936102236421724 0.01135005973715651
2 0.48562300319488816 0.7126642771804061 0.04472843450479233 0.019115890083632018
2 0.43849840255591055 0.716547192353644 0.04313099041533546 0.012544802867383511
2 0.3945686900958466 0.695041816009558 0.03514376996805112 0.01135005973715651
2 0.3682108626198083 0.6965352449223416 0.0463258785942492 0.016726403823178016
2 0.4472843450479233 0.6908602150537634 0.03194888178913738 0.016129032258064516
2 0.6853035143769968 0.7010155316606929 0.03194888178913738 0.012544802867383511
2 0.5439297124600638 0.7099761051373954 0.03354632587859425 0.008960573476702509
2 0.20686900958466453 0.7240143369175627 0.0463258785942492 0.016726403823178016
2 0.3985623003194888 0.7553763440860215 0.03035143769968051 0.014934289127837515
2 0.7260383386581469 0.7601553166069295 0.03354632587859425 0.013739545997610512
2 0.6956869009584664 0.9047192353643966 0.036741214057507986 0.01015531660692951
2 0.884185303514377 0.9124850657108721 0.03035143769968051 0.01971326164874552
2 0.8210862619808307 0.9271206690561529 0.03194888178913738 0.014336917562724014
2 0.3706070287539936 0.9262246117084826 0.051118210862619806 0.025686977299880523
2 0.33466453674121405 0.8315412186379928 0.027156549520766772 0.013142174432497012
2 0.38578274760383385 0.7667264038231779 0.039936102236421724 0.014934289127837515
2 0.45926517571884984 0.7452210274790919 0.04313099041533546 0.013739545997610512
2 0.38099041533546324 0.6129032258064516 0.03354632587859425 0.014336917562724014
2 0.41293929712460065 0.6140979689366786 0.023961661341853034 0.01194743130227001
2 0.43849840255591055 0.6102150537634409 0.027156549520766772 0.01135005973715651
2 0.5007987220447284 0.6066308243727598 0.039936102236421724 0.013739545997610512
2 0.45926517571884984 0.6108124253285543 0.027156549520766772 0.01015531660692951
2 0.4912140575079872 0.5893070489844683 0.036741214057507986 0.014934289127837515
2 0.22523961661341851 0.566905615292712 0.04792332268370607 0.017921146953405017
2 0.1693290734824281 0.5913978494623655 0.04153354632587859 0.016726403823178016
2 0.11661341853035143 0.6093189964157706 0.038338658146964855 0.014336917562724014
2 0.13977635782747602 0.554958183990442 0.03354632587859425 0.014336917562724014
2 0.23083067092651757 0.5343488649940262 0.03354632587859425 0.013739545997610512
2 0.26517571884984026 0.5229988052568697 0.03514376996805112 0.01135005973715651
2 0.31230031948881787 0.5164277180406213 0.04313099041533546 0.014934289127837515
2 0.40175718849840253 0.5128434886499402 0.039936102236421724 0.013739545997610512
2 0.4464856230031949 0.5244922341696535 0.0463258785942492 0.016726403823178016
2 0.3777955271565495 0.5391278375149342 0.04313099041533546 0.016129032258064516
2 0.420926517571885 0.5462962962962963 0.036741214057507986 0.012544802867383511
2 0.45527156549520764 0.5415173237753883 0.038338658146964855 0.01135005973715651
2 0.5335463258785942 0.534647550776583 0.051118210862619806 0.017921146953405017
2 0.5662939297124601 0.5448028673835125 0.04313099041533546 0.016726403823178016
2 0.6166134185303515 0.5504778972520907 0.04472843450479233 0.014934289127837515
2 0.6637380191693291 0.5507765830346475 0.039936102236421724 0.017921146953405017
2 0.7124600638977635 0.543010752688172 0.03514376996805112 0.01194743130227001
2 0.8027156549520766 0.5600358422939068 0.036741214057507986 0.01135005973715651
2 0.8602236421725239 0.5373357228195937 0.039936102236421724 0.016129032258064516
2 0.7723642172523961 0.5949820788530465 0.03354632587859425 0.013142174432497012
2 0.8394568690095846 0.5964755077658304 0.03354632587859425 0.01015531660692951
2 0.8682108626198083 0.5863201911589008 0.036741214057507986 0.01135005973715651
2 0.884185303514377 0.5663082437275986 0.023961661341853034 0.01194743130227001
2 0.33546325878594246 0.5445041816009557 0.03514376996805112 0.013739545997610512
2 0.3035143769968051 0.58363201911589 0.04472843450479233 0.01075268817204301
2 0.4752396166134185 0.5609318996415771 0.03354632587859425 0.016726403823178016
2 0.5694888178913737 0.5636200716845878 0.03354632587859425 0.013739545997610512
2 0.6118210862619808 0.566905615292712 0.03194888178913738 0.01194743130227001
2 0.7332268370607028 0.5660095579450418 0.038338658146964855 0.016129032258064516
2 0.2667731629392971 0.49462365591397844 0.038338658146964855 0.013142174432497012
2 0.22523961661341851 0.5077658303464755 0.038338658146964855 0.014336917562724014
2 0.12220447284345047 0.5185185185185185 0.052715654952076675 0.016726403823178016
2 0.17492012779552715 0.4919354838709677 0.036741214057507986 0.012544802867383511
2 0.2108626198083067 0.4629629629629629 0.03514376996805112 0.013142174432497012
2 0.2803514376996805 0.47192353643966545 0.036741214057507986 0.015531660692951015
2 0.2875399361022364 0.44743130227001193 0.04792332268370607 0.015531660692951015
2 0.3410543130990415 0.4351851851851852 0.03035143769968051 0.012544802867383511
2 0.38258785942492013 0.4501194743130227 0.036741214057507986 0.016129032258064516
2 0.46006389776357826 0.47013142174432493 0.04153354632587859 0.015531660692951015
2 0.4376996805111821 0.4823775388291517 0.038338658146964855 0.013739545997610512
2 0.47843450479233224 0.49044205495818394 0.04952076677316294 0.015531660692951015
2 0.5439297124600638 0.4865591397849462 0.0463258785942492 0.017323775388291517
2 0.584664536741214 0.45609318996415765 0.051118210862619806 0.018518518518518517
2 0.6102236421725239 0.483273596176822 0.04792332268370607 0.019115890083632018
2 0.6741214057507987 0.4686379928315412 0.051118210862619806 0.018518518518518517
2 0.7052715654952076 0.4390681003584229 0.036741214057507986 0.016726403823178016
2 0.7707667731629393 0.4534050179211469 0.03354632587859425 0.01194743130227001
2 0.829073482428115 0.45250896057347667 0.038338658146964855 0.013739545997610512
2 0.8258785942492013 0.4704301075268817 0.03514376996805112 0.01015531660692951
2 0.7675718849840255 0.4781959378733572 0.03354632587859425 0.012544802867383511
2 0.7963258785942492 0.4871565113500597 0.039936102236421724 0.012544802867383511
2 0.8690095846645367 0.49044205495818394 0.04792332268370607 0.015531660692951015
2 0.8330670926517572 0.5011947431302269 0.0463258785942492 0.014336917562724014
2 0.8610223642172523 0.519115890083632 0.04792332268370607 0.016726403823178016
2 0.7987220447284344 0.5218040621266428 0.04472843450479233 0.01971326164874552
2 0.7507987220447284 0.5008960573476702 0.038338658146964855 0.013739545997610512
2 0.6861022364217252 0.5209080047789725 0.039936102236421724 0.014336917562724014
2 0.742811501597444 0.5385304659498208 0.03194888178913738 0.01015531660692951
2 0.829073482428115 0.544205495818399 0.02875399361022364 0.015531660692951015
2 0.6102236421725239 0.5104540023894862 0.04153354632587859 0.014934289127837515
2 0.6597444089456869 0.5050776583034647 0.02875399361022364 0.01135005973715651
2 0.639776357827476 0.5158303464755077 0.03354632587859425 0.014934289127837515
2 0.4904153354632588 0.5116487455197132 0.04792332268370607 0.017323775388291517
2 0.3746006389776358 0.48028673835125446 0.036741214057507986 0.013142174432497012
2 0.2947284345047923 0.5017921146953405 0.03354632587859425 0.013142174432497012
2 0.17492012779552715 0.526284348864994 0.039936102236421724 0.015531660692951015
2 0.1988817891373802 0.5385304659498208 0.03354632587859425 0.012544802867383511
2 0.1741214057507987 0.46833930704898447 0.03194888178913738 0.014336917562724014
2 0.1501597444089457 0.4781959378733572 0.03194888178913738 0.01135005973715651
2 0.1182108626198083 0.4973118279569892 0.03194888178913738 0.02090800477897252
2 0.19249201277955272 0.43458781362007165 0.052715654952076675 0.018518518518518517
2 0.2667731629392971 0.4217443249701314 0.04472843450479233 0.014336917562724014
2 0.21405750798722045 0.44952210274790916 0.03514376996805112 0.013739545997610512
2 0.1733226837060703 0.40053763440860213 0.039936102236421724 0.013739545997610512
2 0.4912140575079872 0.4050179211469534 0.039936102236421724 0.015531660692951015
2 0.5758785942492013 0.42502986857825564 0.039936102236421724 0.014934289127837515
2 0.6725239616613419 0.41009557945041814 0.04472843450479233 0.013739545997610512
2 0.7108626198083067 0.40561529271206687 0.03514376996805112 0.013142174432497012
2 0.797923322683706 0.41069295101553166 0.036741214057507986 0.013739545997610512
2 0.7683706070287539 0.4253285543608124 0.04153354632587859 0.014336917562724014
2 0.786741214057508 0.4330943847072879 0.036741214057507986 0.013142174432497012
2 0.895367412140575 0.43100358422939067 0.027156549520766772 0.013739545997610512
2 0.8618210862619808 0.4298088410991637 0.03035143769968051 0.012544802867383511
2 0.9057507987220447 0.4020310633213859 0.04153354632587859 0.019115890083632018
2 0.7971246006389776 0.3643966547192353 0.03514376996805112 0.013142174432497012
2 0.8322683706070287 0.3697729988052568 0.03514376996805112 0.014336917562724014
2 0.8913738019169328 0.3635005973715651 0.03514376996805112 0.012544802867383511
2 0.8937699680511182 0.33542413381123054 0.039936102236421724 0.017323775388291517
2 0.7683706070287539 0.34886499402628435 0.03194888178913738 0.01194743130227001
2 0.7388178913738019 0.3443847072879331 0.027156549520766772 0.01015531660692951
2 0.7060702875399361 0.34378733572281955 0.03194888178913738 0.013739545997610512
2 0.7627795527156549 0.3225806451612903 0.036741214057507986 0.014336917562724014
2 0.7300319488817891 0.32945041816009557 0.03514376996805112 0.012544802867383511
2 0.7220447284345047 0.31272401433691754 0.02875399361022364 0.01135005973715651
2 0.5231629392971245 0.3820191158900836 0.04952076677316294 0.018518518518518517
2 0.4464856230031949 0.3862007168458781 0.052715654952076675 0.014934289127837515
2 0.4456869009584664 0.3664874551971326 0.03514376996805112 0.01135005973715651
2 0.5095846645367412 0.3464755077658303 0.04792332268370607 0.013142174432497012
2 0.4408945686900958 0.3431899641577061 0.038338658146964855 0.013739545997610512
2 0.402555910543131 0.3443847072879331 0.038338658146964855 0.012544802867383511
2 0.3761980830670926 0.35842293906810035 0.036741214057507986 0.016726403823178016
2 0.3154952076677316 0.3563321385902031 0.0463258785942492 0.016129032258064516
2 0.2228434504792332 0.35244922341696533 0.036741214057507986 0.009557945041816009
2 0.1733226837060703 0.3497610513739546 0.0463258785942492 0.017323775388291517
2 0.13178913738019168 0.36678614097968937 0.03354632587859425 0.01194743130227001
2 0.16134185303514376 0.3748506571087216 0.04153354632587859 0.014934289127837515
2 0.16134185303514376 0.3279569892473118 0.038338658146964855 0.014336917562724014
2 0.2803514376996805 0.32765830346475505 0.036741214057507986 0.014934289127837515
2 0.37939297124600635 0.3106332138590203 0.03354632587859425 0.013142174432497012
2 0.45047923322683703 0.30436081242532853 0.03514376996805112 0.012544802867383511
2 0.4608626198083067 0.31481481481481477 0.03354632587859425 0.013142174432497012
2 0.5255591054313099 0.3219832735961768 0.04792332268370607 0.016726403823178016
2 0.5726837060702875 0.3124253285543608 0.036741214057507986 0.015531660692951015
2 0.5886581469648562 0.3345280764635603 0.03354632587859425 0.013142174432497012
2 0.6365814696485623 0.3363201911589008 0.036741214057507986 0.015531660692951015
2 0.6437699680511182 0.3237753882915173 0.04153354632587859 0.014336917562724014
2 0.5854632587859425 0.283452807646356 0.039936102236421724 0.013739545997610512
2 0.2939297124600639 0.279868578255675 0.04153354632587859 0.016129032258064516
2 0.30910543130990414 0.29360812425328553 0.039936102236421724 0.01971326164874552
2 0.2228434504792332 0.30197132616487454 0.0463258785942492 0.017323775388291517
2 0.1230031948881789 0.30077658303464755 0.038338658146964855 0.017323775388291517
2 0.14696485623003194 0.3136200716845878 0.03514376996805112 0.013142174432497012
2 0.23961661341853036 0.38888888888888884 0.03194888178913738 0.013142174432497012
2 0.33626198083067094 0.3844086021505376 0.036741214057507986 0.012544802867383511
2 0.468849840255591 0.4318996415770609 0.0463258785942492 0.017921146953405017
2 0.59185303514377 0.3652927120669056 0.036741214057507986 0.013739545997610512
2 0.6749201277955271 0.3730585424133811 0.027156549520766772 0.013739545997610512
2 0.7707667731629393 0.3706690561529271 0.027156549520766772 0.01135005973715651
2 0.4928115015974441 0.281063321385902 0.03354632587859425 0.012544802867383511
2 0.22364217252396165 0.2732974910394265 0.038338658146964855 0.016129032258064516
2 0.15495207667731628 0.26463560334528075 0.03514376996805112 0.013142174432497012
2 0.14696485623003194 0.24611708482676223 0.03514376996805112 0.013142174432497012
2 0.1733226837060703 0.2885304659498208 0.04313099041533546 0.014336917562724014
2 0.8003194888178914 0.7359617682198327 0.022364217252396165 0.01194743130227001
2 0.5878594249201278 0.9265232974910393 0.03514376996805112 0.015531660692951015
2 0.5822683706070287 0.9611708482676224 0.04313099041533546 0.009557945041816009
2 0.7260383386581469 0.9381720430107526 0.03354632587859425 0.01015531660692951
2 0.45607028753993606 0.8951612903225806 0.03035143769968051 0.01015531660692951
2 0.10463258785942492 0.8249701314217442 0.0463258785942492 0.016726403823178016
2 0.3386581469648562 0.7007168458781362 0.03194888178913738 0.01075268817204301
2 0.32827476038338654 0.7135603345280764 0.03035143769968051 0.01015531660692951
2 0.4001597444089457 0.7054958183990442 0.03035143769968051 0.014336917562724014
2 0.7707667731629393 0.6980286738351255 0.036741214057507986 0.012544802867383511
2 0.26996805111821087 0.6651732377538829 0.03514376996805112 0.01135005973715651
2 0.20207667731629392 0.6562126642771804 0.039936102236421724 0.013739545997610512
2 0.5407348242811502 0.7338709677419354 0.023961661341853034 0.01015531660692951
2 0.6277955271565495 0.7216248506571087 0.04153354632587859 0.014336917562724014
2 0.7052715654952076 0.6454599761051374 0.03354632587859425 0.01135005973715651
2 0.8314696485623003 0.6562126642771804 0.036741214057507986 0.014934289127837515
2 0.10303514376996804 0.5851254480286738 0.04313099041533546 0.014934289127837515
2 0.13578274760383385 0.569295101553166 0.03194888178913738 0.01075268817204301
2 0.11741214057507987 0.5516726403823178 0.027156549520766772 0.014934289127837515
2 0.3738019169329073 0.5612305854241337 0.03514376996805112 0.014934289127837515
2 0.4217252396166134 0.5925925925925926 0.038338658146964855 0.01194743130227001
2 0.7843450479233226 0.5468936678614098 0.02875399361022364 0.01135005973715651
2 0.7460063897763578 0.5122461170848267 0.038338658146964855 0.01135005973715651
2 0.5830670926517572 0.5259856630824372 0.03194888178913738 0.012544802867383511
2 0.15255591054313097 0.4486260454002389 0.03035143769968051 0.01075268817204301
2 0.5111821086261981 0.3945639187574671 0.025559105431309903 0.01135005973715651
2 0.7507987220447284 0.36798088410991636 0.02875399361022364 0.01194743130227001
2 0.8067092651757188 0.34139784946236557 0.02875399361022364 0.012544802867383511
2 0.8650159744408945 0.31571087216248506 0.036741214057507986 0.012544802867383511
2 0.8362619808306709 0.2873357228195938 0.04313099041533546 0.015531660692951015
2 0.7196485623003195 0.2939068100358423 0.036741214057507986 0.01194743130227001
2 0.7539936102236422 0.3064516129032258 0.03514376996805112 0.013142174432497012
2 0.7715654952076677 0.2959976105137395 0.04153354632587859 0.013739545997610512
2 0.7460063897763578 0.2876344086021505 0.03514376996805112 0.014934289127837515
2 0.18370607028753994 0.3130227001194743 0.04153354632587859 0.014336917562724014
2 0.1253993610223642 0.28375149342891276 0.03354632587859425 0.014336917562724014
2 0.2484025559105431 0.2876344086021505 0.04952076677316294 0.016129032258064516
2 0.35303514376996803 0.2789725209080048 0.038338658146964855 0.014336917562724014
2 0.11741214057507987 0.19563918757467144 0.039936102236421724 0.016129032258064516
2 0.28913738019169327 0.24880525686977298 0.03514376996805112 0.012544802867383511
2 0.19169329073482427 0.18906810035842292 0.03194888178913738 0.012544802867383511
2 0.5535143769968051 0.1741338112305854 0.036741214057507986 0.01135005973715651
2 0.5519169329073482 0.18637992831541217 0.036741214057507986 0.017921146953405017
2 0.6557507987220447 0.16905615292712065 0.04313099041533546 0.016726403823178016
2 0.845846645367412 0.18608124253285543 0.04952076677316294 0.013739545997610512
2 0.6781150159744409 0.13649940262843488 0.03354632587859425 0.016129032258064516
2 0.4416932907348243 0.1123058542413381 0.03354632587859425 0.01194743130227001
2 0.5087859424920128 0.12156511350059736 0.03035143769968051 0.014934289127837515
2 0.8793929712460063 0.15292712066905614 0.036741214057507986 0.014336917562724014
2 0.6845047923322684 0.09826762246117084 0.0463258785942492 0.014934289127837515
2 0.3921725239616613 0.09348864994026283 0.039936102236421724 0.016129032258064516
2 0.3945686900958466 0.07616487455197132 0.038338658146964855 0.013739545997610512
2 0.35862619808306706 0.06869772998805257 0.039936102236421724 0.014336917562724014
2 0.43290734824281146 0.06810035842293906 0.038338658146964855 0.01194743130227001
2 0.4776357827476038 0.04181600955794504 0.04792332268370607 0.015531660692951015
2 0.5231629392971245 0.0504778972520908 0.0463258785942492 0.02210274790919952
2 0.45047923322683703 0.046296296296296294 0.05750798722044728 0.016129032258064516
2 0.6118210862619808 0.04569892473118279 0.03194888178913738 0.01135005973715651
2 0.6477635782747604 0.061827956989247305 0.03354632587859425 0.01135005973715651
2 0.8019169329073482 0.028375149342891277 0.03194888178913738 0.01971326164874552
2 0.8466453674121406 0.03643966547192353 0.038338658146964855 0.027479091995221024
2 0.3146964856230032 0.03195937873357228 0.03194888178913738 0.012544802867383511
2 0.2619808306709265 0.1033452807646356 0.054313099041533544 0.017921146953405017
2 0.8362619808306709 0.1260454002389486 0.03035143769968051 0.014336917562724014
2 0.23482428115015974 0.04510155316606929 0.02875399361022364 0.01135005973715651
2 0.748402555910543 0.05884109916367981 0.039936102236421724 0.01015531660692951
2 0.7507987220447284 0.07735961768219832 0.038338658146964855 0.012544802867383511
2 0.7859424920127795 0.07287933094384706 0.03514376996805112 0.014336917562724014
2 0.9712460063897763 0.01194743130227001 0.04472843450479233 0.017921146953405017
2 0.9656549520766773 0.03345280764635603 0.0463258785942492 0.016726403823178016
2 0.9241214057507987 0.03106332138590203 0.039936102236421724 0.019115890083632018
2 0.90814696485623 0.060334528076463556 0.036741214057507986 0.02031063321385902
2 0.9273162939297124 0.08094384707287933 0.03354632587859425 0.013739545997610512
2 0.9424920127795526 0.09080047789725208 0.03194888178913738 0.009557945041816009
2 0.9696485623003195 0.08482676224611709 0.038338658146964855 0.015531660692951015
2 0.944888178913738 0.10902031063321385 0.052715654952076675 0.016129032258064516
2 0.9089456869009584 0.13381123058542413 0.051118210862619806 0.017921146953405017
2 0.9528753993610223 0.14456391875746713 0.04313099041533546 0.015531660692951015
2 0.9153354632587859 0.1556152927120669 0.04153354632587859 0.01971326164874552
2 0.7587859424920127 0.12992831541218638 0.03194888178913738 0.012544802867383511
2 0.9009584664536741 0.10842293906810035 0.025559105431309903 0.01015531660692951
2 0.9424920127795526 0.12066905615292711 0.03194888178913738 0.008363201911589008
2 0.04952076677316294 0.1266427718040621 0.04792332268370607 0.014336917562724014
2 0.0926517571884984 0.1747311827956989 0.04792332268370607 0.018518518518518517
2 0.9273162939297124 0.2168458781362007 0.05910543130990415 0.016726403823178016
2 0.9744408945686901 0.2168458781362007 0.04153354632587859 0.019115890083632018
2 0.9089456869009584 0.22670250896057345 0.03514376996805112 0.014934289127837515
2 0.9624600638977635 0.24432497013142174 0.03354632587859425 0.014336917562724014
2 0.9193290734824281 0.25029868578255676 0.05591054313099041 0.02031063321385902
2 0.9600638977635783 0.2640382317801672 0.038338658146964855 0.017921146953405017
2 0.9177316293929713 0.27598566308243727 0.039936102236421724 0.015531660692951015
2 0.9600638977635783 0.289426523297491 0.04792332268370607 0.02210274790919952
2 0.8730031948881789 0.25597371565113497 0.03354632587859425 0.01015531660692951
2 0.8690095846645367 0.2694145758661888 0.04472843450479233 0.013142174432497012
2 0.09584664536741214 0.21714456391875744 0.04472843450479233 0.017323775388291517
2 0.10143769968051118 0.24551971326164873 0.04952076677316294 0.019115890083632018
2 0.04073482428115016 0.269115890083632 0.027156549520766772 0.014934289127837515
2 0.06150159744408945 0.26583034647550774 0.023961661341853034 0.009557945041816009
2 0.09584664536741214 0.2640382317801672 0.038338658146964855 0.015531660692951015
2 0.12699680511182107 0.2673237753882915 0.020766773162939296 0.016129032258064516
2 0.02875399361022364 0.28793309438470727 0.051118210862619806 0.016726403823178016
2 0.07987220447284345 0.29002389486260455 0.04792332268370607 0.01971326164874552
2 0.944888178913738 0.30734767025089604 0.039936102236421724 0.008960573476702509
2 0.9568690095846645 0.33183990442054956 0.054313099041533544 0.018518518518518517
2 0.8410543130990416 0.3028673835125448 0.03354632587859425 0.013142174432497012
2 0.6054313099041533 0.3088410991636798 0.02875399361022364 0.01194743130227001
2 0.6094249201277955 0.34498207885304655 0.03354632587859425 0.01135005973715651
2 0.4984025559105431 0.33482676224611707 0.03194888178913738 0.01015531660692951
2 0.4912140575079872 0.3172043010752688 0.027156549520766772 0.01194743130227001
2 0.25399361022364214 0.31332138590203107 0.03194888178913738 0.01015531660692951
2 0.21006389776357826 0.3231780167264038 0.036741214057507986 0.01194743130227001
2 0.07587859424920128 0.3303464755077658 0.039936102236421724 0.01194743130227001
2 0.08386581469648562 0.3166069295101553 0.0463258785942492 0.013142174432497012
2 0.015175718849840255 0.3267622461170848 0.027156549520766772 0.014336917562724014
2 0.09584664536741214 0.3563321385902031 0.03514376996805112 0.014934289127837515
2 0.13019169329073482 0.3539426523297491 0.036741214057507986 0.012544802867383511
2 0.02156549520766773 0.39277180406212664 0.027156549520766772 0.013739545997610512
2 0.10063897763578275 0.4086021505376344 0.04153354632587859 0.014336917562724014
2 0.0926517571884984 0.4318996415770609 0.051118210862619806 0.017921146953405017
2 0.5183706070287539 0.3652927120669056 0.036741214057507986 0.012544802867383511
2 0.8338658146964856 0.4094982078853046 0.03194888178913738 0.013739545997610512
2 0.7460063897763578 0.4020310633213859 0.02875399361022364 0.013142174432497012
2 0.7763578274760383 0.39486260454002386 0.03194888178913738 0.01194743130227001
2 0.9249201277955271 0.4522102747909199 0.02875399361022364 0.015531660692951015
2 0.7388178913738019 0.46445639187574667 0.0463258785942492 0.016129032258064516
2 0.7060702875399361 0.48088410991636793 0.019169329073482427 0.008363201911589008
2 0.6190095846645367 0.4674432497013142 0.03354632587859425 0.01135005973715651
2 0.4289137380191693 0.4351851851851852 0.036741214057507986 0.01135005973715651
2 0.08306709265175719 0.4563918757467144 0.04153354632587859 0.019115890083632018
2 0.04472843450479233 0.4498207885304659 0.03514376996805112 0.009557945041816009
2 0.039936102236421724 0.48028673835125446 0.04792332268370607 0.013142174432497012
2 0.07987220447284345 0.4886499402628435 0.04153354632587859 0.017921146953405017
2 0.05351437699680511 0.5224014336917563 0.036741214057507986 0.01135005973715651
2 0.042332268370607024 0.5086618876941458 0.039936102236421724 0.013739545997610512
2 0.9129392971246006 0.5077658303464755 0.052715654952076675 0.02150537634408602
2 0.9049520766773163 0.5253882915173237 0.03354632587859425 0.013739545997610512
2 0.07587859424920128 0.5459976105137395 0.06230031948881789 0.02150537634408602
2 0.01757188498402556 0.5415173237753883 0.03194888178913738 0.012544802867383511
2 0.07268370607028754 0.5851254480286738 0.027156549520766772 0.018518518518518517
2 0.21246006389776356 0.5821385902031063 0.038338658146964855 0.012544802867383511
2 0.16613418530351437 0.6418757467144564 0.04153354632587859 0.016129032258064516
2 0.07827476038338657 0.6517323775388291 0.038338658146964855 0.014336917562724014
2 0.9089456869009584 0.5887096774193548 0.04153354632587859 0.016129032258064516
2 0.9097444089456869 0.6054360812425328 0.04952076677316294 0.014934289127837515
2 0.9752396166134185 0.6472520908004779 0.03035143769968051 0.014934289127837515
2 0.9185303514376997 0.6544205495818398 0.03514376996805112 0.012544802867383511
2 0.3146964856230032 0.6768219832735961 0.025559105431309903 0.01075268817204301
2 0.07268370607028754 0.7234169653524491 0.04952076677316294 0.02150537634408602
2 0.03514376996805112 0.7264038231780167 0.03194888178913738 0.01194743130227001
2 0.11421725239616613 0.7296893667861409 0.036741214057507986 0.016129032258064516
2 0.027955271565495207 0.75 0.04952076677316294 0.017323775388291517
2 0.0878594249201278 0.7780764635603344 0.03194888178913738 0.014934289127837515
2 0.4792332268370607 0.8178016726403823 0.025559105431309903 0.009557945041816009
2 0.06070287539936102 0.8548387096774193 0.054313099041533544 0.017921146953405017
2 0.0439297124600639 0.8975507765830346 0.036741214057507986 0.017323775388291517
2 0.0742811501597444 0.8969534050179211 0.027156549520766772 0.016129032258064516
2 0.8969648562300319 0.9333930704898447 0.036741214057507986 0.017323775388291517
2 0.676517571884984 0.9829749103942652 0.03035143769968051 0.008960573476702509
2 0.08945686900958466 0.9904420549581839 0.04472843450479233 0.013142174432497012
2 0.10463258785942492 0.9740143369175627 0.039936102236421724 0.016129032258064516
2 0.05990415335463259 0.9674432497013141 0.05591054313099041 0.018518518518518517
2 0.020766773162939296 0.9345878136200716 0.038338658146964855 0.024492234169653522
2 0.016773162939297124 0.9701314217443249 0.03035143769968051 0.02150537634408602
