2 0.14475627769571642 0.029484792054624457 0.041358936484490405 0.015518311607697082
2 0.22673559822747416 0.03382991930477964 0.03988183161004431 0.015518311607697082
2 0.2806499261447563 0.02824332712600869 0.03840472673559823 0.014276846679081317
2 0.33899556868537667 0.027001862197392923 0.03988183161004431 0.01675977653631285
2 0.4372230428360414 0.024829298572315334 0.03840472673559823 0.009931719428926133
2 0.5251107828655834 0.02110490378646803 0.033973412112259974 0.012414649286157667
2 0.6174298375184638 0.022967101179391682 0.03545051698670606 0.016139044072004966
2 0.7813884785819794 0.027622594661700806 0.03249630723781389 0.01303538175046555
2 0.8212703101920237 0.010242085661080074 0.03249630723781389 0.014276846679081317
2 0.844903988183161 0.027622594661700806 0.026587887740029542 0.01303538175046555
2 0.8161004431314623 0.04407200496585972 0.04283604135893649 0.016139044072004966
2 0.8803545051698671 0.040347610180012414 0.029542097488921715 0.012414649286157667
2 0.8670605612998523 0.056176288019863435 0.041358936484490405 0.01675977653631285
2 0.8220088626292468 0.06548727498448169 0.033973412112259974 0.014276846679081317
2 0.7370753323485968 0.06300434512725016 0.03545051698670606 0.01675977653631285
2 0.7658788774002955 0.06207324643078833 0.02806499261447563 0.01738050900062073
2 0.689069423929099 0.054003724394785846 0.03692762186115214 0.013656114214773432
2 0.5590841949778435 0.014276846679081317 0.022156573116691287 0.008690254500310366
2 0.3729689807976367 0.023898199875853506 0.022156573116691287 0.006828057107386716
2 0.18389955686853768 0.033209186840471756 0.033973412112259974 0.00931098696461825
2 0.15066469719350076 0.07107386716325263 0.03545051698670606 0.015518311607697082
2 0.22156573116691286 0.0983860955927995 0.041358936484490405 0.018001241464928614
2 0.14032496307237816 0.09993792675356922 0.03840472673559823 0.0148975791433892
2 0.14697193500738553 0.1281812538795779 0.03988183161004431 0.01303538175046555
2 0.17799113737075334 0.15238981998758536 0.03988183161004431 0.015518311607697082
2 0.2725258493353028 0.07697082557417753 0.03692762186115214 0.01738050900062073
2 0.3220088626292467 0.09404096834264432 0.041358936484490405 0.01675977653631285
2 0.24076809453471198 0.13066418373680944 0.029542097488921715 0.010552451893234015
2 0.3072378138847858 0.14214773432650527 0.03840472673559823 0.0148975791433892
2 0.3766617429837519 0.1409062693978895 0.03249630723781389 0.013656114214773432
2 0.3877400295420975 0.1191806331471136 0.033973412112259974 0.0148975791433892
2 0.45420974889217136 0.10459342023587834 0.033973412112259974 0.015518311607697082
2 0.5997045790251109 0.08659217877094973 0.041358936484490405 0.015518311607697082
2 0.5384047267355982 0.06641837368094351 0.033973412112259974 0.0148975791433892
2 0.4423929098966027 0.06083178150217256 0.04283604135893649 0.013656114214773432
2 0.3670605612998523 0.06610800744878957 0.03692762186115214 0.01675977653631285
2 0.41506646971935013 0.07386716325263812 0.029542097488921715 0.012414649286157667
2 0.3168389955686854 0.07635009310986965 0.02806499261447563 0.016139044072004966
2 0.5251107828655834 0.10924891371818746 0.02806499261447563 0.012414649286157667
2 0.56794682422452 0.10273122284295469 0.04874446085672083 0.014276846679081317
2 0.5908419497784343 0.11359404096834265 0.044313146233382575 0.0148975791433892
2 0.6794682422451994 0.10831781502172563 0.03545051698670606 0.01303538175046555
2 0.6565731166912852 0.09683426443202979 0.0310192023633678 0.013656114214773432
2 0.6410635155096013 0.08069522036002483 0.03249630723781389 0.0111731843575419
2 0.7725258493353029 0.12135319677219118 0.03545051698670606 0.015518311607697082
2 0.8205317577548007 0.12538795779019243 0.0310192023633678 0.0148975791433892
2 0.5354505169867061 0.14525139664804468 0.04579025110782866 0.016139044072004966
2 0.5723781388478583 0.14525139664804468 0.033973412112259974 0.01738050900062073
2 0.6203840472673561 0.14276846679081315 0.03840472673559823 0.016139044072004966
2 0.6794682422451994 0.14990689013035383 0.03249630723781389 0.014276846679081317
2 0.7496307237813885 0.15363128491620112 0.022156573116691287 0.01303538175046555
2 0.8197932053175776 0.16821849782743636 0.03249630723781389 0.013656114214773432
2 0.8648449039881833 0.17442582247051522 0.02806499261447563 0.013656114214773432
2 0.9002954209748892 0.1952203600248293 0.0310192023633678 0.01675977653631285
2 0.8323485967503693 0.20018621973929238 0.03988183161004431 0.019242706393544383
2 0.7909896602658789 0.23122284295468654 0.04283604135893649 0.014276846679081317
2 0.7673559822747416 0.24549968963376784 0.0310192023633678 0.014276846679081317
2 0.8072378138847859 0.2641216635630043 0.033973412112259974 0.01675977653631285
2 0.5827178729689808 0.2026691495965239 0.04579025110782866 0.018001241464928614
2 0.5745937961595273 0.18373680943513346 0.03249630723781389 0.0148975791433892
2 0.6107828655834565 0.17256362507759157 0.033973412112259974 0.016139044072004966
2 0.6573116691285081 0.18218497827436375 0.03840472673559823 0.018001241464928614
2 0.670605612998523 0.19770328988206082 0.03249630723781389 0.014276846679081317
2 0.7163958641063516 0.196772191185599 0.03249630723781389 0.016139044072004966
2 0.7304283604135894 0.18125387957790193 0.03988183161004431 0.0186219739292365
2 0.6912850812407682 0.16728739913097454 0.041358936484490405 0.018001241464928614
2 0.45420974889217136 0.17815021725636251 0.04874446085672083 0.01738050900062073
2 0.4675036927621862 0.19335816263190564 0.03692762186115214 0.015518311607697082
2 0.515509601181684 0.18280571073867163 0.03545051698670606 0.01303538175046555
2 0.5251107828655834 0.19801365611421476 0.03988183161004431 0.0111731843575419
2 0.619645494830133 0.21570453134698944 0.0310192023633678 0.015518311607697082
2 0.5598227474150665 0.21818746120422097 0.041358936484490405 0.014276846679081317
2 0.7562776957163959 0.2169459962756052 0.020679468242245203 0.01303538175046555
2 0.036189069423929104 0.1818746120422098 0.033973412112259974 0.0148975791433892
2 0.013293943870014771 0.17132216014897578 0.023633677991137372 0.019863438857852266
2 0.041358936484490405 0.154252017380509 0.03840472673559823 0.01303538175046555
2 0.11004431314623339 0.15394165114835506 0.03692762186115214 0.012414649286157667
2 0.1927621861152142 0.17411545623836128 0.0310192023633678 0.014276846679081317
2 0.2548005908419498 0.17256362507759157 0.033973412112259974 0.0148975791433892
2 0.31462333825701627 0.17783985102420857 0.053175775480059084 0.014276846679081317
2 0.22082717872968982 0.1952203600248293 0.033973412112259974 0.011793916821849782
2 0.27104874446085675 0.19863438857852267 0.025110782865583457 0.009931719428926133
2 0.3995568685376662 0.1877715704531347 0.03692762186115214 0.011793916821849782
2 0.4283604135893649 0.19428926132836746 0.026587887740029542 0.0111731843575419
2 0.12850812407680945 0.23649906890130354 0.03545051698670606 0.008690254500310366
2 0.17872968980797638 0.22315332091868403 0.026587887740029542 0.011793916821849782
2 0.2806499261447563 0.22346368715083798 0.03249630723781389 0.009931719428926133
2 0.24372230428360414 0.2132216014897579 0.03545051698670606 0.01303538175046555
2 0.3973412112259971 0.21973929236499068 0.041358936484490405 0.012414649286157667
2 0.515509601181684 0.25915580384854126 0.03545051698670606 0.018001241464928614
2 0.48301329394387005 0.2271880819366853 0.026587887740029542 0.012414649286157667
2 0.7141802067946824 0.2883302296710118 0.03988183161004431 0.015518311607697082
2 0.601181683899557 0.2756052141527002 0.03545051698670606 0.0111731843575419
2 0.4682422451994092 0.2886405959031657 0.047267355982274745 0.016139044072004966
2 0.5391432791728213 0.2892613283674736 0.044313146233382575 0.0148975791433892
2 0.2392909896602659 0.28057107386716323 0.026587887740029542 0.012414649286157667
2 0.14254062038404727 0.2824332712600869 0.0310192023633678 0.009931719428926133
2 0.35081240768094535 0.28367473618870265 0.02806499261447563 0.013656114214773432
2 0.39881831610044316 0.2675356921166977 0.03249630723781389 0.012414649286157667
2 0.3212703101920237 0.31036623215394166 0.0310192023633678 0.013656114214773432
2 0.3648449039881832 0.3088144009931719 0.03545051698670606 0.010552451893234015
2 0.14992614475627772 0.32464307883302296 0.022156573116691287 0.012414649286157667
2 0.4084194977843427 0.2973308504034761 0.025110782865583457 0.012414649286157667
2 0.465288035450517 0.31191806331471134 0.03840472673559823 0.011793916821849782
2 0.5288035450516987 0.3122284295468653 0.023633677991137372 0.0074487895716946
2 0.5657311669128509 0.3060211049037865 0.029542097488921715 0.0111731843575419
2 0.757016248153619 0.30043451272501553 0.03988183161004431 0.016139044072004966
2 0.7998522895125555 0.3097454996896338 0.03988183161004431 0.0186219739292365
2 0.7459379615952734 0.31843575418994413 0.041358936484490405 0.0148975791433892
2 0.7673559822747416 0.3330229671011794 0.04283604135893649 0.015518311607697082
2 0.8020679468242246 0.33271260086902543 0.044313146233382575 0.0186219739292365
2 0.8279172821270311 0.32464307883302296 0.02806499261447563 0.0148975791433892
2 0.8485967503692763 0.2985723153320919 0.0310192023633678 0.01738050900062073
2 0.877400295420975 0.30446927374301674 0.020679468242245203 0.014276846679081317
2 0.912850812407681 0.3345747982619491 0.023633677991137372 0.0148975791433892
2 0.6595273264401773 0.3336436995654873 0.0310192023633678 0.015518311607697082
2 0.19940915805022158 0.3308504034761018 0.029542097488921715 0.0111731843575419
2 0.20088626292466766 0.30136561142147733 0.023633677991137372 0.01303538175046555
2 0.3353028064992615 0.968032278088144 0.03545051698670606 0.014276846679081317
2 0.3663220088626293 0.9689633767846059 0.026587887740029542 0.0111731843575419
2 0.3803545051698671 0.9748603351955307 0.025110782865583457 0.01303538175046555
2 0.3995568685376662 0.9872749844816884 0.02806499261447563 0.011793916821849782
2 0.46085672082717877 0.9754810676598386 0.029542097488921715 0.015518311607697082
2 0.5672082717872969 0.9671011793916822 0.026587887740029542 0.013656114214773432
2 0.5649926144756278 0.9612042209807573 0.033973412112259974 0.014276846679081317
2 0.5228951255539144 0.9500310366232154 0.03545051698670606 0.015518311607697082
2 0.4940915805022157 0.9199255121042831 0.03692762186115214 0.016139044072004966
2 0.4342688330871492 0.931098696461825 0.03545051698670606 0.0148975791433892
2 0.4512555391432792 0.952513966480447 0.0310192023633678 0.014276846679081317
2 0.28877400295420974 0.9394785847299814 0.04579025110782866 0.014276846679081317
2 0.33087149187592324 0.9391682184978274 0.026587887740029542 0.013656114214773432
2 0.26883308714918763 0.9252017380509 0.03545051698670606 0.014276846679081317
2 0.25036927621861155 0.9453755431409062 0.03988183161004431 0.019863438857852266
2 0.22451994091580504 0.9289261328367474 0.041358936484490405 0.015518311607697082
2 0.14180206794682423 0.9022346368715084 0.029542097488921715 0.014276846679081317
2 0.09527326440177253 0.9112352576039727 0.02806499261447563 0.0148975791433892
2 0.06942392909896603 0.8947858472998138 0.03840472673559823 0.018001241464928614
2 0.020679468242245203 0.8957169459962756 0.026587887740029542 0.013656114214773432
2 0.027326440177252588 0.9065797641216635 0.03692762186115214 0.01675977653631285
2 0.029542097488921715 0.8693358162631906 0.029542097488921715 0.01675977653631285
2 0.041358936484490405 0.8479205462445686 0.044313146233382575 0.016139044072004966
2 0.07311669128508125 0.8370577281191807 0.022156573116691287 0.014276846679081317
2 0.09748892171344166 0.861887026691496 0.041358936484490405 0.011793916821849782
2 0.16100443131462336 0.8715083798882681 0.03840472673559823 0.02110490378646803
2 0.10487444608567209 0.8783364369956549 0.047267355982274745 0.012414649286157667
2 0.2614475627769572 0.8640595903165735 0.029542097488921715 0.016139044072004966
2 0.30576070901033975 0.8640595903165735 0.029542097488921715 0.013656114214773432
2 0.4017725258493353 0.8814400993171942 0.03249630723781389 0.013656114214773432
2 0.4630723781388479 0.8851644941030415 0.0310192023633678 0.012414649286157667
2 0.5324963072378139 0.8566108007448789 0.03692762186115214 0.01738050900062073
2 0.5960118168389956 0.8463687150837989 0.0310192023633678 0.014276846679081317
2 0.6403249630723782 0.8171942892613283 0.03692762186115214 0.01675977653631285
2 0.706056129985229 0.8687150837988826 0.03545051698670606 0.01675977653631285
2 0.7850812407680946 0.8395406579764122 0.03988183161004431 0.019242706393544383
2 0.8360413589364846 0.877715704531347 0.044313146233382575 0.016139044072004966
2 0.8559822747415067 0.8978895096213532 0.033973412112259974 0.01675977653631285
2 0.9076809453471197 0.861887026691496 0.033973412112259974 0.015518311607697082
2 0.9734121122599705 0.8739913097454997 0.044313146233382575 0.012414649286157667
2 0.9556868537666174 0.8898199875853507 0.03545051698670606 0.015518311607697082
2 0.9069423929098966 0.9053382991930478 0.029542097488921715 0.014276846679081317
2 0.9387001477104875 0.9075108628181254 0.02806499261447563 0.012414649286157667
2 0.912112259970458 0.9252017380509 0.03692762186115214 0.018001241464928614
2 0.965288035450517 0.9217877094972067 0.033973412112259974 0.0111731843575419
2 0.9586410635155097 0.9388578522656735 0.03249630723781389 0.01303538175046555
2 0.8567208271787298 0.9397889509621353 0.03249630723781389 0.01738050900062073
2 0.8921713441654358 0.9447548106765984 0.03545051698670606 0.01738050900062073
2 0.9062038404726737 0.962756052141527 0.03692762186115214 0.0186219739292365
2 0.7127031019202363 0.9624456859093731 0.04579025110782866 0.01675977653631285
2 0.7961595273264402 0.9608938547486033 0.03545051698670606 0.0148975791433892
2 0.7887740029542099 0.9252017380509 0.041358936484490405 0.01675977653631285
2 0.7644017725258494 0.946617008069522 0.03692762186115214 0.01738050900062073
2 0.7895125553914328 0.9397889509621353 0.04283604135893649 0.02110490378646803
2 0.6735598227474151 0.9382371198013656 0.03249630723781389 0.014276846679081317
2 0.6595273264401773 0.9276846679081316 0.04283604135893649 0.014276846679081317
2 0.6986706056129985 0.909683426443203 0.03249630723781389 0.015518311607697082
2 0.7341211225997046 0.8944754810676598 0.03545051698670606 0.016139044072004966
2 0.6056129985228952 0.9342023587833643 0.03545051698670606 0.01738050900062073
2 0.6314623338257017 0.9450651769087524 0.03692762186115214 0.015518311607697082
2 0.6646971935007386 0.9863438857852266 0.03840472673559823 0.013656114214773432
2 0.6994091580502216 0.9891371818746121 0.022156573116691287 0.014276846679081317
2 0.723781388478582 0.9885164494103041 0.029542097488921715 0.01303538175046555
2 0.32644017725258495 0.9152700186219739 0.03840472673559823 0.015518311607697082
2 0.3050221565731167 0.8907510862818125 0.025110782865583457 0.0111731843575419
2 0.206794682422452 0.8764742396027312 0.029542097488921715 0.013656114214773432
2 0.15435745937961595 0.8345747982619491 0.0310192023633678 0.014276846679081317
2 0.22525849335302808 0.8007448789571695 0.03692762186115214 0.016139044072004966
2 0.27695716395864106 0.7954686530105525 0.03692762186115214 0.010552451893234015
2 0.33825701624815363 0.7787088764742396 0.020679468242245203 0.01303538175046555
2 0.3855243722304284 0.7740533829919305 0.026587887740029542 0.013656114214773432
2 0.43796159527326445 0.7780881440099318 0.02806499261447563 0.011793916821849782
2 0.4734121122599705 0.7830540037243948 0.0310192023633678 0.014276846679081317
2 0.5199409158050222 0.8078833022967101 0.03545051698670606 0.019242706393544383
2 0.5096011816838996 0.8277467411545624 0.03249630723781389 0.01303538175046555
2 0.41432791728212703 0.8230912476722533 0.02806499261447563 0.01738050900062073
2 0.1757754800590842 0.7780881440099318 0.03840472673559823 0.015518311607697082
2 0.29172821270310195 0.7216014897579144 0.03692762186115214 0.018001241464928614
2 0.3530280649926145 0.7240844196151459 0.03249630723781389 0.010552451893234015
2 0.38478581979320536 0.728429546865301 0.019202363367799114 0.008069522036002483
2 0.4409158050221566 0.7098075729360646 0.04579025110782866 0.01675977653631285
2 0.45568685376661744 0.7358783364369956 0.051698670605613 0.015518311607697082
2 0.5472673559822748 0.7513966480446927 0.03692762186115214 0.018001241464928614
2 0.6425406203840474 0.7517070142768467 0.044313146233382575 0.0148975791433892
2 0.6240768094534712 0.7312228429546865 0.0310192023633678 0.013656114214773432
2 0.7282127031019203 0.7433271260086902 0.03249630723781389 0.018001241464928614
2 0.7932053175775481 0.7346368715083799 0.03249630723781389 0.01303538175046555
2 0.8485967503692763 0.7442582247051521 0.0310192023633678 0.013656114214773432
2 0.8707533234859676 0.755431409062694 0.0310192023633678 0.012414649286157667
2 0.9217134416543575 0.7697082557417753 0.041358936484490405 0.01738050900062073
2 0.9283604135893649 0.750155183116077 0.03988183161004431 0.015518311607697082
2 0.9719350073855244 0.7476722532588455 0.03249630723781389 0.011793916821849782
2 0.8293943870014772 0.6558038485412787 0.033973412112259974 0.014276846679081317
2 0.8633677991137372 0.6511483550589696 0.033973412112259974 0.013656114214773432
2 0.8493353028064993 0.6322160148975792 0.044313146233382575 0.018001241464928614
2 0.9062038404726737 0.6284916201117319 0.02806499261447563 0.01303538175046555
2 0.9889217134416545 0.6229050279329609 0.022156573116691287 0.019242706393544383
2 0.980797636632201 0.6558038485412787 0.029542097488921715 0.01303538175046555
2 0.741506646971935 0.6617008069522036 0.044313146233382575 0.0186219739292365
2 0.7895125553914328 0.6582867783985102 0.03988183161004431 0.01675977653631285
2 0.6514032496307238 0.6983240223463687 0.03840472673559823 0.0148975791433892
2 0.6713441654357459 0.7203600248292986 0.02806499261447563 0.01303538175046555
2 0.739290989660266 0.7153941651148356 0.03988183161004431 0.014276846679081317
2 0.5531757754800591 0.6964618249534451 0.051698670605613 0.019863438857852266
2 0.46011816838995573 0.6787709497206704 0.03692762186115214 0.01675977653631285
2 0.40546528803545057 0.6517690875232774 0.03988183161004431 0.016139044072004966
2 0.4741506646971935 0.6312849162011173 0.03840472673559823 0.013656114214773432
2 0.49113737075332353 0.6104903786468032 0.033973412112259974 0.014276846679081317
2 0.5531757754800591 0.6204220980757293 0.04579025110782866 0.019242706393544383
2 0.6122599704579026 0.6157666045934203 0.03988183161004431 0.0186219739292365
2 0.6521418020679469 0.611421477343265 0.03692762186115214 0.0148975791433892
2 0.6912850812407682 0.6042830540037244 0.03840472673559823 0.011793916821849782
2 0.6713441654357459 0.6253879577901924 0.025110782865583457 0.00931098696461825
2 0.7200886262924668 0.6185599006828058 0.03692762186115214 0.011793916821849782
2 0.7481536189069424 0.6235257603972688 0.04283604135893649 0.021725636250775917
2 0.810192023633678 0.611421477343265 0.03692762186115214 0.012414649286157667
2 0.8604135893648449 0.6132836747361887 0.033973412112259974 0.012414649286157667
2 0.10782865583456426 0.6443202979515829 0.029542097488921715 0.013656114214773432
2 0.21491875923190548 0.61731843575419 0.02806499261447563 0.010552451893234015
2 0.2680945347119646 0.6108007448789572 0.033973412112259974 0.0148975791433892
2 0.33087149187592324 0.6393544382371198 0.029542097488921715 0.0148975791433892
2 0.08936484490398819 0.7333954065797641 0.02806499261447563 0.015518311607697082
2 0.04062038404726736 0.7098075729360646 0.022156573116691287 0.006828057107386716
2 0.20384047267355984 0.6883923029174426 0.020679468242245203 0.009931719428926133
2 0.34490398818316104 0.6762880198634389 0.02806499261447563 0.010552451893234015
2 0.36558345642540624 0.7045313469894475 0.0310192023633678 0.013656114214773432
2 0.19719350073855246 0.7417752948479206 0.033973412112259974 0.009931719428926133
2 0.16986706056129985 0.7346368715083799 0.026587887740029542 0.008069522036002483
2 0.18980797636632202 0.5946617008069522 0.033973412112259974 0.01738050900062073
2 0.20753323485967506 0.5437616387337058 0.0310192023633678 0.0148975791433892
2 0.257754800590842 0.5363128491620112 0.02806499261447563 0.013656114214773432
2 0.35893648449039883 0.548106765983861 0.03545051698670606 0.016139044072004966
2 0.4113737075332349 0.5387957790192427 0.03692762186115214 0.01738050900062073
2 0.38995568685376664 0.5437616387337058 0.03249630723781389 0.0111731843575419
2 0.41285081240768096 0.5580384854127871 0.033973412112259974 0.013656114214773432
2 0.46011816838995573 0.5552451893234016 0.04283604135893649 0.015518311607697082
2 0.5022156573116692 0.5574177529484792 0.041358936484490405 0.016139044072004966
2 0.5649926144756278 0.5338299193047796 0.04283604135893649 0.01738050900062073
2 0.5406203840472674 0.5183116076970825 0.03249630723781389 0.0186219739292365
2 0.516248153618907 0.5021725636250776 0.03988183161004431 0.016139044072004966
2 0.48153618906942397 0.5114835505896959 0.026587887740029542 0.012414649286157667
2 0.5022156573116692 0.4537554314090627 0.041358936484490405 0.016139044072004966
2 0.4165435745937962 0.45996275605214154 0.044313146233382575 0.01738050900062073
2 0.41728212703101925 0.478895096213532 0.03988183161004431 0.014276846679081317
2 0.361890694239291 0.47051520794537555 0.03249630723781389 0.013656114214773432
2 0.34859675036927623 0.48417132216014896 0.020679468242245203 0.013656114214773432
2 0.3700147710487445 0.5058969584109249 0.025110782865583457 0.012414649286157667
2 0.3581979320531758 0.5173805090006207 0.02806499261447563 0.008069522036002483
2 0.1824224519940916 0.468032278088144 0.025110782865583457 0.0148975791433892
2 0.06573116691285082 0.45996275605214154 0.0310192023633678 0.012414649286157667
2 0.601181683899557 0.43854748603351956 0.041358936484490405 0.015518311607697082
2 0.6115214180206795 0.45189323401613907 0.029542097488921715 0.009931719428926133
2 0.5738552437223043 0.4764121663563004 0.03988183161004431 0.01675977653631285
2 0.6181683899556869 0.46834264432029793 0.03692762186115214 0.014276846679081317
2 0.6750369276218612 0.4494103041589075 0.041358936484490405 0.0148975791433892
2 0.7127031019202363 0.45003103662321536 0.02806499261447563 0.013656114214773432
2 0.7614475627769572 0.45003103662321536 0.03988183161004431 0.013656114214773432
2 0.8227474150664698 0.46834264432029793 0.03840472673559823 0.01675977653631285
2 0.8161004431314623 0.489137181874612 0.0310192023633678 0.0148975791433892
2 0.7496307237813885 0.46989447548106766 0.0310192023633678 0.013656114214773432
2 0.7289512555391433 0.4729981378026071 0.033973412112259974 0.016139044072004966
2 0.7703101920236337 0.47796399751707014 0.03692762186115214 0.0148975791433892
2 0.9793205317577549 0.4717566728739913 0.03840472673559823 0.0186219739292365
2 0.964549483013294 0.49596523898199874 0.03249630723781389 0.01738050900062073
2 0.9239290989660266 0.4826194909993793 0.03692762186115214 0.015518311607697082
2 0.9438700147710488 0.45251396648044695 0.044313146233382575 0.01738050900062073
2 0.8729689807976367 0.4441340782122905 0.03840472673559823 0.015518311607697082
2 0.8456425406203841 0.4494103041589075 0.02806499261447563 0.012414649286157667
2 0.6292466765140325 0.41247672253258844 0.041358936484490405 0.015518311607697082
2 0.7304283604135894 0.41123525760397267 0.04283604135893649 0.015518311607697082
2 0.4948301329394387 0.4165114835505897 0.023633677991137372 0.012414649286157667
2 0.23116691285081242 0.3966480446927374 0.02806499261447563 0.013656114214773432
2 0.2806499261447563 0.4546865301055245 0.029542097488921715 0.015518311607697082
2 0.14254062038404727 0.39695841092489137 0.033973412112259974 0.01303538175046555
2 0.0982274741506647 0.3926132836747362 0.019202363367799114 0.011793916821849782
2 0.327178729689808 0.3718187461204221 0.033973412112259974 0.016139044072004966
2 0.6757754800590843 0.3653010552451893 0.03692762186115214 0.015518311607697082
2 0.7082717872968981 0.38361266294227186 0.03692762186115214 0.0148975791433892
2 0.775480059084195 0.3646803227808814 0.044313146233382575 0.01675977653631285
2 0.6152141802067947 0.361576660459342 0.033973412112259974 0.014276846679081317
2 0.8463810930576071 0.3743016759776536 0.03840472673559823 0.013656114214773432
2 0.9837518463810931 0.4068901303538175 0.03249630723781389 0.01303538175046555
2 0.9719350073855244 0.425512104283054 0.050221565731166914 0.015518311607697082
2 0.17946824224519942 0.5251396648044693 0.0310192023633678 0.0148975791433892
2 0.6772525849335304 0.5527622594661701 0.04283604135893649 0.014276846679081317
2 0.7548005908419498 0.5446927374301676 0.03545051698670606 0.00931098696461825
2 0.8596750369276219 0.5471756672873991 0.03249630723781389 0.015518311607697082
2 0.5251107828655834 0.5816263190564867 0.04283604135893649 0.016139044072004966
2 0.4320531757754801 0.5837988826815642 0.03692762186115214 0.014276846679081317
2 0.41063515509601184 0.6067659838609559 0.03840472673559823 0.01303538175046555
2 0.2658788774002954 0.585350713842334 0.044313146233382575 0.0148975791433892
2 0.10635155096011817 0.5707635009310987 0.029542097488921715 0.01675977653631285
2 0.7799113737075333 0.5676598386095593 0.023633677991137372 0.011793916821849782
2 0.9025110782865584 0.6123525760397269 0.029542097488921715 0.014276846679081317
2 0.6189069423929099 0.5803848541278709 0.03545051698670606 0.0148975791433892
2 0.6595273264401773 0.5965238981998758 0.025110782865583457 0.0111731843575419
2 0.6403249630723782 0.6635630043451273 0.04283604135893649 0.01738050900062073
2 0.6713441654357459 0.6800124146492862 0.025110782865583457 0.01303538175046555
2 0.7112259970457903 0.6784605834885165 0.033973412112259974 0.016139044072004966
2 0.6846381093057607 0.648975791433892 0.03988183161004431 0.015518311607697082
2 0.5952732644017725 0.659217877094972 0.029542097488921715 0.012414649286157667
2 0.9010339734121123 0.7911235257603972 0.029542097488921715 0.01675977653631285
2 0.8921713441654358 0.8144009931719429 0.041358936484490405 0.01738050900062073
2 0.7200886262924668 0.7846058348851644 0.033973412112259974 0.0148975791433892
2 0.6425406203840474 0.7718808193668529 0.03249630723781389 0.01303538175046555
2 0.03323485967503693 0.8218497827436375 0.0310192023633678 0.012414649286157667
2 0.4239290989660266 0.8566108007448789 0.03545051698670606 0.0148975791433892
2 0.3212703101920237 0.9581005586592178 0.02806499261447563 0.011793916821849782
2 0.5672082717872969 0.9813780260707635 0.03840472673559823 0.012414649286157667
2 0.6262924667651404 0.9761018001241465 0.03249630723781389 0.01303538175046555
2 0.6506646971935007 0.962756052141527 0.033973412112259974 0.0111731843575419
2 0.9180206794682423 0.8820608317815022 0.033973412112259974 0.0111731843575419
2 0.8744460856720828 0.8780260707635009 0.029542097488921715 0.010552451893234015
2 0.4372230428360414 0.8035381750465549 0.03545051698670606 0.01303538175046555
2 0.8692762186115215 0.6883923029174426 0.022156573116691287 0.013656114214773432
2 0.7776957163958642 0.5117939168218498 0.03988183161004431 0.01675977653631285
2 0.6336779911373708 0.49751707014276847 0.041358936484490405 0.015518311607697082
2 0.6772525849335304 0.4993792675356921 0.03692762186115214 0.015518311607697082
2 0.7097488921713442 0.4965859714463066 0.03988183161004431 0.01738050900062073
2 0.6654357459379616 0.4795158286778399 0.033973412112259974 0.014276846679081317
2 0.8803545051698671 0.4695841092489137 0.03545051698670606 0.010552451893234015
2 0.7717872968980798 0.3923029174425822 0.02806499261447563 0.012414649286157667
2 0.43648449039881837 0.12104283054003724 0.033973412112259974 0.0111731843575419
2 0.4697193500738553 0.1393544382371198 0.026587887740029542 0.014276846679081317
2 0.5 0.14059590316573556 0.025110782865583457 0.011793916821849782
2 0.4320531757754801 0.14928615766604594 0.025110782865583457 0.015518311607697082
2 0.3323485967503693 0.12600869025450032 0.029542097488921715 0.012414649286157667
2 0.2909896602658789 0.11390440720049659 0.03545051698670606 0.01303538175046555
2 0.38995568685376664 0.09342023587833644 0.029542097488921715 0.011793916821849782
2 0.48079763663220093 0.0782122905027933 0.0310192023633678 0.0111731843575419
2 0.49113737075332353 0.061762880198634386 0.0310192023633678 0.010552451893234015
2 0.5864106351550961 0.03693358162631906 0.03840472673559823 0.011793916821849782
2 0.7437223042836042 0.0335195530726257 0.0310192023633678 0.0111731843575419
2 0.8183161004431315 0.08752327746741155 0.029542097488921715 0.0111731843575419
2 0.8419497784342689 0.07790192427063936 0.03249630723781389 0.015518311607697082
2 0.8744460856720828 0.09186840471756673 0.029542097488921715 0.012414649286157667
2 0.06351550960118169 0.17628801986343887 0.03249630723781389 0.0148975791433892
2 0.16395864106351551 0.1945996275605214 0.029542097488921715 0.01303538175046555
2 0.5214180206794683 0.8916821849782743 0.020679468242245203 0.01303538175046555
2 0.7200886262924668 0.8209186840471756 0.033973412112259974 0.010552451893234015
2 0.8567208271787298 0.7777777777777778 0.023633677991137372 0.012414649286157667
2 0.5081240768094535 0.681253879577902 0.026587887740029542 0.015518311607697082
2 0.5561299852289513 0.6800124146492862 0.025110782865583457 0.014276846679081317
2 0.33087149187592324 0.3330229671011794 0.029542097488921715 0.00931098696461825
2 0.6602658788774003 0.2191185599006828 0.03545051698670606 0.013656114214773432
2 0.2599704579025111 0.14866542520173806 0.03545051698670606 0.014276846679081317
2 0.2274741506646972 0.15176908752327747 0.041358936484490405 0.01303538175046555
2 0.5930576070901035 0.0648665425201738 0.0310192023633678 0.00931098696461825
2 0.5118168389955687 0.05058969584109249 0.03988183161004431 0.006828057107386716
2 0.5324963072378139 0.03941651148355059 0.025110782865583457 0.00931098696461825
2 0.25036927621861155 0.8929236499068901 0.0310192023633678 0.010552451893234015
2 0.49556868537666177 0.8587833643699565 0.02806499261447563 0.010552451893234015
2 0.9098966026587888 0.8451272501551831 0.029542097488921715 0.011793916821849782
2 0.5029542097488922 0.7389819987585351 0.02806499261447563 0.00931098696461825
2 0.4675036927621862 0.3330229671011794 0.025110782865583457 0.010552451893234015
2 0.3567208271787297 0.1058348851644941 0.033973412112259974 0.00931098696461825
2 0.36115214180206795 0.08255741775294848 0.033973412112259974 0.012414649286157667
2 0.4047267355982275 0.44630664183736807 0.026587887740029542 0.012414649286157667
2 0.4032496307237814 0.6353196772191185 0.03249630723781389 0.011793916821849782
2 0.3751846381093058 0.9379267535692116 0.023633677991137372 0.009931719428926133
2 0.7998522895125555 0.6421477343265053 0.033973412112259974 0.014276846679081317
2 0.5952732644017725 0.5502793296089385 0.03249630723781389 0.01303538175046555
2 0.5583456425406205 0.5490378646803228 0.023633677991137372 0.014276846679081317
2 0.6085672082717873 0.5406579764121664 0.029542097488921715 0.0111731843575419
2 0.637370753323486 0.5353817504655494 0.022156573116691287 0.00931098696461825
2 0.6366322008862629 0.516139044072005 0.03249630723781389 0.010552451893234015
2 0.5864106351550961 0.49162011173184356 0.03840472673559823 0.016139044072004966
2 0.5369276218611522 0.4863438857852266 0.0310192023633678 0.01675977653631285
2 0.4926144756277696 0.4686530105524519 0.025110782865583457 0.012414649286157667
2 0.9697193500738553 0.5201738050900062 0.019202363367799114 0.012414649286157667
2 0.4217134416543575 0.16666666666666666 0.0310192023633678 0.01303538175046555
2 0.4771048744460857 0.1579764121663563 0.03840472673559823 0.015518311607697082
2 0.3116691285081241 0.8283674736188703 0.029542097488921715 0.015518311607697082
2 0.3751846381093058 0.8277467411545624 0.03249630723781389 0.010552451893234015
2 0.29394387001477107 0.6322160148975792 0.026587887740029542 0.00931098696461825
2 0.2496307237813885 0.638423339540658 0.023633677991137372 0.00931098696461825
2 0.9172821270310193 0.6433891992551211 0.029542097488921715 0.010552451893234015
2 0.48670605612998524 0.027622594661700806 0.02806499261447563 0.010552451893234015
2 0.704579025110783 0.06579764121663563 0.03545051698670606 0.012414649286157667
2 0.41728212703101925 0.04748603351955307 0.019202363367799114 0.00931098696461825
2 0.24667651403249632 0.19025450031036623 0.026587887740029542 0.01303538175046555
2 0.5701624815361891 0.1617008069522036 0.026587887740029542 0.01303538175046555
2 0.6447562776957164 0.15673494723774054 0.03692762186115214 0.01303538175046555
2 0.7673559822747416 0.191495965238982 0.03692762186115214 0.015518311607697082
2 0.6314623338257017 0.1840471756672874 0.0310192023633678 0.011793916821849782
2 0.3929098966026588 0.19646182495344505 0.026587887740029542 0.010552451893234015
2 0.4290989660265879 0.19490999379267535 0.025110782865583457 0.009931719428926133
2 0.7865583456425407 0.2802607076350093 0.0310192023633678 0.01303538175046555
2 0.9903988183161005 0.020173805090006207 0.019202363367799114 0.01303538175046555
2 0.17651403249630726 0.09248913718187461 0.0310192023633678 0.013656114214773432
2 0.3116691285081241 0.1042830540037244 0.03249630723781389 0.009931719428926133
2 0.30354505169867063 0.15735567970204842 0.033973412112259974 0.018001241464928614
2 0.8884785819793206 0.22532588454376165 0.03988183161004431 0.02110490378646803
2 0.9475627769571641 0.4739292364990689 0.025110782865583457 0.018001241464928614
2 0.844165435745938 0.4851024208566108 0.0310192023633678 0.018001241464928614
2 0.46011816838995573 0.5297951582867784 0.03988183161004431 0.015518311607697082
2 0.33456425406203844 0.5279329608938548 0.033973412112259974 0.01303538175046555
2 0.6942392909896603 0.5620732464307884 0.03249630723781389 0.01303538175046555
2 0.4423929098966027 0.6672873991309746 0.033973412112259974 0.0111731843575419
2 0.9889217134416545 0.7855369335816264 0.022156573116691287 0.010552451893234015
2 0.5923190546528804 0.7932960893854748 0.044313146233382575 0.016139044072004966
2 0.3892171344165436 0.8513345747982619 0.02806499261447563 0.01303538175046555
2 0.4187592319054653 0.9956548727498448 0.0310192023633678 0.008690254500310366
2 0.6322008862629247 0.9956548727498448 0.03545051698670606 0.008690254500310366
