2 0.12153344208809136 0.028484848484848484 0.04404567699836868 0.01575757575757576
2 0.1769983686786297 0.006363636363636364 0.04404567699836868 0.010303030303030303
2 0.2267536704730832 0.022424242424242423 0.032626427406199025 0.014545454545454545
2 0.28874388254486133 0.010303030303030303 0.03915171288743883 0.014545454545454545
2 0.2838499184339315 0.023333333333333334 0.052202283849918436 0.011515151515151515
2 0.33278955954323003 0.025757575757575757 0.052202283849918436 0.016363636363636365
2 0.3450244698205547 0.010606060606060607 0.040783034257748776 0.015151515151515152
2 0.39233278955954326 0.009393939393939394 0.04404567699836868 0.017575757575757574
2 0.4624796084828712 0.032424242424242425 0.037520391517128875 0.015151515151515152
2 0.4233278955954323 0.04363636363636364 0.03425774877650897 0.012121212121212121
2 0.36786296900489396 0.04303030303030303 0.037520391517128875 0.012121212121212121
2 0.31973898858075045 0.05181818181818182 0.048939641109298535 0.013939393939393939
2 0.36623164763458405 0.06696969696969697 0.04404567699836868 0.015151515151515152
2 0.3425774877650897 0.0803030303030303 0.032626427406199025 0.012727272727272728
2 0.25774877650897227 0.056363636363636366 0.03915171288743883 0.012121212121212121
2 0.27650897226753673 0.0496969696969697 0.02773246329526917 0.009696969696969697
2 0.2030995106035889 0.05909090909090909 0.03425774877650897 0.013939393939393939
2 0.0766721044045677 0.06515151515151515 0.04567699836867863 0.016363636363636365
2 0.12887438825448613 0.05787878787878788 0.03588907014681893 0.012727272727272728
2 0.033442088091353996 0.03666666666666667 0.040783034257748776 0.013939393939393939
2 0.12887438825448613 0.11393939393939394 0.048939641109298535 0.01575757575757576
2 0.1941272430668842 0.10393939393939394 0.03915171288743883 0.010303030303030303
2 0.2740619902120718 0.11818181818181818 0.03915171288743883 0.009696969696969697
2 0.28874388254486133 0.09909090909090909 0.03588907014681893 0.016363636363636365
2 0.39559543230016314 0.12333333333333334 0.040783034257748776 0.012727272727272728
2 0.4445350734094617 0.09303030303030303 0.04730831973898858 0.017575757575757574
2 0.4698205546492659 0.10848484848484849 0.05872756933115824 0.013333333333333332
2 0.5163132137030996 0.09424242424242424 0.040783034257748776 0.012727272727272728
2 0.5424143556280587 0.05272727272727273 0.05383360522022839 0.016969696969696968
2 0.5652528548123981 0.08151515151515151 0.05709624796084829 0.015151515151515152
2 0.6207177814029364 0.10181818181818182 0.040783034257748776 0.01090909090909091
2 0.5938009787928222 0.11393939393939394 0.04241435562805873 0.01575757575757576
2 0.66884176182708 0.06424242424242424 0.05546492659053834 0.020606060606060607
2 0.7471451876019576 0.09303030303030303 0.048939641109298535 0.016363636363636365
2 0.7920065252854813 0.0893939393939394 0.05057096247960848 0.018787878787878787
2 0.8458401305057096 0.09242424242424242 0.04404567699836868 0.016363636363636365
2 0.7104404567699837 0.008787878787878787 0.05383360522022839 0.013939393939393939
2 0.7862969004893965 0.005151515151515152 0.04241435562805873 0.00787878787878788
2 0.8360522022838499 0.009393939393939394 0.03425774877650897 0.013939393939393939
2 0.8474714518760196 0.024242424242424242 0.037520391517128875 0.009696969696969697
2 0.8923327895595433 0.025757575757575757 0.04567699836867863 0.017575757575757574
2 0.9110929853181077 0.00909090909090909 0.03099510603588907 0.01090909090909091
2 0.966557911908646 0.04696969696969697 0.037520391517128875 0.015151515151515152
2 0.8898858075040783 0.08121212121212121 0.04404567699836868 0.019393939393939394
2 0.899673735725938 0.10575757575757576 0.03425774877650897 0.012727272727272728
2 0.8556280587275694 0.11666666666666667 0.05383360522022839 0.017575757575757574
2 0.18597063621533444 0.18 0.04241435562805873 0.01090909090909091
2 0.10522022838499184 0.1809090909090909 0.02773246329526917 0.011515151515151515
2 0.11500815660685156 0.15545454545454546 0.040783034257748776 0.016363636363636365
2 0.14437194127243066 0.13515151515151516 0.05057096247960848 0.01090909090909091
2 0.21207177814029365 0.12848484848484848 0.03588907014681893 0.008484848484848484
2 0.3735725938009788 0.1787878787878788 0.03915171288743883 0.012121212121212121
2 0.3743882544861338 0.2009090909090909 0.037520391517128875 0.015151515151515152
2 0.4983686786296901 0.1896969696969697 0.04730831973898858 0.013333333333333332
2 0.5497553017944535 0.1784848484848485 0.032626427406199025 0.00909090909090909
2 0.6378466557911909 0.1921212121212121 0.048939641109298535 0.012121212121212121
2 0.7544861337683524 0.1896969696969697 0.040783034257748776 0.013333333333333332
2 0.702283849918434 0.17333333333333334 0.02773246329526917 0.01575757575757576
2 0.7030995106035889 0.12545454545454546 0.052202283849918436 0.01575757575757576
2 0.7055464926590539 0.14272727272727273 0.05057096247960848 0.016363636363636365
2 0.7830342577487766 0.1409090909090909 0.04567699836867863 0.013939393939393939
2 0.8172920065252856 0.1409090909090909 0.04567699836867863 0.017575757575757574
2 0.5367047308319739 0.1296969696969697 0.03588907014681893 0.01575757575757576
2 0.4967373572593801 0.1390909090909091 0.05057096247960848 0.016363636363636365
2 0.5252854812398042 0.15454545454545454 0.032626427406199025 0.012121212121212121
2 0.5758564437194128 0.14272727272727273 0.03588907014681893 0.013939393939393939
2 0.9151712887438825 0.17575757575757575 0.04241435562805873 0.014545454545454545
2 0.9306688417618271 0.1890909090909091 0.040783034257748776 0.013333333333333332
2 0.9143556280587276 0.2 0.04404567699836868 0.012121212121212121
2 0.8727569331158238 0.19666666666666666 0.04241435562805873 0.013939393939393939
2 0.968189233278956 0.17666666666666667 0.03425774877650897 0.012727272727272728
2 0.9494290375203915 0.14636363636363636 0.03915171288743883 0.011515151515151515
2 0.9714518760195759 0.15575757575757576 0.03425774877650897 0.01090909090909091
2 0.8817292006525286 0.15848484848484848 0.05383360522022839 0.016363636363636365
2 0.8474714518760196 0.1706060606060606 0.040783034257748776 0.012727272727272728
2 0.8181076672104405 0.18636363636363637 0.060358890701468194 0.015151515151515152
2 0.36623164763458405 0.2309090909090909 0.05057096247960848 0.014545454545454545
2 0.16721044045677 0.21181818181818182 0.037520391517128875 0.011515151515151515
2 0.31892332789559547 0.12181818181818181 0.02773246329526917 0.009696969696969697
2 0.18597063621533444 0.23212121212121212 0.032626427406199025 0.01575757575757576
2 0.12234910277324633 0.23696969696969697 0.02936378466557912 0.009696969696969697
2 0.08727569331158239 0.24727272727272728 0.03425774877650897 0.01090909090909091
2 0.056280587275693315 0.26606060606060605 0.04404567699836868 0.014545454545454545
2 0.17455138662316477 0.26212121212121214 0.048939641109298535 0.018787878787878787
2 0.23409461663947798 0.28363636363636363 0.03425774877650897 0.014545454545454545
2 0.28874388254486133 0.29 0.03915171288743883 0.016363636363636365
2 0.31484502446982054 0.2633333333333333 0.03588907014681893 0.013939393939393939
2 0.3882544861337684 0.24878787878787878 0.032626427406199025 0.011515151515151515
2 0.48368678629690054 0.26515151515151514 0.04404567699836868 0.012727272727272728
2 0.6076672104404568 0.2403030303030303 0.037520391517128875 0.012727272727272728
2 0.6288743882544862 0.22575757575757577 0.03099510603588907 0.015151515151515152
2 0.6973898858075042 0.21151515151515152 0.040783034257748776 0.014545454545454545
2 0.7593800978792823 0.22515151515151516 0.040783034257748776 0.017575757575757574
2 0.8376835236541599 0.23303030303030303 0.024469820554649267 0.011515151515151515
2 0.9404567699836869 0.21454545454545454 0.05057096247960848 0.01575757575757576
2 0.9551386623164764 0.24454545454545454 0.037520391517128875 0.015151515151515152
2 0.9208809135399674 0.24848484848484848 0.03425774877650897 0.012121212121212121
2 0.8605220228384992 0.2609090909090909 0.05057096247960848 0.017575757575757574
2 0.7969004893964111 0.26151515151515153 0.03099510603588907 0.010303030303030303
2 0.7985318107667211 0.2727272727272727 0.040783034257748776 0.014545454545454545
2 0.8523654159869495 0.2824242424242424 0.037520391517128875 0.013333333333333332
2 0.9893964110929854 0.2866666666666667 0.021207177814029365 0.008484848484848484
2 0.8833605220228385 0.30606060606060603 0.037520391517128875 0.013333333333333332
2 0.9518760195758564 0.3006060606060606 0.03425774877650897 0.01575757575757576
2 0.7243066884176182 0.2715151515151515 0.052202283849918436 0.024242424242424242
2 0.7716150081566069 0.3087878787878788 0.052202283849918436 0.017575757575757574
2 0.5880913539967374 0.2609090909090909 0.03099510603588907 0.011515151515151515
2 0.5293637846655791 0.22727272727272727 0.040783034257748776 0.01090909090909091
2 0.4086460032626428 0.2924242424242424 0.0636215334420881 0.017575757575757574
2 0.4698205546492659 0.28424242424242424 0.032626427406199025 0.009696969696969697
2 0.4714518760195759 0.3181818181818182 0.032626427406199025 0.01575757575757576
2 0.6353996737357259 0.32606060606060605 0.04404567699836868 0.012121212121212121
2 0.8409461663947798 0.3433333333333333 0.02773246329526917 0.017575757575757574
2 0.8580750407830343 0.3657575757575758 0.022838499184339316 0.005454545454545455
2 0.7479608482871126 0.3603030303030303 0.04730831973898858 0.017575757575757574
2 0.05791190864600326 0.31333333333333335 0.04404567699836868 0.01818181818181818
2 0.08075040783034258 0.3396969696969697 0.04730831973898858 0.016363636363636365
2 0.1900489396411093 0.3393939393939394 0.05057096247960848 0.01575757575757576
2 0.10440456769983687 0.31393939393939396 0.032626427406199025 0.014545454545454545
2 0.2544861337683524 0.32696969696969697 0.04241435562805873 0.010303030303030303
2 0.199836867862969 0.30454545454545456 0.04404567699836868 0.016363636363636365
2 0.37601957585644374 0.34484848484848485 0.04730831973898858 0.020606060606060607
2 0.31973898858075045 0.3209090909090909 0.04241435562805873 0.016363636363636365
2 0.26182707993474713 0.9551515151515152 0.03099510603588907 0.013333333333333332
2 0.23735725938009788 0.9503030303030303 0.037520391517128875 0.014545454545454545
2 0.20799347471451876 0.9506060606060606 0.040783034257748776 0.013939393939393939
2 0.17781402936378468 0.9624242424242424 0.04567699836867863 0.016969696969696968
2 0.2300163132137031 0.923939393939394 0.048939641109298535 0.016363636363636365
2 0.17292006525285483 0.9375757575757576 0.04567699836867863 0.014545454545454545
2 0.1199021207177814 0.9396969696969697 0.04404567699836868 0.016363636363636365
2 0.06606851549755302 0.9412121212121212 0.04404567699836868 0.014545454545454545
2 0.08727569331158239 0.9660606060606061 0.05383360522022839 0.019393939393939394
2 0.017128874388254486 0.953030303030303 0.02773246329526917 0.017575757575757574
2 0.012234910277324634 0.9312121212121212 0.021207177814029365 0.017575757575757574
2 0.040783034257748776 0.9184848484848485 0.032626427406199025 0.015151515151515152
2 0.020391517128874388 0.8996969696969697 0.037520391517128875 0.02
2 0.09787928221859707 0.9003030303030303 0.04567699836867863 0.02
2 0.13539967373572595 0.8906060606060606 0.052202283849918436 0.015151515151515152
2 0.1370309951060359 0.9090909090909091 0.04567699836867863 0.01818181818181818
2 0.23246329526916804 0.9078787878787878 0.04404567699836868 0.016969696969696968
2 0.29282218597063625 0.9124242424242425 0.037520391517128875 0.015151515151515152
2 0.2879282218597064 0.9342424242424242 0.04730831973898858 0.013939393939393939
2 0.32300163132137033 0.9396969696969697 0.05546492659053834 0.018787878787878787
2 0.29608482871125613 0.9612121212121212 0.04404567699836868 0.016969696969696968
2 0.3107667210440457 0.9736363636363636 0.04404567699836868 0.018787878787878787
2 0.21533442088091356 0.9803030303030303 0.04567699836867863 0.016363636363636365
2 0.17128874388254486 0.9881818181818182 0.05872756933115824 0.02
2 0.23817292006525287 0.9854545454545455 0.03588907014681893 0.014545454545454545
2 0.3988580750407831 0.9687878787878788 0.040783034257748776 0.016363636363636365
2 0.4159869494290375 0.9590909090909091 0.03915171288743883 0.018787878787878787
2 0.34910277324632955 0.9842424242424243 0.04241435562805873 0.012121212121212121
2 0.335236541598695 0.9939393939393939 0.05057096247960848 0.012121212121212121
2 0.43148450244698205 0.9784848484848485 0.037520391517128875 0.013939393939393939
2 0.4429037520391517 0.9918181818181818 0.03099510603588907 0.016363636363636365
2 0.5252854812398042 0.9690909090909091 0.04567699836867863 0.019393939393939394
2 0.6207177814029364 0.9624242424242424 0.040783034257748776 0.016969696969696968
2 0.7096247960848288 0.9542424242424242 0.048939641109298535 0.013939393939393939
2 0.7569331158238173 0.953939393939394 0.048939641109298535 0.02303030303030303
2 0.8246329526916804 0.9696969696969697 0.040783034257748776 0.01575757575757576
2 0.9053833605220228 0.9433333333333334 0.048939641109298535 0.016363636363636365
2 0.9763458401305057 0.9096969696969697 0.04730831973898858 0.01575757575757576
2 0.8548123980424144 0.9466666666666667 0.03588907014681893 0.012121212121212121
2 0.9502446982055466 0.963030303030303 0.03425774877650897 0.02303030303030303
2 0.9804241435562806 0.9603030303030303 0.03915171288743883 0.018787878787878787
2 0.9747145187601958 0.9872727272727273 0.05057096247960848 0.01575757575757576
2 0.7528548123980424 0.9751515151515151 0.03425774877650897 0.014545454545454545
2 0.9086460032626428 0.8915151515151515 0.052202283849918436 0.01575757575757576
2 0.869494290375204 0.9057575757575758 0.03588907014681893 0.011515151515151515
2 0.7814029363784666 0.9324242424242424 0.03588907014681893 0.012727272727272728
2 0.7903752039151714 0.9218181818181819 0.040783034257748776 0.016969696969696968
2 0.8172920065252856 0.9090909090909091 0.052202283849918436 0.019393939393939394
2 0.9151712887438825 0.8512121212121212 0.052202283849918436 0.016363636363636365
2 0.9877650897226754 0.85 0.024469820554649267 0.012727272727272728
2 0.9641109298531811 0.8515151515151516 0.026101141924959218 0.014545454545454545
2 0.7936378466557912 0.8736363636363637 0.040783034257748776 0.013939393939393939
2 0.8311582381729201 0.8433333333333334 0.04404567699836868 0.016363636363636365
2 0.867862969004894 0.8527272727272728 0.03588907014681893 0.01575757575757576
2 0.8931484502446982 0.8245454545454546 0.040783034257748776 0.015151515151515152
2 0.933931484502447 0.8178787878787879 0.040783034257748776 0.012727272727272728
2 0.8433931484502447 0.7996969696969697 0.04567699836867863 0.016363636363636365
2 0.8303425774877651 0.8109090909090909 0.04567699836867863 0.014545454545454545
2 0.8760195758564437 0.786060606060606 0.03588907014681893 0.014545454545454545
2 0.9714518760195759 0.7645454545454545 0.040783034257748776 0.016363636363636365
2 0.9820554649265906 0.7336363636363636 0.03588907014681893 0.018787878787878787
2 0.7650897226753671 0.7463636363636363 0.03588907014681893 0.012727272727272728
2 0.6484502446982056 0.7536363636363637 0.03425774877650897 0.013939393939393939
2 0.48287112561174556 0.7890909090909091 0.04567699836867863 0.01575757575757576
2 0.5391517128874389 0.8472727272727273 0.09298531810766722 0.030303030303030304
2 0.3972267536704731 0.87 0.04404567699836868 0.011515151515151515
2 0.5636215334420881 0.8933333333333333 0.03425774877650897 0.013333333333333332
2 0.39314845024469824 0.7966666666666666 0.03915171288743883 0.013939393939393939
2 0.3539967373572594 0.796969696969697 0.032626427406199025 0.014545454545454545
2 0.4641109298531811 0.7587878787878788 0.040783034257748776 0.01575757575757576
2 0.566884176182708 0.7278787878787879 0.08319738988580751 0.02181818181818182
2 0.5848287112561175 0.7087878787878787 0.040783034257748776 0.013939393939393939
2 0.6353996737357259 0.7093939393939394 0.037520391517128875 0.013939393939393939
2 0.8499184339314846 0.6857575757575758 0.032626427406199025 0.011515151515151515
2 0.7169657422512236 0.7148484848484848 0.04404567699836868 0.016363636363636365
2 0.36786296900489396 0.753030303030303 0.040783034257748776 0.016363636363636365
2 0.2732463295269168 0.7557575757575757 0.0766721044045677 0.01818181818181818
2 0.11827079934747146 0.8166666666666667 0.040783034257748776 0.011515151515151515
2 0.15823817292006526 0.8257575757575758 0.05872756933115824 0.013939393939393939
2 0.07993474714518761 0.8281818181818181 0.03915171288743883 0.012727272727272728
2 0.040783034257748776 0.8236363636363636 0.03915171288743883 0.013333333333333332
2 0.013866231647634585 0.8209090909090909 0.021207177814029365 0.011515151515151515
2 0.021207177814029365 0.8387878787878787 0.03588907014681893 0.016969696969696968
2 0.019575856443719414 0.8548484848484849 0.032626427406199025 0.015151515151515152
2 0.03425774877650897 0.8690909090909091 0.032626427406199025 0.012121212121212121
2 0.09298531810766722 0.8503030303030303 0.032626427406199025 0.014545454545454545
2 0.13866231647634586 0.8521212121212122 0.02936378466557912 0.01090909090909091
2 0.14600326264274063 0.8660606060606061 0.05709624796084829 0.013333333333333332
2 0.20473083197389888 0.8603030303030303 0.04730831973898858 0.015151515151515152
2 0.26590538336052205 0.8560606060606061 0.04567699836867863 0.016363636363636365
2 0.3099510603588907 0.8636363636363636 0.03588907014681893 0.01575757575757576
2 0.21533442088091356 0.8809090909090909 0.03915171288743883 0.012727272727272728
2 0.38254486133768356 0.9027272727272727 0.040783034257748776 0.016363636363636365
2 0.4184339314845025 0.9348484848484848 0.04404567699836868 0.015151515151515152
2 0.3703099510603589 0.9251515151515152 0.02936378466557912 0.011515151515151515
2 0.4641109298531811 0.936969696969697 0.037520391517128875 0.014545454545454545
2 0.49347471451876024 0.9457575757575758 0.05057096247960848 0.016363636363636365
2 0.535889070146819 0.9396969696969697 0.04404567699836868 0.018787878787878787
2 0.7071778140293639 0.9296969696969697 0.04404567699836868 0.016969696969696968
2 0.34910277324632955 0.6536363636363637 0.048939641109298535 0.015151515151515152
2 0.29445350734094616 0.6639393939393939 0.03425774877650897 0.012727272727272728
2 0.32952691680261015 0.6827272727272727 0.032626427406199025 0.015151515151515152
2 0.28548123980424145 0.6887878787878788 0.03915171288743883 0.015151515151515152
2 0.20880913539967375 0.6903030303030303 0.04241435562805873 0.013333333333333332
2 0.18515497553017946 0.71 0.04730831973898858 0.02
2 0.12153344208809136 0.6878787878787879 0.040783034257748776 0.014545454545454545
2 0.21044045676998369 0.6681818181818182 0.04241435562805873 0.015151515151515152
2 0.16884176182707994 0.6506060606060606 0.03425774877650897 0.013939393939393939
2 0.16231647634584015 0.6260606060606061 0.037520391517128875 0.01575757575757576
2 0.26672104404567704 0.6306060606060606 0.040783034257748776 0.015151515151515152
2 0.31158238172920066 0.6221212121212121 0.02936378466557912 0.015151515151515152
2 0.36867862969004894 0.5936363636363636 0.04567699836867863 0.012727272727272728
2 0.4233278955954323 0.5921212121212122 0.037520391517128875 0.012121212121212121
2 0.5791190864600326 0.5966666666666667 0.048939641109298535 0.016363636363636365
2 0.5212071778140294 0.6069696969696969 0.05057096247960848 0.013939393939393939
2 0.6215334420880914 0.6342424242424243 0.03915171288743883 0.010303030303030303
2 0.5391517128874389 0.65 0.03099510603588907 0.010303030303030303
2 0.434747145187602 0.6766666666666666 0.03099510603588907 0.013939393939393939
2 0.534257748776509 0.6787878787878788 0.05383360522022839 0.019393939393939394
2 0.7724306688417618 0.6393939393939394 0.04404567699836868 0.013333333333333332
2 0.83442088091354 0.6384848484848484 0.037520391517128875 0.012727272727272728
2 0.9143556280587276 0.6603030303030303 0.05057096247960848 0.023636363636363636
2 0.9804241435562806 0.6724242424242424 0.03915171288743883 0.028484848484848484
2 0.25122349102773245 0.553030303030303 0.04567699836867863 0.013939393939393939
2 0.30505709624796085 0.5675757575757576 0.032626427406199025 0.011515151515151515
2 0.34991843393148453 0.5384848484848485 0.037520391517128875 0.015151515151515152
2 0.5106035889070147 0.4709090909090909 0.03588907014681893 0.013333333333333332
2 0.5513866231647635 0.4615151515151515 0.03915171288743883 0.015151515151515152
2 0.6778140293637847 0.4484848484848485 0.040783034257748776 0.013333333333333332
2 0.7283849918433932 0.4987878787878788 0.037520391517128875 0.014545454545454545
2 0.8221859706362153 0.5109090909090909 0.03588907014681893 0.013333333333333332
2 0.8923327895595433 0.5181818181818182 0.04567699836867863 0.016969696969696968
2 0.8442088091353998 0.5518181818181818 0.03099510603588907 0.013939393939393939
2 0.9200652528548124 0.5633333333333334 0.04241435562805873 0.016363636363636365
2 0.969820554649266 0.5487878787878788 0.04404567699836868 0.018787878787878787
2 0.968189233278956 0.58 0.05057096247960848 0.02303030303030303
2 0.766721044045677 0.6 0.04567699836867863 0.014545454545454545
2 0.43964110929853184 0.509090909090909 0.05383360522022839 0.014545454545454545
2 0.5562805872756933 0.506969696969697 0.04241435562805873 0.013939393939393939
2 0.5122349102773247 0.5266666666666666 0.02936378466557912 0.013333333333333332
2 0.49265905383360525 0.49454545454545457 0.032626427406199025 0.014545454545454545
2 0.2895595432300163 0.4718181818181818 0.037520391517128875 0.016363636363636365
2 0.3433931484502447 0.45242424242424245 0.04404567699836868 0.018787878787878787
2 0.28874388254486133 0.43212121212121213 0.03915171288743883 0.014545454545454545
2 0.1941272430668842 0.48787878787878786 0.052202283849918436 0.020606060606060607
2 0.18923327895595432 0.4706060606060606 0.04567699836867863 0.013939393939393939
2 0.15905383360522024 0.44727272727272727 0.04404567699836868 0.016969696969696968
2 0.06443719412724307 0.4509090909090909 0.037520391517128875 0.01575757575757576
2 0.09787928221859707 0.47848484848484846 0.03915171288743883 0.016363636363636365
2 0.04730831973898858 0.4866666666666667 0.032626427406199025 0.01090909090909091
2 0.056280587275693315 0.503030303030303 0.03425774877650897 0.013333333333333332
2 0.060358890701468194 0.5236363636363637 0.03588907014681893 0.013333333333333332
2 0.10277324632952692 0.5333333333333333 0.03915171288743883 0.012121212121212121
2 0.24632952691680263 0.5351515151515152 0.05872756933115824 0.014545454545454545
2 0.27569331158238175 0.5193939393939394 0.03915171288743883 0.01090909090909091
2 0.38580750407830344 0.46424242424242423 0.03425774877650897 0.012121212121212121
2 0.4265905383360522 0.46 0.03425774877650897 0.014545454545454545
2 0.44942903752039154 0.39 0.03425774877650897 0.013939393939393939
2 0.831973898858075 0.47393939393939394 0.03588907014681893 0.014545454545454545
2 0.8890701468189234 0.46484848484848484 0.02936378466557912 0.01575757575757576
2 0.9314845024469821 0.48757575757575755 0.02936378466557912 0.012727272727272728
2 0.8923327895595433 0.48515151515151517 0.032626427406199025 0.011515151515151515
2 0.66884176182708 0.5118181818181818 0.04241435562805873 0.017575757575757574
2 0.7218597063621534 0.463030303030303 0.02773246329526917 0.013333333333333332
2 0.7324632952691681 0.4257575757575758 0.04567699836867863 0.017575757575757574
2 0.7259380097879282 0.43787878787878787 0.04567699836867863 0.013939393939393939
2 0.801794453507341 0.43666666666666665 0.040783034257748776 0.016363636363636365
2 0.34013050570962483 0.38303030303030305 0.04404567699836868 0.020606060606060607
2 0.24877650897226755 0.4015151515151515 0.037520391517128875 0.015151515151515152
2 0.19575856443719414 0.4003030303030303 0.052202283849918436 0.013939393939393939
2 0.10848287112561175 0.3787878787878788 0.040783034257748776 0.013333333333333332
2 0.09380097879282219 0.416969696969697 0.040783034257748776 0.01818181818181818
2 0.16476345840130507 0.5851515151515152 0.03588907014681893 0.012727272727272728
2 0.19738988580750408 0.5590909090909091 0.032626427406199025 0.010303030303030303
2 0.5546492659053834 0.5463636363636364 0.02936378466557912 0.015151515151515152
2 0.6737357259380098 0.5515151515151515 0.04241435562805873 0.016969696969696968
2 0.6386623164763459 0.5475757575757576 0.03425774877650897 0.011515151515151515
2 0.6264274061990213 0.5642424242424242 0.04241435562805873 0.01575757575757576
2 0.7104404567699837 0.5484848484848485 0.024469820554649267 0.012121212121212121
2 0.7381729200652529 0.5306060606060606 0.037520391517128875 0.015151515151515152
2 0.7748776508972268 0.5736363636363636 0.04567699836867863 0.011515151515151515
2 0.836867862969005 0.5718181818181818 0.052202283849918436 0.018787878787878787
2 0.6810766721044046 0.6136363636363636 0.04404567699836868 0.012727272727272728
2 0.6451876019575856 0.3990909090909091 0.03425774877650897 0.013939393939393939
2 0.4037520391517129 0.6290909090909091 0.040783034257748776 0.014545454545454545
2 0.05791190864600326 0.6078787878787879 0.05383360522022839 0.016969696969696968
2 0.053017944535073414 0.646969696969697 0.04404567699836868 0.017575757575757574
2 0.03915171288743883 0.6630303030303031 0.05546492659053834 0.014545454545454545
2 0.07830342577487766 0.6766666666666666 0.05546492659053834 0.021212121212121213
2 0.03099510603588907 0.6906060606060606 0.05546492659053834 0.018787878787878787
2 0.061174551386623165 0.7 0.04730831973898858 0.013333333333333332
2 0.06199021207177814 0.7781818181818182 0.02936378466557912 0.019393939393939394
2 0.032626427406199025 0.7763636363636364 0.03915171288743883 0.01575757575757576
2 0.08809135399673736 0.7539393939393939 0.03915171288743883 0.014545454545454545
2 0.1802610114192496 0.7351515151515151 0.03099510603588907 0.013333333333333332
2 0.8915171288743883 0.13333333333333333 0.03425774877650897 0.012121212121212121
2 0.6117455138662317 0.1290909090909091 0.03588907014681893 0.014545454545454545
2 0.6321370309951061 0.1393939393939394 0.037520391517128875 0.014545454545454545
2 0.6109298531810767 0.019696969696969695 0.02773246329526917 0.012727272727272728
2 0.7177814029363785 0.8566666666666667 0.032626427406199025 0.012727272727272728
2 0.7520391517128875 0.8742424242424243 0.032626427406199025 0.016363636363636365
2 0.7854812398042414 0.8584848484848485 0.040783034257748776 0.017575757575757574
2 0.7626427406199021 0.8375757575757575 0.04730831973898858 0.013333333333333332
2 0.2137030995106036 0.41484848484848486 0.02936378466557912 0.015151515151515152
2 0.8898858075040783 0.3972727272727273 0.04730831973898858 0.016363636363636365
2 0.9192495921696575 0.41515151515151516 0.02773246329526917 0.012121212121212121
2 0.9176182707993475 0.43303030303030304 0.04404567699836868 0.015151515151515152
2 0.7243066884176182 0.3978787878787879 0.03915171288743883 0.016363636363636365
2 0.6843393148450245 0.39151515151515154 0.037520391517128875 0.012121212121212121
2 0.8360522022838499 0.38636363636363635 0.04730831973898858 0.012727272727272728
2 0.9836867862969005 0.44333333333333336 0.032626427406199025 0.018787878787878787
2 0.6256117455138662 0.7857575757575758 0.03425774877650897 0.012727272727272728
2 0.2234910277324633 0.8218181818181818 0.03915171288743883 0.02909090909090909
2 0.3605220228384992 0.8687878787878788 0.03588907014681893 0.016363636363636365
2 0.9070146818923328 0.8684848484848485 0.032626427406199025 0.013333333333333332
2 0.934747145187602 0.8663636363636363 0.03915171288743883 0.018787878787878787
2 0.9616639477977162 0.8818181818181818 0.037520391517128875 0.01575757575757576
2 0.9828711256117456 0.8906060606060606 0.03425774877650897 0.011515151515151515
2 0.8539967373572595 0.8751515151515151 0.037520391517128875 0.014545454545454545
2 0.4706362153344209 0.6336363636363637 0.037520391517128875 0.012727272727272728
2 0.5815660685154975 0.6342424242424243 0.03099510603588907 0.013939393939393939
2 0.03425774877650897 0.05515151515151515 0.022838499184339316 0.01090909090909091
2 0.769168026101142 0.029696969696969697 0.05709624796084829 0.01575757575757576
2 0.3075040783034258 0.6996969696969697 0.040783034257748776 0.013939393939393939
2 0.4070146818923328 0.6954545454545454 0.03425774877650897 0.012727272727272728
2 0.37520391517128876 0.6724242424242424 0.032626427406199025 0.015151515151515152
2 0.019575856443719414 0.2957575757575758 0.032626427406199025 0.01090909090909091
2 0.7210440456769984 0.7809090909090909 0.052202283849918436 0.012727272727272728
2 0.7487765089722676 0.806969696969697 0.03915171288743883 0.015151515151515152
2 0.7887438825448614 0.8072727272727273 0.024469820554649267 0.01090909090909091
2 0.9061990212071779 0.7393939393939394 0.04730831973898858 0.019393939393939394
2 0.5212071778140294 0.003333333333333333 0.040783034257748776 0.005454545454545455
2 0.5546492659053834 0.0048484848484848485 0.032626427406199025 0.008484848484848484
2 0.8164763458401305 0.11 0.040783034257748776 0.012727272727272728
2 0.6623164763458401 0.1003030303030303 0.052202283849918436 0.016363636363636365
2 0.66884176182708 0.14484848484848484 0.032626427406199025 0.013333333333333332
2 0.9192495921696575 0.12666666666666668 0.02773246329526917 0.009696969696969697
2 0.9853181076672105 0.13363636363636364 0.02936378466557912 0.015151515151515152
2 0.9763458401305057 0.19727272727272727 0.04404567699836868 0.012727272727272728
2 0.24143556280587278 0.2603030303030303 0.04241435562805873 0.013939393939393939
2 0.6353996737357259 0.2675757575757576 0.03099510603588907 0.013939393939393939
2 0.66721044045677 0.2590909090909091 0.03588907014681893 0.018787878787878787
2 0.3939641109298532 0.3109090909090909 0.03425774877650897 0.01090909090909091
2 0.26672104404567704 0.30636363636363634 0.03425774877650897 0.016363636363636365
2 0.13866231647634586 0.3112121212121212 0.02936378466557912 0.013939393939393939
2 0.9200652528548124 0.3903030303030303 0.032626427406199025 0.012121212121212121
2 0.9853181076672105 0.3936363636363636 0.02936378466557912 0.017575757575757574
2 0.7642740619902121 0.3903030303030303 0.040783034257748776 0.01090909090909091
2 0.1362153344208809 0.41424242424242425 0.03099510603588907 0.010303030303030303
2 0.2234910277324633 0.37454545454545457 0.03588907014681893 0.013333333333333332
2 0.7977161500815662 0.4824242424242424 0.03915171288743883 0.012121212121212121
2 0.6525285481239804 0.5266666666666666 0.03915171288743883 0.014545454545454545
2 0.1199021207177814 0.6042424242424242 0.0734094616639478 0.01575757575757576
2 0.9192495921696575 0.6045454545454545 0.05057096247960848 0.02
2 0.24877650897226755 0.6418181818181818 0.04404567699836868 0.01818181818181818
2 0.08238172920065254 0.6287878787878788 0.040783034257748776 0.010303030303030303
2 0.017944535073409464 0.6224242424242424 0.02936378466557912 0.019393939393939394
2 0.013866231647634585 0.7990909090909091 0.024469820554649267 0.013939393939393939
2 0.19657422512234912 0.9048484848484849 0.03425774877650897 0.014545454545454545
2 0.2699836867862969 0.9827272727272727 0.03099510603588907 0.012727272727272728
2 0.47553017944535075 0.9684848484848485 0.037520391517128875 0.01575757575757576
2 0.5530179445350735 0.9609090909090909 0.026101141924959218 0.015151515151515152
2 0.5595432300163132 0.9769696969696969 0.03588907014681893 0.012121212121212121
2 0.7634584013050572 0.9845454545454545 0.03588907014681893 0.011515151515151515
2 0.8915171288743883 0.9609090909090909 0.04730831973898858 0.013939393939393939
2 0.8556280587275694 0.9827272727272727 0.037520391517128875 0.010303030303030303
