2 0.73046875 0.8995564005069708 0.0421875 0.01964512040557668
2 0.7484375000000001 0.9337769328263624 0.043750000000000004 0.01964512040557668
2 0.6976562500000001 0.9559569074778199 0.0546875 0.028517110266159693
2 0.6546875000000001 0.9258555133079848 0.034375 0.013941698352344739
2 0.60703125 0.9394803548795944 0.045312500000000006 0.017110266159695818
2 0.5734375 0.9464512040557668 0.028125 0.012040557667934094
2 0.56640625 0.9287072243346007 0.035937500000000004 0.017110266159695818
2 0.5140625 0.9125475285171102 0.046875 0.0164765525982256
2 0.43828125 0.9192015209125475 0.0421875 0.015842839036755384
2 0.45234375000000004 0.9318757921419518 0.0421875 0.013307984790874524
2 0.39609375 0.9245880861850443 0.0484375 0.017743979721166033
2 0.36484375 0.9499366286438529 0.051562500000000004 0.024081115335868188
2 0.35625 0.9309252217997465 0.034375 0.013941698352344739
2 0.309375 0.9432826362484157 0.046875 0.01964512040557668
2 0.2984375 0.9005069708491761 0.03125 0.01520912547528517
2 0.2671875 0.8986058301647655 0.03125 0.013941698352344739
2 0.2265625 0.9055766793409379 0.040625 0.019011406844106463
2 0.16015625 0.9024081115335868 0.045312500000000006 0.017743979721166033
2 0.1015625 0.9664131812420785 0.043750000000000004 0.019011406844106463
2 0.15703125 0.9505703422053231 0.0390625 0.021546261089987324
2 0.17421875 0.9334600760456273 0.0328125 0.01520912547528517
2 0.19453125000000002 0.9565906210392902 0.0421875 0.01964512040557668
2 0.24765625000000002 0.9477186311787071 0.051562500000000004 0.018377693282636248
2 0.23593750000000002 0.9626108998732572 0.043750000000000004 0.020278833967046894
2 0.1234375 0.9863751584283903 0.034375 0.014575411913814954
2 0.13828125 0.9787705956907478 0.0328125 0.010773130544993662
2 0.17578125 0.9746514575411913 0.0421875 0.01520912547528517
2 0.87265625 0.8482256020278833 0.045312500000000006 0.017110266159695818
2 0.7796875000000001 0.8517110266159695 0.037500000000000006 0.011406844106463877
2 0.7406250000000001 0.8434727503168568 0.037500000000000006 0.0164765525982256
2 0.7171875000000001 0.8269961977186311 0.034375 0.012674271229404309
2 0.6625000000000001 0.844106463878327 0.034375 0.010139416983523447
2 0.6039062500000001 0.862167300380228 0.045312500000000006 0.013307984790874524
2 0.675 0.817807351077313 0.040625 0.012040557667934094
2 0.71875 0.8079847908745247 0.043750000000000004 0.022813688212927754
2 0.7742187500000001 0.8130544993662864 0.0421875 0.013941698352344739
2 0.75703125 0.7899239543726235 0.0421875 0.013307984790874524
2 0.82578125 0.7968948035487959 0.0484375 0.015842839036755384
2 0.90234375 0.802915082382763 0.0484375 0.0164765525982256
2 0.9007812500000001 0.7259188846641318 0.0390625 0.015842839036755384
2 0.8304687500000001 0.764575411913815 0.0390625 0.02091254752851711
2 0.7734375 0.7455640050697084 0.037500000000000006 0.015842839036755384
2 0.7000000000000001 0.7461977186311787 0.028125 0.01964512040557668
2 0.8609375 0.7550697084917617 0.03125 0.013307984790874524
2 0.6015625 0.7994296577946768 0.03125 0.018377693282636248
2 0.53046875 0.8022813688212928 0.051562500000000004 0.020278833967046894
2 0.40156250000000004 0.8013307984790874 0.053125000000000006 0.01964512040557668
2 0.36953125000000003 0.8076679340937896 0.035937500000000004 0.01964512040557668
2 0.3765625 0.7927756653992395 0.034375 0.011406844106463877
2 0.025781250000000002 0.8295310519645119 0.0421875 0.017743979721166033
2 0.10546875 0.8399873257287706 0.0421875 0.012040557667934094
2 0.10703125000000001 0.8254119138149556 0.045312500000000006 0.015842839036755384
2 0.17343750000000002 0.835551330798479 0.046875 0.01964512040557668
2 0.23046875 0.8250950570342205 0.0421875 0.013941698352344739
2 0.284375 0.8330164765525981 0.03125 0.013307984790874524
2 0.25390625 0.8428390367553865 0.0484375 0.019011406844106463
2 0.29531250000000003 0.8520278833967047 0.037500000000000006 0.018377693282636248
2 0.33046875000000003 0.8466413181242078 0.035937500000000004 0.019011406844106463
2 0.27734375 0.817807351077313 0.029687500000000002 0.013307984790874524
2 0.28828125 0.8019645120405576 0.045312500000000006 0.017110266159695818
2 0.3125 0.814638783269962 0.03125 0.012040557667934094
2 0.15078125 0.8041825095057034 0.0421875 0.0164765525982256
2 0.19921875 0.7962610899873257 0.045312500000000006 0.018377693282636248
2 0.1765625 0.8143219264892269 0.040625 0.017743979721166033
2 0.15234375 0.7610899873257287 0.0421875 0.01520912547528517
2 0.16015625 0.7728136882129277 0.051562500000000004 0.01964512040557668
2 0.09296875 0.7493662864385298 0.0390625 0.013307984790874524
2 0.1375 0.7401774397972116 0.046875 0.0164765525982256
2 0.18046875 0.7401774397972116 0.0328125 0.013941698352344739
2 0.240625 0.7360583016476552 0.043750000000000004 0.018377693282636248
2 0.21484375 0.7452471482889733 0.029687500000000002 0.0164765525982256
2 0.278125 0.7534854245880861 0.03125 0.013941698352344739
2 0.34218750000000003 0.7610899873257287 0.059375000000000004 0.022813688212927754
2 0.3203125 0.7344740177439797 0.03125 0.01520912547528517
2 0.36640625000000004 0.7376425855513308 0.0578125 0.026615969581749048
2 0.47968750000000004 0.7408111533586819 0.043750000000000004 0.020278833967046894
2 0.51328125 0.7309885931558935 0.035937500000000004 0.012040557667934094
2 0.9015625 0.6790240811153359 0.028125 0.012040557667934094
2 0.8203125 0.6831432192648922 0.040625 0.017743979721166033
2 0.77109375 0.6894803548795944 0.035937500000000004 0.019011406844106463
2 0.5906250000000001 0.7094423320659061 0.053125000000000006 0.01964512040557668
2 0.68359375 0.6907477820025348 0.035937500000000004 0.013941698352344739
2 0.66015625 0.6806083650190113 0.0390625 0.017743979721166033
2 0.71796875 0.679340937896071 0.035937500000000004 0.019011406844106463
2 0.7546875000000001 0.6653992395437262 0.037500000000000006 0.012674271229404309
2 0.828125 0.6619138149556401 0.037500000000000006 0.014575411913814954
2 0.5984375000000001 0.6745880861850443 0.037500000000000006 0.017110266159695818
2 0.54453125 0.697401774397972 0.0390625 0.014575411913814954
2 0.51875 0.6891634980988592 0.03125 0.014575411913814954
2 0.45156250000000003 0.676489226869455 0.037500000000000006 0.013307984790874524
2 0.43515625 0.6907477820025348 0.035937500000000004 0.0164765525982256
2 0.34375 0.7078580481622306 0.03125 0.012674271229404309
2 0.2265625 0.7097591888466412 0.03125 0.0164765525982256
2 0.26171875 0.688212927756654 0.029687500000000002 0.013941698352344739
2 0.16953125000000002 0.7186311787072243 0.026562500000000003 0.013941698352344739
2 0.10078125 0.7195817490494296 0.0328125 0.014575411913814954
2 0.08750000000000001 0.708808618504436 0.03125 0.012040557667934094
2 0.12421875 0.6891634980988592 0.0328125 0.014575411913814954
2 0.17578125 0.6923320659062103 0.0328125 0.014575411913814954
2 0.21171875 0.6866286438529784 0.045312500000000006 0.018377693282636248
2 0.1765625 0.6720532319391634 0.037500000000000006 0.014575411913814954
2 0.3828125 0.673954372623574 0.040625 0.014575411913814954
2 0.41171875 0.6612801013941698 0.045312500000000006 0.01964512040557668
2 0.8578125000000001 0.6356147021546261 0.05 0.017743979721166033
2 0.8015625000000001 0.6460709759188846 0.040625 0.01964512040557668
2 0.7671875 0.6346641318124208 0.040625 0.013307984790874524
2 0.7625000000000001 0.6467046894803549 0.037500000000000006 0.010773130544993662
2 0.7000000000000001 0.6543092522179974 0.03125 0.015842839036755384
2 0.66953125 0.6492395437262357 0.035937500000000004 0.017110266159695818
2 0.9164062500000001 0.6419518377693282 0.0328125 0.026615969581749048
2 0.7195312500000001 0.6223067173637515 0.035937500000000004 0.019011406844106463
2 0.63828125 0.6267427122940431 0.0390625 0.01520912547528517
2 0.6156250000000001 0.6365652724968314 0.043750000000000004 0.018377693282636248
2 0.5859375 0.6400506970849176 0.034375 0.020278833967046894
2 0.509375 0.6343472750316856 0.046875 0.019011406844106463
2 0.45078125 0.6387832699619771 0.0421875 0.012674271229404309
2 0.44843750000000004 0.6495564005069708 0.034375 0.01520912547528517
2 0.35781250000000003 0.653358681875792 0.040625 0.0164765525982256
2 0.32421875 0.6482889733840304 0.0390625 0.013941698352344739
2 0.26171875 0.6625475285171102 0.035937500000000004 0.013307984790874524
2 0.25859375 0.6457541191381495 0.0484375 0.020278833967046894
2 0.17421875 0.6394169835234473 0.045312500000000006 0.020278833967046894
2 0.20390625 0.6549429657794676 0.0421875 0.013307984790874524
2 0.23828125 0.6327629911280102 0.029687500000000002 0.010773130544993662
2 0.225 0.6410012674271229 0.034375 0.013307984790874524
2 0.26953125 0.6159695817490494 0.035937500000000004 0.010139416983523447
2 0.28203125 0.6219898605830164 0.0328125 0.012040557667934094
2 0.2703125 0.6289607097591888 0.040625 0.013307984790874524
2 0.42031250000000003 0.6321292775665399 0.028125 0.013307984790874524
2 0.8054687500000001 0.5893536121673003 0.0421875 0.021546261089987324
2 0.92890625 0.5693916349809885 0.0421875 0.017110266159695818
2 0.7671875 0.5826996197718631 0.037500000000000006 0.01964512040557668
2 0.69296875 0.5950570342205322 0.0390625 0.01520912547528517
2 0.6468750000000001 0.6055133079847909 0.059375000000000004 0.02091254752851711
2 0.74921875 0.5592522179974652 0.045312500000000006 0.018377693282636248
2 0.890625 0.5453105196451203 0.028125 0.014575411913814954
2 0.7078125000000001 0.5583016476552598 0.03125 0.011406844106463877
2 0.7234375000000001 0.5671736375158428 0.046875 0.0164765525982256
2 0.6898437500000001 0.5757287705956907 0.045312500000000006 0.01964512040557668
2 0.6492187500000001 0.585234474017744 0.0390625 0.015842839036755384
2 0.61875 0.5725602027883396 0.040625 0.017110266159695818
2 0.5484375 0.5877693282636248 0.046875 0.01964512040557668
2 0.5265625 0.5602027883396704 0.043750000000000004 0.020278833967046894
2 0.465625 0.6013941698352344 0.043750000000000004 0.01520912547528517
2 0.4078125 0.6013941698352344 0.053125000000000006 0.017743979721166033
2 0.36328125 0.6007604562737642 0.026562500000000003 0.013941698352344739
2 0.42812500000000003 0.5865019011406843 0.040625 0.013307984790874524
2 0.44843750000000004 0.5728770595690748 0.034375 0.01520912547528517
2 0.38046875 0.5750950570342205 0.026562500000000003 0.015842839036755384
2 0.35625 0.5700253485424588 0.040625 0.017110266159695818
2 0.25390625 0.5868187579214195 0.0421875 0.01520912547528517
2 0.2109375 0.5925221799746514 0.040625 0.013941698352344739
2 0.025 0.5975918884664131 0.03125 0.013941698352344739
2 0.014843750000000001 0.573510773130545 0.026562500000000003 0.013941698352344739
2 0.10625000000000001 0.585234474017744 0.040625 0.013307984790874524
2 0.028125 0.5364385297845373 0.03125 0.015842839036755384
2 0.0671875 0.532319391634981 0.040625 0.0164765525982256
2 0.12187500000000001 0.5240811153358682 0.040625 0.01520912547528517
2 0.20703125 0.5304182509505703 0.0484375 0.021546261089987324
2 0.27734375 0.5719264892268694 0.0484375 0.018377693282636248
2 0.28359375000000003 0.5554499366286438 0.035937500000000004 0.014575411913814954
2 0.3296875 0.5621039290240811 0.03125 0.013941698352344739
2 0.0859375 0.5750950570342205 0.034375 0.012040557667934094
2 0.41796875 0.5576679340937896 0.045312500000000006 0.017743979721166033
2 0.3828125 0.5510139416983523 0.034375 0.017110266159695818
2 0.0703125 0.5525982256020279 0.05625 0.017743979721166033
2 0.09843750000000001 0.5443599493029151 0.05625 0.01520912547528517
2 0.93515625 0.5063371356147022 0.045312500000000006 0.019011406844106463
2 0.85078125 0.5152091254752852 0.035937500000000004 0.019011406844106463
2 0.815625 0.5164765525982256 0.043750000000000004 0.019011406844106463
2 0.75390625 0.5031685678073511 0.0390625 0.017743979721166033
2 0.73359375 0.5342205323193916 0.035937500000000004 0.013941698352344739
2 0.6804687500000001 0.5034854245880862 0.035937500000000004 0.015842839036755384
2 0.7046875 0.5104562737642585 0.043750000000000004 0.017110266159695818
2 0.6140625000000001 0.5047528517110266 0.043750000000000004 0.014575411913814954
2 0.5593750000000001 0.5174271229404309 0.046875 0.018377693282636248
2 0.48984375 0.5031685678073511 0.0328125 0.01520912547528517
2 0.44453125000000004 0.4930291508238276 0.0421875 0.017743979721166033
2 0.41953125 0.5114068441064639 0.0390625 0.01520912547528517
2 0.33906250000000004 0.4968314321926489 0.040625 0.017743979721166033
2 0.24765625000000002 0.5044359949302915 0.0328125 0.01520912547528517
2 0.21875 0.5076045627376425 0.040625 0.0164765525982256
2 0.18906250000000002 0.4965145754119138 0.03125 0.014575411913814954
2 0.13515625 0.49493029150823825 0.035937500000000004 0.01520912547528517
2 0.0734375 0.48193916349809884 0.034375 0.017110266159695818
2 0.09375 0.48637515842839035 0.03125 0.014575411913814954
2 0.125 0.47972116603295306 0.037500000000000006 0.013941698352344739
2 0.15625 0.4594423320659062 0.03125 0.012674271229404309
2 0.18046875 0.4724334600760456 0.0484375 0.018377693282636248
2 0.22421875000000002 0.4727503168567807 0.0328125 0.01520912547528517
2 0.22187500000000002 0.45278833967046894 0.034375 0.014575411913814954
2 0.23984375000000002 0.43726235741444863 0.0390625 0.01520912547528517
2 0.30703125000000003 0.45373891001267425 0.0421875 0.0164765525982256
2 0.371875 0.44645120405576677 0.037500000000000006 0.017110266159695818
2 0.43281250000000004 0.4388466413181242 0.034375 0.015842839036755384
2 0.45937500000000003 0.45595690747782 0.028125 0.012040557667934094
2 0.50234375 0.4512040557667934 0.0421875 0.0164765525982256
2 0.55078125 0.45912547528517106 0.0390625 0.013307984790874524
2 0.59921875 0.4597591888466413 0.0390625 0.018377693282636248
2 0.63984375 0.45373891001267425 0.035937500000000004 0.01520912547528517
2 0.69921875 0.42997465145754116 0.0421875 0.01964512040557668
2 0.9460937500000001 0.44613434727503165 0.0421875 0.019011406844106463
2 0.9500000000000001 0.4670468948035488 0.021875000000000002 0.017743979721166033
2 0.8289062500000001 0.485424588086185 0.029687500000000002 0.013941698352344739
2 0.8140625 0.45690747782002533 0.03125 0.010139416983523447
2 0.759375 0.4575411913814955 0.037500000000000006 0.019011406844106463
2 0.15703125 0.42997465145754116 0.0328125 0.014575411913814954
2 0.09062500000000001 0.426489226869455 0.025 0.013941698352344739
2 0.11093750000000001 0.4109632446134347 0.03125 0.013307984790874524
2 0.14453125 0.40050697084917614 0.035937500000000004 0.0164765525982256
2 0.1640625 0.40874524714828897 0.021875000000000002 0.012674271229404309
2 0.225 0.40906210392902403 0.053125000000000006 0.017110266159695818
2 0.18906250000000002 0.38339670468948034 0.034375 0.017743979721166033
2 0.2078125 0.3656527249683143 0.03125 0.011406844106463877
2 0.1 0.37040557667934093 0.037500000000000006 0.015842839036755384
2 0.1296875 0.3659695817490494 0.025 0.010773130544993662
2 0.13828125 0.3751584283903675 0.0171875 0.008871989860583017
2 0.2921875 0.3742078580481622 0.034375 0.015842839036755384
2 0.32656250000000003 0.39226869455006336 0.03125 0.011406844106463877
2 0.36015625 0.4077946768060836 0.0421875 0.017110266159695818
2 0.40234375 0.4014575411913815 0.0390625 0.017110266159695818
2 0.42500000000000004 0.41254752851711024 0.037500000000000006 0.012674271229404309
2 0.46718750000000003 0.41793409378960705 0.040625 0.017110266159695818
2 0.47890625000000003 0.38783269961977185 0.0328125 0.012674271229404309
2 0.5578125 0.39543726235741444 0.034375 0.013941698352344739
2 0.59765625 0.3897338403041825 0.0390625 0.017743979721166033
2 0.6640625 0.3960709759188846 0.043750000000000004 0.01520912547528517
2 0.7093750000000001 0.3776932826362484 0.043750000000000004 0.0164765525982256
2 0.7210937500000001 0.3900506970849176 0.0390625 0.013307984790874524
2 0.8546875 0.4131812420785805 0.040625 0.012674271229404309
2 0.8078125 0.3944866920152091 0.03125 0.01964512040557668
2 0.88671875 0.4103295310519645 0.026562500000000003 0.015842839036755384
2 0.8757812500000001 0.3948035487959442 0.060937500000000006 0.013941698352344739
2 0.8390625 0.38466413181242076 0.037500000000000006 0.013941698352344739
2 0.8523437500000001 0.3745247148288973 0.029687500000000002 0.010139416983523447
2 0.88203125 0.3783269961977186 0.026562500000000003 0.019011406844106463
2 0.9234375 0.3783269961977186 0.053125000000000006 0.01520912547528517
2 0.8671875 0.3463244613434727 0.043750000000000004 0.018377693282636248
2 0.92890625 0.31432192648922685 0.0421875 0.0164765525982256
2 0.790625 0.33079847908745247 0.043750000000000004 0.017743979721166033
2 0.7671875 0.34759188846641315 0.03125 0.012040557667934094
2 0.63203125 0.320659062103929 0.0421875 0.017743979721166033
2 0.5375 0.35202788339670466 0.03125 0.013307984790874524
2 0.56796875 0.34664131812420784 0.0390625 0.012674271229404309
2 0.553125 0.3368187579214195 0.046875 0.014575411913814954
2 0.52109375 0.33396704689480355 0.051562500000000004 0.019011406844106463
2 0.49843750000000003 0.32604562737642584 0.03125 0.010773130544993662
2 0.4859375 0.3181242078580481 0.028125 0.010139416983523447
2 0.5398437500000001 0.3136882129277566 0.029687500000000002 0.013941698352344739
2 0.47578125000000004 0.34442332065906206 0.035937500000000004 0.014575411913814954
2 0.43671875000000004 0.3437896070975919 0.0421875 0.017110266159695818
2 0.39296875000000003 0.3710392902408111 0.0328125 0.010773130544993662
2 0.32890625 0.36058301647655255 0.0234375 0.011406844106463877
2 0.36015625 0.3624841571609632 0.0328125 0.012674271229404309
2 0.38203125000000004 0.3545627376425855 0.045312500000000006 0.017110266159695818
2 0.34453125 0.35614702154626104 0.026562500000000003 0.008871989860583017
2 0.30859375 0.34759188846641315 0.045312500000000006 0.017110266159695818
2 0.2921875 0.3536121673003802 0.034375 0.012674271229404309
2 0.27968750000000003 0.36185044359949303 0.03125 0.012674271229404309
2 0.2421875 0.35171102661596954 0.025 0.013941698352344739
2 0.25703125 0.35931558935361213 0.0328125 0.012674271229404309
2 0.209375 0.34664131812420784 0.040625 0.0164765525982256
2 0.25 0.3320659062103929 0.037500000000000006 0.0164765525982256
2 0.31093750000000003 0.3247782002534854 0.028125 0.017110266159695818
2 0.4078125 0.3365019011406844 0.037500000000000006 0.013941698352344739
2 0.39921875 0.323510773130545 0.029687500000000002 0.015842839036755384
2 0.36640625000000004 0.33016476552598223 0.035937500000000004 0.013941698352344739
2 0.8703125 0.2680608365019011 0.034375 0.011406844106463877
2 0.78828125 0.2680608365019011 0.0328125 0.01520912547528517
2 0.6960937500000001 0.2769328263624841 0.0546875 0.013941698352344739
2 0.66328125 0.26457541191381495 0.051562500000000004 0.018377693282636248
2 0.7054687500000001 0.2506337135614702 0.0421875 0.015842839036755384
2 0.6171875 0.2867553865652725 0.043750000000000004 0.02217997465145754
2 0.603125 0.2683776932826362 0.037500000000000006 0.013307984790874524
2 0.5320312500000001 0.2886565272496831 0.0390625 0.014575411913814954
2 0.50703125 0.28263624841571605 0.029687500000000002 0.013941698352344739
2 0.46328125000000003 0.28580481622306714 0.0421875 0.017743979721166033
2 0.421875 0.27661596958174905 0.05 0.013307984790874524
2 0.47890625000000003 0.26996197718631176 0.035937500000000004 0.019011406844106463
2 0.52109375 0.26108998732572875 0.0421875 0.017743979721166033
2 0.58359375 0.25665399239543724 0.0328125 0.0164765525982256
2 0.603125 0.24556400506970846 0.03125 0.013307984790874524
2 0.59296875 0.22433460076045625 0.035937500000000004 0.012674271229404309
2 0.5796875 0.23605830164765523 0.034375 0.012040557667934094
2 0.65625 0.2135614702154626 0.034375 0.01520912547528517
2 0.53671875 0.23891001267427123 0.035937500000000004 0.0164765525982256
2 0.39921875 0.2300380228136882 0.029687500000000002 0.013941698352344739
2 0.47890625000000003 0.2347908745247148 0.029687500000000002 0.010773130544993662
2 0.521875 0.22306717363751583 0.040625 0.017743979721166033
2 0.46484375 0.2141951837769328 0.0421875 0.017743979721166033
2 0.41718750000000004 0.20690747782002533 0.037500000000000006 0.018377693282636248
2 0.49453125000000003 0.1935994930291508 0.045312500000000006 0.015842839036755384
2 0.9234375 0.2221166032953105 0.034375 0.010773130544993662
2 0.85546875 0.19486692015209126 0.0390625 0.017110266159695818
2 0.91953125 0.1761723700887199 0.045312500000000006 0.0164765525982256
2 0.86484375 0.16951837769328262 0.035937500000000004 0.014575411913814954
2 0.8812500000000001 0.1524081115335868 0.034375 0.014575411913814954
2 0.93125 0.1568441064638783 0.037500000000000006 0.009505703422053232
2 0.93125 0.14892268694550062 0.0625 0.011406844106463877
2 0.81953125 0.17934093789607097 0.0421875 0.01520912547528517
2 0.790625 0.1730038022813688 0.028125 0.01520912547528517
2 0.7367187500000001 0.16951837769328262 0.035937500000000004 0.018377693282636248
2 0.7625000000000001 0.17141951837769326 0.03125 0.012040557667934094
2 0.6726562500000001 0.17839036755386564 0.035937500000000004 0.013307984790874524
2 0.58046875 0.17522179974651456 0.051562500000000004 0.01964512040557668
2 0.5328125 0.17965779467680607 0.040625 0.017110266159695818
2 0.5328125 0.16634980988593154 0.05 0.012040557667934094
2 0.47890625000000003 0.17141951837769326 0.045312500000000006 0.014575411913814954
2 0.37421875000000004 0.18029150823827628 0.0328125 0.012040557667934094
2 0.403125 0.18346007604562736 0.034375 0.017110266159695818
2 0.33515625000000004 0.18377693282636248 0.0390625 0.012674271229404309
2 0.33203125 0.1723700887198986 0.035937500000000004 0.012674271229404309
2 0.23984375000000002 0.1806083650190114 0.0390625 0.0164765525982256
2 0.29453125 0.16730038022813687 0.0390625 0.01520912547528517
2 0.27734375 0.15272496831432192 0.045312500000000006 0.01520912547528517
2 0.33984375 0.155893536121673 0.0390625 0.013941698352344739
2 0.36875 0.16286438529784536 0.05625 0.013941698352344739
2 0.81171875 0.1346641318124208 0.0421875 0.013307984790874524
2 0.82421875 0.14702154626108999 0.0484375 0.011406844106463877
2 0.7984375 0.15367553865652725 0.037500000000000006 0.013307984790874524
2 0.7523437500000001 0.155893536121673 0.0234375 0.008871989860583017
2 0.78046875 0.14163498098859315 0.0390625 0.013307984790874524
2 0.7406250000000001 0.14353612167300378 0.040625 0.018377693282636248
2 0.7718750000000001 0.12642585551330798 0.046875 0.017110266159695818
2 0.69921875 0.15367553865652725 0.0421875 0.018377693282636248
2 0.66796875 0.14290240811153357 0.029687500000000002 0.010773130544993662
2 0.68359375 0.12896070975918883 0.029687500000000002 0.010773130544993662
2 0.70234375 0.11818757921419518 0.045312500000000006 0.013307984790874524
2 0.7132812500000001 0.12991128010139416 0.035937500000000004 0.011406844106463877
2 0.634375 0.12389100126742711 0.034375 0.010773130544993662
2 0.603125 0.13403041825095055 0.043750000000000004 0.017110266159695818
2 0.61640625 0.15082382762991128 0.0328125 0.010139416983523447
2 0.5867187500000001 0.1482889733840304 0.0328125 0.012674271229404309
2 0.55078125 0.15272496831432192 0.045312500000000006 0.01520912547528517
2 0.5203125000000001 0.1308618504435995 0.03125 0.012040557667934094
2 0.5671875000000001 0.14131812420785803 0.037500000000000006 0.01520912547528517
2 0.5007812500000001 0.14638783269961977 0.0390625 0.01520912547528517
2 0.47500000000000003 0.15842839036755385 0.034375 0.012674271229404309
2 0.42812500000000003 0.16159695817490494 0.059375000000000004 0.01520912547528517
2 0.46015625000000004 0.15050697084917616 0.0421875 0.014575411913814954
2 0.46718750000000003 0.13751584283903676 0.040625 0.013941698352344739
2 0.40390625 0.14100126742712293 0.0421875 0.01964512040557668
2 0.3359375 0.13276299112801013 0.046875 0.02091254752851711
2 0.2671875 0.13498098859315588 0.034375 0.011406844106463877
2 0.23515625 0.13688212927756654 0.051562500000000004 0.0164765525982256
2 0.1765625 0.14575411913814953 0.034375 0.012674271229404309
2 0.18046875 0.15525982256020276 0.0328125 0.010139416983523447
2 0.13046875 0.1482889733840304 0.0328125 0.011406844106463877
2 0.1375 0.13403041825095055 0.043750000000000004 0.015842839036755384
2 0.096875 0.1394169835234474 0.037500000000000006 0.0164765525982256
2 0.08828125 0.12452471482889733 0.0390625 0.014575411913814954
2 0.18359375 0.12927756653992395 0.0484375 0.020278833967046894
2 0.23203125000000002 0.12198986058301647 0.029687500000000002 0.013307984790874524
2 0.27421875 0.11438529784537388 0.0328125 0.013307984790874524
2 0.34375 0.11533586818757921 0.034375 0.01520912547528517
2 0.4109375 0.1112167300380228 0.043750000000000004 0.018377693282636248
2 0.16015625 0.10456273764258554 0.0390625 0.012674271229404309
2 0.18046875 0.09093789607097591 0.045312500000000006 0.01964512040557668
2 0.11796875000000001 0.09569074778200252 0.0390625 0.01520912547528517
2 0.12421875 0.08238276299112801 0.0328125 0.010139416983523447
2 0.04296875 0.08967046894803549 0.0421875 0.017110266159695818
2 0.01640625 0.08016476552598226 0.029687500000000002 0.015842839036755384
2 0.0578125 0.07129277566539924 0.040625 0.014575411913814954
2 0.22734375 0.10234474017743979 0.0484375 0.013307984790874524
2 0.5796875 0.11216730038022812 0.046875 0.024081115335868188
2 0.9828125000000001 0.07097591888466413 0.028125 0.020278833967046894
2 0.946875 0.0741444866920152 0.040625 0.0164765525982256
2 0.89453125 0.09188846641318124 0.0578125 0.019011406844106463
2 0.85078125 0.10551330798479087 0.0421875 0.013307984790874524
2 0.81796875 0.09600760456273763 0.0328125 0.012040557667934094
2 0.78046875 0.09885931558935361 0.0390625 0.013941698352344739
2 0.74921875 0.08967046894803549 0.029687500000000002 0.01964512040557668
2 0.734375 0.1105830164765526 0.03125 0.013307984790874524
2 0.784375 0.07984790874524714 0.043750000000000004 0.019011406844106463
2 0.24140625000000002 0.06368821292775664 0.045312500000000006 0.015842839036755384
2 0.25625000000000003 0.07826362484157161 0.03125 0.012040557667934094
2 0.31015625 0.08903675538656526 0.0484375 0.013307984790874524
2 0.34453125 0.10076045627376425 0.0390625 0.008871989860583017
2 0.9296875 0.043726235741444866 0.05625 0.013941698352344739
2 0.9421875000000001 0.055133079847908745 0.05625 0.010139416983523447
2 0.98046875 0.04340937896070975 0.026562500000000003 0.014575411913814954
2 0.92890625 0.027249683143219263 0.026562500000000003 0.011406844106463877
2 0.9484375 0.018377693282636248 0.043750000000000004 0.017743979721166033
2 0.9656250000000001 0.012040557667934094 0.037500000000000006 0.012674271229404309
2 0.89609375 0.03390367553865652 0.0421875 0.02091254752851711
2 0.85703125 0.04404309252217997 0.0484375 0.017110266159695818
2 0.7734375 0.04847908745247148 0.05 0.02091254752851711
2 0.81640625 0.054499366286438526 0.0328125 0.012674271229404309
2 0.8484375000000001 0.061787072243346 0.043750000000000004 0.017110266159695818
2 0.8132812500000001 0.06432192648922687 0.0234375 0.013307984790874524
2 0.8328125000000001 0.07034220532319391 0.03125 0.010139416983523447
2 0.72265625 0.04309252217997465 0.051562500000000004 0.021546261089987324
2 0.6726562500000001 0.05418250950570342 0.0421875 0.013307984790874524
2 0.60546875 0.06653992395437262 0.051562500000000004 0.019011406844106463
2 0.55625 0.05291508238276299 0.040625 0.014575411913814954
2 0.60703125 0.036438529784537384 0.0421875 0.017110266159695818
2 0.525 0.09315589353612166 0.05 0.017743979721166033
2 0.515625 0.10583016476552598 0.037500000000000006 0.013941698352344739
2 0.478125 0.10551330798479087 0.040625 0.013307984790874524
2 0.5242187500000001 0.07604562737642585 0.0421875 0.01520912547528517
2 0.49062500000000003 0.04721166032953105 0.040625 0.017110266159695818
2 0.46484375 0.06115335868187579 0.026562500000000003 0.012040557667934094
2 0.43984375000000003 0.07097591888466413 0.035937500000000004 0.012674271229404309
2 0.46640625 0.03453738910012674 0.0421875 0.01964512040557668
2 0.64765625 0.015842839036755384 0.029687500000000002 0.013941698352344739
2 0.42109375000000004 0.03802281368821293 0.0421875 0.01520912547528517
2 0.40156250000000004 0.05228136882129277 0.034375 0.018377693282636248
2 0.43125 0.056400506970849175 0.025 0.011406844106463877
2 0.384375 0.027566539923954372 0.03125 0.015842839036755384
2 0.37265625 0.08555133079847908 0.0421875 0.025348542458808618
2 0.340625 0.0865019011406844 0.021875000000000002 0.014575411913814954
2 0.3015625 0.0738276299112801 0.040625 0.015842839036755384
2 0.26875 0.050697084917617236 0.034375 0.019011406844106463
2 0.30390625000000004 0.04847908745247148 0.035937500000000004 0.018377693282636248
2 0.328125 0.03358681875792142 0.034375 0.0164765525982256
2 0.325 0.06622306717363752 0.037500000000000006 0.013307984790874524
2 0.17890625000000002 0.06558935361216729 0.035937500000000004 0.013307984790874524
2 0.16718750000000002 0.07921419518377693 0.034375 0.013941698352344739
2 0.12109375 0.05481622306717363 0.045312500000000006 0.015842839036755384
2 0.1171875 0.035487959442332066 0.037500000000000006 0.0164765525982256
2 0.065625 0.0164765525982256 0.046875 0.017743979721166033
2 0.12421875 0.010456273764258554 0.0421875 0.018377693282636248
2 0.16328125000000002 0.012991128010139416 0.026562500000000003 0.014575411913814954
2 0.1875 0.021863117870722433 0.043750000000000004 0.017110266159695818
2 0.240625 0.026615969581749048 0.040625 0.017743979721166033
2 0.215625 0.023130544993662863 0.028125 0.02344740177439797
2 0.29140625000000003 0.029467680608365018 0.035937500000000004 0.015842839036755384
2 0.8562500000000001 0.013624841571609632 0.040625 0.018377693282636248
2 0.30390625000000004 0.26647655259822556 0.0421875 0.018377693282636248
2 0.2671875 0.2379594423320659 0.034375 0.014575411913814954
2 0.31015625 0.22338403041825095 0.0328125 0.018377693282636248
2 0.1875 0.21609632446134347 0.037500000000000006 0.0164765525982256
2 0.07968750000000001 0.004752851711026616 0.040625 0.0082382762991128
2 0.46015625000000004 0.009188846641318124 0.0421875 0.017110266159695818
2 0.7117187500000001 0.0069708491761723695 0.0390625 0.012674271229404309
2 0.9085937500000001 0.07446134347275031 0.035937500000000004 0.013307984790874524
2 0.8210937500000001 0.025348542458808618 0.060937500000000006 0.03168567807351077
2 0.6609375000000001 0.07477820025348542 0.043750000000000004 0.025348542458808618
2 0.7039062500000001 0.0865019011406844 0.0328125 0.02217997465145754
2 0.7328125000000001 0.06844106463878327 0.046875 0.025348542458808618
2 0.17109375000000002 0.16349809885931557 0.035937500000000004 0.012674271229404309
2 0.03671875 0.1774397972116603 0.029687500000000002 0.012674271229404309
2 0.01171875 0.17522179974651456 0.0203125 0.02217997465145754
2 0.8343750000000001 0.3231939163498099 0.043750000000000004 0.01520912547528517
2 0.27265625 0.2880228136882129 0.0390625 0.02091254752851711
2 0.1765625 0.2737642585551331 0.028125 0.0164765525982256
2 0.18906250000000002 0.3241444866920152 0.034375 0.017110266159695818
2 0.1390625 0.32636248415716096 0.046875 0.03168567807351077
2 0.2515625 0.47211660329531047 0.03125 0.01520912547528517
2 0.89609375 0.5085551330798479 0.026562500000000003 0.014575411913814954
2 0.9164062500000001 0.5288339670468948 0.029687500000000002 0.018377693282636248
2 0.659375 0.5598859315589353 0.037500000000000006 0.014575411913814954
2 0.43828125 0.535171102661597 0.0421875 0.018377693282636248
2 0.17421875 0.6067807351077312 0.0328125 0.012040557667934094
2 0.03125 0.6850443599493029 0.05 0.024081115335868188
2 0.06328125 0.6913814955640051 0.0328125 0.01520912547528517
2 0.01640625 0.714828897338403 0.029687500000000002 0.0164765525982256
2 0.60546875 0.7436628643852978 0.051562500000000004 0.014575411913814954
2 0.43984375000000003 0.8070342205323193 0.029687500000000002 0.014575411913814954
2 0.0734375 0.9039923954372623 0.046875 0.017110266159695818
2 0.06015625 0.94106463878327 0.0546875 0.020278833967046894
2 0.0671875 0.965145754119138 0.028125 0.01520912547528517
