2 0.044117647058823525 0.014216575922565035 0.044117647058823525 0.018753781004234728
2 0.09485294117647058 0.020568663036902603 0.045588235294117645 0.01572897761645493
2 0.21985294117647058 0.035995160314579555 0.04852941176470588 0.026013309134906234
2 0.23676470588235293 0.013006654567453117 0.044117647058823525 0.015124016938898973
2 0.28161764705882353 0.017846339987900788 0.039705882352941174 0.013914095583787055
2 0.2889705882352941 0.032062915910465825 0.039705882352941174 0.014519056261343014
2 0.275 0.039927404718693285 0.03529411764705882 0.014519056261343014
2 0.3448529411764706 0.018753781004234728 0.033823529411764704 0.01572897761645493
2 0.3735294117647059 0.019358741681790685 0.03529411764705882 0.014519056261343014
2 0.3830882352941176 0.0060496067755595895 0.033823529411764704 0.008469449485783424
2 0.41470588235294115 0.02873563218390805 0.029411764705882353 0.01754385964912281
2 0.4485294117647059 0.020871143375680582 0.03823529411764706 0.015124016938898973
2 0.3816176470588235 0.04809437386569873 0.054411764705882354 0.02117362371445856
2 0.3338235294117647 0.05021173623714459 0.058823529411764705 0.018148820326678767
2 0.45808823529411763 0.04990925589836661 0.045588235294117645 0.013914095583787055
2 0.47352941176470587 0.06866303690260134 0.044117647058823525 0.01633393829401089
2 0.5852941176470589 0.041439806412583186 0.03823529411764706 0.012704174228675136
2 0.7227941176470588 0.0426497277676951 0.04264705882352941 0.01633393829401089
2 0.7448529411764706 0.0559588626739262 0.030882352941176472 0.012704174228675136
2 0.7823529411764706 0.0574712643678161 0.044117647058823525 0.018148820326678767
2 0.8139705882352941 0.035692679975801576 0.03676470588235294 0.01572897761645493
2 0.8544117647058823 0.017846339987900788 0.041176470588235294 0.01633393829401089
2 0.8816176470588235 0.020871143375680582 0.027941176470588233 0.010284331518451302
2 0.8345588235294118 0.04930429522081065 0.025 0.012704174228675136
2 0.8316176470588236 0.07017543859649124 0.030882352941176472 0.014519056261343014
2 0.8705882352941177 0.06019358741681791 0.041176470588235294 0.02117362371445856
2 0.9007352941176471 0.0780399274047187 0.045588235294117645 0.018148820326678767
2 0.9375 0.048699334543254695 0.045588235294117645 0.01633393829401089
2 0.9330882352941177 0.06352087114337568 0.054411764705882354 0.01572897761645493
2 0.8867647058823529 0.09981851179673322 0.047058823529411764 0.014519056261343014
2 0.8875 0.11736237144585603 0.054411764705882354 0.018148820326678767
2 0.8316176470588236 0.11554748941318815 0.039705882352941174 0.01693889897156685
2 0.7897058823529411 0.09649122807017545 0.041176470588235294 0.01754385964912281
2 0.7691176470588236 0.10163339382940109 0.029411764705882353 0.014519056261343014
2 0.6514705882352941 0.08620689655172414 0.041176470588235294 0.01633393829401089
2 0.6014705882352941 0.08076225045372051 0.03823529411764706 0.015124016938898973
2 0.5654411764705882 0.1061705989110708 0.04264705882352941 0.015124016938898973
2 0.6095588235294117 0.12462189957652754 0.045588235294117645 0.018148820326678767
2 0.5080882352941176 0.09830611010284332 0.051470588235294115 0.018753781004234728
2 0.38088235294117645 0.06715063520871144 0.03823529411764706 0.01088929219600726
2 0.36470588235294116 0.07864488808227466 0.03529411764705882 0.013309134906231096
2 0.3205882352941176 0.07168784029038112 0.044117647058823525 0.01754385964912281
2 0.2463235294117647 0.06019358741681791 0.04852941176470588 0.019963702359346643
2 0.24779411764705883 0.08590441621294617 0.045588235294117645 0.019358741681790685
2 0.19779411764705881 0.09316394434361767 0.04852941176470588 0.02298850574712644
2 0.09191176470588235 0.07592256503327284 0.033823529411764704 0.02117362371445856
2 0.05367647058823529 0.056563823351482155 0.03676470588235294 0.013914095583787055
2 0.057352941176470586 0.09225650332728373 0.044117647058823525 0.018753781004234728
2 0.06764705882352941 0.11433756805807624 0.05 0.020568663036902603
2 0.02426470588235294 0.1309739866908651 0.045588235294117645 0.023593466424682397
2 0.1514705882352941 0.11101028433151847 0.03529411764705882 0.015124016938898973
2 0.19705882352941176 0.11857229280096794 0.03529411764705882 0.01572897761645493
2 0.23529411764705882 0.10738052026618271 0.03529411764705882 0.012704174228675136
2 0.2786764705882353 0.09921355111917726 0.022058823529411763 0.01572897761645493
2 0.3110294117647059 0.09830611010284332 0.04264705882352941 0.018753781004234728
2 0.3073529411764706 0.11524500907441017 0.041176470588235294 0.013914095583787055
2 0.2551470588235294 0.13339382940108893 0.022058823529411763 0.01633393829401089
2 0.3154411764705882 0.1339987900786449 0.04852941176470588 0.015124016938898973
2 0.33602941176470585 0.14821536600120994 0.051470588235294115 0.019358741681790685
2 0.5272058823529412 0.13067150635208713 0.033823529411764704 0.012099213551119179
2 0.5639705882352941 0.1427707199032063 0.039705882352941174 0.01693889897156685
2 0.8110294117647059 0.13944343617664853 0.054411764705882354 0.018753781004234728
2 0.9242647058823529 0.14246823956442833 0.03676470588235294 0.02117362371445856
2 0.8955882352941177 0.1560798548094374 0.03529411764705882 0.020568663036902603
2 0.950735294117647 0.16454930429522083 0.04264705882352941 0.01572897761645493
2 0.9014705882352941 0.17604355716878403 0.03823529411764706 0.01693889897156685
2 0.8698529411764706 0.1987295825771325 0.045588235294117645 0.01633393829401089
2 0.9330882352941177 0.20689655172413796 0.06323529411764706 0.020568663036902603
2 0.8080882352941177 0.161826981246219 0.04264705882352941 0.015124016938898973
2 0.7963235294117647 0.17785843920145192 0.04264705882352941 0.01572897761645493
2 0.7382352941176471 0.1784633998790079 0.03823529411764706 0.01693889897156685
2 0.8102941176470588 0.1972171808832426 0.041176470588235294 0.018148820326678767
2 0.8536764705882353 0.2241379310344828 0.04264705882352941 0.018753781004234728
2 0.5669117647058823 0.18602540834845738 0.039705882352941174 0.01754385964912281
2 0.39852941176470585 0.1630369026013309 0.041176470588235294 0.01754385964912281
2 0.5389705882352941 0.21899576527525713 0.03676470588235294 0.01693889897156685
2 0.4463235294117647 0.20931639443436179 0.03676470588235294 0.01572897761645493
2 0.4404411764705882 0.23774954627949185 0.045588235294117645 0.018148820326678767
2 0.29926470588235293 0.20205686630369027 0.04852941176470588 0.01572897761645493
2 0.2529411764705882 0.1591046581972172 0.03529411764705882 0.018148820326678767
2 0.3110294117647059 0.16364186327888688 0.04852941176470588 0.01633393829401089
2 0.225 0.19661222020568664 0.03823529411764706 0.01693889897156685
2 0.18529411764705883 0.1941923774954628 0.026470588235294117 0.014519056261343014
2 0.12205882352941176 0.16545674531155477 0.03529411764705882 0.01754385964912281
2 0.041176470588235294 0.17755595886267395 0.03823529411764706 0.01754385964912281
2 0.09338235294117647 0.20054446460980038 0.04264705882352941 0.019963702359346643
2 0.09044117647058823 0.23653962492437994 0.04264705882352941 0.018148820326678767
2 0.13308823529411765 0.22655777374470662 0.04264705882352941 0.018753781004234728
2 0.19852941176470587 0.22171808832425893 0.044117647058823525 0.01633393829401089
2 0.08970588235294118 0.2679975801572898 0.05 0.018148820326678767
2 0.15955882352941175 0.2522686025408349 0.03676470588235294 0.01572897761645493
2 0.17426470588235293 0.26890502117362375 0.04852941176470588 0.013914095583787055
2 0.2595588235294118 0.2676950998185118 0.04264705882352941 0.01633393829401089
2 0.6977941176470588 0.25741076830006054 0.039705882352941174 0.018753781004234728
2 0.7455882352941177 0.23956442831215974 0.044117647058823525 0.019358741681790685
2 0.8007352941176471 0.23230490018148822 0.045588235294117645 0.019358741681790685
2 0.9073529411764706 0.2740471869328494 0.041176470588235294 0.01693889897156685
2 0.8147058823529412 0.27253478523895946 0.058823529411764705 0.02238354506957048
2 0.7485294117647059 0.2870538415003025 0.047058823529411764 0.018753781004234728
2 0.9588235294117647 0.3148820326678766 0.05 0.023593466424682397
2 0.9676470588235294 0.29522081064730793 0.03823529411764706 0.01693889897156685
2 0.8786764705882353 0.30157289776164553 0.045588235294117645 0.01754385964912281
2 0.7926470588235294 0.30973986690865096 0.047058823529411764 0.019358741681790685
2 0.6595588235294118 0.30157289776164553 0.04264705882352941 0.01754385964912281
2 0.7264705882352941 0.33061101028433154 0.041176470588235294 0.01754385964912281
2 0.5772058823529411 0.33635813672111314 0.051470588235294115 0.019358741681790685
2 0.5227941176470589 0.33787053841500303 0.04852941176470588 0.02117362371445856
2 0.5139705882352941 0.3136721113127647 0.045588235294117645 0.018753781004234728
2 0.43823529411764706 0.2855414398064126 0.05 0.019358741681790685
2 0.3573529411764706 0.29552329098608593 0.044117647058823525 0.009074410163339383
2 0.26029411764705884 0.29401088929219604 0.041176470588235294 0.014519056261343014
2 0.18455882352941178 0.324258923169994 0.045588235294117645 0.01693889897156685
2 0.1801470588235294 0.36146400483968544 0.03676470588235294 0.018753781004234728
2 0.23161764705882354 0.3548094373865699 0.04264705882352941 0.01633393829401089
2 0.2889705882352941 0.3369630973986691 0.045588235294117645 0.020568663036902603
2 0.2463235294117647 0.3723532970356927 0.030882352941176472 0.015124016938898973
2 0.30367647058823527 0.38082274652147613 0.045588235294117645 0.019963702359346643
2 0.3735294117647059 0.3690260133091349 0.047058823529411764 0.01572897761645493
2 0.14705882352941177 0.41167574107683 0.05 0.018753781004234728
2 0.2088235294117647 0.40713853599516037 0.03529411764705882 0.02177858439201452
2 0.31029411764705883 0.41470054446460985 0.041176470588235294 0.01754385964912281
2 0.29926470588235293 0.42770719903206295 0.030882352941176472 0.012099213551119179
2 0.40441176470588236 0.4195402298850575 0.03823529411764706 0.018753781004234728
2 0.3654411764705882 0.4016938898971567 0.03676470588235294 0.01693889897156685
2 0.4588235294117647 0.42347247428917123 0.05 0.014519056261343014
2 0.48308823529411765 0.3587416817906836 0.04264705882352941 0.019358741681790685
2 0.5794117647058823 0.4286146400483969 0.029411764705882353 0.013914095583787055
2 0.6933823529411764 0.411978221415608 0.027941176470588233 0.014519056261343014
2 0.7352941176470588 0.4050211736237145 0.03823529411764706 0.019963702359346643
2 0.7375 0.42347247428917123 0.030882352941176472 0.018148820326678767
2 0.7794117647058824 0.426799758015729 0.029411764705882353 0.019963702359346643
2 0.8316176470588236 0.4195402298850575 0.03676470588235294 0.024803387779794316
2 0.8073529411764706 0.3917120387174834 0.03529411764705882 0.02117362371445856
2 0.8492647058823529 0.3920145190562614 0.033823529411764704 0.02177858439201452
2 0.8889705882352941 0.4476709013914096 0.03676470588235294 0.014519056261343014
2 0.9448529411764706 0.45160314579552335 0.039705882352941174 0.019963702359346643
2 0.85 0.44706594071385364 0.026470588235294117 0.020568663036902603
2 0.8110294117647059 0.4461584996975197 0.04264705882352941 0.018753781004234728
2 0.7794117647058824 0.4485783424077435 0.023529411764705882 0.01633393829401089
2 0.7397058823529412 0.456442831215971 0.044117647058823525 0.01633393829401089
2 0.8867647058823529 0.3396854204476709 0.05 0.019963702359346643
2 0.8727941176470588 0.41984271022383546 0.027941176470588233 0.018148820326678767
2 0.8573529411764705 0.4682395644283122 0.041176470588235294 0.012099213551119179
2 0.8691176470588236 0.4875983061101029 0.055882352941176466 0.01572897761645493
2 0.8647058823529412 0.5045372050816698 0.03823529411764706 0.013309134906231096
2 0.7602941176470588 0.47822141560798553 0.044117647058823525 0.019963702359346643
2 0.6580882352941176 0.4736842105263158 0.03676470588235294 0.018148820326678767
2 0.7889705882352941 0.49364791288566245 0.030882352941176472 0.01572897761645493
2 0.7463235294117647 0.5178463399879009 0.04264705882352941 0.01693889897156685
2 0.675 0.5145190562613431 0.05 0.018753781004234728
2 0.5845588235294118 0.5251058681185723 0.04852941176470588 0.01572897761645493
2 0.6279411764705882 0.5054446460980037 0.032352941176470584 0.02117362371445856
2 0.7735294117647059 0.5356926799758016 0.047058823529411764 0.019963702359346643
2 0.8823529411764706 0.5384150030248034 0.047058823529411764 0.020568663036902603
2 0.9588235294117647 0.5620084694494858 0.05 0.020568663036902603
2 0.8426470588235294 0.558983666061706 0.03823529411764706 0.018148820326678767
2 0.85 0.5777374470659408 0.061764705882352944 0.020568663036902603
2 0.7125 0.5517241379310345 0.04264705882352941 0.018148820326678767
2 0.6639705882352941 0.5544464609800364 0.03676470588235294 0.019963702359346643
2 0.5051470588235294 0.5562613430127042 0.039705882352941174 0.018753781004234728
2 0.48970588235294116 0.5825771324863884 0.032352941176470584 0.01572897761645493
2 0.27205882352941174 0.5381125226860255 0.044117647058823525 0.01633393829401089
2 0.26838235294117646 0.5526315789473685 0.030882352941176472 0.01149425287356322
2 0.22720588235294117 0.543859649122807 0.039705882352941174 0.012099213551119179
2 0.13014705882352942 0.5429522081064732 0.030882352941176472 0.01633393829401089
2 0.21691176470588236 0.4540229885057472 0.03676470588235294 0.01149425287356322
2 0.5117647058823529 0.3989715668481549 0.03529411764705882 0.015124016938898973
2 0.4948529411764706 0.4739866908650938 0.04264705882352941 0.015124016938898973
2 0.12058823529411765 0.58983666061706 0.041176470588235294 0.01693889897156685
2 0.24485294117647058 0.5692679975801573 0.045588235294117645 0.01693889897156685
2 0.2411764705882353 0.5943738656987296 0.03529411764705882 0.01754385964912281
2 0.27794117647058825 0.6076830006049607 0.041176470588235294 0.015124016938898973
2 0.39191176470588235 0.6249243799153056 0.04852941176470588 0.01693889897156685
2 0.5830882352941177 0.6113127646702965 0.04852941176470588 0.023593466424682397
2 0.538235294117647 0.588626739261948 0.032352941176470584 0.014519056261343014
2 0.7014705882352941 0.6070780399274047 0.03529411764705882 0.01633393829401089
2 0.7345588235294117 0.5801572897761645 0.04264705882352941 0.019358741681790685
2 0.8073529411764706 0.6094978826376286 0.041176470588235294 0.01754385964912281
2 0.9102941176470588 0.5859044162129462 0.047058823529411764 0.02117362371445856
2 0.7588235294117647 0.6285541439806414 0.023529411764705882 0.01693889897156685
2 0.8022058823529412 0.6358136721113128 0.04852941176470588 0.020568663036902603
2 0.8404411764705882 0.64821536600121 0.033823529411764704 0.015124016938898973
2 0.8779411764705882 0.6445856019358742 0.03823529411764706 0.015124016938898973
2 0.7580882352941176 0.6515426497277678 0.03676470588235294 0.01693889897156685
2 0.7404411764705883 0.6684815486993346 0.04264705882352941 0.020568663036902603
2 0.8382352941176471 0.6796733212341198 0.052941176470588235 0.02117362371445856
2 0.8029411764705883 0.691470054446461 0.041176470588235294 0.01693889897156685
2 0.5654411764705882 0.6430732002419843 0.03676470588235294 0.018148820326678767
2 0.46249999999999997 0.6581972171808833 0.045588235294117645 0.013309134906231096
2 0.47720588235294115 0.6763460375075621 0.04264705882352941 0.01088929219600726
2 0.275 0.6554748941318815 0.047058823529411764 0.018753781004234728
2 0.22205882352941175 0.6660617059891107 0.047058823529411764 0.018148820326678767
2 0.16470588235294117 0.6521476104053237 0.055882352941176466 0.02298850574712644
2 0.08823529411764705 0.6566848154869934 0.026470588235294117 0.015124016938898973
2 0.05514705882352941 0.6554748941318815 0.027941176470588233 0.013914095583787055
2 0.08823529411764705 0.678463399879008 0.047058823529411764 0.02238354506957048
2 0.13823529411764707 0.6808832425892317 0.052941176470588235 0.019963702359346643
2 0.1323529411764706 0.7117362371445857 0.047058823529411764 0.019963702359346643
2 0.16470588235294117 0.6996370235934665 0.044117647058823525 0.018753781004234728
2 0.21029411764705883 0.6966122202056867 0.044117647058823525 0.01633393829401089
2 0.28823529411764703 0.6739261947973382 0.052941176470588235 0.018148820326678767
2 0.2213235294117647 0.7244404113732608 0.039705882352941174 0.018753781004234728
2 0.25735294117647056 0.7135511191772536 0.047058823529411764 0.02238354506957048
2 0.2985294117647059 0.7020568663036904 0.047058823529411764 0.02238354506957048
2 0.35441176470588237 0.7105263157894738 0.032352941176470584 0.018753781004234728
2 0.42058823529411765 0.7108287961282517 0.041176470588235294 0.01693889897156685
2 0.3911764705882353 0.6805807622504538 0.03823529411764706 0.01693889897156685
2 0.6595588235294118 0.7056866303690261 0.033823529411764704 0.01633393829401089
2 0.7308823529411764 0.7129461584996976 0.03823529411764706 0.013914095583787055
2 0.8705882352941177 0.7226255293405929 0.05 0.019963702359346643
2 0.8176470588235294 0.7434966727162735 0.041176470588235294 0.01693889897156685
2 0.8786764705882353 0.7456140350877194 0.039705882352941174 0.015124016938898973
2 0.6955882352941176 0.7253478523895948 0.03823529411764706 0.01572897761645493
2 0.6441176470588236 0.73653962492438 0.03529411764705882 0.013914095583787055
2 0.6088235294117647 0.7268602540834846 0.029411764705882353 0.01633393829401089
2 0.5816176470588236 0.7392619479733817 0.04264705882352941 0.01572897761645493
2 0.5816176470588236 0.7583182093163945 0.045588235294117645 0.02117362371445856
2 0.6433823529411765 0.7592256503327285 0.054411764705882354 0.014519056261343014
2 0.675 0.7489413188142772 0.03529411764705882 0.012099213551119179
2 0.725735294117647 0.7416817906836056 0.045588235294117645 0.018148820326678767
2 0.7294117647058823 0.7707199032062917 0.07058823529411765 0.019358741681790685
2 0.6654411764705882 0.7779794313369631 0.051470588235294115 0.020568663036902603
2 0.6235294117647059 0.7970356926799759 0.05 0.024803387779794316
2 0.7507352941176471 0.8209316394434363 0.03676470588235294 0.018148820326678767
2 0.8382352941176471 0.7885662431941924 0.05 0.015124016938898973
2 0.9191176470588235 0.8160919540229886 0.044117647058823525 0.020568663036902603
2 0.4852941176470588 0.7401693889897157 0.041176470588235294 0.01754385964912281
2 0.4647058823529412 0.7667876588021779 0.044117647058823525 0.02117362371445856
2 0.40661764705882353 0.7419842710223836 0.045588235294117645 0.019963702359346643
2 0.3382352941176471 0.750756200846945 0.047058823529411764 0.020568663036902603
2 0.3838235294117647 0.7764670296430732 0.03823529411764706 0.015124016938898973
2 0.4022058823529412 0.8154869933454326 0.04852941176470588 0.01693889897156685
2 0.3375 0.7906836055656383 0.039705882352941174 0.020568663036902603
2 0.32279411764705884 0.8045977011494253 0.04852941176470588 0.014519056261343014
2 0.3426470588235294 0.823049001814882 0.06764705882352941 0.019963702359346643
2 0.2676470588235294 0.7852389594676347 0.058823529411764705 0.02177858439201452
2 0.2051470588235294 0.7743496672716275 0.045588235294117645 0.020568663036902603
2 0.16838235294117646 0.7686025408348458 0.033823529411764704 0.01754385964912281
2 0.13676470588235293 0.7613430127041743 0.029411764705882353 0.013914095583787055
2 0.1426470588235294 0.7398669086509377 0.041176470588235294 0.02177858439201452
2 0.09632352941176471 0.7395644283121597 0.03676470588235294 0.01633393829401089
2 0.028676470588235293 0.721718088324259 0.027941176470588233 0.018148820326678767
2 0.07867647058823529 0.7205081669691471 0.051470588235294115 0.01572897761645493
2 0.08308823529411764 0.7979431336963098 0.03676470588235294 0.018148820326678767
2 0.14779411764705883 0.794615849969752 0.045588235294117645 0.012704174228675136
2 0.15661764705882353 0.8118572292800968 0.045588235294117645 0.018148820326678767
2 0.08161764705882353 0.8303085299455536 0.033823529411764704 0.015124016938898973
2 0.13161764705882353 0.8478523895946765 0.04264705882352941 0.018753781004234728
2 0.1889705882352941 0.839382940108893 0.039705882352941174 0.018753781004234728
2 0.23308823529411765 0.8411978221415609 0.039705882352941174 0.018753781004234728
2 0.21691176470588236 0.8118572292800968 0.04852941176470588 0.02177858439201452
2 0.48161764705882354 0.8197217180883243 0.030882352941176472 0.012099213551119179
2 0.5852941176470589 0.839382940108893 0.041176470588235294 0.018753781004234728
2 0.5551470588235294 0.8784029038112523 0.03676470588235294 0.014519056261343014
2 0.15588235294117647 0.8708408953418029 0.047058823529411764 0.019963702359346643
2 0.07720588235294118 0.8614640048396854 0.04264705882352941 0.018148820326678767
2 0.07720588235294118 0.9180278281911677 0.039705882352941174 0.01754385964912281
2 0.18308823529411763 0.8901996370235935 0.045588235294117645 0.019963702359346643
2 0.19117647058823528 0.9398064125831822 0.05 0.019963702359346643
2 0.19044117647058822 0.9564428312159711 0.030882352941176472 0.007259528130671507
2 0.25 0.9304295220810648 0.044117647058823525 0.018148820326678767
2 0.2375 0.9452510586811858 0.033823529411764704 0.01149425287356322
2 0.2875 0.9334543254688445 0.033823529411764704 0.018148820326678767
2 0.27058823529411763 0.9588626739261948 0.055882352941176466 0.01693889897156685
2 0.3264705882352941 0.9494857834240775 0.05 0.01633393829401089
2 0.3205882352941176 0.9661222020568664 0.032352941176470584 0.013309134906231096
2 0.2985294117647059 0.9730792498487599 0.03529411764705882 0.01149425287356322
2 0.37426470588235294 0.9667271627344224 0.051470588235294115 0.01693889897156685
2 0.38088235294117645 0.9416212946158501 0.044117647058823525 0.018753781004234728
2 0.42426470588235293 0.9440411373260739 0.045588235294117645 0.026013309134906234
2 0.4264705882352941 0.9189352692075016 0.032352941176470584 0.019358741681790685
2 0.3860294117647059 0.9225650332728373 0.027941176470588233 0.018148820326678767
2 0.3367647058823529 0.9159104658197218 0.041176470588235294 0.01572897761645493
2 0.2933823529411765 0.9019963702359347 0.030882352941176472 0.01572897761645493
2 0.5022058823529412 0.9322444041137327 0.057352941176470586 0.020568663036902603
2 0.5007352941176471 0.957652752571083 0.022058823529411763 0.018148820326678767
2 0.638235294117647 0.9410163339382941 0.029411764705882353 0.018753781004234728
2 0.6691176470588235 0.9385964912280702 0.029411764705882353 0.01633393829401089
2 0.6845588235294118 0.9506957047791894 0.01911764705882353 0.010284331518451302
2 0.711764705882353 0.9633998790078646 0.03529411764705882 0.018753781004234728
2 0.7551470588235294 0.9561403508771931 0.03676470588235294 0.01754385964912281
2 0.7691176470588236 0.9803387779794314 0.058823529411764705 0.024803387779794316
2 0.7294117647058823 0.9385964912280702 0.032352941176470584 0.019963702359346643
2 0.7058823529411764 0.9056261343012705 0.029411764705882353 0.01572897761645493
2 0.7345588235294117 0.9168179068360557 0.030882352941176472 0.01633393829401089
2 0.8036764705882353 0.9258923169993951 0.04264705882352941 0.019963702359346643
2 0.8757352941176471 0.9395039322444042 0.04852941176470588 0.020568663036902603
2 0.825735294117647 0.9606775559588627 0.030882352941176472 0.018148820326678767
2 0.8558823529411764 0.9652147610405325 0.026470588235294117 0.018753781004234728
2 0.8816176470588235 0.9630973986690866 0.022058823529411763 0.020568663036902603
2 0.9095588235294118 0.9588626739261948 0.025 0.01572897761645493
2 0.9647058823529412 0.9658197217180884 0.055882352941176466 0.01754385964912281
2 0.9654411764705882 0.942831215970962 0.033823529411764704 0.01633393829401089
2 0.9316176470588236 0.9458560193587418 0.030882352941176472 0.012704174228675136
2 0.9176470588235294 0.9289171203871749 0.03529411764705882 0.019963702359346643
2 0.9566176470588235 0.9255898366606171 0.027941176470588233 0.01693889897156685
2 0.888235294117647 0.912885662431942 0.032352941176470584 0.020568663036902603
2 0.8485294117647059 0.9071385359951604 0.044117647058823525 0.018753781004234728
2 0.8080882352941177 0.8814277071990322 0.04852941176470588 0.02177858439201452
2 0.9426470588235294 0.8741681790683606 0.047058823529411764 0.01693889897156685
2 0.8301470588235293 0.9927404718693286 0.03676470588235294 0.014519056261343014
2 0.4588235294117647 0.9159104658197218 0.020588235294117647 0.012099213551119179
2 0.6330882352941176 0.8209316394434363 0.025 0.01088929219600726
2 0.6801470588235294 0.8036902601330914 0.045588235294117645 0.01633393829401089
2 0.5058823529411764 0.7964307320024199 0.03529411764705882 0.019963702359346643
2 0.9161764705882353 0.7683000604960678 0.041176470588235294 0.01693889897156685
2 0.5544117647058824 0.4092558983666062 0.029411764705882353 0.01149425287356322
2 0.30073529411764705 0.21869328493647916 0.039705882352941174 0.015124016938898973
2 0.28602941176470587 0.2444041137326074 0.030882352941176472 0.013309134906231096
2 0.11691176470588235 0.49001814882032674 0.03676470588235294 0.013309134906231096
2 0.16691176470588234 0.05384150030248034 0.04852941176470588 0.013309134906231096
2 0.1610294117647059 0.0868118572292801 0.033823529411764704 0.01754385964912281
2 0.13970588235294118 0.11887477313974593 0.03823529411764706 0.01149425287356322
2 0.7345588235294117 0.1367211131276467 0.03676470588235294 0.013309134906231096
2 0.6860294117647059 0.17574107683000606 0.030882352941176472 0.01633393829401089
2 0.6029411764705882 0.22202056866303693 0.026470588235294117 0.014519056261343014
2 0.5933823529411765 0.24016938898971568 0.030882352941176472 0.013309134906231096
2 0.5933823529411765 0.20417422867513613 0.027941176470588233 0.012704174228675136
2 0.7088235294117647 0.2413793103448276 0.023529411764705882 0.013309134906231096
2 0.9448529411764706 0.3741681790683606 0.033823529411764704 0.012704174228675136
2 0.9558823529411764 0.4969751966122202 0.032352941176470584 0.013914095583787055
2 0.9874999999999999 0.5432546884452512 0.025 0.01572897761645493
2 0.5661764705882353 0.5568663036902601 0.052941176470588235 0.01754385964912281
2 0.3830882352941176 0.5883242589231701 0.025 0.015124016938898973
2 0.9845588235294117 0.6588021778584393 0.030882352941176472 0.018148820326678767
2 0.9860294117647058 0.6231094978826377 0.027941176470588233 0.020568663036902603
2 0.8573529411764705 0.6291591046581972 0.03529411764705882 0.012099213551119179
2 0.575735294117647 0.6766485178463401 0.03676470588235294 0.01633393829401089
2 0.19779411764705881 0.7329098608590442 0.030882352941176472 0.013914095583787055
2 0.549264705882353 0.7707199032062917 0.03676470588235294 0.013309134906231096
2 0.6125 0.7716273442226256 0.027941176470588233 0.01149425287356322
2 0.9838235294117647 0.8369630973986691 0.032352941176470584 0.013914095583787055
2 0.9595588235294118 0.9038112522686026 0.03676470588235294 0.01572897761645493
2 0.26544117647058824 0.8986690865093769 0.03676470588235294 0.013914095583787055
2 0.5955882352941176 0.8647912885662432 0.03823529411764706 0.012704174228675136
2 0.7992647058823529 0.8505747126436782 0.033823529411764704 0.01693889897156685
2 0.24338235294117647 0.7670901391409559 0.030882352941176472 0.014519056261343014
2 0.5639705882352941 0.927102238354507 0.033823529411764704 0.01633393829401089
2 0.5852941176470589 0.9875983061101029 0.032352941176470584 0.013914095583787055
2 0.7551470588235294 0.8959467634603752 0.06323529411764706 0.012099213551119179
2 0.20661764705882352 0.9664246823956444 0.022058823529411763 0.01149425287356322
2 0.023529411764705882 0.8735632183908046 0.03529411764705882 0.014519056261343014
2 0.2088235294117647 0.9255898366606171 0.03529411764705882 0.01088929219600726
2 0.11323529411764706 0.8327283726557775 0.032352941176470584 0.01149425287356322
2 0.9705882352941176 0.8254688445251059 0.032352941176470584 0.012704174228675136
2 0.8022058823529412 0.7785843920145191 0.030882352941176472 0.012099213551119179
2 0.11691176470588235 0.647912885662432 0.03676470588235294 0.01088929219600726
2 0.19411764705882353 0.6228070175438597 0.03823529411764706 0.013914095583787055
2 0.12720588235294117 0.6098003629764066 0.04264705882352941 0.01572897761645493
2 0.34705882352941175 0.6361161524500908 0.03529411764705882 0.012704174228675136
2 0.5095588235294117 0.44706594071385364 0.03676470588235294 0.01572897761645493
2 0.7227941176470588 0.4388989715668482 0.027941176470588233 0.012704174228675136
2 0.9316176470588236 0.4056261343012704 0.030882352941176472 0.013914095583787055
2 0.7139705882352941 0.5105868118572293 0.022058823529411763 0.012099213551119179
2 0.8624999999999999 0.515728977616455 0.039705882352941174 0.01149425287356322
2 0.6794117647058824 0.5284331518451301 0.032352941176470584 0.01149425287356322
2 0.6375 0.5272232304900182 0.033823529411764704 0.02117362371445856
2 0.14485294117647057 0.5989110707803993 0.027941176470588233 0.01088929219600726
2 0.016911764705882352 0.6760435571687841 0.030882352941176472 0.013914095583787055
2 0.29411764705882354 0.7229280096793709 0.029411764705882353 0.01088929219600726
2 0.5566176470588236 0.9038112522686026 0.04852941176470588 0.013309134906231096
2 0.7955882352941176 0.9388989715668482 0.03823529411764706 0.01572897761645493
2 0.8610294117647058 0.8781004234724744 0.033823529411764704 0.012704174228675136
2 0.8272058823529411 0.7262552934059286 0.01911764705882353 0.012704174228675136
2 0.8639705882352942 0.7002419842710225 0.03676470588235294 0.01754385964912281
2 0.24779411764705883 0.6857229280096794 0.033823529411764704 0.01633393829401089
2 0.28308823529411764 0.5689655172413793 0.030882352941176472 0.015124016938898973
2 0.3272058823529412 0.5429522081064732 0.027941176470588233 0.013914095583787055
2 0.7338235294117647 0.501209921355112 0.03529411764705882 0.013914095583787055
2 0.17352941176470588 0.017241379310344827 0.032352941176470584 0.013914095583787055
2 0.13970588235294118 0.0036297640653357535 0.041176470588235294 0.0060496067755595895
2 0.17352941176470588 0.06533575317604357 0.029411764705882353 0.01088929219600726
2 0.20220588235294118 0.06957047791893528 0.025 0.013309134906231096
2 0.013235294117647059 0.07985480943738657 0.023529411764705882 0.014519056261343014
2 0.4875 0.08469449485783424 0.025 0.009679370840895343
2 0.15073529411764705 0.19056261343012706 0.03676470588235294 0.014519056261343014
2 0.2595588235294118 0.205989110707804 0.027941176470588233 0.012704174228675136
2 0.49926470588235294 0.3750756200846945 0.030882352941176472 0.01088929219600726
2 0.875 0.4059286146400484 0.023529411764705882 0.013309134906231096
2 0.6036764705882353 0.4987900786448881 0.025 0.012704174228675136
2 0.8205882352941176 0.5922565033272837 0.026470588235294117 0.01088929219600726
2 0.7617647058823529 0.604355716878403 0.032352941176470584 0.012099213551119179
2 0.8470588235294118 0.7398669086509377 0.026470588235294117 0.009679370840895343
2 0.40588235294117647 0.8003629764065336 0.03529411764705882 0.014519056261343014
2 0.24485294117647058 0.823049001814882 0.033823529411764704 0.012704174228675136
