2 0.04121306376360809 0.03931203931203931 0.04821150855365474 0.020884520884520884
2 0.049766718506998445 0.06941031941031942 0.04043545878693624 0.019656019656019656
2 0.17262830482115085 0.05773955773955774 0.04043545878693624 0.018427518427518427
2 0.2255054432348367 0.020884520884520884 0.05287713841368585 0.0171990171990172
2 0.33825816485225507 0.02334152334152334 0.05132192846034215 0.012285012285012284
2 0.4603421461897356 0.012592137592137592 0.03732503888024884 0.01781326781326781
2 0.505443234836703 0.022727272727272728 0.05287713841368585 0.019656019656019656
2 0.5917573872472783 0.013206388206388206 0.03576982892690513 0.01167076167076167
2 0.6695178849144634 0.02549140049140049 0.04510108864696734 0.01904176904176904
2 0.7962674961119751 0.02027027027027027 0.03421461897356143 0.009828009828009828
2 0.744945567651633 0.04023341523341523 0.024883359253499222 0.014127764127764127
2 0.8188180404354588 0.04361179361179361 0.04821150855365474 0.018427518427518427
2 0.8654743390357699 0.05374692874692875 0.03576982892690513 0.01781326781326781
2 0.8763608087091758 0.026412776412776413 0.03576982892690513 0.01597051597051597
2 0.6034214618973561 0.04361179361179361 0.03421461897356143 0.013513513513513513
2 0.5614307931570762 0.07616707616707616 0.04354587869362364 0.014742014742014743
2 0.640746500777605 0.085995085995086 0.03421461897356143 0.01597051597051597
2 0.041990668740279936 0.12377149877149878 0.049766718506998445 0.01781326781326781
2 0.15552099533437014 0.12745700245700245 0.05287713841368585 0.01781326781326781
2 0.1827371695178849 0.14803439803439802 0.04821150855365474 0.018427518427518427
2 0.2698289269051322 0.10902948402948402 0.05132192846034215 0.016584766584766583
2 0.3678071539657854 0.16461916461916462 0.05132192846034215 0.019656019656019656
2 0.45023328149300157 0.15264127764127763 0.03576982892690513 0.012899262899262898
2 0.5256609642301711 0.1507985257985258 0.03732503888024884 0.016584766584766583
2 0.5295489891135303 0.12407862407862408 0.04510108864696734 0.019656019656019656
2 0.6648522550544324 0.11885749385749385 0.04510108864696734 0.01781326781326781
2 0.5816485225505443 0.14957002457002458 0.03732503888024884 0.016584766584766583
2 0.749611197511664 0.1590909090909091 0.05598755832037325 0.02457002457002457
2 0.7822706065318819 0.17106879606879608 0.02177293934681182 0.014127764127764127
2 0.8320373250388803 0.16523341523341523 0.06531881804043546 0.020884520884520884
2 0.9121306376360808 0.1636977886977887 0.038880248833592534 0.01904176904176904
2 0.7954898911353032 0.0734029484029484 0.03576982892690513 0.012899262899262898
2 0.9712286158631416 0.167997542997543 0.03265940902021773 0.016584766584766583
2 0.9743390357698289 0.19441031941031942 0.02021772939346812 0.01167076167076167
2 0.859253499222395 0.19748157248157247 0.04510108864696734 0.016584766584766583
2 0.7542768273716952 0.20792383292383293 0.04665629860031104 0.016584766584766583
2 0.749611197511664 0.1858108108108108 0.04354587869362364 0.016584766584766583
2 0.7153965785381027 0.17905405405405406 0.01866251944012442 0.006756756756756756
2 0.6679626749611197 0.1821253071253071 0.038880248833592534 0.01781326781326781
2 0.5404354587869362 0.16984029484029484 0.060653188180404355 0.01781326781326781
2 0.5116640746500778 0.18857493857493857 0.04043545878693624 0.0171990171990172
2 0.5808709175738724 0.17966830466830466 0.03265940902021773 0.016584766584766583
2 0.5505443234836703 0.20423832923832924 0.049766718506998445 0.02027027027027027
2 0.49922239502332816 0.21314496314496315 0.04043545878693624 0.01597051597051597
2 0.6267496111975117 0.21160933660933662 0.05287713841368585 0.01904176904176904
2 0.5987558320373251 0.19563882063882063 0.05909797822706065 0.016584766584766583
2 0.401244167962675 0.19103194103194102 0.049766718506998445 0.0171990171990172
2 0.2161741835147745 0.17229729729729729 0.04665629860031104 0.0214987714987715
2 0.17729393468118196 0.1934889434889435 0.05909797822706065 0.0171990171990172
2 0.1181959564541213 0.19441031941031942 0.049766718506998445 0.016584766584766583
2 0.07776049766718507 0.20055282555282555 0.03732503888024884 0.012899262899262898
2 0.18195956454121306 0.21437346437346436 0.06220839813374805 0.018427518427518427
2 0.30404354587869364 0.23402948402948404 0.05132192846034215 0.020884520884520884
2 0.45334370139968894 0.24877149877149876 0.05132192846034215 0.01597051597051597
2 0.6772939346811819 0.24355036855036855 0.05132192846034215 0.01904176904176904
2 0.7900466562986003 0.27334152334152334 0.05287713841368585 0.018427518427518427
2 0.926905132192846 0.22635135135135134 0.04043545878693624 0.015356265356265357
2 0.7853810264385692 0.2942260442260442 0.03421461897356143 0.009828009828009828
2 0.6998444790046656 0.30466830466830463 0.04665629860031104 0.0171990171990172
2 0.5847589424572317 0.3068181818181818 0.05909797822706065 0.02027027027027027
2 0.3297045101088647 0.32432432432432434 0.04043545878693624 0.0171990171990172
2 0.2488335925349922 0.29453316953316955 0.049766718506998445 0.02027027027027027
2 0.10497667185069984 0.29207616707616707 0.03265940902021773 0.01781326781326781
2 0.08553654743390357 0.35073710073710074 0.04354587869362364 0.018427518427518427
2 0.1905132192846034 0.32923832923832924 0.05754276827371695 0.020884520884520884
2 0.26360808709175737 0.332002457002457 0.05132192846034215 0.023955773955773956
2 0.2511664074650078 0.35534398034398035 0.03265940902021773 0.012899262899262898
2 0.31026438569206843 0.3667076167076167 0.060653188180404355 0.02457002457002457
2 0.4144634525660964 0.3587223587223587 0.029548989113530325 0.01597051597051597
2 0.04510108864696734 0.23832923832923833 0.04043545878693624 0.01597051597051597
2 0.4665629860031104 0.3154176904176904 0.04354587869362364 0.014127764127764127
2 0.6609642301710731 0.3409090909090909 0.049766718506998445 0.019656019656019656
2 0.7161741835147745 0.32954545454545453 0.03265940902021773 0.015356265356265357
2 0.812597200622084 0.3393734643734644 0.038880248833592534 0.01781326781326781
2 0.7721617418351477 0.3799140049140049 0.029548989113530325 0.015356265356265357
2 0.7231726283048211 0.4109336609336609 0.05598755832037325 0.022113022113022112
2 0.24183514774494558 0.4333538083538083 0.04821150855365474 0.0214987714987715
2 0.16096423017107309 0.43642506142506143 0.041990668740279936 0.016584766584766583
2 0.08242612752721618 0.4315110565110565 0.03421461897356143 0.009213759213759214
2 0.08320373250388803 0.45454545454545453 0.04510108864696734 0.01597051597051597
2 0.1290824261275272 0.45116707616707613 0.04354587869362364 0.01904176904176904
2 0.14152410575427682 0.4714373464373464 0.049766718506998445 0.01781326781326781
2 0.18662519440124417 0.4527027027027027 0.03732503888024884 0.0171990171990172
2 0.5139968895800933 0.44840294840294836 0.038880248833592534 0.019656019656019656
2 0.6780715396578538 0.45423832923832924 0.06531881804043546 0.022727272727272728
2 0.7270606531881804 0.4738943488943489 0.05754276827371695 0.0214987714987715
2 0.6415241057542769 0.4775798525798526 0.04821150855365474 0.015356265356265357
2 0.5552099533437014 0.4809582309582309 0.04354587869362364 0.014742014742014743
2 0.4727838258164852 0.4883292383292383 0.05287713841368585 0.022113022113022112
2 0.40279937791601866 0.48648648648648646 0.05287713841368585 0.027027027027027025
2 0.24416796267496113 0.4871007371007371 0.04665629860031104 0.0171990171990172
2 0.07698289269051321 0.49723587223587223 0.05754276827371695 0.02027027027027027
2 0.034992223950233284 0.5334766584766585 0.05132192846034215 0.016584766584766583
2 0.13452566096423016 0.5353194103194103 0.038880248833592534 0.016584766584766583
2 0.19751166407465007 0.5227272727272727 0.049766718506998445 0.01597051597051597
2 0.6127527216174183 0.5067567567567568 0.05909797822706065 0.029484029484029485
2 0.48522550544323484 0.5098280098280098 0.03421461897356143 0.0171990171990172
2 0.7744945567651633 0.5024570024570024 0.04043545878693624 0.014742014742014743
2 0.8483670295489891 0.394041769041769 0.04510108864696734 0.01781326781326781
2 0.6710730948678072 0.43273955773955775 0.026438569206842923 0.01781326781326781
2 0.9393468118195957 0.49877149877149873 0.04354587869362364 0.018427518427518427
2 0.9727838258164853 0.5162776412776413 0.026438569206842923 0.015356265356265357
2 0.7107309486780715 0.507985257985258 0.05287713841368585 0.018427518427518427
2 0.6555209953343701 0.5433046683046683 0.05132192846034215 0.02027027027027027
2 0.5800933125972006 0.5626535626535626 0.05287713841368585 0.019656019656019656
2 0.6702954898911353 0.5795454545454546 0.03732503888024884 0.015356265356265357
2 0.42923794712286156 0.5433046683046683 0.05598755832037325 0.016584766584766583
2 0.25894245723172626 0.5423832923832924 0.029548989113530325 0.018427518427518427
2 0.16096423017107309 0.566031941031941 0.05443234836702955 0.01904176904176904
2 0.11430793157076205 0.5995085995085995 0.06376360808709176 0.025798525798525797
2 0.2161741835147745 0.5881449631449631 0.04665629860031104 0.016584766584766583
2 0.33825816485225507 0.5896805896805897 0.041990668740279936 0.013513513513513513
2 0.3584758942457232 0.5654176904176904 0.04510108864696734 0.016584766584766583
2 0.46734059097978226 0.5844594594594594 0.06998444790046657 0.0214987714987715
2 0.42457231726283046 0.6084152334152334 0.04043545878693624 0.015356265356265357
2 0.028771384136858476 0.6121007371007371 0.04510108864696734 0.01904176904176904
2 0.23094867807153965 0.6136363636363636 0.04821150855365474 0.02457002457002457
2 0.31026438569206843 0.6148648648648648 0.05132192846034215 0.02334152334152334
2 0.5116640746500778 0.6028869778869779 0.031104199066874026 0.012899262899262898
2 0.557542768273717 0.6041154791154791 0.041990668740279936 0.016584766584766583
2 0.6080870917573873 0.605036855036855 0.04665629860031104 0.022113022113022112
2 0.5598755832037325 0.6203931203931203 0.03421461897356143 0.012285012285012284
2 0.13141524105754276 0.6271498771498771 0.026438569206842923 0.013513513513513513
2 0.17651632970451012 0.628992628992629 0.05132192846034215 0.019656019656019656
2 0.027216174183514776 0.6483415233415233 0.05132192846034215 0.01781326781326781
2 0.1104199066874028 0.6486486486486487 0.04665629860031104 0.009828009828009828
2 0.10808709175738725 0.6627764127764127 0.029548989113530325 0.013513513513513513
2 0.14074650077760498 0.6621621621621622 0.03576982892690513 0.018427518427518427
2 0.18040435458786935 0.6569410319410319 0.04354587869362364 0.016584766584766583
2 0.21228615863141523 0.6504914004914005 0.041990668740279936 0.0171990171990172
2 0.28304821150855364 0.6455773955773956 0.03421461897356143 0.020884520884520884
2 0.328149300155521 0.6446560196560196 0.049766718506998445 0.02764127764127764
2 0.39813374805598756 0.6664619164619164 0.05909797822706065 0.02457002457002457
2 0.3522550544323484 0.672911547911548 0.03265940902021773 0.01167076167076167
2 0.4572317262830482 0.6547911547911548 0.031104199066874026 0.007371007371007371
2 0.4548989113530327 0.6692260442260443 0.029548989113530325 0.01781326781326781
2 0.5031104199066874 0.6686117936117936 0.038880248833592534 0.01904176904176904
2 0.4953343701399689 0.6406633906633906 0.038880248833592534 0.01597051597051597
2 0.5248833592534993 0.6547911547911548 0.026438569206842923 0.011056511056511056
2 0.5878693623639192 0.6437346437346437 0.031104199066874026 0.0171990171990172
2 0.5933125972006221 0.6593980343980343 0.038880248833592534 0.015356265356265357
2 0.6376360808709176 0.6535626535626535 0.05287713841368585 0.02334152334152334
2 0.6640746500777605 0.6649262899262899 0.027993779160186624 0.009213759213759214
2 0.6415241057542769 0.6784398034398034 0.08242612752721618 0.01781326781326781
2 0.7255054432348367 0.7085380835380836 0.041990668740279936 0.016584766584766583
2 0.8265940902021773 0.7232800982800983 0.03576982892690513 0.015356265356265357
2 0.8724727838258165 0.7128378378378378 0.024883359253499222 0.014127764127764127
2 0.6461897356143079 0.7208230958230958 0.04821150855365474 0.015356265356265357
2 0.5738724727838258 0.7051597051597052 0.05598755832037325 0.019656019656019656
2 0.5171073094867807 0.6898034398034398 0.029548989113530325 0.014742014742014743
2 0.4603421461897356 0.6996314496314496 0.049766718506998445 0.019656019656019656
2 0.3701399688958009 0.702088452088452 0.06842923794712286 0.029484029484029485
2 0.2900466562986003 0.71007371007371 0.04510108864696734 0.022113022113022112
2 0.22628304821150855 0.6977886977886978 0.05754276827371695 0.020884520884520884
2 0.25660964230171074 0.6769041769041769 0.031104199066874026 0.019656019656019656
2 0.2332814930015552 0.6704545454545454 0.024883359253499222 0.015356265356265357
2 0.19751166407465007 0.6762899262899262 0.03732503888024884 0.019656019656019656
2 0.1625194401244168 0.675982800982801 0.029548989113530325 0.009213759213759214
2 0.16018662519440124 0.6931818181818181 0.04043545878693624 0.01904176904176904
2 0.08942457231726283 0.6993243243243243 0.05754276827371695 0.02027027027027027
2 0.10108864696734059 0.7352579852579852 0.07153965785381027 0.022113022113022112
2 0.2161741835147745 0.7278869778869779 0.031104199066874026 0.014742014742014743
2 0.1905132192846034 0.7183660933660934 0.026438569206842923 0.01167076167076167
2 0.23872472783825816 0.7410933660933661 0.04821150855365474 0.01904176904176904
2 0.3118195956454121 0.73495085995086 0.05443234836702955 0.0214987714987715
2 0.37169517884914466 0.7401719901719902 0.04354587869362364 0.0171990171990172
2 0.41990668740279935 0.7269656019656019 0.04043545878693624 0.015356265356265357
2 0.46967340590979784 0.7248157248157248 0.03421461897356143 0.01597051597051597
2 0.5139968895800933 0.7238943488943489 0.05443234836702955 0.01781326781326781
2 0.5684292379471229 0.7281941031941032 0.04510108864696734 0.01904176904176904
2 0.7954898911353032 0.7536855036855037 0.041990668740279936 0.01597051597051597
2 0.7037325038880249 0.7552211302211302 0.04821150855365474 0.01781326781326781
2 0.6236391912908242 0.7518427518427518 0.04665629860031104 0.01597051597051597
2 0.5536547433903577 0.753071253071253 0.04665629860031104 0.019656019656019656
2 0.5762052877138414 0.7696560196560196 0.04510108864696734 0.01597051597051597
2 0.5342146189735615 0.773955773955774 0.038880248833592534 0.014742014742014743
2 0.504665629860031 0.753071253071253 0.041990668740279936 0.0171990171990172
2 0.45800933125972004 0.7546068796068796 0.03576982892690513 0.02027027027027027
2 0.3701399688958009 0.7582923832923832 0.04354587869362364 0.014127764127764127
2 0.32426127527216175 0.7665847665847666 0.04510108864696734 0.0171990171990172
2 0.27216174183514774 0.773034398034398 0.04665629860031104 0.01781326781326781
2 0.19673405909797823 0.7659705159705159 0.05754276827371695 0.020884520884520884
2 0.12363919129082426 0.7684275184275184 0.04821150855365474 0.01597051597051597
2 0.05054432348367029 0.8019041769041769 0.05132192846034215 0.016584766584766583
2 0.12986003110419905 0.7954545454545454 0.04821150855365474 0.020884520884520884
2 0.03576982892690513 0.8307739557739557 0.05909797822706065 0.01781326781326781
2 0.09331259720062209 0.82002457002457 0.05909797822706065 0.019656019656019656
2 0.14541213063763608 0.8212530712530712 0.04510108864696734 0.019656019656019656
2 0.1905132192846034 0.8218673218673218 0.038880248833592534 0.014742014742014743
2 0.09797822706065319 0.83507371007371 0.04665629860031104 0.007985257985257985
2 0.09720062208398134 0.8464373464373465 0.029548989113530325 0.012285012285012284
2 0.1368584758942457 0.847051597051597 0.04354587869362364 0.01597051597051597
2 0.19284603421461896 0.8412162162162162 0.024883359253499222 0.010442260442260442
2 0.26594090202177295 0.8307739557739557 0.04665629860031104 0.01904176904176904
2 0.29937791601866254 0.8058968058968059 0.041990668740279936 0.0171990171990172
2 0.3429237947122862 0.7942260442260443 0.06376360808709176 0.019656019656019656
2 0.3631415241057543 0.8089680589680589 0.03265940902021773 0.013513513513513513
2 0.29471228615863143 0.7865479115479115 0.02021772939346812 0.015356265356265357
2 0.505443234836703 0.7902334152334152 0.04043545878693624 0.01781326781326781
2 0.5894245723172629 0.8058968058968059 0.05909797822706065 0.02457002457002457
2 0.7146189735614308 0.8068181818181818 0.04821150855365474 0.02027027027027027
2 0.6438569206842923 0.8313882063882063 0.05598755832037325 0.01781326781326781
2 0.8149300155520995 0.8234029484029484 0.05287713841368585 0.01904176904176904
2 0.8965785381026439 0.8114250614250614 0.05443234836702955 0.020884520884520884
2 0.932348367029549 0.785012285012285 0.038880248833592534 0.012285012285012284
2 0.8693623639191291 0.7951474201474201 0.024883359253499222 0.010442260442260442
2 0.8950233281493002 0.8568796068796068 0.03576982892690513 0.020884520884520884
2 0.8576982892690513 0.8415233415233415 0.029548989113530325 0.014742014742014743
2 0.9230171073094868 0.8316953316953317 0.04510108864696734 0.01597051597051597
2 0.8732503888024883 0.8878992628992629 0.05443234836702955 0.022727272727272728
2 0.9642301710730948 0.9047911547911548 0.04665629860031104 0.020884520884520884
2 0.8429237947122862 0.9090909090909091 0.05287713841368585 0.02457002457002457
2 0.890357698289269 0.9327395577395577 0.041990668740279936 0.01904176904176904
2 0.9315707620528771 0.9345823095823096 0.024883359253499222 0.01781326781326781
2 0.8452566096423018 0.941953316953317 0.05132192846034215 0.01904176904176904
2 0.8670295489891136 0.964987714987715 0.05754276827371695 0.022113022113022112
2 0.9339035769828927 0.960995085995086 0.04821150855365474 0.023955773955773956
2 0.968895800933126 0.9692874692874692 0.024883359253499222 0.014742014742014743
2 0.9712286158631416 0.9453316953316953 0.013996889580093312 0.012285012285012284
2 0.7472783825816485 0.9407248157248157 0.06376360808709176 0.0214987714987715
2 0.7698289269051322 0.9585380835380836 0.05287713841368585 0.012899262899262898
2 0.7511664074650077 0.9118550368550369 0.03732503888024884 0.01781326781326781
2 0.7947122861586314 0.9204545454545454 0.04043545878693624 0.02886977886977887
2 0.6625194401244168 0.9176904176904177 0.04354587869362364 0.0171990171990172
2 0.6500777604976672 0.8918918918918919 0.04043545878693624 0.0171990171990172
2 0.6772939346811819 0.8759213759213759 0.038880248833592534 0.014742014742014743
2 0.6858475894245724 0.8593366093366093 0.03732503888024884 0.01597051597051597
2 0.7519440124416796 0.8722358722358722 0.04821150855365474 0.018427518427518427
2 0.7255054432348367 0.8903562653562653 0.04510108864696734 0.012899262899262898
2 0.5995334370139969 0.8931203931203932 0.03265940902021773 0.01597051597051597
2 0.5933125972006221 0.8753071253071253 0.038880248833592534 0.01597051597051597
2 0.36625194401244165 0.8636363636363636 0.05132192846034215 0.019656019656019656
2 0.5497667185069984 0.8654791154791155 0.041990668740279936 0.0171990171990172
2 0.29471228615863143 0.8808353808353808 0.03265940902021773 0.013513513513513513
2 0.223950233281493 0.8713144963144963 0.05909797822706065 0.0214987714987715
2 0.2682737169517885 0.8928132678132678 0.05132192846034215 0.02027027027027027
2 0.05132192846034215 0.878992628992629 0.05909797822706065 0.019656019656019656
2 0.10342146189735614 0.859029484029484 0.02332814930015552 0.009213759213759214
2 0.04821150855365474 0.914004914004914 0.04665629860031104 0.018427518427518427
2 0.04432348367029549 0.9385749385749386 0.03576982892690513 0.014742014742014743
2 0.07698289269051321 0.9637592137592137 0.041990668740279936 0.014742014742014743
2 0.10108864696734059 0.9474815724815725 0.04354587869362364 0.016584766584766583
2 0.09097978227060653 0.9828009828009828 0.029548989113530325 0.011056511056511056
2 0.171850699844479 0.9788083538083537 0.04821150855365474 0.014127764127764127
2 0.19984447900466562 0.9646805896805897 0.04821150855365474 0.02027027027027027
2 0.1640746500777605 0.925982800982801 0.038880248833592534 0.01781326781326781
2 0.15241057542768274 0.9551597051597052 0.04665629860031104 0.013513513513513513
2 0.26127527216174184 0.9373464373464373 0.05909797822706065 0.022113022113022112
2 0.2581648522550544 0.9127764127764127 0.03421461897356143 0.012285012285012284
2 0.2986003110419907 0.9413390663390663 0.01866251944012442 0.015356265356265357
2 0.34136858475894244 0.9576167076167076 0.05443234836702955 0.022113022113022112
2 0.2986003110419907 0.9674447174447174 0.03421461897356143 0.009828009828009828
2 0.39191290824261277 0.9284398034398034 0.04354587869362364 0.016584766584766583
2 0.3678071539657854 0.9032555282555282 0.041990668740279936 0.015356265356265357
2 0.31493001555209954 0.9054054054054054 0.03576982892690513 0.012285012285012284
2 0.4004665629860031 0.9480958230958231 0.03265940902021773 0.015356265356265357
2 0.4370139968895801 0.9471744471744471 0.027993779160186624 0.01597051597051597
2 0.4331259720062208 0.9695945945945945 0.06998444790046657 0.014127764127764127
2 0.49144634525660963 0.9643734643734644 0.04043545878693624 0.0171990171990172
2 0.5 0.9818796068796068 0.03576982892690513 0.015356265356265357
2 0.5435458786936236 0.9834152334152334 0.04510108864696734 0.018427518427518427
2 0.5427682737169518 0.953009828009828 0.04665629860031104 0.014127764127764127
2 0.5132192846034215 0.9281326781326781 0.03421461897356143 0.012285012285012284
2 0.6166407465007776 0.9656019656019655 0.038880248833592534 0.013513513513513513
2 0.6493001555209953 0.9573095823095823 0.060653188180404355 0.02027027027027027
2 0.6632970451010887 0.980036855036855 0.09486780715396578 0.015356265356265357
2 0.6205287713841369 0.9394963144963144 0.04354587869362364 0.015356265356265357
2 0.49455676516329705 0.8697788697788698 0.04354587869362364 0.009828009828009828
2 0.5373250388802489 0.2705773955773956 0.04510108864696734 0.015356265356265357
2 0.6119751166407466 0.24477886977886978 0.04510108864696734 0.015356265356265357
2 0.38880248833592534 0.2113022113022113 0.031104199066874026 0.012285012285012284
2 0.06842923794712286 0.15816953316953317 0.04043545878693624 0.016584766584766583
2 0.69751166407465 0.1511056511056511 0.02021772939346812 0.014742014742014743
2 0.8483670295489891 0.1855036855036855 0.038880248833592534 0.009828009828009828
2 0.8973561430793157 0.25706388206388203 0.04043545878693624 0.01781326781326781
2 0.44090202177293936 0.07094594594594594 0.038880248833592534 0.01781326781326781
2 0.4370139968895801 0.11179361179361179 0.031104199066874026 0.013513513513513513
2 0.5241057542768274 0.052825552825552825 0.03732503888024884 0.018427518427518427
2 0.5769828926905132 0.11732186732186732 0.03732503888024884 0.014742014742014743
2 0.8716951788491446 0.31296068796068793 0.03576982892690513 0.01781326781326781
2 0.7177293934681181 0.6425061425061425 0.04510108864696734 0.013513513513513513
2 0.04354587869362364 0.7840909090909091 0.03732503888024884 0.010442260442260442
2 0.04043545878693624 0.675982800982801 0.04043545878693624 0.014127764127764127
2 0.17729393468118196 0.4054054054054054 0.04043545878693624 0.013513513513513513
2 0.4129082426127527 0.3034398034398034 0.04821150855365474 0.012285012285012284
2 0.15396578538102643 0.27088452088452086 0.04043545878693624 0.0171990171990172
2 0.18118195956454122 0.24907862407862408 0.04510108864696734 0.014127764127764127
2 0.2744945567651633 0.21406633906633907 0.038880248833592534 0.010442260442260442
2 0.322706065318818 0.1941031941031941 0.029548989113530325 0.012285012285012284
2 0.3234836702954899 0.2106879606879607 0.027993779160186624 0.011056511056511056
2 0.13919129082426127 0.22696560196560195 0.026438569206842923 0.012899262899262898
2 0.016329704510108865 0.1504914004914005 0.02021772939346812 0.012285012285012284
2 0.32192846034214617 0.17813267813267813 0.04043545878693624 0.009828009828009828
2 0.9471228615863142 0.12223587223587223 0.049766718506998445 0.0171990171990172
2 0.755054432348367 0.08108108108108109 0.03265940902021773 0.01597051597051597
2 0.276049766718507 0.07524570024570025 0.041990668740279936 0.01781326781326781
2 0.4813374805598756 0.3961916461916462 0.04510108864696734 0.013513513513513513
2 0.9370139968895801 0.45178132678132676 0.05132192846034215 0.02027027027027027
2 0.7488335925349923 0.43888206388206386 0.03265940902021773 0.01781326781326781
2 0.8849144634525661 0.468980343980344 0.04043545878693624 0.012899262899262898
2 0.8273716951788491 0.4892506142506142 0.04043545878693624 0.012899262899262898
2 0.7340590979782271 0.12192874692874693 0.04354587869362364 0.023955773955773956
2 0.2161741835147745 0.36885749385749383 0.049766718506998445 0.022727272727272728
2 0.17262830482115085 0.7859336609336609 0.04354587869362364 0.02027027027027027
2 0.6881804043545878 0.7822481572481572 0.026438569206842923 0.015356265356265357
2 0.6438569206842923 0.7976044226044225 0.027993779160186624 0.015356265356265357
2 0.5357698289269052 0.8138820638820639 0.029548989113530325 0.0085995085995086
2 0.1368584758942457 0.8875921375921376 0.03732503888024884 0.009828009828009828
2 0.5715396578538102 0.9118550368550369 0.03576982892690513 0.010442260442260442
2 0.3522550544323484 0.2681203931203931 0.03576982892690513 0.014127764127764127
2 0.2869362363919129 0.25798525798525795 0.038880248833592534 0.014742014742014743
2 0.7667185069984448 0.3409090909090909 0.031104199066874026 0.009828009828009828
2 0.5878693623639192 0.33875921375921375 0.05287713841368585 0.01167076167076167
2 0.08398133748055987 0.12714987714987713 0.031104199066874026 0.011056511056511056
2 0.6772939346811819 0.005835380835380835 0.04510108864696734 0.010442260442260442
2 0.7659409020217729 0.003992628992628993 0.038880248833592534 0.006756756756756756
2 0.7620528771384136 0.013513513513513513 0.03732503888024884 0.009828009828009828
2 0.4712286158631415 0.16339066339066338 0.04354587869362364 0.014742014742014743
2 0.3188180404354588 0.8144963144963144 0.031104199066874026 0.012285012285012284
2 0.4004665629860031 0.7877764127764127 0.026438569206842923 0.01167076167076167
2 0.35069984447900465 0.976044226044226 0.03576982892690513 0.013513513513513513
2 0.10031104199066875 0.9262899262899262 0.03265940902021773 0.0085995085995086
2 0.10186625194401244 0.9097051597051596 0.029548989113530325 0.011056511056511056
