2 0.12373737373737373 0.08359721342621913 0.05218855218855219 0.022799240025332488
2 0.17003367003367004 0.11209626345788475 0.057239057239057235 0.018999366687777075
2 0.2601010101010101 0.06396453451551615 0.04208754208754208 0.01773274224192527
2 0.23484848484848483 0.07568081063964535 0.021885521885521883 0.009499683343888538
2 0.3914141414141414 0.016466117796073463 0.04882154882154882 0.02026599113362888
2 0.4764309764309764 0.012982900569981 0.050505050505050504 0.017099430018999367
2 0.46464646464646464 0.054781507283090565 0.05387205387205387 0.014566181127295756
2 0.6060606060606061 0.008866371120962635 0.05387205387205387 0.016466117796073463
2 0.6936026936026936 0.013932868904369854 0.037037037037037035 0.01013299556681444
2 0.6801346801346801 0.023432552248258392 0.037037037037037035 0.01013299556681444
2 0.7222222222222222 0.019316022799240027 0.0303030303030303 0.015832805573147563
2 0.9284511784511784 0.1390120329322356 0.045454545454545456 0.013299556681443952
2 0.7272727272727273 0.10861304623179227 0.04713804713804714 0.015832805573147563
2 0.6439393939393939 0.11177960734642178 0.045454545454545456 0.017099430018999367
2 0.7154882154882155 0.14186193793540217 0.05387205387205387 0.01773274224192527
2 0.6372053872053872 0.14946168461051298 0.04208754208754208 0.015199493350221659
2 0.765993265993266 0.18777707409753008 0.043771043771043766 0.01836605446485117
2 0.7609427609427609 0.21405953134895503 0.043771043771043766 0.01266624445851805
2 0.6237373737373737 0.19632678910702978 0.04208754208754208 0.013932868904369854
2 0.6574074074074073 0.1804939835338822 0.03872053872053872 0.011399620012666244
2 0.5715488215488215 0.19632678910702978 0.04882154882154882 0.01773274224192527
2 0.5841750841750841 0.2200759974667511 0.05387205387205387 0.015832805573147563
2 0.5202020202020202 0.1681443951868271 0.043771043771043766 0.01836605446485117
2 0.4335016835016835 0.1915769474350855 0.03198653198653199 0.010766307789740342
2 0.20202020202020202 0.19759341355288157 0.03367003367003367 0.011399620012666244
2 0.2365319865319865 0.18366054464851173 0.028619528619528618 0.013932868904369854
2 0.1313131313131313 0.136478784040532 0.037037037037037035 0.010766307789740342
2 0.5008417508417509 0.11684610512982901 0.03872053872053872 0.015832805573147563
2 0.8543771043771043 0.17257758074730842 0.03535353535353535 0.015832805573147563
2 0.36952861952861954 0.25554148195060167 0.04208754208754208 0.015832805573147563
2 0.21127946127946126 0.22767574414186195 0.04208754208754208 0.015832805573147563
2 0.6262626262626262 0.2656744775174161 0.0404040404040404 0.017099430018999367
2 0.2609427609427609 0.227359088030399 0.043771043771043766 0.01266624445851805
2 0.14057239057239057 0.32615579480683976 0.045454545454545456 0.016466117796073463
2 0.06481481481481481 0.36985433818872704 0.04882154882154882 0.02026599113362888
2 0.2441077441077441 0.3654211526282457 0.05387205387205387 0.015199493350221659
2 0.51010101010101 0.33660544648511714 0.043771043771043766 0.017099430018999367
2 0.5050505050505051 0.3543381887270424 0.04713804713804714 0.014566181127295756
2 0.7112794612794613 0.3565547815072831 0.045454545454545456 0.016466117796073463
2 0.8005050505050505 0.2875237492083597 0.04208754208754208 0.013932868904369854
2 0.8956228956228955 0.25174160861304623 0.02356902356902357 0.012032932235592148
2 0.7382154882154882 0.39297023432552247 0.04208754208754208 0.017099430018999367
2 0.7314814814814814 0.42748575047498416 0.045454545454545456 0.021532615579480684
2 0.8316498316498316 0.415452818239392 0.04713804713804714 0.02026599113362888
2 0.38720538720538716 0.41893603546548447 0.037037037037037035 0.015832805573147563
2 0.2676767676767677 0.41260291323622544 0.043771043771043766 0.017099430018999367
2 0.19444444444444445 0.42716909436352124 0.04208754208754208 0.013299556681443952
2 0.11447811447811447 0.42843571880937303 0.04713804713804714 0.01836605446485117
2 0.2887205387205387 0.43350221659278027 0.03535353535353535 0.017099430018999367
2 0.10858585858585858 0.4651678277390754 0.03198653198653199 0.017099430018999367
2 0.2676767676767677 0.4825839138695377 0.057239057239057235 0.018999366687777075
2 0.436026936026936 0.474350854971501 0.043771043771043766 0.01773274224192527
2 0.4882154882154882 0.4857504749841672 0.04713804713804714 0.01773274224192527
2 0.5934343434343434 0.500633312222926 0.03872053872053872 0.01836605446485117
2 0.5345117845117845 0.5253324889170361 0.05218855218855219 0.022165927802406588
2 0.20202020202020202 0.5155161494616847 0.04713804713804714 0.016466117796073463
2 0.9208754208754208 0.5139328689043698 0.043771043771043766 0.015832805573147563
2 0.8518518518518519 0.5402153261557948 0.0303030303030303 0.01013299556681444
2 0.75 0.5677644078530716 0.03872053872053872 0.015832805573147563
2 0.6077441077441077 0.6032298923369221 0.050505050505050504 0.020899303356554783
2 0.29966329966329963 0.6044965167827739 0.050505050505050504 0.019632678910702975
2 0.21548821548821548 0.6003799873337555 0.050505050505050504 0.013932868904369854
2 0.10606060606060605 0.5924635845471817 0.043771043771043766 0.01836605446485117
2 0.1877104377104377 0.6390120329322356 0.045454545454545456 0.016466117796073463
2 0.6254208754208754 0.6488283723875871 0.03535353535353535 0.010766307789740342
2 0.6296296296296297 0.6386953768207726 0.0404040404040404 0.009499683343888538
2 0.6717171717171717 0.6241291956934769 0.0404040404040404 0.013299556681443952
2 0.7516835016835016 0.6307789740341989 0.05218855218855219 0.021532615579480684
2 0.5816498316498316 0.6836605446485118 0.04208754208754208 0.01836605446485117
2 0.09932659932659932 0.6728942368587714 0.03367003367003367 0.017099430018999367
2 0.6961279461279462 0.6703609879670678 0.045454545454545456 0.014566181127295756
2 0.5345117845117845 0.7207093096896771 0.05218855218855219 0.01266624445851805
2 0.6279461279461279 0.7118429385687144 0.050505050505050504 0.02026599113362888
2 0.5909090909090908 0.7042431918936035 0.0202020202020202 0.006333122229259025
2 0.6885521885521885 0.7032932235592148 0.037037037037037035 0.015832805573147563
2 0.6590909090909091 0.7279924002533249 0.03198653198653199 0.013299556681443952
2 0.6245791245791246 0.7371754274857505 0.050505050505050504 0.01773274224192527
2 0.946127946127946 0.7026599113362888 0.037037037037037035 0.017099430018999367
2 0.8282828282828283 0.7039265357821406 0.0404040404040404 0.014566181127295756
2 0.8796296296296295 0.7685243825205826 0.045454545454545456 0.019632678910702975
2 0.8106060606060606 0.7742241925269158 0.05218855218855219 0.015832805573147563
2 0.9116161616161615 0.7846738442051931 0.03198653198653199 0.008866371120962635
2 0.8627946127946128 0.7887903736542116 0.03872053872053872 0.009499683343888538
2 0.7735690235690236 0.7910069664344522 0.03198653198653199 0.013932868904369854
2 0.718013468013468 0.8096896770107663 0.05218855218855219 0.015832805573147563
2 0.9023569023569024 0.8125395820139328 0.050505050505050504 0.021532615579480684
2 0.6144781144781144 0.779607346421786 0.05387205387205387 0.016466117796073463
2 0.5580808080808081 0.7678910702976568 0.025252525252525252 0.015832805573147563
2 0.6136363636363636 0.7618746041798606 0.04208754208754208 0.01773274224192527
2 0.5740740740740741 0.747308423052565 0.02356902356902357 0.015199493350221659
2 0.3047138047138047 0.7485750474984167 0.057239057239057235 0.018999366687777075
2 0.36363636363636365 0.7558581380620646 0.026936026936026935 0.014566181127295756
2 0.09848484848484848 0.7568081063964535 0.04208754208754208 0.013932868904369854
2 0.12457912457912457 0.7118429385687144 0.043771043771043766 0.013932868904369854
2 0.20117845117845118 0.6735275490816973 0.04208754208754208 0.010766307789740342
2 0.265993265993266 0.8176060797973401 0.04713804713804714 0.01773274224192527
2 0.5858585858585859 0.8046231792273592 0.0303030303030303 0.012032932235592148
2 0.03872053872053872 0.863837872070931 0.050505050505050504 0.013932868904369854
2 0.19023569023569023 0.8746041798606713 0.037037037037037035 0.013932868904369854
2 0.2609427609427609 0.8841038632045599 0.043771043771043766 0.015199493350221659
2 0.30976430976430974 0.8717542748575048 0.0606060606060606 0.019632678910702975
2 0.31565656565656564 0.8860037998733375 0.03872053872053872 0.008866371120962635
2 0.3308080808080808 0.8470550981633945 0.045454545454545456 0.009499683343888538
2 0.46296296296296297 0.8537048765041165 0.050505050505050504 0.018999366687777075
2 0.6313131313131313 0.8537048765041165 0.043771043771043766 0.016466117796073463
2 0.7163299663299663 0.8825205826472451 0.04208754208754208 0.017099430018999367
2 0.7895622895622896 0.8746041798606713 0.037037037037037035 0.013932868904369854
2 0.718013468013468 0.8388220392653578 0.028619528619528618 0.013299556681443952
2 0.9646464646464646 0.9050031665611147 0.04713804713804714 0.018999366687777075
2 0.9225589225589225 0.9179860671310957 0.043771043771043766 0.012032932235592148
2 0.8922558922558922 0.9300189993666877 0.0303030303030303 0.013299556681443952
2 0.7912457912457912 0.921785940468651 0.02356902356902357 0.009499683343888538
2 0.8282828282828283 0.9202026599113363 0.016835016835016835 0.00506649778340722
2 0.8594276094276094 0.948701709943002 0.04208754208754208 0.013932868904369854
2 0.8930976430976431 0.9645345155161494 0.028619528619528618 0.01266624445851805
2 0.9057239057239057 0.9528182393920203 0.026936026936026935 0.012032932235592148
2 0.8392255892255892 0.9740341988600381 0.03198653198653199 0.007599746675110829
2 0.8392255892255892 0.9661177960734643 0.04208754208754208 0.008233058898036731
2 0.8442760942760943 0.9563014566181127 0.04208754208754208 0.01013299556681444
2 0.7912457912457912 0.9496516782773907 0.037037037037037035 0.015832805573147563
2 0.75 0.9525015832805573 0.028619528619528618 0.008866371120962635
2 0.7449494949494949 0.9430018999366688 0.04882154882154882 0.013932868904369854
2 0.7920875420875421 0.9373020899303357 0.028619528619528618 0.01266624445851805
2 0.6414141414141414 0.9357188093730209 0.06397306397306397 0.019632678910702975
2 0.5740740740740741 0.9322355921469284 0.0404040404040404 0.021532615579480684
2 0.5016835016835016 0.9588347055098163 0.043771043771043766 0.016466117796073463
2 0.46127946127946123 0.9575680810639645 0.0303030303030303 0.01266624445851805
2 0.44107744107744107 0.9705509816339456 0.050505050505050504 0.014566181127295756
2 0.46464646464646464 0.9857504749841672 0.04713804713804714 0.013299556681443952
2 0.4099326599326599 0.987333755541482 0.045454545454545456 0.015199493350221659
2 0.3947811447811448 0.9632678910702976 0.03872053872053872 0.016466117796073463
2 0.31397306397306396 0.9392020265991133 0.05218855218855219 0.021532615579480684
2 0.27020202020202017 0.9331855604813173 0.04208754208754208 0.012032932235592148
2 0.12878787878787878 0.9306523115896137 0.04882154882154882 0.01836605446485117
2 0.046296296296296294 0.921785940468651 0.045454545454545456 0.017099430018999367
2 0.46127946127946123 0.8150728309056365 0.03367003367003367 0.016466117796073463
2 0.45707070707070707 0.9325522482583914 0.04208754208754208 0.012032932235592148
2 0.6498316498316498 0.9069031032298923 0.03367003367003367 0.013932868904369854
2 0.28703703703703703 0.9566181127295756 0.03198653198653199 0.006966434452184927
2 0.025252525252525252 0.7378087397086764 0.037037037037037035 0.01266624445851805
2 0.7760942760942761 0.1310956301456618 0.037037037037037035 0.013932868904369854
2 0.9772727272727272 0.08074730842305257 0.045454545454545456 0.022165927802406588
2 0.9553872053872053 0.06618112729575681 0.028619528619528618 0.009499683343888538
2 0.7895622895622896 0.008233058898036731 0.06397306397306397 0.015199493350221659
2 0.7634680134680134 0.14629512349588347 0.04208754208754208 0.015199493350221659
2 0.43097643097643096 0.1317289423685877 0.03367003367003367 0.01266624445851805
2 0.9452861952861953 0.22165927802406588 0.03198653198653199 0.015199493350221659
2 0.8922558922558922 0.2175427485750475 0.013468013468013467 0.006966434452184927
2 0.48737373737373735 0.220709309689677 0.03198653198653199 0.012032932235592148
2 0.8299663299663299 0.2564914502849905 0.0303030303030303 0.015199493350221659
2 0.5016835016835016 0.7042431918936035 0.03367003367003367 0.015199493350221659
2 0.6346801346801346 0.4240025332488917 0.0404040404040404 0.014566181127295756
2 0.255050505050505 0.7602913236225459 0.03872053872053872 0.014566181127295756
2 0.5867003367003367 0.9483850538315389 0.03872053872053872 0.009499683343888538
2 0.10016835016835017 0.941418619379354 0.03198653198653199 0.006966434452184927
2 0.1675084175084175 0.9230525649145028 0.025252525252525252 0.008233058898036731
2 0.1616161616161616 0.9490183660544649 0.03367003367003367 0.005699810006333122
2 0.3005050505050505 0.7694743508549715 0.025252525252525252 0.006333122229259025
2 0.7937710437710437 0.5373654211526283 0.03535353535353535 0.014566181127295756
2 0.5597643097643097 0.13932868904369855 0.03198653198653199 0.016466117796073463
2 0.6936026936026936 0.9357188093730209 0.03367003367003367 0.010766307789740342
2 0.8888888888888888 0.655794806839772 0.0303030303030303 0.015832805573147563
2 0.6826599326599326 0.006966434452184927 0.045454545454545456 0.01266624445851805
2 0.989057239057239 0.1304623179227359 0.021885521885521883 0.015199493350221659
2 0.29208754208754206 0.00506649778340722 0.04882154882154882 0.008866371120962635
2 0.7904040404040403 0.21025965801139962 0.028619528619528618 0.011399620012666244
