2 0.21387283236994217 0.007168458781362007 0.028901734104046242 0.013142174432497012
2 0.15823699421965318 0.04689366786140979 0.030346820809248554 0.012544802867383511
2 0.19219653179190752 0.034348864994026285 0.026011560693641616 0.01135005973715651
2 0.1986994219653179 0.01941457586618877 0.024566473988439304 0.012544802867383511
2 0.22760115606936415 0.02270011947431302 0.033236994219653176 0.01194743130227001
2 0.2565028901734104 0.02060931899641577 0.018786127167630055 0.01015531660692951
2 0.27239884393063585 0.022401433691756272 0.018786127167630055 0.008960573476702509
2 0.2709537572254335 0.01105137395459976 0.02745664739884393 0.012544802867383511
2 0.2991329479768786 0.016427718040621264 0.023121387283236993 0.012544802867383511
2 0.22615606936416183 0.057646356033452806 0.02745664739884393 0.014934289127837515
2 0.19436416184971098 0.05973715651135006 0.02745664739884393 0.01075268817204301
2 0.18641618497109827 0.07228195937873357 0.026011560693641616 0.01194743130227001
2 0.13583815028901733 0.07706093189964157 0.046242774566473986 0.02031063321385902
2 0.30852601156069365 0.07228195937873357 0.033236994219653176 0.014336917562724014
2 0.25722543352601157 0.08363201911589008 0.03468208092485549 0.013142174432497012
2 0.2695086705202312 0.09946236559139784 0.033236994219653176 0.014934289127837515
2 0.37283236994219654 0.07347670250896057 0.031791907514450865 0.014336917562724014
2 0.31141618497109824 0.04689366786140979 0.02745664739884393 0.014934289127837515
2 0.3533236994219653 0.04510155316606929 0.024566473988439304 0.014934289127837515
2 0.3533236994219653 0.019115890083632018 0.02745664739884393 0.013142174432497012
2 0.24927745664739884 0.04659498207885304 0.033236994219653176 0.01075268817204301
2 0.2940751445086705 0.03763440860215053 0.02745664739884393 0.015531660692951015
2 0.36849710982658956 0.01135005973715651 0.03468208092485549 0.01194743130227001
2 0.39378612716763006 0.022998805256869773 0.03901734104046243 0.014934289127837515
2 0.39667630057803466 0.04360812425328554 0.0361271676300578 0.014336917562724014
2 0.5440751445086704 0.03643966547192353 0.030346820809248554 0.013142174432497012
2 0.5223988439306358 0.03136200716845878 0.030346820809248554 0.014934289127837515
2 0.5382947976878613 0.01971326164874552 0.030346820809248554 0.01194743130227001
2 0.5072254335260116 0.006869772998805256 0.028901734104046242 0.012544802867383511
2 0.4588150289017341 0.027479091995221024 0.044797687861271675 0.016726403823178016
2 0.6264450867052023 0.040919952210274786 0.030346820809248554 0.016129032258064516
2 0.6004335260115606 0.04301075268817204 0.02745664739884393 0.014336917562724014
2 0.5736994219653179 0.0492831541218638 0.028901734104046242 0.013739545997610512
2 0.4833815028901734 0.06839904420549582 0.04190751445086705 0.016129032258064516
2 0.453757225433526 0.0534647550776583 0.03468208092485549 0.01135005973715651
2 0.4111271676300578 0.07228195937873357 0.04190751445086705 0.015531660692951015
2 0.39161849710982655 0.08243727598566308 0.031791907514450865 0.01194743130227001
2 0.6372832369942196 0.059139784946236555 0.03757225433526011 0.017921146953405017
2 0.5375722543352601 0.059139784946236555 0.04046242774566474 0.01194743130227001
2 0.5671965317919074 0.07706093189964157 0.030346820809248554 0.014336917562724014
2 0.5476878612716762 0.09080047789725208 0.04046242774566474 0.019115890083632018
2 0.5939306358381503 0.10304659498207884 0.04046242774566474 0.017323775388291517
2 0.5505780346820809 0.1075268817204301 0.03757225433526011 0.013142174432497012
2 0.5007225433526011 0.08363201911589008 0.033236994219653176 0.014336917562724014
2 0.4624277456647399 0.09348864994026283 0.05491329479768786 0.025686977299880523
2 0.6286127167630058 0.08751493428912784 0.03468208092485549 0.013739545997610512
2 0.6813583815028902 0.08930704898446834 0.0361271676300578 0.016129032258064516
2 0.7276011560693642 0.07735961768219832 0.0361271676300578 0.014934289127837515
2 0.713150289017341 0.02270011947431302 0.03901734104046243 0.015531660692951015
2 0.708092485549133 0.012843488649940261 0.031791907514450865 0.013739545997610512
2 0.7557803468208092 0.008064516129032258 0.03757225433526011 0.013739545997610512
2 0.7890173410404624 0.024790919952210274 0.04046242774566474 0.014934289127837515
2 0.8143063583815029 0.04211469534050179 0.03901734104046243 0.018518518518518517
2 0.8345375722543352 0.024193548387096774 0.03901734104046243 0.013739545997610512
2 0.8338150289017341 0.00985663082437276 0.03468208092485549 0.012544802867383511
2 0.8901734104046243 0.014934289127837515 0.03757225433526011 0.014336917562724014
2 0.8872832369942196 0.028375149342891277 0.046242774566473986 0.014934289127837515
2 0.6604046242774566 0.01045400238948626 0.046242774566473986 0.01971326164874552
2 0.7463872832369942 0.04689366786140979 0.05057803468208092 0.017323775388291517
2 0.8908959537572254 0.06720430107526881 0.0361271676300578 0.014934289127837515
2 0.7745664739884393 0.11738351254480286 0.03757225433526011 0.016129032258064516
2 0.04841040462427745 0.1009557945041816 0.0361271676300578 0.015531660692951015
2 0.09320809248554913 0.1069295101553166 0.0361271676300578 0.015531660692951015
2 0.16040462427745664 0.12096774193548386 0.04046242774566474 0.018518518518518517
2 0.2514450867052023 0.11947431302270012 0.04046242774566474 0.019115890083632018
2 0.3742774566473988 0.12037037037037036 0.04046242774566474 0.016129032258064516
2 0.4393063583815029 0.1135005973715651 0.046242774566473986 0.017921146953405017
2 0.528179190751445 0.12574671445639188 0.033236994219653176 0.013739545997610512
2 0.5859826589595375 0.14097968936678612 0.044797687861271675 0.017921146953405017
2 0.7044797687861272 0.12305854241338111 0.030346820809248554 0.013142174432497012
2 0.7579479768786127 0.14516129032258063 0.0361271676300578 0.015531660692951015
2 0.8128612716763005 0.14187574671445638 0.03901734104046243 0.016129032258064516
2 0.6365606936416185 0.16606929510155316 0.05057803468208092 0.02150537634408602
2 0.6661849710982659 0.17980884109916367 0.04913294797687861 0.015531660692951015
2 0.5339595375722543 0.15232974910394265 0.044797687861271675 0.017921146953405017
2 0.40028901734104044 0.1490442054958184 0.04335260115606936 0.017323775388291517
2 0.33598265895953755 0.14516129032258063 0.04190751445086705 0.016726403823178016
2 0.2846820809248555 0.15740740740740738 0.03757225433526011 0.016129032258064516
2 0.24205202312138727 0.15203106332138588 0.033236994219653176 0.016129032258064516
2 0.19580924855491327 0.15710872162485065 0.044797687861271675 0.016726403823178016
2 0.14017341040462428 0.14934289127837513 0.03757225433526011 0.015531660692951015
2 0.059248554913294796 0.13530465949820789 0.04046242774566474 0.018518518518518517
2 0.06864161849710983 0.1627837514934289 0.03901734104046243 0.018518518518518517
2 0.203757225433526 0.18936678614097968 0.04046242774566474 0.016726403823178016
2 0.34898843930635837 0.1705495818399044 0.033236994219653176 0.012544802867383511
2 0.40534682080924855 0.17891278375149341 0.044797687861271675 0.018518518518518517
2 0.495664739884393 0.17174432497013142 0.04046242774566474 0.017323775388291517
2 0.4552023121387283 0.1977299880525687 0.04046242774566474 0.015531660692951015
2 0.5115606936416185 0.19205495818399043 0.046242774566473986 0.017323775388291517
2 0.5780346820809248 0.20071684587813618 0.03757225433526011 0.013142174432497012
2 0.9617052023121386 0.02180406212664277 0.03901734104046243 0.014934289127837515
2 0.9689306358381502 0.034348864994026285 0.033236994219653176 0.01135005973715651
2 0.9552023121387283 0.04301075268817204 0.028901734104046242 0.01075268817204301
2 0.03251445086705202 0.15830346475507764 0.0361271676300578 0.016726403823178016
2 0.09465317919075145 0.2072879330943847 0.05057803468208092 0.017921146953405017
2 0.19002890173410403 0.23506571087216246 0.044797687861271675 0.016129032258064516
2 0.7998554913294798 0.19593787335722818 0.03901734104046243 0.016726403823178016
2 0.7442196531791907 0.18399044205495818 0.03468208092485549 0.014336917562724014
2 0.8591040462427745 0.17025089605734767 0.03901734104046243 0.02031063321385902
2 0.9024566473988439 0.22640382317801672 0.05057803468208092 0.015531660692951015
2 0.9501445086705201 0.26224611708482676 0.05057803468208092 0.015531660692951015
2 0.6445086705202312 0.23685782556750298 0.04046242774566474 0.016129032258064516
2 0.5592485549132947 0.2180406212664277 0.03757225433526011 0.019115890083632018
2 0.4877167630057803 0.24223416965352448 0.05635838150289017 0.016129032258064516
2 0.5296242774566474 0.264336917562724 0.044797687861271675 0.01971326164874552
2 0.3908959537572254 0.2270011947431302 0.03901734104046243 0.014336917562724014
2 0.315028901734104 0.18458781362007168 0.026011560693641616 0.013142174432497012
2 0.11705202312138728 0.25089605734767023 0.03468208092485549 0.013142174432497012
2 0.21026011560693642 0.30197132616487454 0.02745664739884393 0.013739545997610512
2 0.9082369942196531 0.11827956989247311 0.033236994219653176 0.015531660692951015
2 0.8222543352601156 0.09557945041816009 0.028901734104046242 0.014336917562724014
2 0.4429190751445086 0.29778972520908004 0.02745664739884393 0.016129032258064516
2 0.8070809248554913 0.31451612903225806 0.033236994219653176 0.016129032258064516
2 0.7095375722543352 0.3106332138590203 0.028901734104046242 0.015531660692951015
2 0.6271676300578034 0.3267622461170848 0.03757225433526011 0.013142174432497012
2 0.18641618497109827 0.34169653524492233 0.031791907514450865 0.015531660692951015
2 0.5122832369942196 0.3784348864994026 0.033236994219653176 0.013739545997610512
2 0.4140173410404624 0.38739545997610514 0.02745664739884393 0.016129032258064516
2 0.29696531791907516 0.40113500597371565 0.030346820809248554 0.016129032258064516
2 0.20809248554913293 0.39725209080047785 0.028901734104046242 0.013142174432497012
2 0.22254335260115607 0.4336917562724014 0.028901734104046242 0.01194743130227001
2 0.13078034682080925 0.42741935483870963 0.0361271676300578 0.014934289127837515
2 0.5223988439306358 0.45788530465949817 0.0476878612716763 0.01971326164874552
2 0.24927745664739884 0.4991039426523297 0.04190751445086705 0.017323775388291517
2 0.7073699421965317 0.4444444444444444 0.044797687861271675 0.016726403823178016
2 0.6965317919075145 0.3942652329749104 0.03757225433526011 0.016726403823178016
2 0.7695086705202312 0.3915770609318996 0.04190751445086705 0.02210274790919952
2 0.8179190751445087 0.4372759856630824 0.04335260115606936 0.016726403823178016
2 0.7008670520231214 0.48476702508960573 0.046242774566473986 0.02210274790919952
2 0.6806358381502889 0.5020908004778972 0.04046242774566474 0.014934289127837515
2 0.7622832369942196 0.4991039426523297 0.033236994219653176 0.016129032258064516
2 0.7969653179190751 0.4913381123058542 0.03901734104046243 0.016129032258064516
2 0.8258670520231214 0.4841696535244922 0.05346820809248554 0.018518518518518517
2 0.8106936416184971 0.46654719235364395 0.04046242774566474 0.014336917562724014
2 0.8482658959537572 0.46027479091995216 0.04046242774566474 0.016129032258064516
2 0.8995664739884393 0.4444444444444444 0.044797687861271675 0.02389486260454002
2 0.8959537572254335 0.4674432497013142 0.04913294797687861 0.017323775388291517
2 0.6076589595375722 0.4982078853046595 0.044797687861271675 0.017921146953405017
2 0.5079479768786127 0.49581839904420544 0.0476878612716763 0.02031063321385902
2 0.4263005780346821 0.494026284348865 0.031791907514450865 0.016726403823178016
2 0.5549132947976878 0.5161290322580645 0.028901734104046242 0.016726403823178016
2 0.528179190751445 0.533452807646356 0.05346820809248554 0.019115890083632018
2 0.4458092485549133 0.5480884109916367 0.04190751445086705 0.01971326164874552
2 0.08453757225433525 0.531063321385902 0.044797687861271675 0.015531660692951015
2 0.8793352601156069 0.508363201911589 0.05057803468208092 0.019115890083632018
2 0.940028901734104 0.5313620071684587 0.044797687861271675 0.01971326164874552
2 0.9812138728323699 0.5349462365591398 0.031791907514450865 0.014934289127837515
2 0.7897398843930635 0.541816009557945 0.03901734104046243 0.019115890083632018
2 0.8641618497109826 0.5713859020310633 0.03757225433526011 0.013739545997610512
2 0.9291907514450867 0.5961768219832736 0.03757225433526011 0.02031063321385902
2 0.9682080924855491 0.5818399044205496 0.03757225433526011 0.017921146953405017
2 0.9530346820809248 0.55973715651135 0.03901734104046243 0.02150537634408602
2 0.38872832369942195 0.4710274790919952 0.026011560693641616 0.01135005973715651
2 0.3793352601156069 0.5451015531660692 0.033236994219653176 0.018518518518518517
2 0.33092485549132944 0.48148148148148145 0.026011560693641616 0.013142174432497012
2 0.101878612716763 0.600358422939068 0.05057803468208092 0.016726403823178016
2 0.04913294797687861 0.5890083632019115 0.04046242774566474 0.014336917562724014
2 0.09826589595375722 0.5818399044205496 0.04335260115606936 0.017921146953405017
2 0.05202312138728323 0.6155913978494624 0.046242774566473986 0.018518518518518517
2 0.12283236994219653 0.6188769414575865 0.04335260115606936 0.014336917562724014
2 0.13367052023121387 0.6329151732377538 0.033236994219653176 0.016129032258064516
2 0.509393063583815 0.605137395459976 0.0476878612716763 0.014336917562724014
2 0.47398843930635837 0.5952807646356033 0.03757225433526011 0.014934289127837515
2 0.5332369942196532 0.558542413381123 0.046242774566473986 0.017921146953405017
2 0.6098265895953757 0.5636200716845878 0.04913294797687861 0.01971326164874552
2 0.5541907514450867 0.6341099163679809 0.04190751445086705 0.01971326164874552
2 0.5924855491329479 0.621863799283154 0.03468208092485549 0.016726403823178016
2 0.7276011560693642 0.6344086021505376 0.04190751445086705 0.016726403823178016
2 0.7933526011560693 0.632616487455197 0.04335260115606936 0.019115890083632018
2 0.8460982658959537 0.6209677419354839 0.044797687861271675 0.018518518518518517
2 0.9783236994219653 0.6248506571087216 0.04335260115606936 0.016726403823178016
2 0.9082369942196531 0.6511350059737157 0.044797687861271675 0.016726403823178016
2 0.8395953757225433 0.6660692951015531 0.04046242774566474 0.015531660692951015
2 0.7904624277456647 0.6786140979689367 0.046242774566473986 0.017921146953405017
2 0.7312138728323699 0.6830943847072879 0.04335260115606936 0.017323775388291517
2 0.6604046242774566 0.6520310633213858 0.04335260115606936 0.016129032258064516
2 0.6871387283236994 0.7028076463560334 0.03901734104046243 0.014934289127837515
2 0.7319364161849711 0.7069892473118279 0.0361271676300578 0.016129032258064516
2 0.8793352601156069 0.6959378733572281 0.044797687861271675 0.019115890083632018
2 0.9559248554913294 0.7162485065710872 0.033236994219653176 0.017921146953405017
2 0.7955202312138728 0.7350657108721624 0.05635838150289017 0.016129032258064516
2 0.8742774566473988 0.7347670250896057 0.03468208092485549 0.014336917562724014
2 0.8338150289017341 0.7275985663082437 0.031791907514450865 0.013142174432497012
2 0.9313583815028901 0.7389486260454002 0.05635838150289017 0.017921146953405017
2 0.36921965317919075 0.6463560334528076 0.044797687861271675 0.016726403823178016
2 0.26011560693641617 0.6481481481481481 0.046242774566473986 0.016726403823178016
2 0.3417630057803468 0.6594982078853047 0.044797687861271675 0.015531660692951015
2 0.33236994219653176 0.6723416965352449 0.04046242774566474 0.017323775388291517
2 0.23771676300578035 0.6893667861409797 0.044797687861271675 0.014336917562724014
2 0.10838150289017341 0.7311827956989246 0.03757225433526011 0.015531660692951015
2 0.14378612716763006 0.752389486260454 0.04190751445086705 0.01971326164874552
2 0.12861271676300579 0.7768817204301075 0.04046242774566474 0.014934289127837515
2 0.18280346820809248 0.7852449223416965 0.03901734104046243 0.016129032258064516
2 0.2478323699421965 0.7410394265232975 0.04190751445086705 0.017323775388291517
2 0.3338150289017341 0.7311827956989246 0.031791907514450865 0.013142174432497012
2 0.41257225433526007 0.7147550776583034 0.04190751445086705 0.014934289127837515
2 0.5368497109826589 0.7031063321385902 0.044797687861271675 0.013142174432497012
2 0.5592485549132947 0.7586618876941457 0.031791907514450865 0.014336917562724014
2 0.4848265895953757 0.7625448028673835 0.030346820809248554 0.013739545997610512
2 0.5007225433526011 0.790621266427718 0.030346820809248554 0.018518518518518517
2 0.5440751445086704 0.7783751493428912 0.033236994219653176 0.014336917562724014
2 0.5809248554913294 0.7983870967741935 0.031791907514450865 0.014934289127837515
2 0.6235549132947976 0.7759856630824372 0.03901734104046243 0.016726403823178016
2 0.7073699421965317 0.7795698924731183 0.044797687861271675 0.025089605734767022
2 0.7940751445086704 0.806152927120669 0.044797687861271675 0.016129032258064516
2 0.7687861271676301 0.7514934289127837 0.04046242774566474 0.013142174432497012
2 0.9111271676300577 0.782258064516129 0.044797687861271675 0.016129032258064516
2 0.8309248554913294 0.8166069295101552 0.031791907514450865 0.013142174432497012
2 0.7695086705202312 0.8297491039426523 0.044797687861271675 0.014336917562724014
2 0.8359826589595375 0.8303464755077657 0.03901734104046243 0.013142174432497012
2 0.8973988439306358 0.8372162485065711 0.04335260115606936 0.017323775388291517
2 0.9797687861271676 0.8321385902031063 0.04046242774566474 0.014336917562724014
2 0.9320809248554913 0.8548387096774193 0.04335260115606936 0.019115890083632018
2 0.9848265895953757 0.8593189964157706 0.030346820809248554 0.014934289127837515
2 0.9479768786127167 0.8793309438470728 0.06069364161849711 0.02150537634408602
2 0.8554913294797687 0.8706690561529271 0.06647398843930635 0.01971326164874552
2 0.8251445086705201 0.8879928315412186 0.04335260115606936 0.018518518518518517
2 0.29552023121387283 0.810931899641577 0.03901734104046243 0.017323775388291517
2 0.3504335260115607 0.8285543608124253 0.030346820809248554 0.015531660692951015
2 0.3872832369942196 0.8285543608124253 0.03757225433526011 0.015531660692951015
2 0.10260115606936415 0.8258661887694145 0.046242774566473986 0.016129032258064516
2 0.051300578034682076 0.8626045400238949 0.030346820809248554 0.016726403823178016
2 0.13078034682080925 0.8685782556750298 0.030346820809248554 0.014336917562724014
2 0.5932080924855491 0.6956391875746714 0.02745664739884393 0.013739545997610512
2 0.08453757225433525 0.6774193548387096 0.030346820809248554 0.014336917562724014
2 0.4176300578034682 0.8440860215053763 0.031791907514450865 0.013142174432497012
2 0.45736994219653176 0.8578255675029868 0.0361271676300578 0.015531660692951015
2 0.5079479768786127 0.8688769414575865 0.03901734104046243 0.013739545997610512
2 0.5166184971098265 0.846774193548387 0.03901734104046243 0.012544802867383511
2 0.5809248554913294 0.8530465949820788 0.04335260115606936 0.02270011947431302
2 0.7073699421965317 0.8390083632019115 0.04190751445086705 0.014934289127837515
2 0.6791907514450867 0.849163679808841 0.04335260115606936 0.013739545997610512
2 0.13005780346820808 0.9032258064516129 0.04913294797687861 0.015531660692951015
2 0.16690751445086704 0.9208482676224611 0.04190751445086705 0.016129032258064516
2 0.08598265895953756 0.9456391875746714 0.10260115606936415 0.03106332138590203
2 0.24205202312138727 0.8990442054958183 0.0476878612716763 0.025089605734767022
2 0.2760115606936416 0.9184587813620071 0.046242774566473986 0.02329749103942652
2 0.20303468208092484 0.9103942652329748 0.04190751445086705 0.019115890083632018
2 0.17196531791907513 0.9417562724014337 0.04335260115606936 0.017323775388291517
2 0.2073699421965318 0.9360812425328554 0.0361271676300578 0.02150537634408602
2 0.2449421965317919 0.9378733572281959 0.03901734104046243 0.017921146953405017
2 0.2608381502890173 0.9537037037037036 0.05635838150289017 0.02090800477897252
2 0.20953757225433525 0.9653524492234169 0.09826589595375722 0.02986857825567503
2 0.3453757225433526 0.8960573476702508 0.03757225433526011 0.016726403823178016
2 0.3504335260115607 0.9244324970131421 0.0361271676300578 0.02090800477897252
2 0.29552023121387283 0.9384707287933094 0.0361271676300578 0.01194743130227001
2 0.3302023121387283 0.9375746714456391 0.033236994219653176 0.013739545997610512
2 0.37210982658959535 0.9531063321385902 0.044797687861271675 0.018518518518518517
2 0.3099710982658959 0.9695340501792115 0.0361271676300578 0.015531660692951015
2 0.34898843930635837 0.966547192353644 0.030346820809248554 0.014336917562724014
2 0.34104046242774566 0.9790919952210274 0.031791907514450865 0.014336917562724014
2 0.38005780346820806 0.9775985663082437 0.03757225433526011 0.016129032258064516
2 0.4147398843930636 0.9130824372759856 0.04913294797687861 0.017323775388291517
2 0.48916184971098264 0.8954599761051374 0.03901734104046243 0.017921146953405017
2 0.4783236994219653 0.9295101553166069 0.03757225433526011 0.019115890083632018
2 0.407514450867052 0.9369772998805256 0.04913294797687861 0.017323775388291517
2 0.4320809248554913 0.9614695340501791 0.05202312138728323 0.01971326164874552
2 0.5267341040462428 0.9522102747909199 0.04190751445086705 0.017921146953405017
2 0.4898843930635838 0.9737156511350059 0.04046242774566474 0.016726403823178016
2 0.49421965317919075 0.9889486260454001 0.04335260115606936 0.013739545997610512
2 0.5455202312138728 0.9796893667861409 0.04190751445086705 0.014336917562724014
2 0.5700867052023121 0.9620669056152926 0.0361271676300578 0.014934289127837515
2 0.5166184971098265 0.9133811230585424 0.04190751445086705 0.01075268817204301
2 0.5267341040462428 0.9247311827956989 0.03901734104046243 0.013142174432497012
2 0.5657514450867052 0.89336917562724 0.05057803468208092 0.013739545997610512
2 0.5606936416184971 0.9256272401433692 0.028901734104046242 0.014934289127837515
2 0.5895953757225433 0.9181600955794503 0.028901734104046242 0.02150537634408602
2 0.6184971098265896 0.9157706093189963 0.031791907514450865 0.019115890083632018
2 0.6365606936416185 0.9456391875746714 0.04190751445086705 0.017921146953405017
2 0.6582369942196531 0.9333930704898447 0.04190751445086705 0.017323775388291517
2 0.6856936416184971 0.9575866188769414 0.03901734104046243 0.016726403823178016
2 0.7427745664739884 0.9217443249701314 0.06358381502890173 0.027479091995221024
2 0.7478323699421965 0.9390681003584229 0.0476878612716763 0.016726403823178016
2 0.8287572254335259 0.9360812425328554 0.05057803468208092 0.016726403823178016
2 0.7969653179190751 0.9456391875746714 0.04190751445086705 0.015531660692951015
2 0.8713872832369942 0.9199522102747909 0.03468208092485549 0.019115890083632018
2 0.9132947976878613 0.9205495818399043 0.046242774566473986 0.02150537634408602
2 0.963150289017341 0.9214456391875746 0.05635838150289017 0.02090800477897252
2 0.6271676300578034 0.8915770609318996 0.03757225433526011 0.016129032258064516
2 0.6806358381502889 0.8936678614097968 0.046242774566473986 0.015531660692951015
2 0.6828034682080925 0.8763440860215054 0.03901734104046243 0.015531660692951015
2 0.7528901734104045 0.8942652329749103 0.04046242774566474 0.016726403823178016
2 0.6271676300578034 0.9916367980884109 0.026011560693641616 0.016726403823178016
2 0.1134393063583815 0.29778972520908004 0.030346820809248554 0.013739545997610512
2 0.5910404624277457 0.2789725209080048 0.05202312138728323 0.015531660692951015
2 0.15317919075144507 0.005973715651135005 0.03468208092485549 0.01075268817204301
2 0.14667630057803469 0.026284348864994023 0.044797687861271675 0.02031063321385902
2 0.10621387283236994 0.007168458781362007 0.059248554913294796 0.013142174432497012
2 0.4031791907514451 0.8829151732377538 0.031791907514450865 0.01194743130227001
2 0.46965317919075145 0.9486260454002389 0.031791907514450865 0.01194743130227001
2 0.42485549132947975 0.9256272401433692 0.046242774566473986 0.013739545997610512
2 0.1546242774566474 0.9671445639187574 0.03468208092485549 0.03345280764635603
2 0.7536127167630058 0.802568697729988 0.03901734104046243 0.012544802867383511
2 0.1380057803468208 0.840800477897252 0.030346820809248554 0.01135005973715651
2 0.24710982658959538 0.3452807646356033 0.031791907514450865 0.014336917562724014
2 0.44942196531791906 0.33602150537634407 0.03757225433526011 0.014934289127837515
2 0.45447976878612717 0.35782556750298683 0.030346820809248554 0.014336917562724014
2 0.8099710982658959 0.33960573476702505 0.033236994219653176 0.014934289127837515
2 0.4833815028901734 0.42801672640382316 0.03901734104046243 0.016129032258064516
2 0.5708092485549132 0.41099163679808837 0.03757225433526011 0.013142174432497012
2 0.6654624277456647 0.45997610513739545 0.030346820809248554 0.01194743130227001
2 0.7290462427745664 0.4629629629629629 0.05635838150289017 0.015531660692951015
2 0.2622832369942196 0.5660095579450418 0.030346820809248554 0.014934289127837515
2 0.3468208092485549 0.5158303464755077 0.04913294797687861 0.016129032258064516
2 0.6697976878612717 0.605137395459976 0.0361271676300578 0.013142174432497012
2 0.4710982658959537 0.6397849462365591 0.03468208092485549 0.02270011947431302
2 0.8258670520231214 0.7879330943847073 0.07369942196531791 0.025089605734767022
2 0.430635838150289 0.013440860215053762 0.02023121387283237 0.007765830346475508
2 0.4718208092485549 0.008363201911589008 0.02745664739884393 0.01075268817204301
2 0.5722543352601156 0.018518518518518517 0.028901734104046242 0.019115890083632018
2 0.8294797687861272 0.11499402628434886 0.04913294797687861 0.01135005973715651
2 0.14595375722543352 0.10185185185185185 0.046242774566473986 0.017323775388291517
2 0.19942196531791906 0.12216248506571087 0.03757225433526011 0.016129032258064516
2 0.7687861271676301 0.1687574671445639 0.031791907514450865 0.01015531660692951
2 0.7189306358381502 0.19474313022700118 0.033236994219653176 0.015531660692951015
2 0.6423410404624277 0.19324970131421743 0.04190751445086705 0.01135005973715651
2 0.6423410404624277 0.2048984468339307 0.04190751445086705 0.01075268817204301
2 0.23916184971098264 0.17353643966547191 0.0361271676300578 0.013739545997610512
2 0.24060693641618497 0.21356033452807646 0.0361271676300578 0.01135005973715651
2 0.17196531791907513 0.20639187574671444 0.03757225433526011 0.012544802867383511
2 0.054190751445086706 0.18339307048984468 0.033236994219653176 0.01194743130227001
2 0.054190751445086706 0.2102747909199522 0.033236994219653176 0.013142174432497012
2 0.44508670520231214 0.23476702508960573 0.028901734104046242 0.013142174432497012
2 0.46965317919075145 0.26224611708482676 0.03468208092485549 0.02031063321385902
2 0.7760115606936416 0.31391875746714454 0.02023121387283237 0.017323775388291517
2 0.6127167630057803 0.39844683393070485 0.028901734104046242 0.01194743130227001
2 0.5679190751445087 0.3802270011947431 0.028901734104046242 0.013739545997610512
2 0.6618497109826589 0.3820191158900836 0.031791907514450865 0.012544802867383511
2 0.6654624277456647 0.3915770609318996 0.024566473988439304 0.01015531660692951
2 0.7023121387283237 0.36738351254480284 0.023121387283236993 0.01075268817204301
2 0.875 0.3724611708482676 0.033236994219653176 0.018518518518518517
2 0.9053468208092486 0.35125448028673834 0.04190751445086705 0.02150537634408602
2 0.819364161849711 0.3838112305854241 0.03468208092485549 0.013739545997610512
2 0.7940751445086704 0.41069295101553166 0.05057803468208092 0.01971326164874552
2 0.7312138728323699 0.4071087216248506 0.026011560693641616 0.012544802867383511
2 0.6799132947976878 0.41129032258064513 0.024566473988439304 0.013739545997610512
2 0.11705202312138728 0.4605734767025089 0.03757225433526011 0.014336917562724014
2 0.20809248554913293 0.4907407407407407 0.031791907514450865 0.013739545997610512
2 0.34393063583815026 0.502389486260454 0.03757225433526011 0.01194743130227001
2 0.5057803468208092 0.5737753882915173 0.03757225433526011 0.014934289127837515
2 0.49421965317919075 0.5588410991636797 0.026011560693641616 0.01135005973715651
2 0.21315028901734104 0.5355436081242533 0.033236994219653176 0.01135005973715651
2 0.14234104046242774 0.5848267622461171 0.03901734104046243 0.014336917562724014
2 0.16184971098265896 0.64336917562724 0.04046242774566474 0.01194743130227001
2 0.6661849710982659 0.6678614097968937 0.046242774566473986 0.01194743130227001
2 0.6770231213872832 0.6804062126642771 0.030346820809248554 0.014336917562724014
2 0.8713872832369942 0.7111708482676224 0.028901734104046242 0.008960573476702509
2 0.8222543352601156 0.7467144563918757 0.028901734104046242 0.009557945041816009
2 0.9841040462427745 0.7419354838709677 0.031791907514450865 0.019115890083632018
2 0.4371387283236994 0.7476105137395459 0.02745664739884393 0.012544802867383511
2 0.2052023121387283 0.7311827956989246 0.03757225433526011 0.008363201911589008
2 0.24710982658959538 0.795400238948626 0.03757225433526011 0.012544802867383511
2 0.3236994219653179 0.8515531660692951 0.03468208092485549 0.016129032258064516
2 0.6033236994219653 0.9865591397849461 0.030346820809248554 0.013739545997610512
2 0.5686416184971098 0.9907407407407407 0.02745664739884393 0.012544802867383511
2 0.4140173410404624 0.9868578255675029 0.033236994219653176 0.013142174432497012
2 0.38005780346820806 0.9931302270011947 0.04335260115606936 0.012544802867383511
2 0.8294797687861272 0.9187574671445639 0.031791907514450865 0.015531660692951015
