2 0.17178362573099415 0.033738601823708206 0.04532163742690058 0.01762917933130699
2 0.22880116959064326 0.07507598784194529 0.033625730994152045 0.012765957446808512
2 0.06725146198830409 0.08054711246200609 0.02631578947368421 0.02006079027355623
2 0.06944444444444445 0.10364741641337387 0.03654970760233918 0.013981762917933132
2 0.03435672514619883 0.11641337386018238 0.033625730994152045 0.012765957446808512
2 0.027777777777777776 0.15319148936170213 0.043859649122807015 0.018237082066869303
2 0.11038011695906433 0.14772036474164135 0.039473684210526314 0.018237082066869303
2 0.21637426900584794 0.10121580547112463 0.04093567251461988 0.021276595744680854
2 0.1915204678362573 0.14407294832826747 0.04093567251461988 0.01702127659574468
2 0.2361111111111111 0.14012158054711246 0.04239766081871345 0.01762917933130699
2 0.3055555555555555 0.14559270516717326 0.043859649122807015 0.01641337386018237
2 0.3684210526315789 0.1370820668693009 0.043859649122807015 0.01641337386018237
2 0.3165204678362573 0.11306990881458967 0.05116959064327485 0.025531914893617023
2 0.4305555555555555 0.08875379939209727 0.04824561403508772 0.01702127659574468
2 0.38084795321637427 0.020972644376899698 0.04532163742690058 0.013981762917933132
2 0.5994152046783625 0.07386018237082068 0.038011695906432746 0.01641337386018237
2 0.5160818713450293 0.0878419452887538 0.038011695906432746 0.013981762917933132
2 0.7032163742690059 0.11884498480243162 0.03508771929824561 0.013981762917933132
2 0.6820175438596491 0.15775075987841947 0.03070175438596491 0.015197568389057751
2 0.790204678362573 0.12006079027355623 0.039473684210526314 0.013981762917933132
2 0.8179824561403508 0.14437689969604864 0.04532163742690058 0.01762917933130699
2 0.9005847953216374 0.06413373860182371 0.03508771929824561 0.015197568389057751
2 0.9305555555555555 0.1370820668693009 0.03070175438596491 0.011550151975683891
2 0.9312865497076023 0.12097264437689971 0.02631578947368421 0.012158054711246202
2 0.9137426900584795 0.24650455927051673 0.038011695906432746 0.01762917933130699
2 0.8413742690058479 0.2610942249240122 0.04824561403508772 0.02006079027355623
2 0.7236842105263157 0.25167173252279634 0.03508771929824561 0.01702127659574468
2 0.763157894736842 0.25258358662613983 0.038011695906432746 0.01641337386018237
2 0.6754385964912281 0.26990881458966565 0.038011695906432746 0.018237082066869303
2 0.3925438596491228 0.27355623100303955 0.039473684210526314 0.01702127659574468
2 0.11769005847953215 0.1893617021276596 0.033625730994152045 0.01762917933130699
2 0.4093567251461988 0.196048632218845 0.043859649122807015 0.013981762917933132
2 0.27850877192982454 0.19726443768996962 0.06871345029239766 0.018844984802431613
2 0.21052631578947367 0.21155015197568391 0.04093567251461988 0.015805471124620062
2 0.766812865497076 0.18814589665653497 0.039473684210526314 0.01641337386018237
2 0.5643274853801169 0.12613981762917933 0.038011695906432746 0.018844984802431613
2 0.8494152046783625 0.19027355623100306 0.04093567251461988 0.015805471124620062
2 0.36257309941520466 0.22218844984802433 0.03216374269005848 0.015197568389057751
2 0.06505847953216373 0.2264437689969605 0.03070175438596491 0.013981762917933132
2 0.05263157894736842 0.25440729483282676 0.03216374269005848 0.01641337386018237
2 0.11403508771929824 0.24650455927051673 0.043859649122807015 0.01641337386018237
2 0.2595029239766082 0.25835866261398177 0.039473684210526314 0.014589665653495442
2 0.34868421052631576 0.2446808510638298 0.03654970760233918 0.015197568389057751
2 0.41447368421052627 0.24924012158054712 0.03070175438596491 0.014589665653495442
2 0.4371345029239766 0.26990881458966565 0.02631578947368421 0.012158054711246202
2 0.41081871345029236 0.2924012158054711 0.03508771929824561 0.015805471124620062
2 0.3530701754385965 0.2711246200607903 0.03654970760233918 0.015805471124620062
2 0.3472222222222222 0.2851063829787234 0.033625730994152045 0.015805471124620062
2 0.48026315789473684 0.26261398176291795 0.04824561403508772 0.01702127659574468
2 0.5643274853801169 0.26656534954407296 0.03216374269005848 0.01641337386018237
2 0.6001461988304093 0.26139817629179335 0.04532163742690058 0.014589665653495442
2 0.6630116959064327 0.24832826747720366 0.04239766081871345 0.012765957446808512
2 0.6798245614035088 0.23373860182370823 0.03216374269005848 0.013981762917933132
2 0.6557017543859649 0.2854103343465046 0.03070175438596491 0.01641337386018237
2 0.7134502923976608 0.28389057750759883 0.038011695906432746 0.01702127659574468
2 0.1871345029239766 0.31945288753799395 0.05555555555555555 0.018844984802431613
2 0.3845029239766082 0.31671732522796353 0.04093567251461988 0.01702127659574468
2 0.5197368421052632 0.30425531914893617 0.039473684210526314 0.015197568389057751
2 0.48684210526315785 0.3291793313069909 0.04093567251461988 0.013981762917933132
2 0.6023391812865497 0.305775075987842 0.038011695906432746 0.015805471124620062
2 0.581140350877193 0.31550151975683893 0.027777777777777776 0.013373860182370821
2 0.6747076023391813 0.30851063829787234 0.03654970760233918 0.013981762917933132
2 0.9195906432748537 0.30030395136778115 0.038011695906432746 0.01702127659574468
2 0.8808479532163742 0.30243161094224924 0.03654970760233918 0.01641337386018237
2 0.9429824561403508 0.28693009118541035 0.029239766081871343 0.015805471124620062
2 0.8728070175438596 0.27598784194528875 0.04678362573099415 0.013373860182370821
2 0.2595029239766082 0.3474164133738602 0.033625730994152045 0.012765957446808512
2 0.32821637426900585 0.356838905775076 0.03654970760233918 0.01702127659574468
2 0.39400584795321636 0.3516717325227964 0.033625730994152045 0.01641337386018237
2 0.611111111111111 0.3501519756838906 0.029239766081871343 0.018237082066869303
2 0.7134502923976608 0.3492401215805471 0.038011695906432746 0.01641337386018237
2 0.7945906432748537 0.3231003039513678 0.039473684210526314 0.01762917933130699
2 0.8391812865497076 0.3501519756838906 0.043859649122807015 0.018237082066869303
2 0.7828947368421052 0.3440729483282675 0.03070175438596491 0.015805471124620062
2 0.2448830409356725 0.3826747720364742 0.04532163742690058 0.01762917933130699
2 0.0489766081871345 0.38844984802431615 0.033625730994152045 0.012158054711246202
2 0.06725146198830409 0.4267477203647417 0.04678362573099415 0.013373860182370821
2 0.1154970760233918 0.4009118541033435 0.049707602339181284 0.024924012158054714
2 0.12426900584795321 0.42917933130699093 0.04093567251461988 0.014589665653495442
2 0.24415204678362573 0.41489361702127664 0.038011695906432746 0.01641337386018237
2 0.22368421052631576 0.4264437689969605 0.07309941520467836 0.02006079027355623
2 0.19444444444444442 0.4367781155015198 0.043859649122807015 0.018844984802431613
2 0.15497076023391812 0.4507598784194529 0.05555555555555555 0.01762917933130699
2 0.14108187134502922 0.4753799392097265 0.06578947368421052 0.01702127659574468
2 0.26169590643274854 0.46261398176291796 0.043859649122807015 0.018237082066869303
2 0.3223684210526316 0.46200607902735563 0.06286549707602339 0.01702127659574468
2 0.44225146198830406 0.4455927051671733 0.04532163742690058 0.015805471124620062
2 0.5211988304093567 0.41884498480243165 0.05116959064327485 0.02066869300911854
2 0.5796783625730993 0.38024316109422496 0.04239766081871345 0.02006079027355623
2 0.5423976608187134 0.3644376899696049 0.05555555555555555 0.02370820668693009
2 0.6893274853801169 0.3696048632218845 0.04532163742690058 0.014589665653495442
2 0.7222222222222222 0.388145896656535 0.03508771929824561 0.012765957446808512
2 0.7748538011695906 0.3772036474164134 0.043859649122807015 0.018844984802431613
2 0.7419590643274854 0.36413373860182374 0.04239766081871345 0.01702127659574468
2 0.8391812865497076 0.374468085106383 0.07894736842105263 0.02066869300911854
2 0.8728070175438596 0.41185410334346506 0.04678362573099415 0.01762917933130699
2 0.7953216374269005 0.40060790273556235 0.05555555555555555 0.01702127659574468
2 0.7975146198830408 0.4243161094224924 0.04532163742690058 0.015805471124620062
2 0.7419590643274854 0.41398176291793315 0.04532163742690058 0.015805471124620062
2 0.6732456140350876 0.4182370820668693 0.04532163742690058 0.019452887537993922
2 0.5906432748538011 0.41671732522796356 0.04093567251461988 0.01641337386018237
2 0.28654970760233917 0.41793313069908816 0.03508771929824561 0.01762917933130699
2 0.10818713450292397 0.5121580547112462 0.03216374269005848 0.015197568389057751
2 0.1922514619883041 0.5197568389057751 0.03070175438596491 0.014589665653495442
2 0.5190058479532164 0.4750759878419453 0.038011695906432746 0.01762917933130699
2 0.5687134502923976 0.45592705167173253 0.038011695906432746 0.014589665653495442
2 0.6176900584795322 0.47416413373860183 0.04239766081871345 0.01702127659574468
2 0.6578947368421052 0.4726443768996961 0.03216374269005848 0.013981762917933132
2 0.6805555555555555 0.4550151975683891 0.03654970760233918 0.01641337386018237
2 0.7324561403508771 0.4583586626139818 0.038011695906432746 0.014589665653495442
2 0.7814327485380117 0.4714285714285715 0.04532163742690058 0.01762917933130699
2 0.8633040935672515 0.4641337386018237 0.039473684210526314 0.01641337386018237
2 0.7938596491228069 0.517629179331307 0.043859649122807015 0.01762917933130699
2 0.8457602339181286 0.5267477203647417 0.039473684210526314 0.01641337386018237
2 0.27850877192982454 0.5717325227963527 0.04532163742690058 0.01641337386018237
2 0.27923976608187134 0.5443768996960486 0.04678362573099415 0.01641337386018237
2 0.46271929824561403 0.5364741641337386 0.05116959064327485 0.021276595744680854
2 0.40277777777777773 0.5878419452887539 0.04824561403508772 0.019452887537993922
2 0.5153508771929824 0.5817629179331307 0.04824561403508772 0.014589665653495442
2 0.6125730994152047 0.5802431610942249 0.049707602339181284 0.021276595744680854
2 0.5730994152046783 0.6033434650455928 0.043859649122807015 0.013981762917933132
2 0.6878654970760234 0.6000000000000001 0.04239766081871345 0.01702127659574468
2 0.7463450292397661 0.5951367781155016 0.033625730994152045 0.015805471124620062
2 0.7448830409356725 0.578419452887538 0.039473684210526314 0.012765957446808512
2 0.7909356725146198 0.5674772036474165 0.043859649122807015 0.01641337386018237
2 0.9027777777777777 0.5811550151975684 0.039473684210526314 0.01702127659574468
2 0.8494152046783625 0.611550151975684 0.03508771929824561 0.014589665653495442
2 0.12353801169590642 0.5732522796352584 0.04824561403508772 0.014589665653495442
2 0.19517543859649122 0.639209726443769 0.04532163742690058 0.01641337386018237
2 0.1381578947368421 0.6483282674772037 0.04824561403508772 0.018844984802431613
2 0.08114035087719298 0.6653495440729483 0.033625730994152045 0.01641337386018237
2 0.29678362573099415 0.6486322188449849 0.038011695906432746 0.018237082066869303
2 0.2353801169590643 0.6334346504559271 0.038011695906432746 0.018237082066869303
2 0.26169590643274854 0.6428571428571429 0.029239766081871343 0.015197568389057751
2 0.3523391812865497 0.6620060790273556 0.04678362573099415 0.01702127659574468
2 0.45906432748538006 0.6525835866261399 0.04093567251461988 0.01762917933130699
2 0.5277777777777778 0.6510638297872341 0.03508771929824561 0.012158054711246202
2 0.5614035087719298 0.631306990881459 0.038011695906432746 0.01033434650455927
2 0.6008771929824561 0.6349544072948329 0.038011695906432746 0.013981762917933132
2 0.5986842105263157 0.6504559270516718 0.033625730994152045 0.015805471124620062
2 0.6352339181286549 0.6492401215805471 0.039473684210526314 0.01702127659574468
2 0.6410818713450293 0.6677811550151976 0.03654970760233918 0.021276595744680854
2 0.6849415204678362 0.6617021276595745 0.054093567251461985 0.024924012158054714
2 0.679093567251462 0.6297872340425532 0.03070175438596491 0.01702127659574468
2 0.7324561403508771 0.6422492401215806 0.03508771929824561 0.013981762917933132
2 0.7660818713450293 0.6276595744680852 0.04093567251461988 0.013981762917933132
2 0.8048245614035088 0.6495440729483283 0.039473684210526314 0.015197568389057751
2 0.8538011695906432 0.6425531914893617 0.03216374269005848 0.014589665653495442
2 0.9203216374269005 0.6446808510638299 0.039473684210526314 0.01641337386018237
2 0.11842105263157894 0.682370820668693 0.02631578947368421 0.013981762917933132
2 0.1732456140350877 0.6778115501519757 0.03654970760233918 0.014589665653495442
2 0.23903508771929824 0.6726443768996961 0.033625730994152045 0.013981762917933132
2 0.4057017543859649 0.6917933130699089 0.033625730994152045 0.012158054711246202
2 0.4583333333333333 0.7063829787234043 0.039473684210526314 0.013373860182370821
2 0.11038011695906433 0.7389057750759879 0.039473684210526314 0.018844984802431613
2 0.16228070175438597 0.7158054711246201 0.029239766081871343 0.012765957446808512
2 0.17105263157894735 0.7565349544072949 0.043859649122807015 0.01641337386018237
2 0.20394736842105263 0.7404255319148937 0.027777777777777776 0.014589665653495442
2 0.24561403508771928 0.7270516717325228 0.029239766081871343 0.014589665653495442
2 0.32456140350877194 0.7376899696048633 0.03216374269005848 0.013981762917933132
2 0.2404970760233918 0.762613981762918 0.027777777777777776 0.011550151975683891
2 0.26608187134502925 0.7680851063829788 0.023391812865497075 0.013981762917933132
2 0.10818713450292397 0.7568389057750761 0.04093567251461988 0.012158054711246202
2 0.43128654970760233 0.7437689969604864 0.043859649122807015 0.018844984802431613
2 0.38888888888888884 0.7474164133738602 0.03216374269005848 0.012765957446808512
2 0.4619883040935672 0.7604863221884499 0.02631578947368421 0.013373860182370821
2 0.4809941520467836 0.7711246200607903 0.03216374269005848 0.01641337386018237
2 0.5197368421052632 0.7732522796352584 0.03070175438596491 0.010942249240121582
2 0.5197368421052632 0.7537993920972645 0.027777777777777776 0.014589665653495442
2 0.4451754385964912 0.772340425531915 0.03654970760233918 0.011550151975683891
2 0.5687134502923976 0.7319148936170213 0.038011695906432746 0.018237082066869303
2 0.6023391812865497 0.7443768996960487 0.02631578947368421 0.012765957446808512
2 0.6133040935672515 0.7635258358662614 0.024853801169590642 0.012158054711246202
2 0.702485380116959 0.717629179331307 0.04239766081871345 0.01762917933130699
2 0.8230994152046783 0.6990881458966566 0.038011695906432746 0.013373860182370821
2 0.8801169590643274 0.6969604863221885 0.03216374269005848 0.013981762917933132
2 0.7521929824561403 0.7404255319148937 0.03654970760233918 0.015805471124620062
2 0.7171052631578947 0.7589665653495441 0.03654970760233918 0.01641337386018237
2 0.8501461988304093 0.7477203647416414 0.039473684210526314 0.018237082066869303
2 0.8216374269005847 0.7610942249240122 0.029239766081871343 0.009726443768996961
2 0.8954678362573099 0.7468085106382979 0.027777777777777776 0.012765957446808512
2 0.8523391812865496 0.7328267477203648 0.02631578947368421 0.01033434650455927
2 0.8516081871345029 0.7699088145896658 0.024853801169590642 0.013981762917933132
2 0.8340643274853801 0.7854103343465046 0.027777777777777776 0.010942249240121582
2 0.7719298245614035 0.7759878419452888 0.03216374269005848 0.011550151975683891
2 0.23757309941520466 0.8003039513677812 0.027777777777777776 0.011550151975683891
2 0.19736842105263158 0.7878419452887538 0.038011695906432746 0.019452887537993922
2 0.3260233918128655 0.7942249240121582 0.029239766081871343 0.01762917933130699
2 0.4261695906432748 0.7957446808510639 0.024853801169590642 0.013373860182370821
2 0.5511695906432749 0.8088145896656536 0.038011695906432746 0.01641337386018237
2 0.6235380116959064 0.8112462006079028 0.03070175438596491 0.012765957446808512
2 0.7309941520467835 0.8158054711246201 0.043859649122807015 0.01702127659574468
2 0.6973684210526315 0.8282674772036475 0.04093567251461988 0.015197568389057751
2 0.7697368421052632 0.8130699088145897 0.024853801169590642 0.011550151975683891
2 0.8252923976608186 0.8039513677811551 0.03654970760233918 0.018844984802431613
2 0.7865497076023391 0.7875379939209727 0.029239766081871343 0.011550151975683891
2 0.6513157894736842 0.7911854103343465 0.027777777777777776 0.01641337386018237
2 0.6966374269005847 0.7990881458966566 0.033625730994152045 0.013981762917933132
2 0.8391812865497076 0.8182370820668694 0.03508771929824561 0.01702127659574468
2 0.7916666666666666 0.8103343465045594 0.024853801169590642 0.013373860182370821
2 0.8874269005847952 0.801823708206687 0.029239766081871343 0.013373860182370821
2 0.9239766081871345 0.8054711246200609 0.038011695906432746 0.018237082066869303
2 0.8903508771929824 0.8155015197568389 0.02631578947368421 0.01033434650455927
2 0.9261695906432748 0.819452887537994 0.03070175438596491 0.010942249240121582
2 0.8121345029239766 0.8386018237082068 0.03070175438596491 0.012765957446808512
2 0.8092105263157894 0.8541033434650457 0.04239766081871345 0.01702127659574468
2 0.8771929824561403 0.8416413373860183 0.03216374269005848 0.012765957446808512
2 0.8523391812865496 0.829179331306991 0.03216374269005848 0.009726443768996961
2 0.7492690058479532 0.8276595744680851 0.027777777777777776 0.011550151975683891
2 0.5913742690058479 0.841033434650456 0.027777777777777776 0.013981762917933132
2 0.34868421052631576 0.839209726443769 0.03070175438596491 0.013981762917933132
2 0.09941520467836257 0.8620060790273557 0.043859649122807015 0.018237082066869303
2 0.2185672514619883 0.8537993920972645 0.03654970760233918 0.013981762917933132
2 0.31359649122807015 0.8562310030395137 0.039473684210526314 0.01641337386018237
2 0.27192982456140347 0.8702127659574469 0.03508771929824561 0.011550151975683891
2 0.38888888888888884 0.8525835866261399 0.03508771929824561 0.011550151975683891
2 0.35964912280701755 0.8632218844984803 0.029239766081871343 0.009726443768996961
2 0.3706140350877193 0.8805471124620061 0.039473684210526314 0.015197568389057751
2 0.4371345029239766 0.8550151975683891 0.04093567251461988 0.013981762917933132
2 0.4612573099415204 0.8693009118541034 0.04532163742690058 0.014589665653495442
2 0.4671052631578947 0.888145896656535 0.033625730994152045 0.012158054711246202
2 0.5175438596491228 0.866565349544073 0.03216374269005848 0.013981762917933132
2 0.5657894736842105 0.8768996960486323 0.04678362573099415 0.01762917933130699
2 0.6929824561403508 0.8574468085106384 0.03508771929824561 0.013981762917933132
2 0.7485380116959064 0.8574468085106384 0.03508771929824561 0.012765957446808512
2 0.7711988304093567 0.8680851063829788 0.033625730994152045 0.012158054711246202
2 0.8326023391812865 0.8747720364741642 0.039473684210526314 0.015805471124620062
2 0.8603801169590642 0.8808510638297873 0.03070175438596491 0.012158054711246202
2 0.9210526315789473 0.8677811550151976 0.04093567251461988 0.01641337386018237
2 0.16666666666666666 0.893920972644377 0.043859649122807015 0.01762917933130699
2 0.141812865497076 0.917629179331307 0.038011695906432746 0.01762917933130699
2 0.06067251461988304 0.9243161094224924 0.039473684210526314 0.015197568389057751
2 0.2536549707602339 0.89209726443769 0.03070175438596491 0.012765957446808512
2 0.3084795321637427 0.8869300911854104 0.049707602339181284 0.01702127659574468
2 0.4159356725146199 0.9027355623100305 0.033625730994152045 0.013373860182370821
2 0.34064327485380114 0.9115501519756839 0.043859649122807015 0.012765957446808512
2 0.5796783625730993 0.8966565349544073 0.04532163742690058 0.01702127659574468
2 0.7616959064327485 0.9106382978723405 0.03216374269005848 0.018237082066869303
2 0.8260233918128654 0.8957446808510638 0.043859649122807015 0.01762917933130699
2 0.8114035087719298 0.9261398176291794 0.03508771929824561 0.01641337386018237
2 0.8742690058479532 0.9313069908814591 0.04093567251461988 0.01702127659574468
2 0.9203216374269005 0.9170212765957447 0.039473684210526314 0.01641337386018237
2 0.7529239766081871 0.941033434650456 0.038011695906432746 0.015805471124620062
2 0.783625730994152 0.964741641337386 0.04093567251461988 0.018237082066869303
2 0.7302631578947368 0.9838905775075989 0.03654970760233918 0.01762917933130699
2 0.7799707602339181 0.9835866261398177 0.033625730994152045 0.014589665653495442
2 0.6973684210526315 0.9583586626139818 0.05263157894736842 0.01641337386018237
2 0.6761695906432749 0.9401215805471125 0.03654970760233918 0.015197568389057751
2 0.6440058479532164 0.9325227963525836 0.033625730994152045 0.013373860182370821
2 0.6133040935672515 0.9231003039513679 0.04824561403508772 0.015197568389057751
2 0.5643274853801169 0.9224924012158056 0.03508771929824561 0.015197568389057751
2 0.5321637426900585 0.9237082066869301 0.03508771929824561 0.011550151975683891
2 0.5285087719298245 0.9477203647416415 0.039473684210526314 0.01702127659574468
2 0.5665204678362573 0.9541033434650457 0.033625730994152045 0.013981762917933132
2 0.5957602339181286 0.9486322188449848 0.033625730994152045 0.012765957446808512
2 0.45248538011695905 0.9386018237082068 0.04532163742690058 0.015805471124620062
2 0.4049707602339181 0.9224924012158056 0.038011695906432746 0.015197568389057751
2 0.4057017543859649 0.9610942249240122 0.03654970760233918 0.015805471124620062
2 0.3574561403508772 0.9598784194528877 0.027777777777777776 0.012158054711246202
2 0.29239766081871343 0.9601823708206687 0.05555555555555555 0.01762917933130699
2 0.26169590643274854 0.9793313069908816 0.04093567251461988 0.01702127659574468
2 0.21418128654970758 0.9300911854103344 0.04239766081871345 0.015805471124620062
2 0.0847953216374269 0.9522796352583587 0.038011695906432746 0.015197568389057751
2 0.06725146198830409 0.9817629179331308 0.04093567251461988 0.015805471124620062
2 0.31067251461988304 0.9045592705167174 0.04532163742690058 0.01702127659574468
2 0.30921052631578944 0.9811550151975684 0.03070175438596491 0.019452887537993922
2 0.3501461988304093 0.8161094224924013 0.03070175438596491 0.013981762917933132
2 0.11842105263157894 0.8854103343465046 0.03508771929824561 0.013981762917933132
2 0.6103801169590642 0.6866261398176292 0.027777777777777776 0.012765957446808512
2 0.7682748538011696 0.6787234042553192 0.027777777777777776 0.012765957446808512
2 0.7134502923976608 0.688145896656535 0.029239766081871343 0.012158054711246202
2 0.08333333333333333 0.6468085106382979 0.02046783625730994 0.010942249240121582
2 0.09429824561403508 0.6249240121580547 0.021929824561403508 0.00851063829787234
2 0.0577485380116959 0.6191489361702128 0.021929824561403508 0.009118541033434652
2 0.04239766081871345 0.6492401215805471 0.023391812865497075 0.009726443768996961
2 0.4225146198830409 0.22948328267477205 0.03508771929824561 0.02006079027355623
2 0.4641812865497076 0.04346504559270517 0.03070175438596491 0.012765957446808512
2 0.7324561403508771 0.07386018237082068 0.029239766081871343 0.012765957446808512
2 0.6432748538011696 0.06990881458966566 0.029239766081871343 0.012158054711246202
2 0.24707602339181284 0.15835866261398177 0.038011695906432746 0.015197568389057751
2 0.8925438596491228 0.16534954407294833 0.027777777777777776 0.010942249240121582
2 0.4612573099415204 0.2954407294832827 0.03070175438596491 0.012158054711246202
2 0.6059941520467836 0.27872340425531916 0.03070175438596491 0.011550151975683891
2 0.7872807017543859 0.2872340425531915 0.039473684210526314 0.009118541033434652
2 0.8421052631578947 0.2975683890577508 0.029239766081871343 0.013981762917933132
2 0.9722222222222222 0.30729483282674774 0.038011695906432746 0.01762917933130699
2 0.8267543859649122 0.3170212765957447 0.027777777777777776 0.011550151975683891
2 0.9042397660818713 0.3452887537993921 0.024853801169590642 0.013373860182370821
2 0.8501461988304093 0.33373860182370824 0.04239766081871345 0.013373860182370821
2 0.72953216374269 0.305775075987842 0.029239766081871343 0.013373860182370821
2 0.9108187134502923 0.509726443768997 0.03508771929824561 0.011550151975683891
2 0.7222222222222222 0.5121580547112462 0.03508771929824561 0.01641337386018237
2 0.14327485380116958 0.501823708206687 0.03508771929824561 0.013981762917933132
2 0.09576023391812866 0.5577507598784195 0.039473684210526314 0.012765957446808512
2 0.36330409356725146 0.7027355623100304 0.033625730994152045 0.010942249240121582
2 0.8852339181286549 0.7686930091185411 0.024853801169590642 0.012765957446808512
2 0.9364035087719298 0.7924012158054712 0.033625730994152045 0.012765957446808512
2 0.9078947368421052 0.7917933130699089 0.029239766081871343 0.009118541033434652
2 0.9809941520467835 0.8066869300911854 0.02631578947368421 0.015805471124620062
2 0.7368421052631579 0.8006079027355624 0.029239766081871343 0.012158054711246202
2 0.20833333333333331 0.8878419452887538 0.021929824561403508 0.012765957446808512
2 0.02266081871345029 0.9559270516717326 0.03654970760233918 0.015197568389057751
2 0.025584795321637425 0.9902735562310031 0.024853801169590642 0.014589665653495442
2 0.2404970760233918 0.9899696048632219 0.024853801169590642 0.012765957446808512
2 0.22514619883040934 0.9729483282674772 0.03508771929824561 0.011550151975683891
2 0.32456140350877194 0.9455927051671733 0.02631578947368421 0.011550151975683891
2 0.27558479532163743 0.9319148936170213 0.024853801169590642 0.009726443768996961
2 0.8209064327485379 0.9613981762917934 0.027777777777777776 0.01641337386018237
2 0.8581871345029239 0.9054711246200609 0.029239766081871343 0.011550151975683891
2 0.6966374269005847 0.9148936170212767 0.027777777777777776 0.013373860182370821
