2 0.9092261904761905 0.9447252053063803 0.050595238095238096 0.01958307012002527
2 0.8184523809523809 0.9162981680353758 0.04464285714285714 0.01831964624131396
2 0.8214285714285714 0.9624131396083385 0.02976190476190476 0.01326595072646873
2 0.790922619047619 0.9570435881238155 0.02827380952380952 0.013897662665824383
2 0.7626488095238095 0.9336702463676563 0.03125 0.016424510423247
2 0.728422619047619 0.9627289955780164 0.043154761904761904 0.017687934301958304
2 0.7485119047619048 0.9854706253948199 0.03869047619047619 0.013897662665824383
2 0.6778273809523809 0.9330385344283006 0.040178571428571425 0.013897662665824383
2 0.7016369047619048 0.937776373973468 0.03720238095238095 0.012002526847757421
2 0.6793154761904762 0.9658875552747946 0.03720238095238095 0.011370814908401769
2 0.6316964285714285 0.9589387239418824 0.03422619047619047 0.012634238787113075
2 0.6019345238095237 0.935881238155401 0.040178571428571425 0.01326595072646873
2 0.5535714285714285 0.9355653821857233 0.02976190476190476 0.01010739102969046
2 0.5625 0.9507264687302589 0.047619047619047616 0.02021478205938092
2 0.5074404761904762 0.9507264687302589 0.03571428571428571 0.011370814908401769
2 0.4925595238095238 0.9384080859128237 0.02976190476190476 0.014529374605180037
2 0.4724702380952381 0.9238787113076437 0.03125 0.017056222362602652
2 0.40476190476190477 0.9216677195198989 0.03571428571428571 0.012634238787113075
2 0.38690476190476186 0.9608338597599494 0.03571428571428571 0.018951358180669613
2 0.322172619047619 0.9504106127605811 0.02232142857142857 0.015792798483891344
2 0.3125 0.9763108022741629 0.02976190476190476 0.01326595072646873
2 0.27901785714285715 0.9579911560328489 0.049107142857142856 0.017056222362602652
2 0.2232142857142857 0.965255843335439 0.03273809523809523 0.012634238787113075
2 0.20238095238095238 0.9463044851547694 0.047619047619047616 0.017687934301958304
2 0.24925595238095236 0.9497789008212254 0.02232142857142857 0.012002526847757421
2 0.27306547619047616 0.9295641187618445 0.02827380952380952 0.009475679090334806
2 0.11755952380952381 0.9538850284270372 0.03571428571428571 0.02021478205938092
2 0.1369047619047619 0.9125078963992419 0.03273809523809523 0.015792798483891344
2 0.2075892857142857 0.9279848389134554 0.03422619047619047 0.017687934301958304
2 0.09151785714285714 0.890397978521794 0.03720238095238095 0.017056222362602652
2 0.11681547619047618 0.8948199620972835 0.03720238095238095 0.012002526847757421
2 0.12425595238095237 0.873973468098547 0.03422619047619047 0.01831964624131396
2 0.21428571428571427 0.8818698673404927 0.04464285714285714 0.016424510423247
2 0.2708333333333333 0.8856601389766265 0.026785714285714284 0.011370814908401769
2 0.29389880952380953 0.8714466203411244 0.043154761904761904 0.01958307012002527
2 0.3206845238095238 0.8641819330385344 0.03125 0.015161086544535692
2 0.3571428571428571 0.8742893240682248 0.041666666666666664 0.02147820593809223
2 0.33110119047619047 0.8847125710675932 0.03422619047619047 0.01831964624131396
2 0.4575892857142857 0.8749210360075805 0.03125 0.012634238787113075
2 0.5833333333333333 0.8711307643714465 0.03869047619047619 0.018951358180669613
2 0.7083333333333333 0.8686039166140239 0.041666666666666664 0.016424510423247
2 0.7946428571428571 0.8717624763108022 0.03273809523809523 0.012634238787113075
2 0.8571428571428571 0.8708149084017688 0.041666666666666664 0.01958307012002527
2 0.953125 0.8581806696146557 0.03720238095238095 0.01326595072646873
2 0.75 0.85028427037271 0.03571428571428571 0.012634238787113075
2 0.9025297619047619 0.8395451674036639 0.03422619047619047 0.017687934301958304
2 0.9441964285714285 0.8341756159191408 0.04613095238095238 0.01958307012002527
2 0.9620535714285714 0.8158559696778268 0.043154761904761904 0.014529374605180037
2 0.9010416666666666 0.8041692987997473 0.03422619047619047 0.013897662665824383
2 0.8303571428571428 0.7457359444093493 0.041666666666666664 0.015792798483891344
2 0.9114583333333333 0.7526847757422614 0.04613095238095238 0.020846493998736573
2 0.7671130952380952 0.8297536323436513 0.049107142857142856 0.02337334175615919
2 0.6733630952380952 0.8303853442830069 0.03125 0.012002526847757421
2 0.6205357142857143 0.8234365129500947 0.041666666666666664 0.015792798483891344
2 0.75 0.8145925457991156 0.02976190476190476 0.01326595072646873
2 0.6108630952380952 0.8035375868603916 0.040178571428571425 0.012634238787113075
2 0.375 0.8013265950726468 0.03571428571428571 0.017056222362602652
2 0.3132440476190476 0.8171193935565382 0.04613095238095238 0.01958307012002527
2 0.2819940476190476 0.8515476942514213 0.03422619047619047 0.013897662665824383
2 0.23511904761904762 0.8521794061907769 0.03273809523809523 0.015161086544535692
2 0.18973214285714285 0.8433354390397978 0.040178571428571425 0.017687934301958304
2 0.234375 0.8205938092229943 0.040178571428571425 0.016424510423247
2 0.02901785714285714 0.8041692987997473 0.03125 0.017687934301958304
2 0.08779761904761904 0.7902716361339229 0.047619047619047616 0.02147820593809223
2 0.17857142857142855 0.7823752368919772 0.03273809523809523 0.015792798483891344
2 0.24107142857142855 0.7984838913455464 0.047619047619047616 0.018951358180669613
2 0.265625 0.8079595704358812 0.03422619047619047 0.011370814908401769
2 0.40625 0.7640555906506632 0.041666666666666664 0.01831964624131396
2 0.27901785714285715 0.7574226152874289 0.02827380952380952 0.012634238787113075
2 0.22098214285714285 0.7542640555906506 0.03125 0.016424510423247
2 0.2313988095238095 0.7814276689829437 0.025297619047619048 0.013897662665824383
2 0.14136904761904762 0.7725837018319646 0.02976190476190476 0.015161086544535692
2 0.22619047619047616 0.7252053063802906 0.041666666666666664 0.02147820593809223
2 0.13839285714285712 0.7128869235628553 0.03869047619047619 0.017056222362602652
2 0.16666666666666666 0.7065698041692987 0.02976190476190476 0.01831964624131396
2 0.1949404761904762 0.682564750473784 0.03273809523809523 0.014529374605180037
2 0.3050595238095238 0.7068856601389766 0.041666666666666664 0.018951358180669613
2 0.38616071428571425 0.6980416929879975 0.03720238095238095 0.015161086544535692
2 0.41220238095238093 0.7169930511686671 0.03571428571428571 0.016424510423247
2 0.4583333333333333 0.7030953885028427 0.02976190476190476 0.012634238787113075
2 0.5044642857142857 0.7100442198357548 0.03273809523809523 0.012634238787113075
2 0.5424107142857143 0.7179406190777006 0.03125 0.017056222362602652
2 0.6383928571428571 0.7223626026531901 0.041666666666666664 0.01958307012002527
2 0.6547619047619048 0.7605811749842072 0.041666666666666664 0.018951358180669613
2 0.7142857142857142 0.7097283638660771 0.03869047619047619 0.017056222362602652
2 0.769345238095238 0.6948831332912192 0.03869047619047619 0.013897662665824383
2 0.8623511904761905 0.6980416929879975 0.040178571428571425 0.018951358180669613
2 0.8363095238095237 0.6452937460518003 0.03571428571428571 0.01958307012002527
2 0.578125 0.6500315855969677 0.04613095238095238 0.018951358180669613
2 0.17113095238095238 0.6585596967782691 0.050595238095238096 0.01958307012002527
2 0.22098214285714285 0.6588755527479468 0.03422619047619047 0.013897662665824383
2 0.09523809523809523 0.6512950094756791 0.026785714285714284 0.016424510423247
2 0.24181547619047616 0.6320277953253316 0.040178571428571425 0.015792798483891344
2 0.14136904761904762 0.6377132027795325 0.047619047619047616 0.01831964624131396
2 0.31994047619047616 0.640555906506633 0.04464285714285714 0.018951358180669613
2 0.3206845238095238 0.6225521162349968 0.03422619047619047 0.017056222362602652
2 0.931547619047619 0.5934933670246367 0.047619047619047616 0.01831964624131396
2 0.7864583333333333 0.6017056222362602 0.040178571428571425 0.015792798483891344
2 0.7976190476190476 0.5855969677826911 0.03869047619047619 0.015161086544535692
2 0.8363095238095237 0.572962728995578 0.05357142857142857 0.018951358180669613
2 0.8586309523809523 0.596651926721415 0.03273809523809523 0.012002526847757421
2 0.7261904761904762 0.5827542640555906 0.03571428571428571 0.015792798483891344
2 0.49107142857142855 0.5909665192672141 0.03869047619047619 0.012002526847757421
2 0.3444940476190476 0.6029690461149715 0.05505952380952381 0.020846493998736573
2 0.3794642857142857 0.5972836386607706 0.023809523809523808 0.014529374605180037
2 0.3273809523809524 0.5824384080859127 0.03273809523809523 0.012634238787113075
2 0.44419642857142855 0.5350600126342387 0.04613095238095238 0.018951358180669613
2 0.5714285714285714 0.5350600126342387 0.03869047619047619 0.012634238787113075
2 0.6078869047619048 0.5104232469993683 0.03125 0.012634238787113075
2 0.4255952380952381 0.5249526216045483 0.02976190476190476 0.011370814908401769
2 0.3325892857142857 0.5183196462413139 0.03125 0.014529374605180037
2 0.8757440476190476 0.516424510423247 0.03125 0.01326595072646873
2 0.6242559523809523 0.4639924194567277 0.040178571428571425 0.01831964624131396
2 0.5699404761904762 0.4813644977890082 0.03869047619047619 0.017687934301958304
2 0.7938988095238095 0.45293746051800376 0.03125 0.012634238787113075
2 0.5171130952380952 0.4554643082754264 0.03720238095238095 0.013897662665824383
2 0.4360119047619047 0.45641187618445983 0.03571428571428571 0.014529374605180037
2 0.375 0.48420720151610863 0.04464285714285714 0.017056222362602652
2 0.29910714285714285 0.4614655716993051 0.03869047619047619 0.017056222362602652
2 0.8623511904761905 0.4131396083385976 0.025297619047619048 0.015161086544535692
2 0.7700892857142857 0.4121920404295641 0.043154761904761904 0.015792798483891344
2 0.738095238095238 0.4039797852179406 0.026785714285714284 0.010739102969046115
2 0.7053571428571428 0.4134554643082754 0.02976190476190476 0.012002526847757421
2 0.644345238095238 0.40145293746051797 0.03869047619047619 0.015792798483891344
2 0.581845238095238 0.4264055590650663 0.050595238095238096 0.018951358180669613
2 0.42782738095238093 0.39987365761212884 0.03720238095238095 0.012634238787113075
2 0.3519345238095238 0.4216677195198989 0.03720238095238095 0.014529374605180037
2 0.26190476190476186 0.40808591282375234 0.03869047619047619 0.015161086544535692
2 0.17485119047619047 0.4219835754895767 0.025297619047619048 0.013897662665824383
2 0.13392857142857142 0.4216677195198989 0.047619047619047616 0.01831964624131396
2 0.2648809523809524 0.3622867972204674 0.047619047619047616 0.017056222362602652
2 0.275297619047619 0.3780795957043588 0.02976190476190476 0.012002526847757421
2 0.900297619047619 0.35060012634238785 0.04464285714285714 0.017687934301958304
2 0.8028273809523809 0.3619709412507896 0.04613095238095238 0.02021478205938092
2 0.8050595238095237 0.34112444725205304 0.02976190476190476 0.01010739102969046
2 0.7366071428571428 0.37492103600758053 0.03869047619047619 0.017056222362602652
2 0.659970238095238 0.35154769425142135 0.03125 0.01326595072646873
2 0.6532738095238095 0.3313329121920404 0.023809523809523808 0.010739102969046115
2 0.7142857142857142 0.33986102337334173 0.026785714285714284 0.012634238787113075
2 0.6852678571428571 0.36607706885660135 0.03422619047619047 0.010739102969046115
2 0.3950892857142857 0.35281111813013266 0.040178571428571425 0.01958307012002527
2 0.18973214285714285 0.34270372710044217 0.03422619047619047 0.01326595072646873
2 0.28273809523809523 0.32469993682880605 0.03869047619047619 0.012634238787113075
2 0.31919642857142855 0.3098547062539482 0.02827380952380952 0.010739102969046115
2 0.24776785714285712 0.3209096651926721 0.040178571428571425 0.022741629816803537
2 0.20461309523809523 0.32406822488945036 0.043154761904761904 0.015161086544535692
2 0.16294642857142858 0.3215413771320278 0.03720238095238095 0.015161086544535692
2 0.12723214285714285 0.3218572331017056 0.03125 0.015792798483891344
2 0.08258928571428571 0.302905874921036 0.03422619047619047 0.01958307012002527
2 0.12425595238095237 0.3032217308907138 0.040178571428571425 0.012634238787113075
2 0.46354166666666663 0.29311433986102337 0.040178571428571425 0.017687934301958304
2 0.28273809523809523 0.302905874921036 0.02976190476190476 0.012002526847757421
2 0.31026785714285715 0.29185091598231205 0.03422619047619047 0.015161086544535692
2 0.7455357142857142 0.2953253316487681 0.041666666666666664 0.015792798483891344
2 0.7418154761904762 0.24699936828806063 0.04613095238095238 0.013897662665824383
2 0.6227678571428571 0.2687934301958307 0.03720238095238095 0.017056222362602652
2 0.6741071428571428 0.23910296904611494 0.03273809523809523 0.01326595072646873
2 0.6071428571428571 0.2242577384712571 0.041666666666666664 0.013897662665824383
2 0.546875 0.24636765634870497 0.040178571428571425 0.016424510423247
2 0.23586309523809523 0.2624763108022741 0.04613095238095238 0.01958307012002527
2 0.19717261904761904 0.2583701831964624 0.03422619047619047 0.015161086544535692
2 0.14136904761904762 0.2694251421351863 0.047619047619047616 0.012002526847757421
2 0.10714285714285714 0.25679090334807325 0.02976190476190476 0.01326595072646873
2 0.08407738095238095 0.24005053695514844 0.03125 0.016424510423247
2 0.14583333333333331 0.24036639292482626 0.047619047619047616 0.01958307012002527
2 0.19047619047619047 0.23404927353126972 0.05357142857142857 0.02210991787744788
2 0.2663690476190476 0.23215413771320276 0.03273809523809523 0.01326595072646873
2 0.29985119047619047 0.22362602653190145 0.03422619047619047 0.017687934301958304
2 0.35788690476190477 0.2302590018951358 0.02827380952380952 0.01326595072646873
2 0.4694940476190476 0.2160454832596336 0.043154761904761904 0.015161086544535692
2 0.800595238095238 0.21699305116866707 0.041666666666666664 0.01831964624131396
2 0.8206845238095237 0.1986734049273531 0.040178571428571425 0.015792798483891344
2 0.8995535714285714 0.19519898926089702 0.03125 0.015161086544535692
2 0.6785714285714285 0.18161718256475046 0.026785714285714284 0.009475679090334806
2 0.6584821428571428 0.19298799747315223 0.03125 0.012002526847757421
2 0.640625 0.20878079595704357 0.02827380952380952 0.010739102969046115
2 0.5639880952380952 0.2034112444725205 0.03273809523809523 0.012634238787113075
2 0.5944940476190476 0.1914087176247631 0.043154761904761904 0.017687934301958304
2 0.634672619047619 0.17403663929248261 0.03422619047619047 0.009475679090334806
2 0.6651785714285714 0.1585596967782691 0.041666666666666664 0.016424510423247
2 0.7901785714285714 0.17877447883765002 0.03273809523809523 0.013897662665824383
2 0.8392857142857142 0.17087807959570434 0.02976190476190476 0.01326595072646873
2 0.8638392857142857 0.1430827542640556 0.03125 0.015792798483891344
2 0.8705357142857142 0.15571699305116865 0.041666666666666664 0.017056222362602652
2 0.800595238095238 0.15224257738471256 0.03273809523809523 0.013897662665824383
2 0.753720238095238 0.14939987365761212 0.03125 0.01326595072646873
2 0.5848214285714285 0.15824384080859127 0.02976190476190476 0.017056222362602652
2 0.5081845238095238 0.17561591914087174 0.03422619047619047 0.015161086544535692
2 0.5334821428571428 0.18035375868603915 0.03422619047619047 0.012002526847757421
2 0.5171130952380952 0.1948831332912192 0.03720238095238095 0.015792798483891344
2 0.4732142857142857 0.17150979153506 0.041666666666666664 0.015792798483891344
2 0.43229166666666663 0.17340492735312696 0.040178571428571425 0.014529374605180037
2 0.4055059523809524 0.1948831332912192 0.03720238095238095 0.012002526847757421
2 0.3683035714285714 0.1797220467466835 0.043154761904761904 0.015792798483891344
2 0.290922619047619 0.17182564750473783 0.04613095238095238 0.02021478205938092
2 0.2232142857142857 0.17119393556538218 0.03571428571428571 0.016424510423247
2 0.1688988095238095 0.18256475047378395 0.040178571428571425 0.015161086544535692
2 0.19642857142857142 0.13676563487049903 0.05654761904761904 0.017056222362602652
2 0.18154761904761904 0.12065698041692988 0.03273809523809523 0.012634238787113075
2 0.21800595238095236 0.1114971572962729 0.05505952380952381 0.025900189513581806
2 0.26711309523809523 0.10612760581174983 0.040178571428571425 0.013897662665824383
2 0.2544642857142857 0.13297536323436512 0.03571428571428571 0.015792798483891344
2 0.31547619047619047 0.1433986102337334 0.047619047619047616 0.018951358180669613
2 0.40625 0.1162349968414403 0.041666666666666664 0.02653190145293746
2 0.42857142857142855 0.13550221099178775 0.047619047619047616 0.01831964624131396
2 0.49479166666666663 0.13455464308275425 0.04613095238095238 0.02021478205938092
2 0.45907738095238093 0.14024005053695515 0.03125 0.01010739102969046
2 0.4568452380952381 0.15445356917245734 0.03273809523809523 0.014529374605180037
2 0.6108630952380952 0.138660770688566 0.03720238095238095 0.01326595072646873
2 0.5877976190476191 0.12413139608338597 0.047619047619047616 0.02337334175615919
2 0.9590773809523809 0.12318382817435249 0.03125 0.013897662665824383
2 0.909970238095238 0.11718256475047377 0.03422619047619047 0.015792798483891344
2 0.7619047619047619 0.11655085281111813 0.041666666666666664 0.01831964624131396
2 0.7083333333333333 0.1209728363866077 0.041666666666666664 0.020846493998736573
2 0.5386904761904762 0.10296904611497157 0.04464285714285714 0.02526847757422615
2 0.35044642857142855 0.10770688566013897 0.03422619047619047 0.01326595072646873
2 0.04985119047619047 0.08054327226784586 0.043154761904761904 0.01326595072646873
2 0.05357142857142857 0.0622236260265319 0.041666666666666664 0.017056222362602652
2 0.07142857142857142 0.06790903348073278 0.04464285714285714 0.017056222362602652
2 0.10044642857142856 0.059380922299431455 0.03720238095238095 0.016424510423247
2 0.18229166666666666 0.08843967150979153 0.040178571428571425 0.022741629816803537
2 0.20535714285714285 0.0634870499052432 0.03571428571428571 0.014529374605180037
2 0.22172619047619047 0.07801642451042325 0.04464285714285714 0.020846493998736573
2 0.25223214285714285 0.06759317751105495 0.043154761904761904 0.02021478205938092
2 0.275297619047619 0.0833859759949463 0.03571428571428571 0.015161086544535692
2 0.29241071428571425 0.06443461781427669 0.043154761904761904 0.018951358180669613
2 0.3050595238095238 0.07959570435881237 0.041666666666666664 0.015161086544535692
2 0.32291666666666663 0.08780795957043587 0.03571428571428571 0.015161086544535692
2 0.34970238095238093 0.09475679090334807 0.04464285714285714 0.017687934301958304
2 0.33035714285714285 0.05085281111813013 0.02976190476190476 0.017056222362602652
2 0.5052083333333333 0.07359444093493367 0.03422619047619047 0.012002526847757421
2 0.47470238095238093 0.06411876184459886 0.03869047619047619 0.015792798483891344
2 0.4456845238095238 0.060644346178142766 0.03125 0.017687934301958304
2 0.8191964285714285 0.08780795957043587 0.03720238095238095 0.02147820593809223
2 0.8407738095238094 0.0928616550852811 0.03273809523809523 0.012634238787113075
2 0.7276785714285714 0.07043588123815539 0.03571428571428571 0.015792798483891344
2 0.7023809523809523 0.07833228048010107 0.041666666666666664 0.017687934301958304
2 0.027529761904761904 0.03537586860391661 0.040178571428571425 0.016424510423247
2 0.05357142857142857 0.0211623499684144 0.03273809523809523 0.01831964624131396
2 0.16517857142857142 0.024636765634870498 0.041666666666666664 0.02147820593809223
2 0.25223214285714285 0.04832596336070751 0.040178571428571425 0.015792798483891344
2 0.2693452380952381 0.036007580543272265 0.03869047619047619 0.022741629816803537
2 0.24851190476190474 0.02842703727100442 0.041666666666666664 0.017687934301958304
2 0.24553571428571427 0.015161086544535692 0.041666666666666664 0.013897662665824383
2 0.28720238095238093 0.018951358180669613 0.04464285714285714 0.017687934301958304
2 0.3950892857142857 0.04074542008843967 0.03720238095238095 0.014529374605180037
2 0.4375 0.030322173089071383 0.03571428571428571 0.013897662665824383
2 0.46056547619047616 0.021794061907770057 0.049107142857142856 0.01831964624131396
2 0.5 0.02653190145293746 0.041666666666666664 0.013897662665824383
2 0.5081845238095238 0.009791535060012634 0.03720238095238095 0.01831964624131396
2 0.5453869047619048 0.03158559696778269 0.03720238095238095 0.013897662665824383
2 0.5386904761904762 0.045483259633607075 0.03571428571428571 0.012634238787113075
2 0.5632440476190476 0.01326595072646873 0.043154761904761904 0.018951358180669613
2 0.6049107142857143 0.02432090966519267 0.043154761904761904 0.015792798483891344
2 0.6339285714285714 0.03442830069488313 0.04464285714285714 0.015792798483891344
2 0.5997023809523809 0.05274794693619709 0.04464285714285714 0.017056222362602652
2 0.7425595238095237 0.049589387239418824 0.03571428571428571 0.01958307012002527
2 0.6927083333333333 0.030322173089071383 0.043154761904761904 0.017687934301958304
2 0.6956845238095237 0.043903979785217935 0.043154761904761904 0.017056222362602652
2 0.7894345238095237 0.02526847757422615 0.043154761904761904 0.018951358180669613
2 0.8325892857142857 0.02242577384712571 0.03720238095238095 0.017056222362602652
2 0.9486607142857142 0.04453569172457359 0.043154761904761904 0.02337334175615919
2 0.9642857142857142 0.018951358180669613 0.041666666666666664 0.017687934301958304
2 0.9233630952380952 0.016740366392924824 0.040178571428571425 0.014529374605180037
2 0.9293154761904762 0.06790903348073278 0.03720238095238095 0.02210991787744788
2 0.8742559523809523 0.006632975363234365 0.06101190476190476 0.012002526847757421
2 0.6495535714285714 0.012002526847757421 0.03422619047619047 0.022741629816803537
2 0.71875 0.018635502210991785 0.03869047619047619 0.017056222362602652
2 0.5729166666666666 0.07296272899557801 0.03273809523809523 0.014529374605180037
2 0.6145833333333333 0.07485786481364497 0.04464285714285714 0.02337334175615919
2 0.6636904761904762 0.07896399241945672 0.03273809523809523 0.012634238787113075
2 0.7723214285714285 0.06948831332912192 0.026785714285714284 0.012634238787113075
2 0.8102678571428571 0.05243209096651926 0.03125 0.013897662665824383
2 0.018601190476190476 0.1010739102969046 0.03125 0.011370814908401769
2 0.05282738095238095 0.10391661402400505 0.03422619047619047 0.014529374605180037
2 0.046875 0.09096651926721415 0.03720238095238095 0.008843967150979152
2 0.15104166666666666 0.10865445356917244 0.025297619047619048 0.016424510423247
2 0.10267857142857142 0.12886923562855337 0.02976190476190476 0.017687934301958304
2 0.8333333333333333 0.2548957675300063 0.03273809523809523 0.012002526847757421
2 0.8697916666666666 0.2596336070751737 0.03125 0.016424510423247
2 0.7611607142857142 0.262792166771952 0.03720238095238095 0.013897662665824383
2 0.09077380952380952 0.22173089071383448 0.023809523809523808 0.012634238787113075
2 0.1636904761904762 0.20972836386607704 0.03571428571428571 0.016424510423247
2 0.22842261904761904 0.21825647504737838 0.02827380952380952 0.015792798483891344
2 0.07366071428571429 0.25773847125710675 0.03422619047619047 0.02021478205938092
2 0.31845238095238093 0.26531901452937456 0.02976190476190476 0.01010739102969046
2 0.36086309523809523 0.302905874921036 0.03125 0.010739102969046115
2 0.35416666666666663 0.28995578016424506 0.03571428571428571 0.012634238787113075
2 0.38616071428571425 0.28016424510423243 0.04613095238095238 0.01831964624131396
2 0.2001488095238095 0.2943777637397347 0.03720238095238095 0.015161086544535692
2 0.25 0.302905874921036 0.03273809523809523 0.015792798483891344
2 0.359375 0.3458622867972204 0.02827380952380952 0.017056222362602652
2 0.1525297619047619 0.3487049905243209 0.03422619047619047 0.016424510423247
2 0.12797619047619047 0.36702463676563485 0.026785714285714284 0.013897662665824383
2 0.06398809523809523 0.40903348073278584 0.026785714285714284 0.014529374605180037
2 0.8697916666666666 0.4557801642451042 0.025297619047619048 0.014529374605180037
2 0.8028273809523809 0.4791535060012634 0.040178571428571425 0.01958307012002527
2 0.06845238095238095 0.5224257738471256 0.026785714285714284 0.012634238787113075
2 0.13913690476190477 0.5221099178774479 0.025297619047619048 0.015792798483891344
2 0.2552083333333333 0.52905874921036 0.02827380952380952 0.015792798483891344
2 0.24925595238095236 0.5660138976626657 0.03422619047619047 0.015161086544535692
2 0.3958333333333333 0.6184459886291851 0.026785714285714284 0.016424510423247
2 0.25297619047619047 0.6942514213518635 0.03571428571428571 0.011370814908401769
2 0.8095238095238095 0.715413771320278 0.041666666666666664 0.01326595072646873
2 0.784970238095238 0.7605811749842072 0.03720238095238095 0.012634238787113075
2 0.7633928571428571 0.7836386607706886 0.04464285714285714 0.014529374605180037
2 0.8563988095238094 0.8145925457991156 0.02827380952380952 0.012002526847757421
2 0.8556547619047619 0.8322804801010738 0.023809523809523808 0.017056222362602652
2 0.03422619047619047 0.9589387239418824 0.03273809523809523 0.017687934301958304
2 0.2470238095238095 0.9693619709412508 0.02976190476190476 0.015792798483891344
2 0.27232142857142855 0.9393556538218572 0.023809523809523808 0.008843967150979152
2 0.34375 0.9444093493367024 0.03273809523809523 0.016424510423247
2 0.34598214285714285 0.9147188881869867 0.043154761904761904 0.012634238787113075
2 0.7090773809523809 0.9845230574857864 0.03125 0.014529374605180037
2 0.5766369047619048 0.7627921667719519 0.043154761904761904 0.01326595072646873
