2 0.0919811320754717 0.037336652146857496 0.05188679245283019 0.019912881144990666
2 0.1768867924528302 0.016490354698195396 0.04245283018867925 0.016801493466085875
2 0.1658805031446541 0.040759178593652766 0.039308176100628936 0.015556938394523958
2 0.12028301886792453 0.054138145612943375 0.04245283018867925 0.014934660858743
2 0.044811320754716985 0.07871810827629122 0.04874213836477988 0.016801493466085875
2 0.16037735849056606 0.08151835718730553 0.05345911949685535 0.018668326073428748
2 0.2358490566037736 0.07187305538270068 0.050314465408805034 0.01804604853764779
2 0.3922955974842767 0.041381456129433725 0.04245283018867925 0.016801493466085875
2 0.41823899371069184 0.0777846919726198 0.04716981132075472 0.018668326073428748
2 0.4811320754716981 0.09583074051026758 0.04088050314465409 0.014934660858743
2 0.5581761006289309 0.0731176104542626 0.03773584905660378 0.015556938394523958
2 0.7319182389937108 0.11885500933416304 0.036163522012578615 0.016179215930304917
2 0.6084905660377359 0.11543248288736777 0.03773584905660378 0.01431238332296204
2 0.6761006289308177 0.1387678904791537 0.04402515723270441 0.014934660858743
2 0.8883647798742139 0.10858742999377723 0.031446540880503145 0.01431238332296204
2 0.7767295597484277 0.051960174237710016 0.03459119496855346 0.013067828251400125
2 0.5062893081761006 0.12476664592408214 0.04716981132075472 0.015556938394523958
2 0.4166666666666667 0.11387678904791537 0.050314465408805034 0.018668326073428748
2 0.37971698113207547 0.12414436838830119 0.04245283018867925 0.01431238332296204
2 0.30188679245283023 0.10547604231487243 0.03459119496855346 0.016801493466085875
2 0.26572327044025157 0.09956440572495333 0.03773584905660378 0.013690105787181082
2 0.17767295597484278 0.11138767890479154 0.04402515723270441 0.01742377100186683
2 0.04323899371069183 0.10765401369010578 0.04245283018867925 0.016179215930304917
2 0.07311320754716981 0.10485376477909147 0.029874213836477988 0.01431238332296204
2 0.07232704402515723 0.13316739265712507 0.031446540880503145 0.012445550715619166
2 0.11635220125786164 0.13939016801493465 0.04716981132075472 0.019912881144990666
2 0.17216981132075473 0.14747977598008713 0.045597484276729564 0.013690105787181082
2 0.2209119496855346 0.13907902924704418 0.04874213836477988 0.020535158680771624
2 0.2979559748427673 0.15868077162414437 0.04245283018867925 0.018668326073428748
2 0.434748427672956 0.16054760423148723 0.045597484276729564 0.01742377100186683
2 0.4614779874213837 0.18139390168014935 0.039308176100628936 0.015556938394523958
2 0.3789308176100629 0.18388301182327318 0.03773584905660378 0.013067828251400125
2 0.5636792452830189 0.16210329807093965 0.039308176100628936 0.015556938394523958
2 0.6878930817610063 0.18574984443061604 0.04874213836477988 0.016801493466085875
2 0.7665094339622642 0.18139390168014935 0.04245283018867925 0.016801493466085875
2 0.7735849056603774 0.1639701306782825 0.04402515723270441 0.01804604853764779
2 0.6737421383647799 0.10609831985065339 0.055031446540880505 0.015556938394523958
2 0.8632075471698114 0.17237087741132545 0.03773584905660378 0.013690105787181082
2 0.4811320754716981 0.21530802738021157 0.03773584905660378 0.014934660858743
2 0.3309748427672956 0.22184194150591163 0.045597484276729564 0.01431238332296204
2 0.24056603773584906 0.1820161792159303 0.05345911949685535 0.01804604853764779
2 0.16902515723270442 0.16521468574984444 0.036163522012578615 0.015556938394523958
2 0.06289308176100629 0.17828251400124456 0.04402515723270441 0.016801493466085875
2 0.8860062893081762 0.04698195395146235 0.0330188679245283 0.013067828251400125
2 0.14779874213836477 0.22588674548848786 0.04716981132075472 0.018668326073428748
2 0.07154088050314465 0.26073428749222155 0.04874213836477988 0.018668326073428748
2 0.2279874213836478 0.2370877411325451 0.04402515723270441 0.018668326073428748
2 0.2641509433962264 0.2087741132545115 0.02830188679245283 0.01804604853764779
2 0.4261006289308176 0.2433105164903547 0.03459119496855346 0.013690105787181082
2 0.5361635220125787 0.23304293714996888 0.031446540880503145 0.013067828251400125
2 0.6061320754716981 0.2370877411325451 0.04245283018867925 0.018668326073428748
2 0.7570754716981133 0.21717485998755445 0.036163522012578615 0.014934660858743
2 0.8356918238993711 0.2165525824517735 0.0330188679245283 0.016179215930304917
2 0.8238993710691824 0.2448662103298071 0.05345911949685535 0.028002489110143122
2 0.9111635220125787 0.22775357809583074 0.039308176100628936 0.018668326073428748
2 0.8946540880503145 0.25171126322339765 0.04088050314465409 0.023024268823895456
2 0.8946540880503145 0.2878033602986932 0.04088050314465409 0.01804604853764779
2 0.6525157232704403 0.2373988799004356 0.025157232704402517 0.013067828251400125
2 0.1430817610062893 0.27691350342252646 0.03773584905660378 0.016179215930304917
2 0.12342767295597484 0.3220286247666459 0.045597484276729564 0.01804604853764779
2 0.21619496855345913 0.31798382078406967 0.045597484276729564 0.014934660858743
2 0.22720125786163523 0.2968263845675171 0.045597484276729564 0.021157436216552583
2 0.27908805031446543 0.27535780958307404 0.04245283018867925 0.016801493466085875
2 0.33805031446540884 0.2850031113876789 0.04716981132075472 0.01742377100186683
2 0.3608490566037736 0.31020535158680773 0.045597484276729564 0.016801493466085875
2 0.41509433962264153 0.2878033602986932 0.04088050314465409 0.016801493466085875
2 0.5188679245283019 0.2955818294959552 0.04402515723270441 0.018668326073428748
2 0.6446540880503145 0.29278158058494086 0.04716981132075472 0.016801493466085875
2 0.7232704402515724 0.29807093963907905 0.04402515723270441 0.014934660858743
2 0.29323899371069184 0.342874922215308 0.04245283018867925 0.014934660858743
2 0.5180817610062893 0.3266957062850031 0.039308176100628936 0.013690105787181082
2 0.5062893081761006 0.35283136278780336 0.04402515723270441 0.016179215930304917
2 0.41116352201257866 0.35158680771624146 0.04245283018867925 0.014934660858743
2 0.6171383647798743 0.3453640323584319 0.04874213836477988 0.018668326073428748
2 0.7201257861635221 0.34816428126944615 0.04402515723270441 0.016801493466085875
2 0.6666666666666667 0.33074051026757934 0.04088050314465409 0.013067828251400125
2 0.794811320754717 0.3316739265712508 0.039308176100628936 0.016179215930304917
2 0.8828616352201258 0.3316739265712508 0.039308176100628936 0.024891101431238332
2 0.22955974842767296 0.3562538892345986 0.04088050314465409 0.01431238332296204
2 0.07311320754716981 0.3718108276291226 0.04874213836477988 0.01804604853764779
2 0.14858490566037735 0.40696950840074675 0.036163522012578615 0.014934660858743
2 0.22327044025157233 0.403235843186061 0.04088050314465409 0.01742377100186683
2 0.300314465408805 0.40945861854387056 0.03773584905660378 0.016179215930304917
2 0.35534591194968557 0.411014312383323 0.04716981132075472 0.016801493466085875
2 0.4025157232704403 0.40945861854387056 0.03459119496855346 0.016179215930304917
2 0.4638364779874214 0.41599253266957065 0.04402515723270441 0.019290603609209707
2 0.5699685534591196 0.4119477286869944 0.04245283018867925 0.018668326073428748
2 0.6336477987421384 0.410392034847542 0.04088050314465409 0.016801493466085875
2 0.7452830188679246 0.4116365899191039 0.04402515723270441 0.020535158680771624
2 0.7044025157232705 0.3917237087741133 0.03773584905660378 0.016801493466085875
2 0.6533018867924528 0.37990043559427505 0.036163522012578615 0.01431238332296204
2 0.8498427672955975 0.3904791537025513 0.0330188679245283 0.01431238332296204
2 0.9253144654088051 0.3935905413814561 0.04874213836477988 0.023024268823895456
2 0.8404088050314465 0.3008711885500933 0.029874213836477988 0.016801493466085875
2 0.7720125786163522 0.28313627878033604 0.031446540880503145 0.012445550715619166
2 0.9740566037735849 0.24362165525824517 0.039308176100628936 0.016801493466085875
2 0.9488993710691824 0.27349097697573116 0.036163522012578615 0.011823273179838207
2 0.979559748427673 0.30833851897946485 0.03459119496855346 0.01804604853764779
2 0.7610062893081762 0.24144368388301182 0.04088050314465409 0.013690105787181082
2 0.2617924528301887 0.4194150591163659 0.0330188679245283 0.012445550715619166
2 0.03773584905660378 0.47261978842563784 0.04402515723270441 0.015556938394523958
2 0.08805031446540881 0.4592408214063472 0.04088050314465409 0.014934660858743
2 0.1588050314465409 0.4651524579962663 0.031446540880503145 0.01431238332296204
2 0.20440251572327045 0.4439950217797137 0.03773584905660378 0.015556938394523958
2 0.14386792452830188 0.48599875544492843 0.029874213836477988 0.012445550715619166
2 0.19654088050314467 0.48599875544492843 0.03773584905660378 0.012445550715619166
2 0.235062893081761 0.4835096453018046 0.036163522012578615 0.01120099564405725
2 0.2751572327044025 0.4803982576228998 0.04402515723270441 0.018668326073428748
2 0.34119496855345915 0.4542626011200996 0.03773584905660378 0.01742377100186683
2 0.3718553459119497 0.47137523335407594 0.0330188679245283 0.01431238332296204
2 0.43789308176100633 0.45519601742377097 0.039308176100628936 0.011823273179838207
2 0.42924528301886794 0.4866210329807094 0.03773584905660378 0.016179215930304917
2 0.5275157232704403 0.4825762289981332 0.05188679245283019 0.021779713752333542
2 0.5204402515723271 0.44555071561916615 0.03773584905660378 0.014934660858743
2 0.6627358490566038 0.4735532047293093 0.04245283018867925 0.018668326073428748
2 0.7177672955974843 0.44990665836963284 0.04874213836477988 0.016179215930304917
2 0.4787735849056604 0.529247044181705 0.04245283018867925 0.01804604853764779
2 0.5573899371069183 0.5052893590541382 0.039308176100628936 0.013690105787181082
2 0.6886792452830189 0.5130678282514001 0.03773584905660378 0.01431238332296204
2 0.28223270440251574 0.5024891101431238 0.039308176100628936 0.01431238332296204
2 0.2861635220125786 0.5158680771624145 0.04402515723270441 0.014934660858743
2 0.23270440251572327 0.5317361543248289 0.050314465408805034 0.01804604853764779
2 0.1139937106918239 0.544803982576229 0.04245283018867925 0.016801493466085875
2 0.14937106918238993 0.537025513378967 0.031446540880503145 0.014934660858743
2 0.16430817610062895 0.5609831985065339 0.0330188679245283 0.01431238332296204
2 0.1069182389937107 0.5174237710018669 0.03459119496855346 0.01804604853764779
2 0.06525157232704402 0.5444928438083385 0.04245283018867925 0.012445550715619166
2 0.11084905660377359 0.568139390168015 0.05188679245283019 0.016179215930304917
2 0.2240566037735849 0.5560049782202863 0.039308176100628936 0.013067828251400125
2 0.2940251572327044 0.5553827006845052 0.03773584905660378 0.015556938394523958
2 0.2838050314465409 0.5793403858120721 0.039308176100628936 0.012445550715619166
2 0.3671383647798742 0.5802738021157436 0.036163522012578615 0.015556938394523958
2 0.4386792452830189 0.5665836963285625 0.04088050314465409 0.01431238332296204
2 0.4827044025157233 0.5821406347230865 0.04402515723270441 0.016801493466085875
2 0.4237421383647799 0.5102675793403858 0.039308176100628936 0.014934660858743
2 0.6312893081761006 0.537647790914748 0.04245283018867925 0.021157436216552583
2 0.7665094339622642 0.5255133789670193 0.05188679245283019 0.016801493466085875
2 0.8836477987421384 0.5037336652146858 0.04402515723270441 0.019290603609209707
2 0.8624213836477987 0.4607965152457996 0.045597484276729564 0.019290603609209707
2 0.8356918238993711 0.5 0.036163522012578615 0.01431238332296204
2 0.7704402515723271 0.559738643434972 0.03459119496855346 0.015556938394523958
2 0.8883647798742139 0.5693839452395768 0.04402515723270441 0.018668326073428748
2 0.7216981132075472 0.5653391412570006 0.04088050314465409 0.016801493466085875
2 0.5558176100628931 0.5774735532047293 0.04874213836477988 0.018668326073428748
2 0.5974842767295597 0.573428749222153 0.03459119496855346 0.01431238332296204
2 0.729559748427673 0.6176104542626011 0.04402515723270441 0.01804604853764779
2 0.6973270440251572 0.6054760423148724 0.026729559748427674 0.016179215930304917
2 0.7452830188679246 0.5933416303671437 0.03773584905660378 0.015556938394523958
2 0.6721698113207547 0.6313005600497822 0.039308176100628936 0.015556938394523958
2 0.7476415094339623 0.6356565028002489 0.036163522012578615 0.015556938394523958
2 0.8349056603773586 0.6141879278158059 0.07232704402515723 0.01742377100186683
2 0.5864779874213837 0.6278780336029869 0.03459119496855346 0.016179215930304917
2 0.4921383647798742 0.6425015556938395 0.059748427672955975 0.01804604853764779
2 0.44025157232704404 0.6253889234598631 0.025157232704402517 0.01120099564405725
2 0.494496855345912 0.6263223397635346 0.055031446540880505 0.011823273179838207
2 0.5534591194968553 0.6384567517112633 0.04402515723270441 0.012445550715619166
2 0.6580188679245284 0.5917859365276913 0.029874213836477988 0.01120099564405725
2 0.26336477987421386 0.6172993154947106 0.05188679245283019 0.01742377100186683
2 0.1320754716981132 0.6182327317983821 0.04088050314465409 0.01431238332296204
2 0.06446540880503145 0.619477286869944 0.04088050314465409 0.01804604853764779
2 0.02830188679245283 0.6471686372121966 0.050314465408805034 0.01742377100186683
2 0.030660377358490566 0.6658369632856254 0.04245283018867925 0.01742377100186683
2 0.2028301886792453 0.6474797759800871 0.04402515723270441 0.01804604853764779
2 0.28223270440251574 0.6440572495332918 0.039308176100628936 0.013690105787181082
2 0.24371069182389937 0.6518357187305538 0.04088050314465409 0.011823273179838207
2 0.33333333333333337 0.6247666459240822 0.04402515723270441 0.014934660858743
2 0.16037735849056606 0.6521468574984443 0.04402515723270441 0.014934660858743
2 0.031446540880503145 0.7003733665214685 0.02830188679245283 0.01804604853764779
2 0.05660377358490566 0.6978842563783447 0.031446540880503145 0.016801493466085875
2 0.11320754716981132 0.7140634723086496 0.03773584905660378 0.015556938394523958
2 0.15330188679245285 0.7081518357187305 0.039308176100628936 0.016179215930304917
2 0.22012578616352202 0.7159303049159925 0.04402515723270441 0.016801493466085875
2 0.2617924528301887 0.6960174237710018 0.04874213836477988 0.01804604853764779
2 0.31289308176100633 0.7112632233976354 0.04402515723270441 0.014934660858743
2 0.34355345911949686 0.693528313627878 0.036163522012578615 0.015556938394523958
2 0.4457547169811321 0.6754822650902302 0.0330188679245283 0.015556938394523958
2 0.42216981132075476 0.701929060360921 0.036163522012578615 0.016179215930304917
2 0.36556603773584906 0.700684505289359 0.029874213836477988 0.014934660858743
2 0.47720125786163525 0.7059738643434972 0.04874213836477988 0.019290603609209707
2 0.5589622641509434 0.685749844430616 0.045597484276729564 0.019912881144990666
2 0.5644654088050315 0.7103298070939639 0.03773584905660378 0.01431238332296204
2 0.6077044025157233 0.7146857498444306 0.055031446540880505 0.01804604853764779
2 0.6470125786163522 0.700684505289359 0.05188679245283019 0.021157436216552583
2 0.7161949685534592 0.6736154324828874 0.04874213836477988 0.019290603609209707
2 0.7185534591194969 0.7196639701306783 0.04716981132075472 0.020535158680771624
2 0.8128930817610064 0.6879278158058494 0.050314465408805034 0.01804604853764779
2 0.7814465408805031 0.7078406969508401 0.03773584905660378 0.01431238332296204
2 0.05110062893081761 0.7442439327940261 0.04874213836477988 0.01742377100186683
2 0.1179245283018868 0.746110765401369 0.03773584905660378 0.016179215930304917
2 0.19732704402515724 0.7442439327940261 0.036163522012578615 0.01742377100186683
2 0.35455974842767296 0.7548226509023024 0.04245283018867925 0.018668326073428748
2 0.4599056603773585 0.761667703795893 0.039308176100628936 0.016179215930304917
2 0.5227987421383649 0.753889234598631 0.04874213836477988 0.01804604853764779
2 0.5778301886792453 0.7563783447417548 0.036163522012578615 0.019290603609209707
2 0.6344339622641509 0.7504667081518357 0.036163522012578615 0.019912881144990666
2 0.7476415094339623 0.7429993777224642 0.04245283018867925 0.014934660858743
2 0.7877358490566038 0.7554449284380834 0.031446540880503145 0.012445550715619166
2 0.8474842767295598 0.7588674548848786 0.04088050314465409 0.019290603609209707
2 0.04716981132075472 0.7828251400124455 0.04088050314465409 0.013690105787181082
2 0.08333333333333334 0.8111387678904791 0.03459119496855346 0.011823273179838207
2 0.06525157232704402 0.8322962041070318 0.04245283018867925 0.013067828251400125
2 0.14858490566037735 0.8229620410703173 0.045597484276729564 0.01804604853764779
2 0.19968553459119498 0.8027380211574362 0.050314465408805034 0.01742377100186683
2 0.20911949685534592 0.822028624766646 0.031446540880503145 0.014934660858743
2 0.29245283018867924 0.8182949595519602 0.04402515723270441 0.01742377100186683
2 0.345125786163522 0.8061605476042315 0.039308176100628936 0.01431238332296204
2 0.38836477987421386 0.806471686372122 0.03459119496855346 0.014934660858743
2 0.4339622641509434 0.7940261356565028 0.04088050314465409 0.013690105787181082
2 0.5416666666666667 0.814250155569384 0.04245283018867925 0.019290603609209707
2 0.5094339622641509 0.8450528935905414 0.03459119496855346 0.014934660858743
2 0.3419811320754717 0.8494088363410081 0.0330188679245283 0.014934660858743
2 0.05581761006289308 0.8637212196639701 0.039308176100628936 0.014934660858743
2 0.0959119496855346 0.8559427504667081 0.031446540880503145 0.015556938394523958
2 0.12421383647798742 0.8553204729309272 0.03459119496855346 0.01431238332296204
2 0.16430817610062895 0.8637212196639701 0.039308176100628936 0.014934660858743
2 0.25157232704402516 0.8786558805227132 0.04402515723270441 0.014934660858743
2 0.23034591194968554 0.887678904791537 0.039308176100628936 0.01804604853764779
2 0.43003144654088055 0.8705662725575607 0.039308176100628936 0.014934660858743
2 0.5581761006289309 0.8730553827006845 0.04088050314465409 0.016179215930304917
2 0.60062893081761 0.8553204729309272 0.03773584905660378 0.01431238332296204
2 0.6973270440251572 0.8431860609831985 0.036163522012578615 0.012445550715619166
2 0.8128930817610064 0.8895457373988799 0.03773584905660378 0.016801493466085875
2 0.06761006289308176 0.9035469819539514 0.04088050314465409 0.021157436216552583
2 0.1320754716981132 0.9250155569383945 0.031446540880503145 0.019290603609209707
2 0.184748427672956 0.9219041692594897 0.045597484276729564 0.019290603609209707
2 0.2169811320754717 0.9278158058494088 0.03773584905660378 0.014934660858743
2 0.26022012578616355 0.9250155569383945 0.036163522012578615 0.01804604853764779
2 0.34827044025157233 0.8976353453640323 0.045597484276729564 0.01804604853764779
2 0.32232704402515727 0.9262601120099564 0.04088050314465409 0.020535158680771624
2 0.4025157232704403 0.8886123210952085 0.03459119496855346 0.013690105787181082
2 0.5338050314465409 0.909769757311761 0.05817610062893082 0.01742377100186683
2 0.5275157232704403 0.9271935283136279 0.06446540880503145 0.01742377100186683
2 0.6823899371069183 0.8991910392034848 0.04088050314465409 0.01742377100186683
2 0.6430817610062893 0.9057249533291848 0.03773584905660378 0.01804604853764779
2 0.664308176100629 0.9191039203484754 0.04874213836477988 0.014934660858743
2 0.7028301886792453 0.9315494710640946 0.05345911949685535 0.018668326073428748
2 0.7547169811320755 0.9082140634723086 0.04716981132075472 0.024268823895457373
2 0.8647798742138365 0.918792781580585 0.06289308176100629 0.01804604853764779
2 0.7602201257861636 0.9458618543870566 0.045597484276729564 0.019912881144990666
2 0.6037735849056605 0.9520846297448662 0.050314465408805034 0.018668326073428748
2 0.64937106918239 0.9589296826384568 0.04088050314465409 0.018668326073428748
2 0.7012578616352202 0.9723086496577473 0.04088050314465409 0.020535158680771624
2 0.6234276729559749 0.9729309271935282 0.04245283018867925 0.015556938394523958
2 0.5628930817610063 0.9617299315494711 0.03773584905660378 0.01431238332296204
2 0.49606918238993714 0.9598630989421282 0.04874213836477988 0.016801493466085875
2 0.4308176100628931 0.9415059116365899 0.03773584905660378 0.01742377100186683
2 0.40723270440251574 0.9645301804604853 0.04402515723270441 0.018668326073428748
2 0.33726415094339623 0.9788425637834474 0.05188679245283019 0.013690105787181082
2 0.3034591194968554 0.9477286869943995 0.05345911949685535 0.01742377100186683
2 0.16352201257861637 0.9576851275668948 0.04402515723270441 0.014934660858743
2 0.2138364779874214 0.9695084007467331 0.04716981132075472 0.01742377100186683
2 0.22877358490566038 0.9561294337274424 0.055031446540880505 0.015556938394523958
2 0.1029874213836478 0.9517734909769757 0.055031446540880505 0.019290603609209707
2 0.10770440251572327 0.9838207840696951 0.05188679245283019 0.018668326073428748
2 0.045597484276729564 0.9536403235843186 0.04716981132075472 0.016801493466085875
2 0.2940251572327044 0.8665214685749845 0.04402515723270441 0.015556938394523958
2 0.25157232704402516 0.7744243932794026 0.03459119496855346 0.013067828251400125
2 0.24213836477987422 0.4561294337274424 0.031446540880503145 0.018668326073428748
2 0.31053459119496857 0.4632856253889234 0.0330188679245283 0.020535158680771624
2 0.2869496855345912 0.02862476664592408 0.029874213836477988 0.016179215930304917
2 0.17452830188679247 0.06689483509645301 0.031446540880503145 0.011823273179838207
2 0.2806603773584906 0.08618543870566273 0.045597484276729564 0.013067828251400125
2 0.12028301886792453 0.1179215930304916 0.029874213836477988 0.01431238332296204
2 0.025157232704402517 0.12912258867454884 0.04716981132075472 0.019290603609209707
2 0.24135220125786164 0.15868077162414437 0.036163522012578615 0.008711885500933415
2 0.9284591194968554 0.16085874299937772 0.039308176100628936 0.016801493466085875
2 0.020440251572327046 0.23802115743621655 0.03773584905660378 0.021779713752333542
2 0.03537735849056604 0.2165525824517735 0.029874213836477988 0.013690105787181082
2 0.026729559748427674 0.3145612943372744 0.04716981132075472 0.019290603609209707
2 0.08411949685534592 0.3304293714996889 0.039308176100628936 0.01742377100186683
2 0.021226415094339625 0.3406969508400747 0.029874213836477988 0.010578718108276292
2 0.05345911949685535 0.34225264467952704 0.022012578616352203 0.0074673304293715
2 0.16902515723270442 0.3453640323584319 0.02358490566037736 0.009956440572495333
2 0.17610062893081763 0.31393901680149344 0.03459119496855346 0.019290603609209707
2 0.625 0.47510889856876165 0.029874213836477988 0.011823273179838207
2 0.7869496855345912 0.5379589296826385 0.04245283018867925 0.011823273179838207
2 0.7358490566037736 0.5454262601120099 0.031446540880503145 0.009334163036714374
2 0.8411949685534592 0.5743621655258245 0.03773584905660378 0.01120099564405725
2 0.15408805031446543 0.6269446172993155 0.02830188679245283 0.010578718108276292
2 0.0660377358490566 0.6680149346608587 0.03773584905660378 0.01431238332296204
2 0.20833333333333334 0.6873055382700685 0.0330188679245283 0.015556938394523958
2 0.1470125786163522 0.6907280647168638 0.029874213836477988 0.012445550715619166
2 0.5251572327044025 0.6708151835718731 0.02830188679245283 0.013690105787181082
2 0.6918238993710693 0.7638456751711263 0.03773584905660378 0.01804604853764779
2 0.5990566037735849 0.6876166770379589 0.031446540880503145 0.013690105787181082
2 0.14150943396226415 0.7286869943995021 0.03459119496855346 0.012445550715619166
2 0.2617924528301887 0.7218419415059116 0.0330188679245283 0.016179215930304917
2 0.31289308176100633 0.7485998755444928 0.02830188679245283 0.013690105787181082
2 0.01886792452830189 0.8260734287492222 0.03459119496855346 0.023024268823895456
2 0.8317610062893083 0.8531425015556938 0.02830188679245283 0.01742377100186683
2 0.19968553459119498 0.8665214685749845 0.03459119496855346 0.016801493466085875
2 0.10613207547169812 0.8886123210952085 0.04245283018867925 0.014934660858743
2 0.015723270440251572 0.9057249533291848 0.02830188679245283 0.010578718108276292
2 0.059748427672955975 0.9184816428126944 0.031446540880503145 0.012445550715619166
2 0.3011006289308176 0.9648413192283758 0.04245283018867925 0.016801493466085875
2 0.37971698113207547 0.9427504667081519 0.02358490566037736 0.013690105787181082
2 0.5377358490566038 0.7809583074051026 0.03459119496855346 0.009956440572495333
