2 0.21684053651266766 0.0470479704797048 0.037257824143070044 0.015375153751537515
2 0.2555886736214605 0.13560885608856088 0.040238450074515646 0.015375153751537515
2 0.5171385991058122 0.12853628536285364 0.03576751117734724 0.014760147601476016
2 0.6639344262295082 0.1423739237392374 0.040238450074515646 0.014145141451414515
2 0.8383010432190761 0.08118081180811808 0.037257824143070044 0.014760147601476016
2 0.801043219076006 0.15313653136531366 0.037257824143070044 0.012300123001230012
2 0.7436661698956781 0.08702337023370234 0.03576751117734724 0.014145141451414515
2 0.184053651266766 0.1851168511685117 0.028315946348733235 0.011070110701107012
2 0.3256333830104322 0.18357933579335795 0.037257824143070044 0.015375153751537515
2 0.47391952309985097 0.18972939729397295 0.038748137108792845 0.016605166051660517
2 0.529806259314456 0.19526445264452644 0.05514157973174367 0.02152521525215252
2 0.5692995529061102 0.21678966789667897 0.03278688524590164 0.014145141451414515
2 0.6259314456035767 0.18665436654366543 0.03576751117734724 0.012915129151291513
2 0.6713859910581222 0.1968019680196802 0.03129657228017884 0.014760147601476016
2 0.732488822652757 0.1875768757687577 0.03427719821162444 0.013530135301353014
2 0.030551415797317436 0.25461254612546125 0.046199701937406856 0.01968019680196802
2 0.12816691505216096 0.236469864698647 0.03576751117734724 0.015375153751537515
2 0.16989567809239942 0.23062730627306274 0.038748137108792845 0.012300123001230012
2 0.29731743666169896 0.22263222632226323 0.03427719821162444 0.017220172201722016
2 0.4135618479880775 0.245079950799508 0.04918032786885246 0.01783517835178352
2 0.49850968703427717 0.25461254612546125 0.043219076005961254 0.01968019680196802
2 0.5514157973174366 0.24538745387453875 0.044709388971684055 0.014760147601476016
2 0.6333830104321908 0.2570725707257073 0.044709388971684055 0.01968019680196802
2 0.7160953800298062 0.25984009840098404 0.046199701937406856 0.01906519065190652
2 0.11400894187779434 0.29920049200492005 0.040238450074515646 0.011685116851168511
2 0.2593144560357675 0.3191881918819188 0.041728763040238454 0.01968019680196802
2 0.29135618479880776 0.2902829028290283 0.03129657228017884 0.014760147601476016
2 0.3442622950819672 0.32441574415744157 0.041728763040238454 0.015375153751537515
2 0.46050670640834573 0.3139606396063961 0.044709388971684055 0.02029520295202952
2 0.5007451564828614 0.3062730627306273 0.04769001490312966 0.022140221402214024
2 0.5663189269746647 0.3075030750307503 0.03576751117734724 0.01845018450184502
2 0.6259314456035767 0.29489544895448955 0.03576751117734724 0.01906519065190652
2 0.7593144560357675 0.3059655596555966 0.043219076005961254 0.01906519065190652
2 0.6855439642324889 0.2982779827798278 0.04769001490312966 0.014760147601476016
2 0.2608047690014903 0.36900369003690037 0.041728763040238454 0.020910209102091022
2 0.3949329359165425 0.3607011070110701 0.04769001490312966 0.015375153751537515
2 0.6289120715350224 0.36039360393603936 0.03278688524590164 0.01968019680196802
2 0.6825633383010432 0.3699261992619926 0.038748137108792845 0.016605166051660517
2 0.7354694485842027 0.34501845018450183 0.043219076005961254 0.015990159901599018
2 0.8077496274217586 0.3579335793357934 0.038748137108792845 0.015990159901599018
2 0.8904619970193741 0.35455104551045513 0.037257824143070044 0.016605166051660517
2 0.6557377049180327 0.3385608856088561 0.038748137108792845 0.014145141451414515
2 0.7421758569299552 0.40713407134071344 0.03278688524590164 0.01968019680196802
2 0.7921013412816692 0.40498154981549817 0.040238450074515646 0.016605166051660517
2 0.8859910581222057 0.4338868388683887 0.05216095380029806 0.022755227552275523
2 0.12295081967213115 0.4634071340713407 0.043219076005961254 0.016605166051660517
2 0.184053651266766 0.46463714637146375 0.046199701937406856 0.01906519065190652
2 0.161698956780924 0.48247232472324725 0.05514157973174367 0.01783517835178352
2 0.26751117734724295 0.485239852398524 0.04918032786885246 0.01845018450184502
2 0.3770491803278688 0.47078720787207873 0.044709388971684055 0.016605166051660517
2 0.46050670640834573 0.4661746617466175 0.05067064083457526 0.017220172201722016
2 0.5201192250372578 0.48031980319803197 0.03576751117734724 0.012300123001230012
2 0.620715350223547 0.4431119311193112 0.03129657228017884 0.014145141451414515
2 0.6751117734724292 0.46371463714637146 0.038748137108792845 0.014760147601476016
2 0.7205663189269746 0.4412669126691267 0.03427719821162444 0.014145141451414515
2 0.7906110283159463 0.45879458794587946 0.040238450074515646 0.01845018450184502
2 0.7600596125186289 0.48185731857318576 0.038748137108792845 0.015375153751537515
2 0.8822652757078987 0.4763222632226322 0.041728763040238454 0.015375153751537515
2 0.8941877794336811 0.45295202952029523 0.03576751117734724 0.012915129151291513
2 0.2593144560357675 0.5276752767527676 0.038748137108792845 0.015990159901599018
2 0.5 0.5353628536285363 0.040238450074515646 0.014145141451414515
2 0.5797317436661699 0.5452029520295203 0.05067064083457526 0.01783517835178352
2 0.6527570789865872 0.5119926199261993 0.041728763040238454 0.01906519065190652
2 0.680327868852459 0.52460024600246 0.03427719821162444 0.013530135301353014
2 0.7771982116244411 0.5753382533825339 0.03427719821162444 0.015375153751537515
2 0.680327868852459 0.5777982779827798 0.043219076005961254 0.01783517835178352
2 0.5521609538002981 0.5731857318573186 0.040238450074515646 0.017220172201722016
2 0.43219076005961254 0.6306888068880689 0.041728763040238454 0.01783517835178352
2 0.33383010432190763 0.6306888068880689 0.03576751117734724 0.014145141451414515
2 0.3405365126676602 0.5670356703567035 0.037257824143070044 0.014760147601476016
2 0.48658718330849476 0.6506765067650677 0.046199701937406856 0.015990159901599018
2 0.5640834575260805 0.6371463714637147 0.046199701937406856 0.015990159901599018
2 0.6162444113263785 0.6322263222632226 0.043219076005961254 0.013530135301353014
2 0.7526080476900149 0.6528290282902829 0.038748137108792845 0.015375153751537515
2 0.6847988077496274 0.646678966789668 0.03427719821162444 0.011685116851168511
2 0.8226527570789866 0.6340713407134072 0.04769001490312966 0.017220172201722016
2 0.2488822652757079 0.7072570725707257 0.03576751117734724 0.013530135301353014
2 0.29582712369597614 0.7026445264452644 0.043219076005961254 0.015375153751537515
2 0.3502235469448584 0.68849938499385 0.03576751117734724 0.015375153751537515
2 0.48360655737704916 0.7198646986469865 0.040238450074515646 0.01783517835178352
2 0.5514157973174366 0.7054120541205412 0.041728763040238454 0.017220172201722016
2 0.6497764530551415 0.6869618696186962 0.038748137108792845 0.017220172201722016
2 0.672876304023845 0.699569495694957 0.03129657228017884 0.014145141451414515
2 0.732488822652757 0.6974169741697417 0.040238450074515646 0.017220172201722016
2 0.8353204172876304 0.6964944649446495 0.040238450074515646 0.016605166051660517
2 0.21907600596125187 0.7518450184501845 0.044709388971684055 0.014145141451414515
2 0.6907600596125186 0.7349323493234933 0.043219076005961254 0.01968019680196802
2 0.6177347242921013 0.7613776137761378 0.043219076005961254 0.014760147601476016
2 0.6937406855439643 0.7712177121771218 0.040238450074515646 0.013530135301353014
2 0.5707898658718331 0.783210332103321 0.044709388971684055 0.015375153751537515
2 0.6669150521609538 0.8145756457564576 0.046199701937406856 0.01906519065190652
2 0.8815201192250373 0.8053505535055351 0.040238450074515646 0.02152521525215252
2 0.06631892697466468 0.8431734317343174 0.043219076005961254 0.020910209102091022
2 0.18628912071535023 0.8856088560885609 0.041728763040238454 0.017220172201722016
2 0.23025335320417287 0.8563960639606396 0.046199701937406856 0.016605166051660517
2 0.28390461997019373 0.8653136531365314 0.03129657228017884 0.014760147601476016
2 0.33084947839046197 0.8705412054120542 0.03576751117734724 0.011685116851168511
2 0.40238450074515647 0.8662361623616236 0.03576751117734724 0.016605166051660517
2 0.4672131147540984 0.8640836408364084 0.037257824143070044 0.012300123001230012
2 0.5976154992548435 0.8736162361623616 0.029806259314456036 0.014145141451414515
2 0.6564828614008942 0.8723862238622386 0.028315946348733235 0.012915129151291513
2 0.6944858420268256 0.8754612546125462 0.038748137108792845 0.016605166051660517
2 0.879284649776453 0.8717712177121771 0.041728763040238454 0.015375153751537515
2 0.21311475409836064 0.9261992619926199 0.041728763040238454 0.013530135301353014
2 0.2660208643815201 0.9301968019680197 0.03129657228017884 0.011685116851168511
2 0.323397913561848 0.9317343173431735 0.03576751117734724 0.013530135301353014
2 0.29433681073025336 0.9123616236162362 0.03427719821162444 0.014145141451414515
2 0.4120715350223547 0.9175891758917589 0.040238450074515646 0.017220172201722016
2 0.4910581222056632 0.954489544895449 0.040238450074515646 0.017220172201722016
2 0.5953800298062593 0.9391143911439115 0.05216095380029806 0.013530135301353014
2 0.589418777943368 0.9504920049200493 0.040238450074515646 0.012915129151291513
2 0.6512667660208644 0.9166666666666667 0.03278688524590164 0.015375153751537515
2 0.7198211624441133 0.9326568265682658 0.038748137108792845 0.016605166051660517
2 0.5350223546944859 0.8662361623616236 0.038748137108792845 0.012915129151291513
2 0.4061102831594635 0.8007380073800738 0.037257824143070044 0.013530135301353014
2 0.08792846497764531 0.4108241082410824 0.038748137108792845 0.015990159901599018
2 0.5834575260804769 0.4065190651906519 0.03129657228017884 0.015990159901599018
2 0.040983606557377046 0.2976629766297663 0.043219076005961254 0.014760147601476016
2 0.5149031296572281 0.4009840098400984 0.03427719821162444 0.015990159901599018
2 0.8964232488822653 0.5175276752767528 0.03427719821162444 0.015375153751537515
2 0.45976154992548435 0.5888683886838868 0.03427719821162444 0.02029520295202952
2 0.8912071535022354 0.6402214022140221 0.029806259314456036 0.013530135301353014
2 0.23323397913561847 0.6377613776137762 0.043219076005961254 0.01968019680196802
