2 0.8775510204081634 0.9190680564071122 0.05337519623233909 0.018393623543838136
2 0.8508634222919937 0.9374616799509503 0.04081632653061225 0.01226241569589209
2 0.8932496075353219 0.9337829552421827 0.05337519623233909 0.01103617412630288
2 0.9560439560439561 0.9251992642550582 0.04081632653061225 0.019619865113427344
2 0.9262166405023549 0.9215205395462905 0.02511773940345369 0.009809932556713672
2 0.8171114599686029 0.9469650521152666 0.0423861852433281 0.01655426118945432
2 0.7794348508634223 0.9598405885959533 0.03924646781789639 0.014101778050275904
2 0.7590266875981162 0.9331698344573881 0.03296703296703297 0.01594114040465972
2 0.6656200941915228 0.943286327406499 0.03453689167974883 0.012875536480686695
2 0.6703296703296704 0.9218270999386878 0.04081632653061225 0.015328019619865112
2 0.7158555729984302 0.9101778050275904 0.03767660910518054 0.014101778050275904
2 0.8029827315541602 0.8908645003065604 0.03296703296703297 0.014714898835070508
2 0.6106750392464678 0.9313304721030042 0.031397174254317116 0.01226241569589209
2 0.6153846153846154 0.8951563458001226 0.04395604395604396 0.017167381974248927
2 0.5627943485086343 0.920907418761496 0.04552590266875981 0.018393623543838136
2 0.4795918367346939 0.9193746167995095 0.04552590266875981 0.019006744328632738
2 0.3971742543171115 0.9319435928877988 0.05337519623233909 0.018393623543838136
2 0.36342229199372056 0.946351931330472 0.03924646781789639 0.011649294911097485
2 0.31475667189952905 0.9393010423053341 0.04552590266875981 0.017167381974248927
2 0.24960753532182106 0.9224402207234825 0.05023547880690738 0.015328019619865112
2 0.9128728414442701 0.841814837522992 0.03296703296703297 0.01594114040465972
2 0.7739403453689169 0.8531575720416922 0.03767660910518054 0.015328019619865112
2 0.6938775510204082 0.8399754751686082 0.03453689167974883 0.01103617412630288
2 0.6609105180533752 0.8320049049662783 0.03453689167974883 0.01226241569589209
2 0.6428571428571429 0.8497854077253219 0.03610675039246468 0.01226241569589209
2 0.554945054945055 0.8402820355610054 0.0423861852433281 0.015328019619865112
2 0.5023547880690739 0.8436541998773758 0.01883830455259027 0.014714898835070508
2 0.3116169544740974 0.8853464132434089 0.029827315541601257 0.01594114040465972
2 0.29984301412872844 0.9141630901287553 0.0282574568288854 0.014714898835070508
2 0.271585557299843 0.8574494175352544 0.03767660910518054 0.019006744328632738
2 0.19780219780219782 0.8586756591048436 0.03453689167974883 0.01655426118945432
2 0.1357927786499215 0.8464132434089515 0.0423861852433281 0.015328019619865112
2 0.27237048665620095 0.9374616799509503 0.0423861852433281 0.01594114040465972
2 0.8540031397174255 0.8243408951563458 0.04081632653061225 0.01778050275904353
2 0.7527472527472527 0.7872470876762722 0.03924646781789639 0.01226241569589209
2 0.6993720565149137 0.7955242182709994 0.03296703296703297 0.012875536480686695
2 0.5 0.799202942979767 0.03296703296703297 0.014101778050275904
2 0.3940345368916798 0.788166768853464 0.03453689167974883 0.011649294911097485
2 0.09968602825745683 0.7930717351318209 0.03610675039246468 0.014101778050275904
2 0.11695447409733124 0.7575107296137339 0.03924646781789639 0.01778050275904353
2 0.17111459968602827 0.7397302268546904 0.04709576138147567 0.01655426118945432
2 0.25274725274725274 0.7345187001839362 0.04395604395604396 0.01594114040465972
2 0.29120879120879123 0.7596566523605149 0.0423861852433281 0.017167381974248927
2 0.3799058084772371 0.7437155119558553 0.04081632653061225 0.017167381974248927
2 0.4513343799058085 0.7394236664622931 0.04552590266875981 0.014714898835070508
2 0.43328100470957615 0.7572041692213366 0.04081632653061225 0.01594114040465972
2 0.4065934065934066 0.7621091354996934 0.0282574568288854 0.01103617412630288
2 0.543171114599686 0.7614960147148988 0.031397174254317116 0.0134886572654813
2 0.5737833594976453 0.7618025751072961 0.03924646781789639 0.015328019619865112
2 0.7158555729984302 0.7553648068669527 0.04081632653061225 0.01594114040465972
2 0.6538461538461539 0.7599632127529122 0.03296703296703297 0.014101778050275904
2 0.772370486656201 0.7492335990190067 0.031397174254317116 0.01226241569589209
2 0.8469387755102041 0.7492335990190067 0.03924646781789639 0.014714898835070508
2 0.859497645211931 0.7280809319435928 0.03296703296703297 0.012875536480686695
2 0.8249607535321821 0.7268546903740036 0.03924646781789639 0.01655426118945432
2 0.7951334379905809 0.7256284488044145 0.04866562009419152 0.02145922746781116
2 0.7755102040816327 0.7299202942979767 0.03453689167974883 0.012875536480686695
2 0.7229199372056515 0.7188841201716738 0.04552590266875981 0.01655426118945432
2 0.6295133437990581 0.713059472716125 0.04395604395604396 0.017167381974248927
2 0.5376766091051806 0.706928264868179 0.0423861852433281 0.017167381974248927
2 0.4960753532182104 0.7053954629061925 0.04081632653061225 0.01778050275904353
2 0.3139717425431711 0.7286940527283875 0.031397174254317116 0.011649294911097485
2 0.3202511773940346 0.7164316370324953 0.04081632653061225 0.011649294911097485
2 0.2645211930926217 0.7103004291845493 0.03924646781789639 0.015328019619865112
2 0.3390894819466248 0.6983445738810545 0.04709576138147567 0.017167381974248927
2 0.43799058084772374 0.687614960147149 0.04709576138147567 0.015328019619865112
2 0.9128728414442701 0.6833231146535867 0.04552590266875981 0.019006744328632738
2 0.7841444270015699 0.6958920907418761 0.03924646781789639 0.0134886572654813
2 0.6718995290423863 0.6968117719190681 0.059654631083202514 0.01778050275904353
2 0.728414442700157 0.677498467198038 0.04395604395604396 0.017167381974248927
2 0.3751962323390895 0.6649294911097486 0.03767660910518054 0.015328019619865112
2 0.29199372056514916 0.6658491722869405 0.03453689167974883 0.01594114040465972
2 0.22135007849293564 0.6753525444512568 0.03767660910518054 0.014101778050275904
2 0.12323390894819466 0.6707541385652973 0.03924646781789639 0.014714898835070508
2 0.1687598116169545 0.6643163703249539 0.029827315541601257 0.015328019619865112
2 0.1357927786499215 0.650214592274678 0.03610675039246468 0.010423053341508276
2 0.1577708006279435 0.6351931330472103 0.03610675039246468 0.017167381974248927
2 0.26373626373626374 0.6382587369711833 0.05023547880690738 0.018393623543838136
2 0.315541601255887 0.6342734518700184 0.05023547880690738 0.015328019619865112
2 0.772370486656201 0.6612507664009809 0.03767660910518054 0.014101778050275904
2 0.827315541601256 0.6468424279583077 0.03453689167974883 0.014714898835070508
2 0.8634222919937207 0.6327406499080318 0.04395604395604396 0.018393623543838136
2 0.7142857142857143 0.6496014714898835 0.04709576138147567 0.02023298589822195
2 0.6703296703296704 0.6272225628448804 0.04709576138147567 0.019619865113427344
2 0.576138147566719 0.6514408338442673 0.05023547880690738 0.01778050275904353
2 0.5792778649921507 0.6339668914776211 0.03767660910518054 0.01103617412630288
2 0.6075353218210361 0.6229307173513182 0.05023547880690738 0.018393623543838136
2 0.46546310832025123 0.6351931330472103 0.04866562009419152 0.017167381974248927
2 0.5361067503924647 0.6281422440220723 0.029827315541601257 0.012875536480686695
2 0.36813186813186816 0.6210913549969344 0.03610675039246468 0.0134886572654813
2 0.32574568288854006 0.6088289393010423 0.03296703296703297 0.0134886572654813
2 0.2056514913657771 0.6425505824647455 0.031397174254317116 0.009809932556713672
2 0.14521193092621665 0.6149601471489883 0.0423861852433281 0.017167381974248927
2 0.2205651491365777 0.6100551808706315 0.03924646781789639 0.014714898835070508
2 0.46075353218210363 0.6026977314530962 0.03296703296703297 0.014714898835070508
2 0.10910518053375197 0.5665236051502146 0.0423861852433281 0.01594114040465972
2 0.1970172684458399 0.5748007357449417 0.06122448979591837 0.01778050275904353
2 0.26138147566718994 0.5561005518087063 0.04866562009419152 0.018393623543838136
2 0.31240188383045525 0.5741876149601471 0.04395604395604396 0.01655426118945432
2 0.3775510204081633 0.5490496627835684 0.03610675039246468 0.012875536480686695
2 0.4175824175824176 0.5573267933782955 0.05023547880690738 0.018393623543838136
2 0.39952904238618525 0.5686695278969957 0.03610675039246468 0.012875536480686695
2 0.4050235478806908 0.5864500306560392 0.04081632653061225 0.015328019619865112
2 0.43799058084772374 0.5812385039852851 0.05337519623233909 0.018393623543838136
2 0.5376766091051806 0.5760269773145309 0.03924646781789639 0.01655426118945432
2 0.4882260596546311 0.5778663396689148 0.04081632653061225 0.01778050275904353
2 0.5125588697017269 0.5913549969343961 0.0423861852433281 0.01655426118945432
2 0.5808477237048666 0.5775597792765175 0.0282574568288854 0.01226241569589209
2 0.5510204081632654 0.5576333537706928 0.0282574568288854 0.012875536480686695
2 0.6059654631083203 0.5646842427958307 0.06593406593406594 0.018393623543838136
2 0.6585557299843015 0.5763335377069282 0.03296703296703297 0.014714898835070508
2 0.6766091051805337 0.5570202329858982 0.04081632653061225 0.01778050275904353
2 0.7425431711145998 0.559779276517474 0.03453689167974883 0.014714898835070508
2 0.7496075353218211 0.5772532188841202 0.03296703296703297 0.011649294911097485
2 0.8014128728414444 0.5656039239730226 0.03610675039246468 0.014101778050275904
2 0.8877551020408164 0.5018393623543838 0.03296703296703297 0.014101778050275904
2 0.8430141287284145 0.5033721643163703 0.03453689167974883 0.01103617412630288
2 0.8335949764521193 0.5220723482526057 0.03453689167974883 0.010423053341508276
2 0.793563579277865 0.5236051502145922 0.03610675039246468 0.017167381974248927
2 0.7527472527472527 0.5260576333537706 0.03610675039246468 0.01226241569589209
2 0.7551020408163266 0.5416922133660331 0.04081632653061225 0.012875536480686695
2 0.7064364207221351 0.5349478847332925 0.04081632653061225 0.01778050275904353
2 0.6255886970172685 0.5266707541385652 0.0423861852433281 0.019619865113427344
2 0.6703296703296704 0.5039852851011649 0.03453689167974883 0.0134886572654813
2 0.7378335949764522 0.49908031882280807 0.03767660910518054 0.0134886572654813
2 0.5023547880690739 0.5171673819742489 0.03453689167974883 0.014101778050275904
2 0.5298273155416013 0.49601471489883503 0.03924646781789639 0.0134886572654813
2 0.8893249607535322 0.4619865113427345 0.03296703296703297 0.01655426118945432
2 0.8328100470957615 0.4463519313304721 0.03924646781789639 0.01594114040465972
2 0.772370486656201 0.46750459840588593 0.04709576138147567 0.01778050275904353
2 0.7142857142857143 0.46505211526670753 0.03767660910518054 0.014101778050275904
2 0.6577708006279436 0.45922746781115875 0.04081632653061225 0.01594114040465972
2 0.58712715855573 0.4742489270386266 0.03767660910518054 0.01655426118945432
2 0.49136577708006285 0.48160637645616183 0.04709576138147567 0.01778050275904353
2 0.39952904238618525 0.4576946658491723 0.03924646781789639 0.015328019619865112
2 0.42072213500784933 0.4920294297976701 0.03767660910518054 0.014101778050275904
2 0.391679748822606 0.5095033721643163 0.04552590266875981 0.0134886572654813
2 0.33359497645211933 0.5137952176578786 0.0423861852433281 0.018393623543838136
2 0.22213500784929358 0.5208461066830166 0.03296703296703297 0.012875536480686695
2 0.25274725274725274 0.5147148988350705 0.05023547880690738 0.01778050275904353
2 0.09654631083202513 0.51931330472103 0.04866562009419152 0.019619865113427344
2 0.1805337519623234 0.49540159411404044 0.03767660910518054 0.0134886572654813
2 0.17660910518053377 0.48129981606376454 0.03610675039246468 0.014714898835070508
2 0.1381475667189953 0.4662783568362967 0.0565149136577708 0.01778050275904353
2 0.09968602825745683 0.47946045370938073 0.04866562009419152 0.01594114040465972
2 0.22135007849293564 0.45462906192519925 0.03453689167974883 0.014101778050275904
2 0.2668759811616955 0.45432250153280196 0.031397174254317116 0.0134886572654813
2 0.33987441130298274 0.45248313917841815 0.03924646781789639 0.014714898835070508
2 0.6106750392464678 0.4460453709380748 0.03767660910518054 0.014101778050275904
2 0.026687598116169546 0.4396076026977314 0.031397174254317116 0.01226241569589209
2 0.0816326530612245 0.44420600858369097 0.03767660910518054 0.015328019619865112
2 0.047880690737833596 0.42458614347026363 0.03924646781789639 0.012875536480686695
2 0.08084772370486656 0.4117106069895769 0.04866562009419152 0.01655426118945432
2 0.14207221350078494 0.4273451870018393 0.0423861852433281 0.0134886572654813
2 0.15855572998430142 0.4399141630901287 0.03767660910518054 0.01655426118945432
2 0.2119309262166405 0.41876149601471485 0.04081632653061225 0.017167381974248927
2 0.2739403453689168 0.4153893316983446 0.04866562009419152 0.01778050275904353
2 0.18602825745682888 0.3957694665849172 0.06750392464678179 0.01655426118945432
2 0.37833594976452123 0.410790925812385 0.05337519623233909 0.017167381974248927
2 0.4497645211930926 0.417841814837523 0.0423861852433281 0.01655426118945432
2 0.4937205651491366 0.4248927038626609 0.04552590266875981 0.019619865113427344
2 0.7213500784929356 0.40220723482526055 0.03924646781789639 0.0134886572654813
2 0.641287284144427 0.4172286940527284 0.03610675039246468 0.012875536480686695
2 0.6836734693877552 0.39239730226854685 0.03924646781789639 0.0134886572654813
2 0.5941915227629514 0.4098712446351931 0.03610675039246468 0.015328019619865112
2 0.5565149136577708 0.39975475168608215 0.0423861852433281 0.01594114040465972
2 0.6075353218210361 0.3850398528510116 0.03453689167974883 0.0134886572654813
2 0.7048665620094192 0.37522992029429797 0.04395604395604396 0.014714898835070508
2 0.4324960753532182 0.394543225015328 0.0423861852433281 0.015328019619865112
2 0.12166405023547881 0.3543838136112814 0.0423861852433281 0.017167381974248927
2 0.17268445839874413 0.34580012262415694 0.04395604395604396 0.019619865113427344
2 0.24725274725274726 0.3666462293071735 0.04866562009419152 0.01594114040465972
2 0.2880690737833595 0.3424279583077866 0.0423861852433281 0.01778050275904353
2 0.3249607535321821 0.35959534028203555 0.04395604395604396 0.01655426118945432
2 0.3712715855572999 0.3510116492949111 0.03924646781789639 0.014101778050275904
2 0.46781789638932497 0.3727774371551195 0.05023547880690738 0.019619865113427344
2 0.5133437990580848 0.384426732066217 0.03767660910518054 0.0134886572654813
2 0.5070643642072213 0.3626609442060086 0.03453689167974883 0.014101778050275904
2 0.5180533751962324 0.34917228694052727 0.04081632653061225 0.015328019619865112
2 0.5675039246467818 0.3540772532188841 0.03924646781789639 0.015328019619865112
2 0.6177394034536892 0.3485591661557327 0.03610675039246468 0.015328019619865112
2 0.609105180533752 0.3645003065603924 0.031397174254317116 0.015328019619865112
2 0.6726844583987441 0.36235438381361124 0.03610675039246468 0.01594114040465972
2 0.794348508634223 0.35775597792765174 0.05023547880690738 0.01778050275904353
2 0.8335949764521193 0.36388718577559775 0.03767660910518054 0.012875536480686695
2 0.8076923076923077 0.3298589822194972 0.0423861852433281 0.01594114040465972
2 0.6773940345368917 0.31851624770079706 0.04866562009419152 0.02023298589822195
2 0.7629513343799058 0.33261802575107297 0.04395604395604396 0.014101778050275904
2 0.7645211930926217 0.34488044144696506 0.04709576138147567 0.012875536480686695
2 0.8076923076923077 0.34610668301655423 0.03296703296703297 0.014101778050275904
2 0.9317111459968603 0.29429797670141017 0.04866562009419152 0.018393623543838136
2 0.9686028257456829 0.2985898221949724 0.04081632653061225 0.01594114040465972
2 0.8555729984301413 0.27682403433476394 0.04081632653061225 0.01655426118945432
2 0.8320251177394035 0.29245861434702636 0.04709576138147567 0.019619865113427344
2 0.8783359497645212 0.2985898221949724 0.05180533751962324 0.01594114040465972
2 0.8940345368916798 0.31912936848559165 0.0423861852433281 0.01655426118945432
2 0.7762951334379906 0.2939914163090129 0.04866562009419152 0.014101778050275904
2 0.7166405023547882 0.2878602084610668 0.03924646781789639 0.019006744328632738
2 0.6342229199372057 0.299202942979767 0.04081632653061225 0.018393623543838136
2 0.7323390894819467 0.2719190680564071 0.03610675039246468 0.014101778050275904
2 0.6122448979591837 0.3120784794604537 0.04081632653061225 0.0134886572654813
2 0.5949764521193093 0.3041079092581238 0.03453689167974883 0.0134886572654813
2 0.5282574568288855 0.3270999386879215 0.03610675039246468 0.012875536480686695
2 0.5447409733124019 0.30656039239730226 0.04709576138147567 0.019619865113427344
2 0.42464678178963894 0.3709380748007357 0.03924646781789639 0.0134886572654813
2 0.07535321821036108 0.3038013488657265 0.0282574568288854 0.01655426118945432
2 0.15149136577708008 0.30533415082771304 0.04866562009419152 0.019619865113427344
2 0.21899529042386187 0.29215205395462907 0.04552590266875981 0.01655426118945432
2 0.28649921507064363 0.3114653586756591 0.04552590266875981 0.02207234825260576
2 0.3226059654631083 0.3218884120171674 0.04552590266875981 0.014714898835070508
2 0.37048665620094196 0.30318822808093193 0.04709576138147567 0.01655426118945432
2 0.9081632653061225 0.23789086450030655 0.04866562009419152 0.01594114040465972
2 0.5282574568288855 0.26486817903126914 0.04552590266875981 0.019619865113427344
2 0.5518053375196232 0.2749846719803801 0.04866562009419152 0.02023298589822195
2 0.14285714285714288 0.23697118332311465 0.03453689167974883 0.019006744328632738
2 0.17974882260596547 0.2559779276517474 0.03296703296703297 0.015328019619865112
2 0.18602825745682888 0.2329858982219497 0.03610675039246468 0.014714898835070508
2 0.3092621664050236 0.2452483139178418 0.04709576138147567 0.020846106683016553
2 0.3979591836734694 0.24954015941140403 0.04552590266875981 0.018393623543838136
2 0.4544740973312402 0.22838749233599018 0.04552590266875981 0.02023298589822195
2 0.5635792778649922 0.23053341508277128 0.05023547880690738 0.019619865113427344
2 0.6145996860282575 0.23329245861434703 0.03296703296703297 0.015328019619865112
2 0.652276295133438 0.22164316370324952 0.03610675039246468 0.014101778050275904
2 0.6868131868131868 0.23329245861434703 0.04866562009419152 0.019006744328632738
2 0.9285714285714286 0.18700183936235437 0.05808477237048666 0.019619865113427344
2 0.8775510204081634 0.18087063151440833 0.0565149136577708 0.014714898835070508
2 0.8540031397174255 0.19435928877988962 0.05023547880690738 0.018393623543838136
2 0.8021978021978022 0.19957081545064376 0.04709576138147567 0.02145922746781116
2 0.772370486656201 0.22011036174126303 0.03453689167974883 0.0134886572654813
2 0.8453689167974883 0.20907418761496013 0.029827315541601257 0.014714898835070508
2 0.7896389324960754 0.16952789699570814 0.04081632653061225 0.015328019619865112
2 0.7378335949764522 0.17106069895769466 0.04081632653061225 0.017167381974248927
2 0.6821036106750393 0.16952789699570814 0.03610675039246468 0.015328019619865112
2 0.6420722135007849 0.18669527896995708 0.04709576138147567 0.01778050275904353
2 0.5518053375196232 0.18454935622317595 0.03296703296703297 0.01594114040465972
2 0.49136577708006285 0.1793378295524218 0.04709576138147567 0.01778050275904353
2 0.4222919937205652 0.18332311465358675 0.04395604395604396 0.017167381974248927
2 0.2880690737833595 0.1768853464132434 0.04552590266875981 0.022685469037400367
2 0.22998430141287285 0.18638871857755976 0.04552590266875981 0.019619865113427344
2 0.18916797488226061 0.17320662170447576 0.0423861852433281 0.01655426118945432
2 0.12872841444270017 0.18669527896995708 0.0282574568288854 0.01778050275904353
2 0.9270015698587127 0.13120784794604537 0.03610675039246468 0.014714898835070508
2 0.8116169544740974 0.1339668914776211 0.04081632653061225 0.014101778050275904
2 0.8249607535321821 0.11465358675659104 0.03610675039246468 0.0134886572654813
2 0.9113029827315542 0.10239117106069895 0.03610675039246468 0.0134886572654813
2 0.7048665620094192 0.11802575107296137 0.031397174254317116 0.012875536480686695
2 0.7354788069073783 0.12323727774371551 0.029827315541601257 0.0134886572654813
2 0.6758241758241759 0.12139791538933169 0.026687598116169546 0.0134886572654813
2 0.5745682888540031 0.11342734518700183 0.03453689167974883 0.018393623543838136
2 0.5408163265306123 0.13825873697118332 0.03924646781789639 0.01778050275904353
2 0.48273155416012564 0.13335377069282647 0.03610675039246468 0.015328019619865112
2 0.2762951334379906 0.12691600245248313 0.04709576138147567 0.019619865113427344
2 0.28885400313971743 0.14377682403433475 0.031397174254317116 0.012875536480686695
2 0.11538461538461539 0.1226241569589209 0.03610675039246468 0.020846106683016553
2 0.9607535321821037 0.07755977927651747 0.05023547880690738 0.02023298589822195
2 0.9010989010989011 0.07173513182096873 0.04081632653061225 0.017167381974248927
2 0.8422291993720565 0.06100551808706315 0.05180533751962324 0.019006744328632738
2 0.9387755102040817 0.04935622317596566 0.03767660910518054 0.01655426118945432
2 0.7857142857142858 0.04506437768240343 0.029827315541601257 0.012875536480686695
2 0.6656200941915228 0.0539546290619252 0.03767660910518054 0.014714898835070508
2 0.5353218210361068 0.07418761496014714 0.03767660910518054 0.01594114040465972
2 0.46703296703296704 0.07541385652973635 0.03924646781789639 0.01594114040465972
2 0.24646781789638933 0.08461066830165542 0.03767660910518054 0.01594114040465972
2 0.2425431711145997 0.11220110361741262 0.026687598116169546 0.0134886572654813
2 0.1773940345368917 0.082158185162477 0.04081632653061225 0.0134886572654813
2 0.15306122448979592 0.06591048436541998 0.05180533751962324 0.019006744328632738
2 0.052590266875981166 0.06499080318822807 0.05180533751962324 0.01594114040465972
2 0.21507064364207223 0.13856529736358061 0.04081632653061225 0.01594114040465972
2 0.45839874411302983 0.4638258736971183 0.03767660910518054 0.015328019619865112
2 0.2802197802197802 0.036174126302881665 0.03924646781789639 0.01226241569589209
2 0.10675039246467818 0.05579399141630901 0.03767660910518054 0.009809932556713672
2 0.41051805337519626 0.06345800122624157 0.026687598116169546 0.011649294911097485
2 0.1773940345368917 0.13243408951563457 0.0282574568288854 0.0134886572654813
2 0.15934065934065936 0.2035561005518087 0.029827315541601257 0.008583690987124463
2 0.036891679748822605 0.23237277743715512 0.03610675039246468 0.017167381974248927
2 0.06671899529042387 0.22685469037400366 0.023547880690737835 0.008583690987124463
2 0.8979591836734694 0.19589209074187613 0.0282574568288854 0.01778050275904353
2 0.9686028257456829 0.2719190680564071 0.0282574568288854 0.01655426118945432
2 0.8940345368916798 0.275904353157572 0.029827315541601257 0.0134886572654813
2 0.7951334379905809 0.2691600245248314 0.03296703296703297 0.01103617412630288
2 0.6302982731554161 0.27805027590435316 0.03296703296703297 0.012875536480686695
2 0.48665620094191525 0.2795830778663397 0.02197802197802198 0.01594114040465972
2 0.304552590266876 0.2900061312078479 0.03453689167974883 0.01226241569589209
2 0.12009419152276296 0.3221949724095647 0.03296703296703297 0.009196811771919068
2 0.4309262166405024 0.3396689147762109 0.03296703296703297 0.0134886572654813
2 0.47017268445839877 0.31882280809319435 0.03296703296703297 0.014714898835070508
2 0.4560439560439561 0.29429797670141017 0.029827315541601257 0.01226241569589209
2 0.4945054945054945 0.3034947884733292 0.03453689167974883 0.01103617412630288
2 0.5070643642072213 0.2936848559166156 0.02511773940345369 0.008583690987124463
2 0.4222919937205652 0.30656039239730226 0.031397174254317116 0.009809932556713672
2 0.4175824175824176 0.3160637645616186 0.031397174254317116 0.00797057020232986
2 0.7629513343799058 0.3822808093194359 0.02511773940345369 0.00797057020232986
2 0.8006279434850864 0.3773758430410791 0.0282574568288854 0.010423053341508276
2 0.2731554160125589 0.4012875536480687 0.031397174254317116 0.011649294911097485
2 0.6106750392464678 0.5018393623543838 0.0282574568288854 0.00551808706315144
2 0.7189952904238619 0.5134886572654813 0.031397174254317116 0.014101778050275904
2 0.7637362637362638 0.5079705702023298 0.023547880690737835 0.014101778050275904
2 0.0816326530612245 0.5370938074800735 0.03453689167974883 0.014714898835070508
2 0.0141287284144427 0.5781729000613121 0.02511773940345369 0.0134886572654813
2 0.1577708006279435 0.5846106683016554 0.020408163265306124 0.012875536480686695
2 0.9089481946624804 0.6287553648068669 0.031397174254317116 0.012875536480686695
2 0.6687598116169545 0.640098099325567 0.04709576138147567 0.009809932556713672
2 0.1750392464678179 0.7047823421213979 0.0423861852433281 0.012875536480686695
2 0.21821036106750394 0.7081545064377682 0.04395604395604396 0.01226241569589209
2 0.2967032967032967 0.69773145309626 0.031397174254317116 0.01226241569589209
2 0.5808477237048666 0.7145922746781116 0.04081632653061225 0.01778050275904353
