2 0.04864433811802233 0.03953194180898166 0.05263157894736842 0.01834282099936749
2 0.12599681020733652 0.07337128399746996 0.06060606060606061 0.021505376344086023
2 0.15311004784688995 0.05534471853257432 0.03827751196172249 0.013282732447817837
2 0.189792663476874 0.07938013915243516 0.03189792663476874 0.015812776723592662
2 0.22488038277511962 0.06198608475648324 0.05741626794258373 0.021505376344086023
2 0.2886762360446571 0.046173308032890575 0.05741626794258373 0.021505376344086023
2 0.39314194577352474 0.05913978494623656 0.03668261562998405 0.015812776723592662
2 0.4226475279106858 0.058507273877292855 0.03827751196172249 0.012017710309930424
2 0.4409888357256778 0.07716635041113219 0.046251993620414676 0.01644528779253637
2 0.4800637958532695 0.058507273877292855 0.04784688995215311 0.017077798861480076
2 0.5414673046251993 0.04206198608475648 0.0430622009569378 0.015812776723592662
2 0.5039872408293461 0.07495256166982922 0.03827751196172249 0.0196078431372549
2 0.539872408293461 0.06451612903225806 0.05901116427432217 0.018975332068311195
2 0.5789473684210527 0.0777988614800759 0.04784688995215311 0.021505376344086023
2 0.562200956937799 0.08981657179000632 0.03668261562998405 0.01265022137887413
2 0.6076555023923444 0.043010752688172046 0.03827751196172249 0.017710309930423784
2 0.5773524720893142 0.06957621758380772 0.03827751196172249 0.01265022137887413
2 0.6682615629984051 0.045857052498418725 0.05422647527910686 0.022137887413029727
2 0.682615629984051 0.06767868437697659 0.051036682615629984 0.01644528779253637
2 0.6443381180223285 0.0784313725490196 0.028708133971291867 0.013915243516761544
2 0.7496012759170654 0.031625553447185324 0.051036682615629984 0.02024035420619861
2 0.7631578947368421 0.05724225173940544 0.04944178628389155 0.020872865275142316
2 0.8333333333333334 0.06103731815306768 0.03349282296650718 0.013282732447817837
2 0.9641148325358851 0.027514231499051234 0.04944178628389155 0.020872865275142316
2 0.861244019138756 0.08191018342820999 0.05741626794258373 0.0196078431372549
2 0.879585326953748 0.10278304870335231 0.05901116427432217 0.020872865275142316
2 0.8341307814992026 0.09550917141049968 0.04784688995215311 0.018975332068311195
2 0.7838915470494418 0.08222643896268185 0.046251993620414676 0.021505376344086023
2 0.7328548644338118 0.08728652751423151 0.05263157894736842 0.018975332068311195
2 0.6562998405103668 0.09835547122074637 0.05582137161084529 0.020872865275142316
2 0.7001594896331739 0.10974067046173308 0.04784688995215311 0.01834282099936749
2 0.7368421052631579 0.1211258697027198 0.04784688995215311 0.01454775458570525
2 0.7424242424242424 0.11290322580645161 0.046251993620414676 0.017077798861480076
2 0.5741626794258373 0.10531309297912714 0.03827751196172249 0.01454775458570525
2 0.6427432216905901 0.11796331435800127 0.044657097288676235 0.01454775458570525
2 0.6395534290271132 0.13504111321948134 0.03508771929824561 0.01454775458570525
2 0.6068580542264753 0.1283997469955724 0.03987240829346093 0.015180265654648957
2 0.5119617224880383 0.1211258697027198 0.04146730462519936 0.01454775458570525
2 0.46411483253588515 0.11480075901328274 0.03827751196172249 0.015812776723592662
2 0.36443381180223283 0.11005692599620494 0.0430622009569378 0.01644528779253637
2 0.3484848484848485 0.07052498418722328 0.03987240829346093 0.013282732447817837
2 0.31100478468899523 0.08918406072106262 0.05741626794258373 0.022770398481973434
2 0.2527910685805423 0.09297912713472486 0.03349282296650718 0.013915243516761544
2 0.3157894736842105 0.10752688172043011 0.044657097288676235 0.01644528779253637
2 0.3014354066985646 0.1283997469955724 0.04146730462519936 0.018975332068311195
2 0.1467304625199362 0.09582542694497154 0.04146730462519936 0.017077798861480076
2 0.24800637958532695 0.10784313725490197 0.03987240829346093 0.01454775458570525
2 0.10925039872408293 0.13978494623655915 0.06220095693779904 0.02530044275774826
2 0.21850079744816586 0.13567362428842505 0.05741626794258373 0.020872865275142316
2 0.24481658692185007 0.12871600253004428 0.03668261562998405 0.012017710309930424
2 0.3652312599681021 0.140101201771031 0.044657097288676235 0.015812776723592662
2 0.4098883572567783 0.13567362428842505 0.04146730462519936 0.01834282099936749
2 0.45933014354066987 0.1454775458570525 0.03189792663476874 0.01644528779253637
2 0.49362041467304624 0.14642631246046806 0.0430622009569378 0.017077798861480076
2 0.5598086124401914 0.13282732447817838 0.051036682615629984 0.018975332068311195
2 0.5765550239234449 0.15243516761543327 0.05582137161084529 0.02403542061986085
2 0.8660287081339713 0.13282732447817838 0.051036682615629984 0.018975332068311195
2 0.6810207336523126 0.14705882352941177 0.05741626794258373 0.0196078431372549
2 0.7081339712918661 0.15781151170145477 0.04146730462519936 0.013282732447817837
2 0.7328548644338118 0.13946869070208728 0.03349282296650718 0.015812776723592662
2 0.7639553429027113 0.15844402277039848 0.051036682615629984 0.020872865275142316
2 0.9298245614035088 0.1555977229601518 0.04784688995215311 0.02024035420619861
2 0.9521531100478469 0.13219481340923467 0.04784688995215311 0.015180265654648957
2 0.9441786283891547 0.17362428842504743 0.04146730462519936 0.017077798861480076
2 0.9409888357256778 0.18785578747628084 0.04784688995215311 0.017710309930423784
2 0.8636363636363636 0.16287160025300443 0.0430622009569378 0.01834282099936749
2 0.8811802232854864 0.20113851992409867 0.03668261562998405 0.015180265654648957
2 0.8125996810207337 0.19797596457938013 0.046251993620414676 0.02024035420619861
2 0.8381180223285486 0.15433270082226438 0.03987240829346093 0.01644528779253637
2 0.7057416267942583 0.17204301075268819 0.030303030303030304 0.01644528779253637
2 0.7503987240829346 0.17425679949399114 0.03668261562998405 0.013282732447817837
2 0.766347687400319 0.18247944339025934 0.0430622009569378 0.01454775458570525
2 0.7248803827751196 0.19449715370018975 0.0430622009569378 0.01834282099936749
2 0.645933014354067 0.1976597090449083 0.06060606060606061 0.022137887413029727
2 0.5135566188197768 0.1657179000632511 0.03827751196172249 0.01644528779253637
2 0.44019138755980863 0.17583807716635041 0.051036682615629984 0.02024035420619861
2 0.3787878787878788 0.17362428842504743 0.030303030303030304 0.01834282099936749
2 0.40669856459330145 0.19734345351043645 0.04146730462519936 0.017710309930423784
2 0.30063795853269537 0.14864010120177104 0.05901116427432217 0.021505376344086023
2 0.25996810207336524 0.16287160025300443 0.044657097288676235 0.015812776723592662
2 0.25996810207336524 0.17647058823529413 0.044657097288676235 0.015180265654648957
2 0.31100478468899523 0.16761543327008224 0.04146730462519936 0.017710309930423784
2 0.2926634768740032 0.19576217583807717 0.046251993620414676 0.020872865275142316
2 0.21451355661881977 0.18026565464895636 0.03668261562998405 0.015180265654648957
2 0.2894736842105263 0.2144212523719165 0.03987240829346093 0.013915243516761544
2 0.2751196172248804 0.23940543959519292 0.03987240829346093 0.017077798861480076
2 0.3564593301435407 0.1929158760278305 0.04944178628389155 0.022770398481973434
2 0.17862838915470494 0.23655913978494625 0.04146730462519936 0.02024035420619861
2 0.335725677830941 0.21948134092346616 0.0430622009569378 0.021505376344086023
2 0.3237639553429027 0.23244781783681215 0.03827751196172249 0.013282732447817837
2 0.34688995215311 0.25458570524984186 0.03349282296650718 0.015812776723592662
2 0.3843700159489633 0.24446552814674258 0.05741626794258373 0.022137887413029727
2 0.4059011164274322 0.2571157495256167 0.0430622009569378 0.0196078431372549
2 0.4784688995215311 0.2226438962681847 0.03827751196172249 0.01265022137887413
2 0.5422647527910686 0.222011385199241 0.04146730462519936 0.01644528779253637
2 0.5223285486443381 0.24351676154332702 0.05901116427432217 0.021505376344086023
2 0.4665071770334928 0.24383301707779886 0.03349282296650718 0.013282732447817837
2 0.5558213716108453 0.2558507273877293 0.03668261562998405 0.017077798861480076
2 0.6172248803827751 0.24035420619860848 0.05422647527910686 0.022770398481973434
2 0.6419457735247209 0.2596457938013915 0.03987240829346093 0.01454775458570525
2 0.7017543859649122 0.2637571157495256 0.04784688995215311 0.017710309930423784
2 0.7559808612440192 0.24351676154332702 0.03827751196172249 0.015180265654648957
2 0.7097288676236044 0.24604680581910185 0.04146730462519936 0.01644528779253637
2 0.7862838915470495 0.2482605945604048 0.028708133971291867 0.01454775458570525
2 0.8333333333333334 0.2675521821631879 0.03987240829346093 0.013915243516761544
2 0.9027113237639554 0.2685009487666034 0.04146730462519936 0.01454775458570525
2 0.8620414673046252 0.2504743833017078 0.05582137161084529 0.01644528779253637
2 0.8931419457735247 0.24604680581910185 0.03508771929824561 0.015180265654648957
2 0.5263157894736842 0.26913345983554715 0.044657097288676235 0.015812776723592662
2 0.45055821371610844 0.2862112586970272 0.05582137161084529 0.022137887413029727
2 0.7248803827751196 0.2827324478178368 0.03349282296650718 0.013915243516761544
2 0.8851674641148325 0.2919038583175206 0.03827751196172249 0.013282732447817837
2 0.9098883572567783 0.31783681214421255 0.05901116427432217 0.0196078431372549
2 0.8413078149920256 0.30961416824794435 0.05263157894736842 0.020872865275142316
2 0.8580542264752791 0.3241619228336496 0.03508771929824561 0.01454775458570525
2 0.7950558213716109 0.2982289690069576 0.046251993620414676 0.015812776723592662
2 0.7432216905901117 0.3001265022137887 0.06698564593301436 0.020872865275142316
2 0.7799043062200957 0.31562302340290954 0.06698564593301436 0.018975332068311195
2 0.671451355661882 0.30423782416192285 0.044657097288676235 0.01644528779253637
2 0.6419457735247209 0.3105629348513599 0.03987240829346093 0.01644528779253637
2 0.5773524720893142 0.28336495888678054 0.05422647527910686 0.017710309930423784
2 0.5414673046251993 0.30328905755850727 0.04944178628389155 0.0196078431372549
2 0.5940988835725678 0.32321315623023406 0.0430622009569378 0.017710309930423784
2 0.48963317384370014 0.3162555344718533 0.06060606060606061 0.022770398481973434
2 0.3875598086124402 0.31435800126502217 0.06060606060606061 0.022770398481973434
2 0.3022328548644338 0.31309297912713474 0.05263157894736842 0.02403542061986085
2 0.24401913875598086 0.3036053130929791 0.06698564593301436 0.02530044275774826
2 0.22966507177033493 0.32732447817836813 0.03508771929824561 0.017077798861480076
2 0.11483253588516747 0.3165717900063251 0.06060606060606061 0.022137887413029727
2 0.15311004784688995 0.33270082226438963 0.044657097288676235 0.018975332068311195
2 0.15789473684210525 0.31024667931688804 0.03508771929824561 0.015812776723592662
2 0.19059011164274323 0.30866540164452877 0.030303030303030304 0.01644528779253637
2 0.21451355661881977 0.37887413029728023 0.04944178628389155 0.021505376344086023
2 0.17145135566188197 0.3712839974699557 0.04944178628389155 0.021505376344086023
2 0.24880382775119617 0.35420619860847563 0.051036682615629984 0.021505376344086023
2 0.3157894736842105 0.3687539531941809 0.04784688995215311 0.02024035420619861
2 0.3803827751196172 0.3655913978494624 0.06539074960127592 0.02530044275774826
2 0.5685805422647527 0.3741302972802024 0.05263157894736842 0.022137887413029727
2 0.671451355661882 0.3519924098671727 0.06379585326953748 0.0196078431372549
2 0.7416267942583732 0.3848829854522454 0.06379585326953748 0.02719797596457938
2 0.7950558213716109 0.34187223276407336 0.04944178628389155 0.015812776723592662
2 0.9011164274322169 0.34345351043643263 0.05422647527910686 0.017710309930423784
2 0.8803827751196173 0.3605313092979127 0.04784688995215311 0.018975332068311195
2 0.9393939393939394 0.3640101201771031 0.05422647527910686 0.022137887413029727
2 0.79585326953748 0.36654016445287796 0.03827751196172249 0.01454775458570525
2 0.7535885167464115 0.34819734345351044 0.03987240829346093 0.015812776723592662
2 0.8349282296650717 0.3864642631246047 0.046251993620414676 0.017710309930423784
2 0.9202551834130781 0.3883617963314358 0.044657097288676235 0.018975332068311195
2 0.9641148325358851 0.4079696394686907 0.05263157894736842 0.018975332068311195
2 0.9800637958532695 0.4282099936748893 0.03987240829346093 0.017710309930423784
2 0.9298245614035088 0.4263124604680582 0.044657097288676235 0.017710309930423784
2 0.9258373205741627 0.444022770398482 0.0430622009569378 0.015180265654648957
2 0.8963317384370016 0.4092346616065781 0.04784688995215311 0.01644528779253637
2 0.8484848484848485 0.40860215053763443 0.04146730462519936 0.013915243516761544
2 0.8588516746411483 0.4297912713472486 0.05263157894736842 0.02340290955091714
2 0.8038277511961722 0.4133459835547122 0.06060606060606061 0.017077798861480076
2 0.6698564593301436 0.407337128399747 0.051036682615629984 0.017710309930423784
2 0.6228070175438597 0.42947501581277675 0.05263157894736842 0.017710309930423784
2 0.5845295055821371 0.4092346616065781 0.046251993620414676 0.017710309930423784
2 0.521531100478469 0.407337128399747 0.051036682615629984 0.02024035420619861
2 0.46172248803827753 0.4114484503478811 0.046251993620414676 0.015812776723592662
2 0.38516746411483255 0.41492726122707146 0.04944178628389155 0.01644528779253637
2 0.32854864433811803 0.40512333965844405 0.044657097288676235 0.01834282099936749
2 0.2926634768740032 0.4234661606578115 0.03987240829346093 0.015812776723592662
2 0.24082934609250398 0.42662871600253005 0.06060606060606061 0.022137887413029727
2 0.21371610845295055 0.46363061353573687 0.05741626794258373 0.021505376344086023
2 0.25199362041467305 0.4731182795698925 0.03827751196172249 0.013915243516761544
2 0.32216905901116427 0.48165717900063254 0.051036682615629984 0.022137887413029727
2 0.3787878787878788 0.47343453510436434 0.03987240829346093 0.017077798861480076
2 0.5542264752791068 0.46110056925996207 0.0430622009569378 0.017710309930423784
2 0.7822966507177034 0.4838709677419355 0.0430622009569378 0.026565464895635674
2 0.8835725677830941 0.46268184693232134 0.044657097288676235 0.015812776723592662
2 0.9593301435406698 0.4595192915876028 0.03987240829346093 0.012017710309930424
2 0.05661881977671451 0.4797596457938014 0.03668261562998405 0.01834282099936749
2 0.1594896331738437 0.5101201771030993 0.05741626794258373 0.0196078431372549
2 0.266347687400319 0.528146742567995 0.04784688995215311 0.021505376344086023
2 0.3492822966507177 0.5243516761543328 0.04784688995215311 0.017710309930423784
2 0.43779904306220097 0.541113219481341 0.05263157894736842 0.020872865275142316
2 0.4944178628389155 0.534471853257432 0.04784688995215311 0.017710309930423784
2 0.518341307814992 0.5135989879822896 0.051036682615629984 0.02024035420619861
2 0.6220095693779905 0.5240354206198609 0.04784688995215311 0.015812776723592662
2 0.6794258373205742 0.5139152435167615 0.051036682615629984 0.022137887413029727
2 0.7432216905901117 0.519291587602783 0.044657097288676235 0.02024035420619861
2 0.7910685805422648 0.5325743200506009 0.05422647527910686 0.021505376344086023
2 0.7902711323763956 0.5493358633776091 0.03987240829346093 0.01454775458570525
2 0.8708133971291866 0.5506008855154966 0.051036682615629984 0.022137887413029727
2 0.905103668261563 0.5585072738772928 0.03987240829346093 0.01644528779253637
2 0.8317384370015949 0.5714737507906389 0.05263157894736842 0.017077798861480076
2 0.8907496012759171 0.584123972169513 0.04944178628389155 0.0196078431372549
2 0.8309409888357256 0.5923466160657812 0.05741626794258373 0.020872865275142316
2 0.8516746411483254 0.6068943706514864 0.03508771929824561 0.010752688172043012
2 0.777511961722488 0.6027830487033523 0.0430622009569378 0.015180265654648957
2 0.7312599681020734 0.58191018342821 0.05901116427432217 0.021505376344086023
2 0.7192982456140351 0.6065781151170145 0.04784688995215311 0.02024035420619861
2 0.6475279106858054 0.5635673624288425 0.04146730462519936 0.015180265654648957
2 0.6283891547049442 0.5910815939278937 0.028708133971291867 0.013282732447817837
2 0.5733652312599681 0.5787476280834914 0.03349282296650718 0.01265022137887413
2 0.051036682615629984 0.5338393421884883 0.05422647527910686 0.021505376344086023
2 0.09808612440191387 0.5401644528779254 0.03987240829346093 0.015180265654648957
2 0.15231259968102073 0.5392156862745098 0.03349282296650718 0.013282732447817837
2 0.20972886762360446 0.5483870967741935 0.046251993620414676 0.01644528779253637
2 0.1499202551834131 0.5578747628083491 0.05741626794258373 0.02024035420619861
2 0.2862838915470494 0.5860215053763441 0.05582137161084529 0.020872865275142316
2 0.9760765550239234 0.9626818469323213 0.03508771929824561 0.01644528779253637
2 0.8317384370015949 0.9427577482605946 0.05263157894736842 0.0196078431372549
2 0.7527910685805422 0.9709044908285895 0.04146730462519936 0.021505376344086023
2 0.6762360446570973 0.9743833017077799 0.05422647527910686 0.024667931688804556
2 0.6339712918660287 0.9788108791903859 0.03987240829346093 0.010752688172043012
2 0.7870813397129187 0.9152435167615434 0.04944178628389155 0.022770398481973434
2 0.6379585326953748 0.9345351043643264 0.044657097288676235 0.01454775458570525
2 0.5869218500797448 0.9437065148640101 0.04784688995215311 0.017710309930423784
2 0.4824561403508772 0.9512966476913346 0.05582137161084529 0.017710309930423784
2 0.48564593301435405 0.9680581910183429 0.05263157894736842 0.020872865275142316
2 0.4274322169059011 0.9531941808981658 0.044657097288676235 0.018975332068311195
2 0.36762360446570974 0.9519291587602783 0.05263157894736842 0.02024035420619861
2 0.30701754385964913 0.9671094244149273 0.04944178628389155 0.017710309930423784
2 0.2862838915470494 0.9759645793801391 0.03987240829346093 0.011385199240986717
2 0.7360446570972887 0.9282099936748893 0.0430622009569378 0.01454775458570525
2 0.70414673046252 0.9174573055028463 0.03668261562998405 0.015812776723592662
2 0.2280701754385965 0.9611005692599621 0.07017543859649122 0.022137887413029727
2 0.18341307814992025 0.9686907020872866 0.03827751196172249 0.01454775458570525
2 0.07655502392344497 0.9756483238456674 0.044657097288676235 0.01834282099936749
2 0.08452950558213716 0.9285262492093612 0.05741626794258373 0.022770398481973434
2 0.16985645933014354 0.944022770398482 0.046251993620414676 0.01454775458570525
2 0.23125996810207336 0.9342188488298545 0.03189792663476874 0.017710309930423784
2 0.784688995215311 0.8851992409867173 0.05422647527910686 0.022137887413029727
2 0.8341307814992026 0.8833017077798861 0.03508771929824561 0.015812776723592662
2 0.6523125996810207 0.8700189753320683 0.03508771929824561 0.015812776723592662
2 0.5917065390749602 0.879190385831752 0.044657097288676235 0.018975332068311195
2 0.5598086124401914 0.866540164452878 0.03508771929824561 0.01644528779253637
2 0.5637958532695375 0.9117647058823529 0.03668261562998405 0.01454775458570525
2 0.7440191387559809 0.9010120177103099 0.03349282296650718 0.01454775458570525
2 0.9266347687400319 0.8709677419354839 0.03827751196172249 0.01265022137887413
2 0.8157894736842105 0.8425047438330171 0.06220095693779904 0.02024035420619861
2 0.7559808612440192 0.8554712207463631 0.03508771929824561 0.013282732447817837
2 0.7192982456140351 0.853573687539532 0.03508771929824561 0.01454775458570525
2 0.7312599681020734 0.8330170777988615 0.03668261562998405 0.013915243516761544
2 0.49282296650717705 0.9123972169512967 0.03508771929824561 0.015812776723592662
2 0.4768740031897927 0.8934218848829855 0.04784688995215311 0.01834282099936749
2 0.42822966507177035 0.9079696394686907 0.03349282296650718 0.013282732447817837
2 0.39792663476874 0.8994307400379506 0.03349282296650718 0.01265022137887413
2 0.4043062200956938 0.8826691967109425 0.04944178628389155 0.022137887413029727
2 0.44417862838915473 0.877292852624921 0.03668261562998405 0.015180265654648957
2 0.33253588516746413 0.915876027830487 0.03349282296650718 0.015180265654648957
2 0.35167464114832536 0.8633776091081594 0.046251993620414676 0.01644528779253637
2 0.3524720893141946 0.8833017077798861 0.04146730462519936 0.013282732447817837
2 0.2631578947368421 0.8829854522454144 0.03189792663476874 0.013915243516761544
2 0.21929824561403508 0.8956356736242884 0.03349282296650718 0.013915243516761544
2 0.21212121212121213 0.8757115749525617 0.06060606060606061 0.020872865275142316
2 0.16586921850079744 0.8810879190385832 0.03189792663476874 0.021505376344086023
2 0.10287081339712918 0.9006957621758381 0.03987240829346093 0.01644528779253637
2 0.11483253588516747 0.8722327640733712 0.06379585326953748 0.02024035420619861
2 0.30462519936204147 0.8466160657811512 0.044657097288676235 0.015812776723592662
2 0.2687400318979266 0.8497786211258698 0.03987240829346093 0.01454775458570525
2 0.6475279106858054 0.8289057558507275 0.044657097288676235 0.015812776723592662
2 0.5972886762360446 0.8105629348513599 0.03987240829346093 0.01834282099936749
2 0.5119617224880383 0.8289057558507275 0.051036682615629984 0.01834282099936749
2 0.7033492822966507 0.8105629348513599 0.05422647527910686 0.017077798861480076
2 0.8014354066985646 0.8096141682479443 0.04944178628389155 0.021505376344086023
2 0.8843700159489634 0.8219481340923467 0.03668261562998405 0.01454775458570525
2 0.9130781499202552 0.8282732447817837 0.04944178628389155 0.0196078431372549
2 0.7097288676236044 0.7925363693864643 0.06698564593301436 0.021505376344086023
2 0.75518341307815 0.782416192283365 0.05582137161084529 0.021505376344086023
2 0.8165869218500797 0.7703984819734345 0.04146730462519936 0.017710309930423784
2 0.9019138755980861 0.7938013915243517 0.05901116427432217 0.022770398481973434
2 0.9266347687400319 0.7454142947501582 0.06060606060606061 0.022137887413029727
2 0.8261562998405104 0.7371916508538899 0.051036682615629984 0.022137887413029727
2 0.7862838915470495 0.7488931056293485 0.03508771929824561 0.015180265654648957
2 0.7647527910685805 0.7346616065781151 0.05263157894736842 0.01834282099936749
2 0.6228070175438597 0.763124604680582 0.0430622009569378 0.020872865275142316
2 0.5446570972886763 0.760910815939279 0.05901116427432217 0.018975332068311195
2 0.47926634768740034 0.7798861480075902 0.030303030303030304 0.015180265654648957
2 0.5103668261562998 0.777988614800759 0.03189792663476874 0.01265022137887413
2 0.4704944178628389 0.7960151802656547 0.03827751196172249 0.01454775458570525
2 0.4521531100478469 0.7640733712839974 0.04944178628389155 0.018975332068311195
2 0.4521531100478469 0.7469955724225175 0.03668261562998405 0.015180265654648957
2 0.4138755980861244 0.7593295382669197 0.03349282296650718 0.015812776723592662
2 0.42822966507177035 0.7874762808349146 0.03668261562998405 0.013915243516761544
2 0.3373205741626794 0.75426944971537 0.05582137161084529 0.01834282099936749
2 0.37161084529505584 0.7653383934218849 0.04146730462519936 0.01644528779253637
2 0.30861244019138756 0.7836812144212524 0.06539074960127592 0.02403542061986085
2 0.30861244019138756 0.8206831119544592 0.0430622009569378 0.017077798861480076
2 0.22727272727272727 0.7852624920936117 0.04944178628389155 0.0196078431372549
2 0.25199362041467305 0.7647058823529412 0.03508771929824561 0.015180265654648957
2 0.2583732057416268 0.7526881720430108 0.051036682615629984 0.01644528779253637
2 0.16267942583732056 0.7438330170777989 0.03508771929824561 0.013915243516761544
2 0.189792663476874 0.7213788741302973 0.05422647527910686 0.020872865275142316
2 0.21929824561403508 0.7365591397849462 0.046251993620414676 0.01454775458570525
2 0.31100478468899523 0.7226438962681847 0.03508771929824561 0.015812776723592662
2 0.2687400318979266 0.7150537634408602 0.05582137161084529 0.01834282099936749
2 0.25199362041467305 0.6967109424414928 0.051036682615629984 0.017077798861480076
2 0.2982456140350877 0.6925996204933587 0.03827751196172249 0.013915243516761544
2 0.2878787878787879 0.6748893105629349 0.05901116427432217 0.02024035420619861
2 0.39473684210526316 0.7226438962681847 0.05901116427432217 0.020872865275142316
2 0.38596491228070173 0.7058823529411765 0.03508771929824561 0.013915243516761544
2 0.40749601275917063 0.6900695762175838 0.06539074960127592 0.02403542061986085
2 0.43301435406698563 0.6783681214421252 0.0430622009569378 0.013282732447817837
2 0.5119617224880383 0.6884882985452245 0.04146730462519936 0.017077798861480076
2 0.4840510366826156 0.6726755218216319 0.03668261562998405 0.013282732447817837
2 0.5390749601275917 0.6764705882352942 0.04146730462519936 0.01454775458570525
2 0.5159489633173844 0.7128399746995573 0.05582137161084529 0.017710309930423784
2 0.55103668261563 0.7235926628716003 0.0430622009569378 0.022770398481973434
2 0.5701754385964912 0.7413029728020241 0.03349282296650718 0.015180265654648957
2 0.7113237639553429 0.7586970271979759 0.05422647527910686 0.022137887413029727
2 0.7025518341307815 0.7267552182163188 0.04944178628389155 0.017710309930423784
2 0.7671451355661882 0.7118912080961417 0.05422647527910686 0.020872865275142316
2 0.6323763955342903 0.7150537634408602 0.05901116427432217 0.022137887413029727
2 0.09968102073365231 0.7077798861480076 0.030303030303030304 0.018975332068311195
2 0.1810207336523126 0.6963946869070209 0.03987240829346093 0.01644528779253637
2 0.8221690590111643 0.7061986084756483 0.02711323763955343 0.01834282099936749
2 0.8556618819776715 0.6859582542694497 0.03668261562998405 0.015812776723592662
2 0.8652312599681021 0.6666666666666666 0.046251993620414676 0.017710309930423784
2 0.9090909090909091 0.6524351676154333 0.04146730462519936 0.020872865275142316
2 0.8078149920255183 0.6695129664769134 0.046251993620414676 0.0196078431372549
2 0.7671451355661882 0.6793168880455408 0.044657097288676235 0.022770398481973434
2 0.715311004784689 0.6916508538899431 0.05263157894736842 0.020872865275142316
2 0.8157894736842105 0.6366223908918406 0.03668261562998405 0.015812776723592662
2 0.7384370015948963 0.6476913345983555 0.04146730462519936 0.013915243516761544
2 0.664274322169059 0.6562302340290955 0.05263157894736842 0.022137887413029727
2 0.7089314194577353 0.6685641998734978 0.03668261562998405 0.01265022137887413
2 0.5996810207336524 0.6391524351676154 0.05741626794258373 0.01834282099936749
2 0.5390749601275917 0.6388361796331435 0.04146730462519936 0.017710309930423784
2 0.5334928229665071 0.6195445920303605 0.05263157894736842 0.017077798861480076
2 0.5263157894736842 0.6559139784946236 0.051036682615629984 0.018975332068311195
2 0.3141945773524721 0.6378874130297281 0.04146730462519936 0.015812776723592662
2 0.37719298245614036 0.6375711574952562 0.05901116427432217 0.022770398481973434
2 0.24800637958532695 0.6321948134092347 0.03668261562998405 0.013282732447817837
2 0.24162679425837322 0.603415559772296 0.030303030303030304 0.011385199240986717
2 0.20414673046251994 0.5942441492726123 0.025518341307814992 0.012017710309930424
2 0.22248803827751196 0.6438962681846933 0.030303030303030304 0.01644528779253637
2 0.16267942583732056 0.6265022137887413 0.03827751196172249 0.013282732447817837
2 0.1371610845295056 0.6527514231499051 0.05422647527910686 0.02024035420619861
2 0.16666666666666666 0.6688804554079697 0.03987240829346093 0.017077798861480076
2 0.09968102073365231 0.6416824794433903 0.03349282296650718 0.013282732447817837
2 0.08452950558213716 0.6650853889943074 0.03827751196172249 0.017077798861480076
2 0.379585326953748 0.030360531309297913 0.03508771929824561 0.017710309930423784
2 0.8819776714513556 0.04712207463630614 0.03827751196172249 0.009487666034155597
2 0.07017543859649122 0.07653383934218849 0.05422647527910686 0.01644528779253637
2 0.7623604465709729 0.1347248576850095 0.028708133971291867 0.01265022137887413
2 0.4800637958532695 0.18089816571790007 0.03508771929824561 0.01644528779253637
2 0.43859649122807015 0.2239089184060721 0.03508771929824561 0.01265022137887413
2 0.4218500797448166 0.23371283997469955 0.030303030303030304 0.013282732447817837
2 0.9545454545454546 0.29696394686907024 0.03668261562998405 0.0196078431372549
2 0.967304625199362 0.31973434535104367 0.0430622009569378 0.015812776723592662
2 0.988835725677831 0.3074003795066414 0.022328548644338118 0.01644528779253637
2 0.03588516746411483 0.3127767235926629 0.03349282296650718 0.017077798861480076
2 0.11802232854864433 0.3573687539531942 0.03189792663476874 0.01644528779253637
2 0.39792663476874 0.3839342188488299 0.03668261562998405 0.011385199240986717
2 0.5151515151515151 0.35705249841872233 0.051036682615629984 0.0196078431372549
2 0.6443381180223285 0.37001897533206835 0.028708133971291867 0.01265022137887413
2 0.6754385964912281 0.37191650853889946 0.030303030303030304 0.015180265654648957
2 0.7288676236044657 0.35705249841872233 0.03189792663476874 0.013282732447817837
2 0.7456140350877193 0.4155597722960152 0.03668261562998405 0.01644528779253637
2 0.930622009569378 0.47469955724225177 0.03668261562998405 0.01454775458570525
2 0.9840510366826156 0.478494623655914 0.03189792663476874 0.017077798861480076
2 0.28309409888357256 0.4399114484503479 0.03987240829346093 0.017077798861480076
2 0.19696969696969696 0.439595192915876 0.03987240829346093 0.01644528779253637
2 0.8452950558213717 0.5268817204301075 0.03827751196172249 0.013915243516761544
2 0.9370015948963317 0.560404807084124 0.030303030303030304 0.017710309930423784
2 0.24242424242424243 0.5752688172043011 0.03508771929824561 0.012017710309930424
2 0.189792663476874 0.5708412397216951 0.05422647527910686 0.015812776723592662
2 0.10446570972886762 0.5831752055660974 0.03987240829346093 0.015180265654648957
2 0.11881977671451356 0.5702087286527514 0.03668261562998405 0.01454775458570525
2 0.45773524720893144 0.7011385199240987 0.04146730462519936 0.015812776723592662
2 0.022328548644338118 0.6843769765970905 0.03827751196172249 0.015180265654648957
2 0.05263157894736842 0.7096774193548387 0.04146730462519936 0.017710309930423784
2 0.16427432216905902 0.7688172043010753 0.05422647527910686 0.025932953826691967
2 0.2511961722488038 0.8007590132827325 0.0430622009569378 0.015180265654648957
2 0.8293460925039873 0.9041745730550285 0.025518341307814992 0.013282732447817837
2 0.8604465709728868 0.9038583175205567 0.02711323763955343 0.013915243516761544
2 0.07177033492822966 0.9060721062618596 0.028708133971291867 0.01454775458570525
2 0.03748006379585327 0.9345351043643264 0.03349282296650718 0.013282732447817837
2 0.011961722488038277 0.9358001265022138 0.02073365231259968 0.015812776723592662
2 0.9728867623604466 0.9358001265022138 0.05422647527910686 0.029728020240354206
