2 0.17261055634807418 0.04875148632580261 0.034236804564907276 0.01426872770511296
2 0.22610556348074182 0.0511296076099881 0.03281027104136947 0.013079667063020214
2 0.3138373751783167 0.0555885850178359 0.039942938659058486 0.016052318668252078
2 0.34236804564907275 0.03329369797859691 0.028530670470756064 0.011890606420927466
2 0.24750356633380885 0.03834720570749108 0.029957203994293868 0.011296076099881093
2 0.24679029957203996 0.06985731272294886 0.037089871611982884 0.016052318668252078
2 0.2731811697574893 0.06183115338882282 0.02710413694721826 0.01426872770511296
2 0.19329529243937232 0.09036860879904875 0.04136947218259629 0.016646848989298454
2 0.1833095577746077 0.07461355529131986 0.02710413694721826 0.012485136741973839
2 0.3573466476462197 0.08085612366230677 0.029957203994293868 0.01426872770511296
2 0.3223965763195435 0.08174791914387633 0.037089871611982884 0.011296076099881093
2 0.2703281027104137 0.08055885850178358 0.024251069900142655 0.012485136741973839
2 0.5342368045649073 0.0133769322235434 0.03281027104136947 0.014863258026159332
2 0.4900142653352354 0.03834720570749108 0.03281027104136947 0.013674197384066587
2 0.5342368045649073 0.044887039239001184 0.04136947218259629 0.014863258026159332
2 0.39728958630527816 0.03299643281807372 0.02710413694721826 0.011296076099881093
2 0.6319543509272468 0.038644470868014265 0.039942938659058486 0.0178359096313912
2 0.7268188302425107 0.034185493460166465 0.03281027104136947 0.013674197384066587
2 0.6134094151212554 0.08561236623067775 0.042796005706134094 0.020214030915576692
2 0.6790299572039943 0.0933412604042806 0.028530670470756064 0.015457788347205705
2 0.8780313837375179 0.04607609988109393 0.03566333808844508 0.016052318668252078
2 0.9158345221112696 0.0490487514863258 0.034236804564907276 0.013674197384066587
2 0.963623395149786 0.03953626634958383 0.03281027104136947 0.016052318668252078
2 0.9479315263908702 0.06420927467300831 0.029957203994293868 0.015457788347205705
2 0.87018544935806 0.07193816884661117 0.042796005706134094 0.022592152199762187
2 0.9037089871611983 0.07223543400713436 0.03281027104136947 0.011296076099881093
2 0.964336661911555 0.09244946492271106 0.034236804564907276 0.014863258026159332
2 0.9108416547788873 0.08501783590963138 0.02710413694721826 0.011890606420927466
2 0.8273894436519258 0.10047562425683709 0.034236804564907276 0.01426872770511296
2 0.775320970042796 0.08977407847800237 0.02710413694721826 0.010701545778834719
2 0.776034236804565 0.10939357907253269 0.042796005706134094 0.016646848989298454
2 0.7995720399429387 0.12574316290130796 0.049928673323823114 0.01961950059453032
2 0.4144079885877318 0.09898929845422115 0.0442225392296719 0.016052318668252078
2 0.1340941512125535 0.11623067776456598 0.028530670470756064 0.017241379310344827
2 0.1754636233951498 0.10493460166468489 0.02567760342368046 0.013674197384066587
2 0.20256776034236806 0.12336504161712246 0.028530670470756064 0.012485136741973839
2 0.2653352353780314 0.1293103448275862 0.04850213980028531 0.02556480380499405
2 0.08416547788873038 0.14982164090368608 0.03138373751783167 0.011890606420927466
2 0.1433666191155492 0.15517241379310343 0.03281027104136947 0.01426872770511296
2 0.20756062767475036 0.1489298454221165 0.03851640513552069 0.014863258026159332
2 0.3281027104136947 0.11325802615933411 0.037089871611982884 0.016052318668252078
2 0.39229671897289586 0.11860879904875148 0.034236804564907276 0.020808561236623065
2 0.5392296718972897 0.10523186682520808 0.0456490727532097 0.016646848989298454
2 0.6226818830242511 0.11414982164090368 0.0442225392296719 0.016646848989298454
2 0.6868758915834522 0.12960760998810938 0.052781740370898715 0.019024970273483946
2 0.7004279600570613 0.14328180737217597 0.039942938659058486 0.015457788347205705
2 0.7553495007132668 0.14120095124851367 0.03281027104136947 0.016052318668252078
2 0.7995720399429387 0.1471462544589774 0.029957203994293868 0.013674197384066587
2 0.7375178316690443 0.12158145065398335 0.028530670470756064 0.013674197384066587
2 0.8794579172610557 0.14179548156956004 0.03281027104136947 0.013674197384066587
2 0.8388017118402282 0.16527942925089179 0.03138373751783167 0.016646848989298454
2 0.8616262482168331 0.16319857312722946 0.028530670470756064 0.013674197384066587
2 0.9136947218259629 0.14833531510107015 0.04136947218259629 0.017241379310344827
2 0.9721825962910129 0.13287752675386444 0.03281027104136947 0.013674197384066587
2 0.9507845934379459 0.14565992865636146 0.03851640513552069 0.01426872770511296
2 0.9379457917261056 0.16617122473246135 0.03851640513552069 0.017241379310344827
2 0.8708987161198288 0.18162901307966706 0.03851640513552069 0.014863258026159332
2 0.8873038516405136 0.19143876337693222 0.028530670470756064 0.013079667063020214
2 0.912981455064194 0.18608799048751484 0.03138373751783167 0.015457788347205705
2 0.8858773181169758 0.17449464922711055 0.02567760342368046 0.012485136741973839
2 0.9607703281027105 0.20243757431629011 0.03566333808844508 0.018430439952437573
2 0.927960057061341 0.20986920332936979 0.04136947218259629 0.0178359096313912
2 0.7988587731811698 0.18162901307966706 0.039942938659058486 0.01961950059453032
2 0.7596291012838802 0.1691438763376932 0.047075606276747506 0.013674197384066587
2 0.7068473609129815 0.16765755053507728 0.03281027104136947 0.015457788347205705
2 0.6369472182596291 0.17241379310344826 0.047075606276747506 0.01426872770511296
2 0.587018544935806 0.16973840665873957 0.03566333808844508 0.014863258026159332
2 0.5920114122681883 0.1358501783590963 0.034236804564907276 0.012485136741973839
2 0.5570613409415122 0.14179548156956004 0.02710413694721826 0.012485136741973839
2 0.4950071326676177 0.14060642092746728 0.0456490727532097 0.017241379310344827
2 0.4172610556348074 0.1670630202140309 0.03851640513552069 0.015457788347205705
2 0.36376604850213984 0.14060642092746728 0.034236804564907276 0.013674197384066587
2 0.3138373751783167 0.14684898929845422 0.02567760342368046 0.016646848989298454
2 0.3131241084165478 0.16795481569560047 0.029957203994293868 0.011296076099881093
2 0.3580599144079886 0.17717003567181924 0.039942938659058486 0.011890606420927466
2 0.3937232524964337 0.19233055885850175 0.039942938659058486 0.016052318668252078
2 0.3780313837375178 0.16854934601664684 0.03138373751783167 0.014863258026159332
2 0.29386590584878747 0.18787158145065397 0.02567760342368046 0.011890606420927466
2 0.2524964336661912 0.18133174791914386 0.0456490727532097 0.020214030915576692
2 0.24821683309557777 0.16111771700356717 0.034236804564907276 0.013079667063020214
2 0.14407988587731813 0.18400713436385255 0.0456490727532097 0.016052318668252078
2 0.18045649072753212 0.1694411414982164 0.029957203994293868 0.015457788347205705
2 0.10485021398002853 0.2161117717003567 0.03566333808844508 0.018430439952437573
2 0.12410841654778888 0.2045184304399524 0.0456490727532097 0.03091557669441141
2 0.02781740370898716 0.18549346016646848 0.03566333808844508 0.01426872770511296
2 0.03495007132667618 0.20362663495838285 0.03566333808844508 0.017241379310344827
2 0.03138373751783167 0.22859690844233055 0.037089871611982884 0.013674197384066587
2 0.07275320970042796 0.2363258026159334 0.039942938659058486 0.016052318668252078
2 0.021398002853067047 0.25029726516052314 0.034236804564907276 0.01426872770511296
2 0.09343794579172611 0.2565398335315101 0.03851640513552069 0.016052318668252078
2 0.14621968616262482 0.2407847800237812 0.03281027104136947 0.015457788347205705
2 0.5299572039942939 0.1777645659928656 0.03566333808844508 0.013079667063020214
2 0.5813124108416547 0.20154577883472055 0.03851640513552069 0.016646848989298454
2 0.6340941512125535 0.1938168846611177 0.03281027104136947 0.015457788347205705
2 0.6676176890156919 0.19470868014268725 0.03138373751783167 0.012485136741973839
2 0.6797432239657633 0.2068965517241379 0.03851640513552069 0.01426872770511296
2 0.7268188302425107 0.19262782401902495 0.03566333808844508 0.015457788347205705
2 0.7346647646219686 0.20808561236623066 0.037089871611982884 0.013079667063020214
2 0.7845934379457917 0.19678953626634957 0.039942938659058486 0.01426872770511296
2 0.8059914407988588 0.21462544589774077 0.034236804564907276 0.015457788347205705
2 0.8687589158345221 0.21521997621878713 0.034236804564907276 0.015457788347205705
2 0.9022824536376605 0.2360285374554102 0.0442225392296719 0.015457788347205705
2 0.9165477888730386 0.25743162901307964 0.04136947218259629 0.0178359096313912
2 0.9579172610556348 0.24791914387633768 0.02710413694721826 0.01426872770511296
2 0.9657631954350927 0.2672413793103448 0.039942938659058486 0.013674197384066587
2 0.9037089871611983 0.27734839476813317 0.0442225392296719 0.017241379310344827
2 0.8651925820256776 0.25802615933412604 0.05563480741797432 0.024970273483947678
2 0.20114122681883026 0.23038049940546965 0.034236804564907276 0.018430439952437573
2 0.25106990014265335 0.2253269916765755 0.034236804564907276 0.015457788347205705
2 0.2603423680456491 0.2431629013079667 0.03566333808844508 0.013079667063020214
2 0.325962910128388 0.25683709869203325 0.03281027104136947 0.016646848989298454
2 0.43580599144079885 0.23097502972651604 0.03281027104136947 0.014863258026159332
2 0.4871611982881598 0.23305588585017833 0.03566333808844508 0.01426872770511296
2 0.500713266761769 0.24702734839476811 0.039942938659058486 0.014863258026159332
2 0.39158345221112695 0.25089179548156954 0.029957203994293868 0.013079667063020214
2 0.4222539229671897 0.25237812128418546 0.02567760342368046 0.012485136741973839
2 0.5855920114122682 0.2253269916765755 0.03566333808844508 0.015457788347205705
2 0.5827389443651926 0.24435196195005943 0.03566333808844508 0.016646848989298454
2 0.6319543509272468 0.2586206896551724 0.03138373751783167 0.019024970273483946
2 0.6918687589158345 0.2449464922711058 0.028530670470756064 0.011890606420927466
2 0.739657631954351 0.22800237812128415 0.0442225392296719 0.017241379310344827
2 0.7767475035663338 0.2621878715814506 0.029957203994293868 0.011890606420927466
2 0.7803138373751783 0.22621878715814506 0.028530670470756064 0.014863258026159332
2 0.7960057061340942 0.24227110582639713 0.04850213980028531 0.018430439952437573
2 0.7239657631954352 0.27080856123662306 0.047075606276747506 0.017241379310344827
2 0.6098430813124108 0.2907253269916765 0.03851640513552069 0.021403091557669437
2 0.5699001426533524 0.28151010701545776 0.03566333808844508 0.013674197384066587
2 0.5684736091298146 0.26932223543400713 0.03281027104136947 0.010701545778834719
2 0.2189728958630528 0.2791319857312723 0.02710413694721826 0.012485136741973839
2 0.24536376604850216 0.27734839476813317 0.028530670470756064 0.013674197384066587
2 0.16191155492154066 0.26189060642092743 0.02710413694721826 0.011296076099881093
2 0.3537803138373752 0.28210463733650415 0.034236804564907276 0.016052318668252078
2 0.29529243937232524 0.27467300832342445 0.03138373751783167 0.013079667063020214
2 0.06990014265335236 0.27467300832342445 0.02567760342368046 0.013079667063020214
2 0.09272467902995721 0.2788347205707491 0.02282453637660485 0.011890606420927466
2 0.0456490727532097 0.2838882282996433 0.02282453637660485 0.011296076099881093
2 0.08273894436519258 0.30588585017835906 0.039942938659058486 0.016052318668252078
2 0.16119828815977175 0.29934601664684896 0.037089871611982884 0.017241379310344827
2 0.11768901569186876 0.28596908442330554 0.021398002853067047 0.01426872770511296
2 0.3074179743223966 0.30588585017835906 0.03566333808844508 0.016052318668252078
2 0.2817403708987161 0.2939952437574316 0.03851640513552069 0.016052318668252078
2 0.261055634807418 0.3079667063020214 0.03138373751783167 0.011890606420927466
2 0.2731811697574893 0.32372175980975026 0.03281027104136947 0.013674197384066587
2 0.3209700427960057 0.3311533888228299 0.037089871611982884 0.01426872770511296
2 0.35306704707560627 0.30469678953626633 0.04136947218259629 0.020808561236623065
2 0.5042796005706134 0.28804994054696786 0.03281027104136947 0.01961950059453032
2 0.4950071326676177 0.3097502972651605 0.042796005706134094 0.01426872770511296
2 0.1776034236804565 0.33590963139120095 0.03566333808844508 0.01426872770511296
2 0.21112696148359486 0.3192627824019025 0.03138373751783167 0.013079667063020214
2 0.20399429386590587 0.2922116527942925 0.028530670470756064 0.012485136741973839
2 0.0891583452211127 0.32372175980975026 0.029957203994293868 0.012485136741973839
2 0.09486447931526391 0.3436385255648038 0.03566333808844508 0.011890606420927466
2 0.4400855920114123 0.2853745541022592 0.03281027104136947 0.013079667063020214
2 0.4664764621968616 0.2847800237812128 0.03138373751783167 0.022592152199762187
2 0.4607703281027104 0.30380499405469674 0.028530670470756064 0.019024970273483946
2 0.4136947218259629 0.3139120095124851 0.03138373751783167 0.011890606420927466
2 0.5677603423680456 0.30380499405469674 0.042796005706134094 0.020214030915576692
2 0.5920114122681883 0.3162901307966706 0.05706134094151213 0.016646848989298454
2 0.6747503566333809 0.3094530321046373 0.06276747503566334 0.020808561236623065
2 0.7631954350927247 0.3023186682520808 0.037089871611982884 0.017241379310344827
2 0.812410841654779 0.2901307966706302 0.04136947218259629 0.020214030915576692
2 0.666904422253923 0.2800237812128418 0.03851640513552069 0.020214030915576692
2 0.09985734664764623 0.36504161712247324 0.037089871611982884 0.016646848989298454
2 0.1797432239657632 0.35731272294887034 0.042796005706134094 0.013079667063020214
2 0.1319543509272468 0.3724732461355529 0.02710413694721826 0.012485136741973839
2 0.06704707560627675 0.37693222354340067 0.05706134094151213 0.024970273483947678
2 0.05563480741797432 0.4024970273483947 0.037089871611982884 0.015457788347205705
2 0.08559201141226819 0.41736028537455405 0.034236804564907276 0.01426872770511296
2 0.1326676176890157 0.4161712247324613 0.037089871611982884 0.015457788347205705
2 0.12125534950071327 0.39536266349583826 0.03138373751783167 0.011890606420927466
2 0.20898716119828817 0.4194411414982164 0.05563480741797432 0.017241379310344827
2 0.29243937232524964 0.38168846611177165 0.039942938659058486 0.0178359096313912
2 0.2524964336661912 0.37604042806183113 0.034236804564907276 0.014863258026159332
2 0.3616262482168331 0.3498810939357907 0.03566333808844508 0.021997621878715814
2 0.33309557774607707 0.36890606420927463 0.029957203994293868 0.013674197384066587
2 0.37589158345221113 0.3804994054696789 0.047075606276747506 0.015457788347205705
2 0.2717546362339515 0.42479191438763375 0.0442225392296719 0.016052318668252078
2 0.40513552068473613 0.3543400713436385 0.037089871611982884 0.016646848989298454
2 0.4329529243937233 0.36385255648038045 0.024251069900142655 0.010701545778834719
2 0.47004279600570614 0.36504161712247324 0.03566333808844508 0.026159334126040427
2 0.38659058487874465 0.3338287752675386 0.02567760342368046 0.010107015457788346
2 0.3630527817403709 0.32223543400713434 0.021398002853067047 0.011890606420927466
2 0.3880171184022825 0.3213436385255648 0.028530670470756064 0.012485136741973839
2 0.4643366619115549 0.3258026159334126 0.03281027104136947 0.01426872770511296
2 0.48288159771754635 0.3370986920332937 0.024251069900142655 0.013079667063020214
2 0.5142653352353781 0.32431629013079666 0.03281027104136947 0.012485136741973839
2 0.55848787446505 0.3442330558858501 0.024251069900142655 0.011890606420927466
2 0.5185449358059915 0.37009512485136736 0.04136947218259629 0.017241379310344827
2 0.6134094151212554 0.34690844233055884 0.034236804564907276 0.013674197384066587
2 0.5905848787446505 0.3611771700356718 0.03138373751783167 0.014863258026159332
2 0.6276747503566334 0.3680142687277051 0.034236804564907276 0.024970273483947678
2 0.5805991440798859 0.3876337693222354 0.037089871611982884 0.015457788347205705
2 0.5420827389443652 0.3852556480380499 0.03138373751783167 0.015457788347205705
2 0.442225392296719 0.3959571938168846 0.037089871611982884 0.01426872770511296
2 0.4065620542082739 0.40487514863258023 0.034236804564907276 0.01426872770511296
2 0.4935805991440799 0.39922711058263965 0.042796005706134094 0.013674197384066587
2 0.6276747503566334 0.39506539833531507 0.034236804564907276 0.01961950059453032
2 0.674037089871612 0.3983353151010701 0.029957203994293868 0.015457788347205705
2 0.7239657631954352 0.4030915576694411 0.03566333808844508 0.0178359096313912
2 0.7154065620542083 0.35760998810939354 0.03566333808844508 0.016052318668252078
2 0.6654778887303852 0.3745541022592152 0.03281027104136947 0.016646848989298454
2 0.7653352353780314 0.34036860879904873 0.03281027104136947 0.016052318668252078
2 0.7945791726105563 0.3269916765755053 0.034236804564907276 0.013079667063020214
2 0.8666191155492154 0.34036860879904873 0.03281027104136947 0.016052318668252078
2 0.8537803138373752 0.3671224732461355 0.03566333808844508 0.013674197384066587
2 0.7845934379457917 0.3724732461355529 0.034236804564907276 0.016052318668252078
2 0.8102710413694723 0.3680142687277051 0.028530670470756064 0.01426872770511296
2 0.9072753209700428 0.3810939357907253 0.037089871611982884 0.020214030915576692
2 0.9136947218259629 0.35790725326991674 0.03851640513552069 0.015457788347205705
2 0.9358059914407989 0.3156956004756242 0.03138373751783167 0.016646848989298454
2 0.9600570613409415 0.329667063020214 0.034236804564907276 0.018430439952437573
2 0.9564907275320971 0.3504756242568371 0.03281027104136947 0.017241379310344827
2 0.9793152639087019 0.3739595719381688 0.04136947218259629 0.020214030915576692
2 0.7838801711840229 0.39982164090368605 0.04136947218259629 0.018430439952437573
2 0.31169757489301 0.4334126040428061 0.04136947218259629 0.013079667063020214
2 0.039942938659058486 0.4497621878715814 0.028530670470756064 0.013674197384066587
2 0.07417974322396577 0.4625445897740784 0.034236804564907276 0.013079667063020214
2 0.11697574893009986 0.46611177170035667 0.03138373751783167 0.011890606420927466
2 0.11483594864479316 0.4833531510107015 0.04136947218259629 0.015457788347205705
2 0.07703281027104138 0.4925683709869203 0.034236804564907276 0.012485136741973839
2 0.2639087018544936 0.4750297265160523 0.037089871611982884 0.01426872770511296
2 0.2631954350927247 0.4916765755053507 0.04136947218259629 0.015457788347205705
2 0.2268188302425107 0.4607609988109393 0.02567760342368046 0.011890606420927466
2 0.3152639087018545 0.4589774078478002 0.028530670470756064 0.011890606420927466
2 0.33951497860199714 0.44887039239001186 0.03138373751783167 0.015457788347205705
2 0.37945791726105566 0.4720570749108204 0.028530670470756064 0.011890606420927466
2 0.38445078459343796 0.4991082045184304 0.03281027104136947 0.013674197384066587
2 0.41797432239657634 0.45392390011890604 0.034236804564907276 0.012485136741973839
2 0.4037089871611983 0.426872770511296 0.03138373751783167 0.01426872770511296
2 0.3594864479315264 0.4203329369797859 0.037089871611982884 0.013079667063020214
2 0.4893009985734665 0.42984542211652793 0.037089871611982884 0.013079667063020214
2 0.46718972895863053 0.4209274673008323 0.02710413694721826 0.011890606420927466
2 0.5413694721825963 0.44203329369797856 0.03566333808844508 0.012485136741973839
2 0.4957203994293866 0.4450059453032104 0.029957203994293868 0.011296076099881093
2 0.5399429386590585 0.4212247324613555 0.03281027104136947 0.010107015457788346
2 0.579885877318117 0.4161712247324613 0.029957203994293868 0.013079667063020214
2 0.6069900142653353 0.42954815695600473 0.029957203994293868 0.014863258026159332
2 0.6554921540656206 0.433115338882283 0.03851640513552069 0.020808561236623065
2 0.7189728958630528 0.4271700356718192 0.042796005706134094 0.018430439952437573
2 0.6326676176890157 0.41082045184304394 0.029957203994293868 0.011890606420927466
2 0.7139800285306704 0.4607609988109393 0.03851640513552069 0.019024970273483946
2 0.7517831669044223 0.45749108204518424 0.037089871611982884 0.01961950059453032
2 0.776034236804565 0.44143876337693216 0.039942938659058486 0.018430439952437573
2 0.8259629101283881 0.4337098692033293 0.034236804564907276 0.024375743162901305
2 0.8601997146932954 0.44173602853745536 0.037089871611982884 0.0178359096313912
2 0.8958630527817404 0.42954815695600473 0.037089871611982884 0.012485136741973839
2 0.9072753209700428 0.44916765755053506 0.028530670470756064 0.014863258026159332
2 0.9572039942938659 0.41200951248513673 0.039942938659058486 0.016646848989298454
2 0.06562054208273894 0.5228894173602854 0.039942938659058486 0.017241379310344827
2 0.21112696148359486 0.5538049940546967 0.037089871611982884 0.013674197384066587
2 0.1276747503566334 0.5107015457788346 0.03281027104136947 0.013079667063020214
2 0.28887303851640517 0.5493460166468489 0.03851640513552069 0.016646848989298454
2 0.29885877318116977 0.5297265160523186 0.03281027104136947 0.010701545778834719
2 0.318830242510699 0.5181331747919143 0.03281027104136947 0.013674197384066587
2 0.36875891583452214 0.5291319857312723 0.04136947218259629 0.015457788347205705
2 0.42938659058487877 0.5329964328180736 0.039942938659058486 0.013674197384066587
2 0.5049928673323824 0.5329964328180736 0.0456490727532097 0.016052318668252078
2 0.48359486447931527 0.5434007134363852 0.037089871611982884 0.008323424494649227
2 0.4921540656205421 0.5546967895362663 0.028530670470756064 0.008323424494649227
2 0.5235378031383737 0.546373365041617 0.034236804564907276 0.009512485136741973
2 0.4543509272467903 0.5041617122473245 0.029957203994293868 0.011890606420927466
2 0.47860199714693297 0.48394768133174787 0.02710413694721826 0.01426872770511296
2 0.5328102710413695 0.47086801426872765 0.04136947218259629 0.019024970273483946
2 0.5114122681883024 0.48454221165279426 0.029957203994293868 0.011890606420927466
2 0.5770328102710414 0.5044589774078477 0.04136947218259629 0.018430439952437573
2 0.6119828815977175 0.5225921521997622 0.028530670470756064 0.011890606420927466
2 0.68188302425107 0.5023781212841855 0.039942938659058486 0.016646848989298454
2 0.7589158345221113 0.5071343638525564 0.039942938659058486 0.01426872770511296
2 0.7011412268188303 0.5282401902497027 0.03281027104136947 0.013674197384066587
2 0.7574893009985735 0.5196195005945303 0.04850213980028531 0.013079667063020214
2 0.8316690442225393 0.5133769322235433 0.034236804564907276 0.016052318668252078
2 0.7952924393723253 0.49405469678953623 0.03851640513552069 0.015457788347205705
2 0.7646219686162625 0.4878121284185493 0.02282453637660485 0.014863258026159332
2 0.8587731811697575 0.4723543400713436 0.039942938659058486 0.012485136741973839
2 0.8666191155492154 0.48454221165279426 0.03566333808844508 0.01426872770511296
2 0.9158345221112696 0.5017835909631391 0.039942938659058486 0.019024970273483946
2 0.8830242510699001 0.5211058263971462 0.05135520684736092 0.014863258026159332
2 0.833808844507846 0.535077288941736 0.04136947218259629 0.01426872770511296
2 0.8630527817403709 0.5555885850178358 0.034236804564907276 0.017241379310344827
2 0.042796005706134094 0.5680737217598097 0.039942938659058486 0.017241379310344827
2 0.1840228245363766 0.5749108204518429 0.037089871611982884 0.015457788347205705
2 0.15620542082738945 0.5546967895362663 0.03281027104136947 0.011890606420927466
2 0.2624821683309558 0.5677764565992865 0.03138373751783167 0.01426872770511296
2 0.33309557774607707 0.565398335315101 0.03281027104136947 0.01426872770511296
2 0.3958630527817404 0.566884661117717 0.03566333808844508 0.017241379310344827
2 0.4529243937232525 0.5648038049940547 0.03566333808844508 0.01426872770511296
2 0.449358059914408 0.579667063020214 0.02567760342368046 0.009512485136741973
2 0.5306704707560628 0.5734244946492271 0.02567760342368046 0.010107015457788346
2 0.4950071326676177 0.592449464922711 0.05420827389443652 0.012485136741973839
2 0.5556348074179743 0.595719381688466 0.03566333808844508 0.015457788347205705
2 0.5641940085592012 0.578180737217598 0.0442225392296719 0.018430439952437573
2 0.6027104136947219 0.584423305588585 0.03281027104136947 0.013079667063020214
2 0.6747503566333809 0.5552913198573127 0.05706134094151213 0.0178359096313912
2 0.7303851640513552 0.5671819262782402 0.042796005706134094 0.013079667063020214
2 0.7746077032810271 0.5588585017835909 0.03138373751783167 0.013079667063020214
2 0.8131241084165478 0.5787752675386444 0.0456490727532097 0.016052318668252078
2 0.6947218259629101 0.5799643281807372 0.02282453637660485 0.0089179548156956
2 0.7482168330955777 0.5793697978596908 0.03566333808844508 0.012485136741973839
2 0.12196861626248218 0.6013674197384066 0.03281027104136947 0.013674197384066587
2 0.07346647646219687 0.6284185493460166 0.03566333808844508 0.015457788347205705
2 0.12339514978601998 0.629013079667063 0.03851640513552069 0.016646848989298454
2 0.18972895863052783 0.6064209274673008 0.03138373751783167 0.011890606420927466
2 0.20328102710413695 0.6165279429250892 0.02710413694721826 0.013079667063020214
2 0.275320970042796 0.6028537455410226 0.034236804564907276 0.01426872770511296
2 0.24750356633380885 0.6284185493460166 0.03851640513552069 0.019024970273483946
2 0.3174037089871612 0.6058263971462544 0.029957203994293868 0.013079667063020214
2 0.1733238231098431 0.6435790725326991 0.0442225392296719 0.020808561236623065
2 0.3594864479315264 0.6313912009512485 0.028530670470756064 0.011890606420927466
2 0.39514978601997147 0.6189060642092746 0.028530670470756064 0.013079667063020214
2 0.4322396576319544 0.6156361474435196 0.028530670470756064 0.014863258026159332
2 0.5242510699001427 0.6085017835909631 0.02710413694721826 0.012485136741973839
2 0.5378031383737518 0.6361474435196195 0.037089871611982884 0.016646848989298454
2 0.5955777460770328 0.6096908442330559 0.02710413694721826 0.014863258026159332
2 0.6205420827389444 0.6138525564803804 0.028530670470756064 0.016052318668252078
2 0.5927246790299572 0.6281212841854934 0.03566333808844508 0.017241379310344827
2 0.6833095577746078 0.6025564803804994 0.037089871611982884 0.017241379310344827
2 0.8281027104136948 0.61474435196195 0.03281027104136947 0.015457788347205705
2 0.7182596291012839 0.6266349583828774 0.02710413694721826 0.013079667063020214
2 0.666904422253923 0.6263376932223543 0.03281027104136947 0.012485136741973839
2 0.7132667617689016 0.6453626634958383 0.037089871611982884 0.017241379310344827
2 0.6854493580599145 0.6554696789536266 0.029957203994293868 0.013674197384066587
2 0.6569186875891584 0.64179548156956 0.03281027104136947 0.016052318668252078
2 0.7738944365192583 0.6367419738406658 0.04136947218259629 0.013079667063020214
2 0.8038516405135521 0.6471462544589773 0.03566333808844508 0.016052318668252078
2 0.985734664764622 0.6676575505350772 0.02282453637660485 0.011890606420927466
2 0.10057061340941513 0.6524970273483948 0.03281027104136947 0.016052318668252078
2 0.1383737517831669 0.6584423305588585 0.03138373751783167 0.012485136741973839
2 0.18045649072753212 0.6670630202140309 0.04136947218259629 0.015457788347205705
2 0.2211126961483595 0.6623067776456598 0.03138373751783167 0.010701545778834719
2 0.22610556348074182 0.6789536266349583 0.02710413694721826 0.011890606420927466
2 0.2639087018544936 0.6869797859690844 0.039942938659058486 0.017241379310344827
2 0.25106990014265335 0.700653983353151 0.02567760342368046 0.011296076099881093
2 0.3181169757489301 0.6739001189060642 0.02567760342368046 0.012485136741973839
2 0.3523537803138374 0.6747919143876338 0.03138373751783167 0.013079667063020214
2 0.38373751783166904 0.6569560047562425 0.028530670470756064 0.01426872770511296
2 0.1733238231098431 0.6967895362663495 0.03566333808844508 0.015457788347205705
2 0.11483594864479316 0.6840071343638525 0.029957203994293868 0.012485136741973839
2 0.12196861626248218 0.7036266349583828 0.024251069900142655 0.011296076099881093
2 0.39015691868758917 0.6997621878715814 0.03566333808844508 0.016646848989298454
2 0.46718972895863053 0.6730083234244946 0.02710413694721826 0.011890606420927466
2 0.5206847360912982 0.672116527942925 0.034236804564907276 0.016052318668252078
2 0.5256776034236804 0.6932223543400713 0.03281027104136947 0.0178359096313912
2 0.5556348074179743 0.6851961950059452 0.02710413694721826 0.011296076099881093
2 0.579885877318117 0.6801426872770511 0.03566333808844508 0.016646848989298454
2 0.6184022824536377 0.6590368608799048 0.03851640513552069 0.014863258026159332
2 0.550641940085592 0.6602259215219975 0.02282453637660485 0.010107015457788346
2 0.5805991440798859 0.6524970273483948 0.03138373751783167 0.012485136741973839
2 0.6212553495007133 0.691141498216409 0.029957203994293868 0.016052318668252078
2 0.6241084165477889 0.678359096313912 0.021398002853067047 0.008323424494649227
2 0.6554921540656206 0.6637931034482758 0.021398002853067047 0.012485136741973839
2 0.6932952924393724 0.7018430439952437 0.042796005706134094 0.016052318668252078
2 0.652639087018545 0.7211652794292508 0.04136947218259629 0.01426872770511296
2 0.6504992867332382 0.703923900118906 0.028530670470756064 0.015457788347205705
2 0.7660485021398004 0.7122473246135552 0.039942938659058486 0.01426872770511296
2 0.7346647646219686 0.6956004756242568 0.037089871611982884 0.01426872770511296
2 0.7710413694721826 0.6762782401902496 0.02710413694721826 0.010107015457788346
2 0.7453637660485022 0.6634958382877526 0.02710413694721826 0.013079667063020214
2 0.7995720399429387 0.6964922711058263 0.03281027104136947 0.013674197384066587
2 0.8202567760342369 0.6801426872770511 0.02567760342368046 0.015457788347205705
2 0.8466476462196861 0.6950059453032104 0.03566333808844508 0.0178359096313912
2 0.8794579172610557 0.6780618311533888 0.03281027104136947 0.013674197384066587
2 0.9243937232524965 0.6890606420927466 0.037089871611982884 0.0178359096313912
2 0.8616262482168331 0.7303804994054696 0.039942938659058486 0.014863258026159332
2 0.8559201141226819 0.7155172413793103 0.028530670470756064 0.010107015457788346
2 0.8174037089871612 0.7095719381688466 0.037089871611982884 0.011296076099881093
2 0.7845934379457917 0.726218787158145 0.028530670470756064 0.012485136741973839
2 0.8102710413694723 0.7285969084423305 0.019971469329529243 0.011296076099881093
2 0.7838801711840229 0.7523781212841855 0.03851640513552069 0.018430439952437573
2 0.7203994293865906 0.7562425683709868 0.034236804564907276 0.013079667063020214
2 0.5649072753209701 0.7577288941736028 0.037089871611982884 0.016052318668252078
2 0.9343794579172611 0.745243757431629 0.03138373751783167 0.012485136741973839
2 0.6398002853067047 0.7455410225921522 0.03851640513552069 0.016646848989298454
2 0.5370898716119828 0.7381093935790725 0.03281027104136947 0.013674197384066587
2 0.4985734664764622 0.7381093935790725 0.03281027104136947 0.014863258026159332
2 0.46504992867332384 0.734244946492271 0.02567760342368046 0.013079667063020214
2 0.4322396576319544 0.7244351961950058 0.028530670470756064 0.013674197384066587
2 0.33238231098430815 0.7407847800237811 0.039942938659058486 0.016646848989298454
2 0.22610556348074182 0.7458382877526754 0.03566333808844508 0.016052318668252078
2 0.17261055634807418 0.7366230677764566 0.034236804564907276 0.0178359096313912
2 0.12268188302425108 0.7253269916765754 0.028530670470756064 0.011890606420927466
2 0.050641940085592016 0.7294887039239001 0.0442225392296719 0.015457788347205705
2 0.10057061340941513 0.7464328180737216 0.03281027104136947 0.013674197384066587
2 0.052781740370898715 0.7645659928656361 0.03138373751783167 0.015457788347205705
2 0.08202567760342368 0.7829964328180736 0.03566333808844508 0.011890606420927466
2 0.11697574893009986 0.7684304399524375 0.028530670470756064 0.017241379310344827
2 0.1797432239657632 0.7826991676575504 0.034236804564907276 0.013674197384066587
2 0.2788873038516405 0.7844827586206896 0.03281027104136947 0.014863258026159332
2 0.38231098430813126 0.7874554102259215 0.034236804564907276 0.013674197384066587
2 0.4222539229671897 0.7505945303210463 0.028530670470756064 0.012485136741973839
2 0.5563480741797432 0.8008323424494649 0.028530670470756064 0.011890606420927466
2 0.6554921540656206 0.7773483947681331 0.029957203994293868 0.010107015457788346
2 0.6911554921540657 0.7960760998810938 0.05563480741797432 0.01426872770511296
2 0.7496433666191156 0.8011296076099881 0.03566333808844508 0.016052318668252078
2 0.7860199714693296 0.7901307966706301 0.02567760342368046 0.01426872770511296
2 0.8830242510699001 0.7847800237812128 0.039942938659058486 0.019024970273483946
2 0.8437945791726106 0.8151010701545778 0.029957203994293868 0.015457788347205705
2 0.890870185449358 0.8320451843043994 0.029957203994293868 0.012485136741973839
2 0.8787446504992867 0.8127229488703923 0.028530670470756064 0.010701545778834719
2 0.812410841654779 0.8079667063020213 0.03851640513552069 0.011890606420927466
2 0.06704707560627675 0.8222354340071343 0.028530670470756064 0.011890606420927466
2 0.11126961483594865 0.8394768133174791 0.034236804564907276 0.011890606420927466
2 0.18830242510699002 0.839179548156956 0.034236804564907276 0.013674197384066587
2 0.26176890156918686 0.8213436385255647 0.03281027104136947 0.013674197384066587
2 0.3074179743223966 0.8418549346016646 0.03281027104136947 0.015457788347205705
2 0.3388017118402283 0.8463139120095124 0.021398002853067047 0.010107015457788346
2 0.3994293865905849 0.8266944114149821 0.039942938659058486 0.018430439952437573
2 0.42582025677603424 0.8516646848989298 0.03566333808844508 0.016052318668252078
2 0.4814550641940086 0.8344233055885849 0.029957203994293868 0.0089179548156956
2 0.5520684736091298 0.8436385255648037 0.037089871611982884 0.015457788347205705
2 0.6298145506419401 0.8567181926278239 0.03851640513552069 0.0178359096313912
2 0.6611982881597718 0.8275862068965516 0.029957203994293868 0.01426872770511296
2 0.7403708987161198 0.8397740784780023 0.037089871611982884 0.014863258026159332
2 0.7346647646219686 0.8207491082045184 0.02567760342368046 0.014863258026159332
2 0.6904422253922967 0.863258026159334 0.037089871611982884 0.01426872770511296
2 0.7289586305278174 0.8799048751486325 0.037089871611982884 0.013079667063020214
2 0.7410841654778888 0.8602853745541021 0.03566333808844508 0.015457788347205705
2 0.7931526390870186 0.872770511296076 0.02567760342368046 0.01426872770511296
2 0.7867332382310984 0.8525564803804994 0.03566333808844508 0.01426872770511296
2 0.37874465049928674 0.8668252080856123 0.047075606276747506 0.0178359096313912
2 0.05920114122681883 0.8495838287752675 0.03281027104136947 0.013079667063020214
2 0.08630527817403709 0.882282996432818 0.03281027104136947 0.015457788347205705
2 0.16833095577746077 0.8620689655172413 0.039942938659058486 0.01426872770511296
2 0.1861626248216833 0.8766349583828774 0.03566333808844508 0.016052318668252078
2 0.14907275320970043 0.8920927467300832 0.03851640513552069 0.013674197384066587
2 0.19329529243937232 0.8891200951248512 0.03851640513552069 0.013674197384066587
2 0.18830242510699002 0.9057669441141497 0.03138373751783167 0.016052318668252078
2 0.24322396576319544 0.9170630202140309 0.03281027104136947 0.016052318668252078
2 0.2582025677603424 0.8861474435196194 0.037089871611982884 0.020808561236623065
2 0.026390870185449358 0.9230083234244946 0.03281027104136947 0.014863258026159332
2 0.024964336661911557 0.8962544589774077 0.03281027104136947 0.011296076099881093
2 0.06847360912981455 0.9289536266349583 0.03138373751783167 0.012485136741973839
2 0.08059914407988587 0.9574910820451842 0.05563480741797432 0.01961950059453032
2 0.15192582025677603 0.9744351961950058 0.02710413694721826 0.0178359096313912
2 0.20042796005706134 0.9780023781212841 0.03851640513552069 0.01426872770511296
2 0.21184022824536378 0.9438168846611177 0.03566333808844508 0.016052318668252078
2 0.1718972895863053 0.9328180737217597 0.03281027104136947 0.013079667063020214
2 0.1405135520684736 0.9224137931034482 0.03566333808844508 0.014863258026159332
2 0.10841654778887304 0.9176575505350772 0.037089871611982884 0.017241379310344827
2 0.10912981455064194 0.934898929845422 0.03281027104136947 0.014863258026159332
2 0.06918687589158345 0.8935790725326991 0.03281027104136947 0.013079667063020214
2 0.0920114122681883 0.901307966706302 0.03281027104136947 0.01426872770511296
2 0.019258202567760344 0.8587990487514863 0.03566333808844508 0.014863258026159332
2 0.29243937232524964 0.9149821640903685 0.037089871611982884 0.019024970273483946
2 0.3102710413694722 0.8864447086801426 0.049928673323823114 0.015457788347205705
2 0.38516405135520687 0.8935790725326991 0.039942938659058486 0.0178359096313912
2 0.29386590584878747 0.9360879904875148 0.06847360912981455 0.014863258026159332
2 0.34022824536376606 0.9167657550535077 0.04136947218259629 0.020214030915576692
2 0.3594864479315264 0.934898929845422 0.042796005706134094 0.012485136741973839
2 0.4593437945791726 0.9292508917954815 0.034236804564907276 0.015457788347205705
2 0.47218259629101283 0.9036860879904874 0.05706134094151213 0.020214030915576692
2 0.4914407988587732 0.8778240190249702 0.03851640513552069 0.020808561236623065
2 0.5292439372325249 0.9149821640903685 0.034236804564907276 0.0178359096313912
2 0.579885877318117 0.9239001189060642 0.03851640513552069 0.016646848989298454
2 0.5998573466476462 0.8938763376932223 0.03281027104136947 0.014863258026159332
2 0.6355206847360914 0.8858501783590962 0.02710413694721826 0.011890606420927466
2 0.6961483594864479 0.8962544589774077 0.037089871611982884 0.013674197384066587
2 0.7189728958630528 0.9099286563614744 0.034236804564907276 0.016052318668252078
2 0.6276747503566334 0.9426278240190249 0.042796005706134094 0.016052318668252078
2 0.7532097004279601 0.9351961950059452 0.042796005706134094 0.020214030915576692
2 0.7582025677603423 0.9533293697978596 0.02710413694721826 0.014863258026159332
2 0.6390870185449358 0.971462544589774 0.05135520684736092 0.015457788347205705
2 0.6583452211126962 0.9869203329369797 0.05848787446504993 0.015457788347205705
2 0.7182596291012839 0.9860285374554102 0.03851640513552069 0.013674197384066587
2 0.7517831669044223 0.9771105826397145 0.042796005706134094 0.01961950059453032
2 0.8052781740370899 0.9580856123662306 0.029957203994293868 0.013674197384066587
2 0.8452211126961484 0.9732461355529131 0.03281027104136947 0.016646848989298454
2 0.81169757489301 0.9280618311533887 0.05135520684736092 0.021403091557669437
2 0.848074179743224 0.9131985731272294 0.03851640513552069 0.015457788347205705
2 0.8815977175463624 0.9274673008323424 0.028530670470756064 0.015457788347205705
2 0.848074179743224 0.8941736028537455 0.047075606276747506 0.015457788347205705
2 0.8880171184022825 0.8849583828775267 0.03281027104136947 0.013674197384066587
2 0.7960057061340942 0.8900118906064208 0.03138373751783167 0.011890606420927466
2 0.09629101283880172 0.05737217598097503 0.03281027104136947 0.012485136741973839
2 0.20684736091298145 0.036860879904875146 0.039942938659058486 0.011890606420927466
2 0.3109843081312411 0.022592152199762187 0.034236804564907276 0.01426872770511296
2 0.9907275320970043 0.07045184304399524 0.018544935805991442 0.011296076099881093
2 0.7881597717546363 0.07282996432818073 0.02710413694721826 0.0089179548156956
2 0.724679029957204 0.09126040428061831 0.03138373751783167 0.011296076099881093
2 0.5563480741797432 0.11533888228299642 0.039942938659058486 0.010701545778834719
2 0.046362339514978604 0.12604042806183113 0.03281027104136947 0.010701545778834719
2 0.04921540656205421 0.1358501783590963 0.05563480741797432 0.011296076099881093
2 0.016405135520684736 0.15933412604042804 0.024251069900142655 0.024970273483947678
2 0.07774607703281028 0.1801426872770511 0.049928673323823114 0.0178359096313912
2 0.6119828815977175 0.2158145065398335 0.037089871611982884 0.01426872770511296
2 0.3580599144079886 0.23573127229488702 0.03138373751783167 0.014863258026159332
2 0.19400855920114124 0.24643281807372175 0.039942938659058486 0.012485136741973839
2 0.23609129814550642 0.25148632580261593 0.03281027104136947 0.010701545778834719
2 0.24893009985734665 0.262782401902497 0.03566333808844508 0.013079667063020214
2 0.8352353780313838 0.2734839476813317 0.02710413694721826 0.011890606420927466
2 0.15192582025677603 0.3195600475624257 0.03566333808844508 0.018430439952437573
2 0.039942938659058486 0.31718192627824016 0.034236804564907276 0.013674197384066587
2 0.23609129814550642 0.3370986920332937 0.04136947218259629 0.013079667063020214
2 0.42439372325249647 0.3454221165279429 0.03851640513552069 0.016646848989298454
2 0.6997146932952925 0.3796076099881094 0.029957203994293868 0.012485136741973839
2 0.8416547788873039 0.39268727705112955 0.0456490727532097 0.013674197384066587
2 0.9108416547788873 0.41319857312722946 0.02710413694721826 0.013079667063020214
2 0.2788873038516405 0.401307966706302 0.03851640513552069 0.016646848989298454
2 0.019258202567760344 0.4230083234244946 0.03281027104136947 0.013674197384066587
2 0.04065620542082739 0.4678953626634958 0.03851640513552069 0.011890606420927466
2 0.5078459343794579 0.5148632580261593 0.028530670470756064 0.013079667063020214
2 0.3281027104136947 0.6334720570749107 0.037089871611982884 0.017241379310344827
2 0.7524964336661912 0.6129607609988109 0.03566333808844508 0.011890606420927466
2 0.8644793152639088 0.6266349583828774 0.028530670470756064 0.01426872770511296
2 0.16262482168330955 0.75653983353151 0.039942938659058486 0.016052318668252078
2 0.2710413694721826 0.7372175980975029 0.028530670470756064 0.016646848989298454
2 0.3459343794579173 0.7592152199762188 0.029957203994293868 0.013079667063020214
2 0.21398002853067047 0.7886444708680141 0.02567760342368046 0.013674197384066587
2 0.7382310984308131 0.7761593341260403 0.02710413694721826 0.013674197384066587
2 0.9800285306704708 0.7865636147443519 0.028530670470756064 0.015457788347205705
2 0.9793152639087019 0.8302615933412604 0.03281027104136947 0.014863258026159332
2 0.9650499286733238 0.8894173602853744 0.03281027104136947 0.011890606420927466
2 0.9557774607703281 0.9078478002378121 0.042796005706134094 0.0178359096313912
2 0.9486447931526392 0.922116527942925 0.03138373751783167 0.009512485136741973
2 0.9008559201141227 0.8971462544589773 0.029957203994293868 0.011890606420927466
2 0.10627674750356633 0.850475624256837 0.03566333808844508 0.011296076099881093
2 0.130527817403709 0.8596908442330559 0.02710413694721826 0.011890606420927466
2 0.019258202567760344 0.8730677764565992 0.03281027104136947 0.011296076099881093
2 0.16761768901569188 0.9509512485136741 0.024251069900142655 0.010107015457788346
2 0.24322396576319544 0.9643281807372175 0.047075606276747506 0.022592152199762187
