2 0.19533762057877813 0.09079903147699758 0.04019292604501608 0.018159806295399518
2 0.2805466237942122 0.1038135593220339 0.03697749196141479 0.017554479418886198
2 0.03054662379421222 0.1228813559322034 0.04180064308681672 0.015738498789346248
2 0.02170418006430868 0.14679176755447942 0.04019292604501608 0.016343825665859565
2 0.01929260450160772 0.16192493946731235 0.03536977491961415 0.011501210653753027
2 0.06591639871382636 0.1352905569007264 0.03536977491961415 0.010290556900726392
2 0.05546623794212219 0.14951573849878935 0.024115755627009645 0.014527845036319613
2 0.09967845659163987 0.14285714285714288 0.03536977491961415 0.013317191283292978
2 0.6286173633440515 0.1930992736077482 0.04180064308681672 0.02179176755447942
2 0.7106109324758842 0.1492130750605327 0.03536977491961415 0.018765133171912834
2 0.7909967845659164 0.16858353510895885 0.04501607717041801 0.018765133171912834
2 0.9469453376205788 0.14467312348668282 0.04823151125401929 0.015738498789346248
2 0.912379421221865 0.19582324455205813 0.04019292604501608 0.017554479418886198
2 0.7186495176848875 0.21337772397094432 0.028938906752411574 0.01513317191283293
2 0.7757234726688103 0.25332929782082325 0.04019292604501608 0.017554479418886198
2 0.8255627009646302 0.2608958837772397 0.03376205787781351 0.012106537530266345
2 0.6985530546623794 0.2711864406779661 0.03054662379421222 0.012106537530266345
2 0.44614147909967844 0.2581719128329298 0.03054662379421222 0.01513317191283293
2 0.18167202572347266 0.24515738498789347 0.03858520900321544 0.012106537530266345
2 0.24598070739549838 0.20581113801452786 0.04180064308681672 0.014527845036319613
2 0.12218649517684887 0.19854721549636806 0.03215434083601286 0.013317191283292978
2 0.0707395498392283 0.20792978208232446 0.04180064308681672 0.01513317191283293
2 0.07154340836012861 0.26664648910411626 0.04019292604501608 0.016343825665859565
2 0.2942122186495177 0.2436440677966102 0.01607717041800643 0.00423728813559322
2 0.8159163987138264 0.3008474576271187 0.05305466237942122 0.01937046004842615
2 0.8842443729903536 0.3047820823244552 0.028938906752411574 0.010290556900726392
2 0.7186495176848875 0.3078087167070218 0.03858520900321544 0.01513317191283293
2 0.17282958199356913 0.30236077481840196 0.027331189710610933 0.010290556900726392
2 0.03376205787781351 0.30841404358353514 0.03858520900321544 0.016343825665859565
2 0.17443729903536978 0.337772397094431 0.024115755627009645 0.00847457627118644
2 0.03938906752411576 0.36985472154963683 0.04340836012861736 0.014527845036319613
2 0.013665594855305467 0.3771186440677966 0.02090032154340836 0.009685230024213076
2 0.05787781350482315 0.41041162227602906 0.04180064308681672 0.012106537530266345
2 0.6454983922829582 0.3771186440677966 0.03697749196141479 0.012106537530266345
2 0.8070739549839229 0.35108958837772397 0.028938906752411574 0.014527845036319613
2 0.8963022508038585 0.37923728813559326 0.04019292604501608 0.016343825665859565
2 0.8239549839228296 0.4261501210653753 0.03697749196141479 0.014527845036319613
2 0.7202572347266881 0.4134382566585957 0.04823151125401929 0.01694915254237288
2 0.6382636655948553 0.43825665859564167 0.04180064308681672 0.015738498789346248
2 0.5707395498392283 0.41918886198547217 0.03536977491961415 0.010290556900726392
2 0.587620578778135 0.4303874092009685 0.04019292604501608 0.012106537530266345
2 0.7057877813504823 0.44642857142857145 0.04501607717041801 0.016343825665859565
2 0.8681672025723473 0.47790556900726394 0.05466237942122187 0.017554479418886198
2 0.8754019292604501 0.4921307506053269 0.03376205787781351 0.012106537530266345
2 0.7869774919614148 0.48305084745762716 0.04983922829581994 0.01694915254237288
2 0.7757234726688103 0.5024213075060533 0.04662379421221865 0.012106537530266345
2 0.680064308681672 0.4857748184019371 0.04501607717041801 0.012711864406779662
2 0.6712218649517685 0.4703389830508475 0.04019292604501608 0.015738498789346248
2 0.6085209003215434 0.4857748184019371 0.04983922829581994 0.019975786924939468
2 0.5635048231511254 0.46761501210653755 0.04019292604501608 0.01513317191283293
2 0.5136655948553055 0.4754842615012107 0.04983922829581994 0.018765133171912834
2 0.42604501607717044 0.4621670702179177 0.04823151125401929 0.019975786924939468
2 0.364951768488746 0.4854721549636804 0.04823151125401929 0.015738498789346248
2 0.11012861736334405 0.46700968523002423 0.04340836012861736 0.013922518159806297
2 0.18569131832797428 0.5181598062953996 0.04983922829581994 0.018159806295399518
2 0.8078778135048231 0.516949152542373 0.03376205787781351 0.013317191283292978
2 0.8609324758842444 0.5296610169491526 0.05305466237942122 0.018159806295399518
2 0.8802250803858521 0.5475181598062955 0.03697749196141479 0.012711864406779662
2 0.8930868167202572 0.5687046004842615 0.04662379421221865 0.016343825665859565
2 0.8295819935691319 0.5965496368038741 0.05787781350482315 0.019975786924939468
2 0.7483922829581994 0.5738498789346247 0.04662379421221865 0.01694915254237288
2 0.6969453376205788 0.540859564164649 0.04983922829581994 0.018765133171912834
2 0.5048231511254019 0.5148305084745763 0.028938906752411574 0.012711864406779662
2 0.2869774919614148 0.5759685230024213 0.04340836012861736 0.016343825665859565
2 0.1977491961414791 0.5829297820823245 0.04180064308681672 0.01694915254237288
2 0.11736334405144694 0.5871670702179177 0.04823151125401929 0.018159806295399518
2 0.4421221864951768 0.5847457627118644 0.03536977491961415 0.014527845036319613
2 0.5618971061093248 0.5829297820823245 0.04019292604501608 0.015738498789346248
2 0.6245980707395499 0.5965496368038741 0.024115755627009645 0.01513317191283293
2 0.6905144694533762 0.5932203389830508 0.04662379421221865 0.01937046004842615
2 0.8770096463022508 0.6192493946731236 0.03054662379421222 0.014527845036319613
2 0.9702572347266881 0.6361985472154964 0.04662379421221865 0.01937046004842615
2 0.8545016077170418 0.6483050847457628 0.04983922829581994 0.020581113801452784
2 0.8070739549839229 0.6607142857142857 0.03215434083601286 0.010290556900726392
2 0.7532154340836013 0.6368038740920097 0.04340836012861736 0.015738498789346248
2 0.6454983922829582 0.6473970944309928 0.05305466237942122 0.018765133171912834
2 0.6953376205787781 0.664043583535109 0.04662379421221865 0.01937046004842615
2 0.5128617363344051 0.637409200968523 0.03536977491961415 0.014527845036319613
2 0.4742765273311897 0.6386198547215497 0.03215434083601286 0.015738498789346248
2 0.4204180064308682 0.6476997578692494 0.04662379421221865 0.014527845036319613
2 0.34565916398713825 0.6343825665859565 0.04180064308681672 0.015738498789346248
2 0.2869774919614148 0.6371065375302664 0.05305466237942122 0.019975786924939468
2 0.16157556270096463 0.641949152542373 0.0594855305466238 0.019975786924939468
2 0.05546623794212219 0.6437651331719129 0.05305466237942122 0.018765133171912834
2 0.1792604501607717 0.6598062953995157 0.03376205787781351 0.014527845036319613
2 0.04662379421221865 0.7079297820823245 0.05144694533762058 0.018765133171912834
2 0.05305466237942122 0.7245762711864407 0.03536977491961415 0.01089588377723971
2 0.15514469453376206 0.6988498789346247 0.03376205787781351 0.019975786924939468
2 0.19533762057877813 0.6949152542372882 0.04019292604501608 0.020581113801452784
2 0.24196141479099678 0.687953995157385 0.03697749196141479 0.018765133171912834
2 0.28938906752411575 0.7018765133171914 0.03858520900321544 0.016343825665859565
2 0.32315112540192925 0.7042978208232445 0.02572347266881029 0.013922518159806297
2 0.35610932475884244 0.7164043583535109 0.04662379421221865 0.017554479418886198
2 0.41639871382636656 0.7021791767554479 0.04180064308681672 0.014527845036319613
2 0.5064308681672026 0.6806900726392252 0.04180064308681672 0.016343825665859565
2 0.6077170418006431 0.7030871670702179 0.04501607717041801 0.016343825665859565
2 0.7347266881028939 0.6973365617433415 0.04823151125401929 0.020581113801452784
2 0.8762057877813505 0.676452784503632 0.05144694533762058 0.016343825665859565
2 0.9196141479099679 0.7015738498789347 0.04823151125401929 0.01937046004842615
2 0.8472668810289389 0.7130750605326877 0.04501607717041801 0.01937046004842615
2 0.7660771704180064 0.7239709443099274 0.04983922829581994 0.01694915254237288
2 0.7813504823151125 0.7082324455205812 0.03536977491961415 0.013317191283292978
2 0.47508038585209 0.7215496368038741 0.03697749196141479 0.01694915254237288
2 0.1680064308681672 0.7339588377723971 0.04340836012861736 0.017554479418886198
2 0.03536977491961415 0.7542372881355932 0.03215434083601286 0.009685230024213076
2 0.1197749196141479 0.7733050847457628 0.03054662379421222 0.012711864406779662
2 0.20659163987138263 0.7554479418886199 0.04662379421221865 0.018159806295399518
2 0.2427652733118971 0.7678571428571429 0.04180064308681672 0.01513317191283293
2 0.2909967845659164 0.7693704600484262 0.03858520900321544 0.01694915254237288
2 0.35771704180064307 0.7648305084745763 0.03054662379421222 0.013922518159806297
2 0.3971061093247588 0.74909200968523 0.03215434083601286 0.012711864406779662
2 0.6189710610932476 0.7687651331719129 0.04501607717041801 0.02179176755447942
2 0.8223472668810289 0.7630145278450363 0.04983922829581994 0.022397094430992737
2 0.9606109324758842 0.7678571428571429 0.04983922829581994 0.019975786924939468
2 0.8673633440514469 0.7953995157384989 0.04340836012861736 0.01694915254237288
2 0.9630225080385852 0.7875302663438257 0.03536977491961415 0.00847457627118644
2 0.7644694533762058 0.7929782082324456 0.04340836012861736 0.01089588377723971
2 0.7234726688102894 0.7572639225181599 0.04180064308681672 0.014527845036319613
2 0.6881028938906752 0.8002421307506054 0.03215434083601286 0.012106537530266345
2 0.49115755627009644 0.7820823244552059 0.03054662379421222 0.013317191283292978
2 0.43488745980707394 0.7705811138014528 0.027331189710610933 0.009685230024213076
2 0.36897106109324757 0.8069007263922519 0.04019292604501608 0.01694915254237288
2 0.20659163987138263 0.8326271186440678 0.04019292604501608 0.01513317191283293
2 0.0594855305466238 0.8062953995157386 0.028938906752411574 0.012106537530266345
2 0.17684887459807075 0.8653147699757869 0.04180064308681672 0.017554479418886198
2 0.04260450160771704 0.8765133171912833 0.04662379421221865 0.020581113801452784
2 0.41318327974276525 0.8523002421307506 0.03536977491961415 0.014527845036319613
2 0.4863344051446945 0.8441283292978209 0.04662379421221865 0.016343825665859565
2 0.6905144694533762 0.8504842615012107 0.04019292604501608 0.01694915254237288
2 0.7845659163987139 0.8725786924939468 0.03215434083601286 0.017554479418886198
2 0.9043408360128617 0.8595641646489105 0.04662379421221865 0.02179176755447942
2 0.8689710610932476 0.912227602905569 0.04662379421221865 0.02179176755447942
2 0.8110932475884244 0.9315980629539952 0.03697749196141479 0.014527845036319613
2 0.8279742765273311 0.9542978208232445 0.05144694533762058 0.017554479418886198
2 0.7942122186495176 0.9739709443099274 0.03536977491961415 0.015738498789346248
2 0.7017684887459807 0.9518765133171914 0.05305466237942122 0.022397094430992737
2 0.6913183279742765 0.9739709443099274 0.03215434083601286 0.014527845036319613
2 0.6061093247588424 0.9588377723970944 0.03536977491961415 0.015738498789346248
2 0.6053054662379421 0.9173728813559322 0.04662379421221865 0.013922518159806297
2 0.407556270096463 0.9225181598062955 0.04983922829581994 0.015738498789346248
2 0.2596463022508039 0.901634382566586 0.04019292604501608 0.012711864406779662
2 0.17684887459807075 0.9409806295399517 0.04501607717041801 0.017554479418886198
2 0.04180064308681672 0.9427966101694916 0.04823151125401929 0.021186440677966104
2 0.2797427652733119 0.9627723970944311 0.05466237942122187 0.021186440677966104
2 0.34646302250803857 0.9591404358353511 0.04019292604501608 0.016343825665859565
2 0.4654340836012862 0.9585351089588379 0.05627009646302251 0.019975786924939468
2 0.7596463022508039 0.929176755447942 0.024115755627009645 0.01089588377723971
2 0.4212218649517685 0.42009685230024213 0.03215434083601286 0.014527845036319613
2 0.017684887459807074 0.05750605326876514 0.03215434083601286 0.012106537530266345
2 0.012057877813504822 0.0738498789346247 0.02090032154340836 0.014527845036319613
2 0.016881028938906754 0.20883777239709445 0.03054662379421222 0.015738498789346248
2 0.8239549839228296 0.8271791767554479 0.05305466237942122 0.016343825665859565
