2 0.29154078549848944 0.10465116279069767 0.0634441087613293 0.023255813953488372
2 0.5022658610271903 0.15208078335373315 0.03474320241691843 0.01285189718482252
2 0.6412386706948641 0.13555691554467564 0.04380664652567976 0.01285189718482252
2 0.918429003021148 0.09577723378212974 0.045317220543806644 0.01529987760097919
2 0.8904833836858006 0.14657282741738065 0.0377643504531722 0.01774785801713586
2 0.7900302114803626 0.20318237454100366 0.03625377643504532 0.017135862913096694
2 0.7409365558912386 0.20165238678090575 0.03474320241691843 0.014075887392900856
2 0.7643504531722054 0.10159118727050183 0.03927492447129909 0.017135862913096694
2 0.9312688821752266 0.2178702570379437 0.04380664652567976 0.020807833537331698
2 0.8013595166163142 0.23714810281517745 0.04380664652567976 0.01529987760097919
2 0.15709969788519637 0.310281517747858 0.045317220543806644 0.017135862913096694
2 0.7175226586102719 0.05844553243574051 0.03625377643504532 0.010403916768665849
2 0.22054380664652568 0.18635250917992655 0.027190332326283987 0.005507955936352509
2 0.6737160120845922 0.2545899632802937 0.030211480362537763 0.011015911872705017
2 0.8406344410876133 0.26162790697674415 0.03474320241691843 0.011627906976744186
2 0.8625377643504532 0.3118115055079559 0.03625377643504532 0.014075887392900856
2 0.8542296072507553 0.3268053855569155 0.04380664652567976 0.01835985312117503
2 0.9425981873111783 0.36352509179926557 0.03625377643504532 0.017135862913096694
2 0.8489425981873112 0.35862913096695226 0.03323262839879154 0.015911872705018357
2 0.8912386706948641 0.4770501835985312 0.03927492447129909 0.016523867809057527
2 0.48942598187311176 0.46817625458996326 0.030211480362537763 0.014687882496940023
2 0.22356495468277945 0.476438188494492 0.04229607250755287 0.01529987760097919
2 0.1299093655589124 0.4660342717258262 0.03625377643504532 0.01285189718482252
2 0.2326283987915408 0.42441860465116277 0.027190332326283987 0.01285189718482252
2 0.1419939577039275 0.43451652386780903 0.03323262839879154 0.009791921664626682
2 0.0634441087613293 0.5299877600979191 0.02416918429003021 0.012239902080783353
2 0.12537764350453173 0.5559975520195838 0.04229607250755287 0.01529987760097919
2 0.18277945619335348 0.5388616891064871 0.030211480362537763 0.01774785801713586
2 0.2847432024169184 0.523561811505508 0.0256797583081571 0.007955936352509178
2 0.5793051359516617 0.5309057527539779 0.03172205438066465 0.01529987760097919
2 0.16993957703927492 0.5948592411260709 0.04682779456193353 0.01835985312117503
2 0.4342900302114804 0.5826193390452876 0.0377643504531722 0.015911872705018357
2 0.601963746223565 0.5872093023255813 0.0377643504531722 0.01285189718482252
2 0.8919939577039275 0.5853733170134638 0.04078549848942598 0.01774785801713586
2 0.9690332326283988 0.5829253365973072 0.03172205438066465 0.016523867809057527
2 0.8141993957703928 0.6355569155446756 0.030211480362537763 0.01529987760097919
2 0.9652567975830816 0.6474908200734394 0.03625377643504532 0.015911872705018357
2 0.6102719033232629 0.6376988984088127 0.030211480362537763 0.017135862913096694
2 0.5709969788519638 0.6386168910648714 0.03927492447129909 0.01774785801713586
2 0.41012084592145015 0.6548347613219093 0.04078549848942598 0.022031823745410035
2 0.5460725075528701 0.6640146878824968 0.0377643504531722 0.019583843329253364
2 0.6170694864048338 0.6612607099143206 0.0256797583081571 0.01285189718482252
2 0.6450151057401813 0.6582007343941247 0.045317220543806644 0.016523867809057527
2 0.6231117824773413 0.6860465116279069 0.0377643504531722 0.012239902080783353
2 0.2756797583081571 0.6392288861689106 0.04078549848942598 0.01529987760097919
2 0.26963746223564955 0.6080171358629131 0.0377643504531722 0.01285189718482252
2 0.17749244712990936 0.622705018359853 0.03172205438066465 0.011627906976744186
2 0.1299093655589124 0.6306609547123623 0.0513595166163142 0.018971848225214197
2 0.11404833836858005 0.6468788249694002 0.03474320241691843 0.013463892288861688
2 0.03172205438066465 0.6389228886168911 0.04229607250755287 0.019583843329253364
2 0.2756797583081571 0.7276621787025703 0.04984894259818731 0.020807833537331698
2 0.3330815709969788 0.7086903304773561 0.03172205438066465 0.014687882496940023
2 0.5755287009063444 0.7016523867809057 0.04833836858006042 0.021419828641370868
2 0.520392749244713 0.7356181150550795 0.04078549848942598 0.015911872705018357
2 0.709214501510574 0.7138922888616891 0.04078549848942598 0.014075887392900856
2 0.8104229607250756 0.7096083231334148 0.04380664652567976 0.016523867809057527
2 0.8753776435045317 0.6854345165238678 0.0256797583081571 0.015911872705018357
2 0.9675226586102719 0.7444920440636474 0.03474320241691843 0.01529987760097919
2 0.9176737160120846 0.7552019583843329 0.04078549848942598 0.01835985312117503
2 0.8406344410876133 0.7472460220318237 0.04984894259818731 0.015911872705018357
2 0.8066465256797583 0.7705018359853121 0.027190332326283987 0.012239902080783353
2 0.4425981873111782 0.755813953488372 0.04229607250755287 0.017135862913096694
2 0.28851963746223563 0.7607099143206854 0.04229607250755287 0.019583843329253364
2 0.30362537764350456 0.7493880048959608 0.015105740181268881 0.009179926560587515
2 0.022658610271903322 0.77203182374541 0.04229607250755287 0.018971848225214197
2 0.02190332326283988 0.78671970624235 0.03172205438066465 0.01285189718482252
2 0.11178247734138973 0.8096695226438188 0.03927492447129909 0.012239902080783353
2 0.22356495468277945 0.8108935128518971 0.04229607250755287 0.017135862913096694
2 0.2620845921450151 0.8001835985312117 0.028700906344410877 0.010403916768665849
2 0.2620845921450151 0.8326193390452875 0.04380664652567976 0.01529987760097919
2 0.22734138972809667 0.8424112607099142 0.03474320241691843 0.014075887392900856
2 0.3814199395770393 0.8130354957160342 0.04078549848942598 0.01774785801713586
2 0.2983383685800604 0.8093635250917992 0.022658610271903322 0.010403916768665849
2 0.39652567975830816 0.8369033047735618 0.03474320241691843 0.014075887392900856
2 0.4418429003021148 0.8537331701346389 0.04984894259818731 0.01835985312117503
2 0.4984894259818731 0.8613831089351285 0.03625377643504532 0.016523867809057527
2 0.8549848942598187 0.817625458996328 0.0513595166163142 0.019583843329253364
2 0.9403323262839879 0.8552631578947367 0.03172205438066465 0.01285189718482252
2 0.8919939577039275 0.8870869033047735 0.04078549848942598 0.0226438188494492
2 0.7099697885196374 0.8610771113831088 0.03323262839879154 0.013463892288861688
2 0.8058912386706949 0.9069767441860465 0.052870090634441085 0.020807833537331698
2 0.13670694864048338 0.8733170134638922 0.04984894259818731 0.019583843329253364
2 0.11329305135951662 0.9204406364749081 0.02416918429003021 0.008567931456548347
2 0.07099697885196375 0.9467564259485923 0.04833836858006042 0.019583843329253364
2 0.04305135951661632 0.9669522643818849 0.04984894259818731 0.019583843329253364
2 0.11102719033232629 0.9550183598531211 0.022658610271903322 0.014075887392900856
2 0.19486404833836857 0.9467564259485923 0.04833836858006042 0.014687882496940023
2 0.24093655589123866 0.9391064871481027 0.04078549848942598 0.01774785801713586
2 0.4244712990936556 0.9384944920440635 0.03927492447129909 0.01529987760097919
2 0.45392749244712993 0.8861689106487147 0.0377643504531722 0.014687882496940023
2 0.40558912386706947 0.870563035495716 0.04984894259818731 0.016523867809057527
2 0.6986404833836858 0.9020807833537331 0.03172205438066465 0.013463892288861688
2 0.7137462235649547 0.925642594859241 0.04380664652567976 0.01529987760097919
2 0.7877643504531722 0.9473684210526315 0.04078549848942598 0.017135862913096694
2 0.8572507552870091 0.9488984088127295 0.052870090634441085 0.018971848225214197
2 0.8851963746223565 0.9268665850673193 0.0513595166163142 0.021419828641370868
2 0.9463746223564955 0.9124847001223989 0.04984894259818731 0.022031823745410035
2 0.9697885196374623 0.9317625458996327 0.045317220543806644 0.01774785801713586
2 0.9342900302114804 0.9531823745410036 0.05891238670694864 0.0226438188494492
2 0.6163141993957704 0.945532435740514 0.03927492447129909 0.015911872705018357
2 0.015861027190332326 0.14228886168910648 0.028700906344410877 0.01774785801713586
2 0.04909365558912387 0.8075275397796817 0.03172205438066465 0.011627906976744186
