2 0.09316239316239316 0.04489544895448955 0.06324786324786325 0.022140221402214024
2 0.34615384615384615 0.05504305043050431 0.05299145299145299 0.012915129151291513
2 0.12393162393162394 0.14206642066420663 0.05299145299145299 0.015990159901599018
2 0.32393162393162395 0.13407134071340715 0.05299145299145299 0.015990159901599018
2 0.43162393162393164 0.13130381303813038 0.04957264957264957 0.016605166051660517
2 0.26837606837606837 0.16912669126691268 0.0547008547008547 0.014760147601476016
2 0.3598290598290598 0.1838868388683887 0.035897435897435895 0.017220172201722016
2 0.6102564102564103 0.09194341943419435 0.04786324786324786 0.016605166051660517
2 0.5598290598290598 0.12730627306273062 0.042735042735042736 0.011070110701107012
2 0.6136752136752137 0.12915129151291513 0.041025641025641026 0.014760147601476016
2 0.7102564102564103 0.12023370233702338 0.035897435897435895 0.011685116851168511
2 0.8316239316239317 0.0916359163591636 0.042735042735042736 0.013530135301353014
2 0.2153846153846154 0.11992619926199262 0.041025641025641026 0.012300123001230012
2 0.06495726495726496 0.19741697416974172 0.0547008547008547 0.014760147601476016
2 0.9367521367521368 0.07564575645756458 0.037606837606837605 0.012300123001230012
2 0.40512820512820513 0.1795817958179582 0.03418803418803419 0.014760147601476016
2 0.22905982905982905 0.19157441574415746 0.03418803418803419 0.011685116851168511
2 0.5854700854700855 0.18603936039360394 0.04957264957264957 0.015375153751537515
2 0.6991452991452991 0.18480934809348093 0.03418803418803419 0.011685116851168511
2 0.7692307692307693 0.15928659286592867 0.03418803418803419 0.011070110701107012
2 0.8196581196581196 0.1857318573185732 0.046153846153846156 0.014760147601476016
2 0.4 0.22140221402214022 0.041025641025641026 0.014760147601476016
2 0.34615384615384615 0.23739237392373924 0.039316239316239315 0.011070110701107012
2 0.45384615384615384 0.23185731857318573 0.04957264957264957 0.014760147601476016
2 0.6786324786324787 0.20571955719557197 0.037606837606837605 0.014145141451414515
2 0.5683760683760684 0.23923739237392375 0.042735042735042736 0.013530135301353014
2 0.18205128205128204 0.2878228782287823 0.039316239316239315 0.012300123001230012
2 0.39829059829059826 0.27921279212792127 0.041025641025641026 0.013530135301353014
2 0.0905982905982906 0.2321648216482165 0.03076923076923077 0.011685116851168511
2 0.147008547008547 0.22724477244772448 0.03076923076923077 0.011685116851168511
2 0.13504273504273503 0.245079950799508 0.037606837606837605 0.010455104551045511
2 0.26153846153846155 0.22939729397293973 0.044444444444444446 0.017220172201722016
2 0.7094017094017094 0.238929889298893 0.037606837606837605 0.016605166051660517
2 0.8145299145299145 0.2223247232472325 0.04957264957264957 0.016605166051660517
2 0.7564102564102564 0.22970479704797048 0.042735042735042736 0.012915129151291513
2 0.8700854700854701 0.2515375153751538 0.044444444444444446 0.013530135301353014
2 0.488034188034188 0.30289052890528906 0.04957264957264957 0.016605166051660517
2 0.5914529914529915 0.288130381303813 0.04786324786324786 0.015375153751537515
2 0.7247863247863248 0.2927429274292743 0.05128205128205128 0.01845018450184502
2 0.8162393162393162 0.2767527675276753 0.05299145299145299 0.014760147601476016
2 0.19145299145299144 0.35824108241082414 0.04786324786324786 0.01783517835178352
2 0.31196581196581197 0.33886838868388686 0.042735042735042736 0.015990159901599018
2 0.4282051282051282 0.3600861008610086 0.05299145299145299 0.01783517835178352
2 0.6478632478632479 0.3683886838868389 0.0547008547008547 0.017220172201722016
2 0.9076923076923077 0.3422509225092251 0.041025641025641026 0.012915129151291513
2 0.8358974358974359 0.3456334563345634 0.03418803418803419 0.011070110701107012
2 0.8376068376068376 0.3874538745387454 0.041025641025641026 0.012300123001230012
2 0.9025641025641026 0.4022140221402214 0.044444444444444446 0.013530135301353014
2 0.7435897435897436 0.38038130381303814 0.0547008547008547 0.01906519065190652
2 0.7547008547008547 0.41512915129151295 0.05299145299145299 0.015990159901599018
2 0.8145299145299145 0.4188191881918819 0.04957264957264957 0.01968019680196802
2 0.6606837606837607 0.4043665436654367 0.046153846153846156 0.015375153751537515
2 0.5581196581196581 0.4089790897908979 0.046153846153846156 0.014760147601476016
2 0.43846153846153846 0.4009840098400984 0.039316239316239315 0.012300123001230012
2 0.36495726495726494 0.42435424354243545 0.039316239316239315 0.014760147601476016
2 0.2905982905982906 0.3923739237392374 0.03418803418803419 0.014760147601476016
2 0.24188034188034188 0.41143911439114395 0.039316239316239315 0.012300123001230012
2 0.11794871794871795 0.3985239852398524 0.037606837606837605 0.015990159901599018
2 0.4495726495726496 0.4369618696186962 0.044444444444444446 0.014145141451414515
2 0.5128205128205128 0.4354243542435424 0.04786324786324786 0.015990159901599018
2 0.5188034188034188 0.44956949569495697 0.042735042735042736 0.00984009840098401
2 0.5623931623931624 0.4720172201722017 0.041025641025641026 0.012915129151291513
2 0.6905982905982906 0.4698646986469865 0.0547008547008547 0.017220172201722016
2 0.8153846153846154 0.456949569495695 0.05128205128205128 0.017220172201722016
2 0.7393162393162394 0.448339483394834 0.042735042735042736 0.012300123001230012
2 0.882051282051282 0.464329643296433 0.041025641025641026 0.013530135301353014
2 0.38803418803418804 0.4670971709717097 0.04786324786324786 0.015375153751537515
2 0.4641025641025641 0.4677121771217712 0.039316239316239315 0.014145141451414515
2 0.6649572649572649 0.49661746617466174 0.037606837606837605 0.014145141451414515
2 0.6307692307692307 0.4677121771217712 0.04786324786324786 0.012915129151291513
2 0.6923076923076923 0.5181426814268143 0.04786324786324786 0.016605166051660517
2 0.788034188034188 0.522140221402214 0.044444444444444446 0.015990159901599018
2 0.5290598290598291 0.5079950799507995 0.05299145299145299 0.01845018450184502
2 0.3854700854700855 0.5215252152521526 0.042735042735042736 0.015990159901599018
2 0.46324786324786327 0.5202952029520296 0.04786324786324786 0.015990159901599018
2 0.5897435897435898 0.5341328413284133 0.05811965811965812 0.015375153751537515
2 0.2512820512820513 0.5083025830258303 0.037606837606837605 0.012915129151291513
2 0.21196581196581196 0.5282902829028291 0.037606837606837605 0.011070110701107012
2 0.06752136752136752 0.541820418204182 0.05641025641025641 0.015990159901599018
2 0.24017094017094018 0.5636531365313653 0.046153846153846156 0.014145141451414515
2 0.15897435897435896 0.5734932349323494 0.03418803418803419 0.012915129151291513
2 0.042735042735042736 0.5679581795817958 0.03418803418803419 0.011685116851168511
2 0.35213675213675216 0.5738007380073801 0.037606837606837605 0.014760147601476016
2 0.39829059829059826 0.576260762607626 0.041025641025641026 0.015990159901599018
2 0.4846153846153846 0.5571955719557196 0.04957264957264957 0.015990159901599018
2 0.452991452991453 0.5796432964329643 0.044444444444444446 0.012915129151291513
2 0.7923076923076923 0.5658056580565806 0.039316239316239315 0.013530135301353014
2 0.6811965811965812 0.5611931119311193 0.035897435897435895 0.012915129151291513
2 0.7974358974358975 0.6051660516605166 0.046153846153846156 0.017220172201722016
2 0.5521367521367522 0.5814883148831489 0.044444444444444446 0.015375153751537515
2 0.4598290598290598 0.6306888068880689 0.04786324786324786 0.016605166051660517
2 0.5162393162393163 0.6217712177121771 0.041025641025641026 0.015990159901599018
2 0.6 0.6319188191881919 0.05128205128205128 0.01783517835178352
2 0.3504273504273504 0.6334563345633456 0.03076923076923077 0.011070110701107012
2 0.288034188034188 0.6334563345633456 0.042735042735042736 0.013530135301353014
2 0.8675213675213675 0.6374538745387454 0.06324786324786325 0.02029520295202952
2 0.147008547008547 0.6851168511685117 0.02735042735042735 0.011070110701107012
2 0.19230769230769232 0.6869618696186962 0.039316239316239315 0.011070110701107012
2 0.24615384615384617 0.689729397293973 0.04786324786324786 0.011685116851168511
2 0.3854700854700855 0.6869618696186962 0.046153846153846156 0.017220172201722016
2 0.3170940170940171 0.695879458794588 0.039316239316239315 0.014145141451414515
2 0.488034188034188 0.6949569495694957 0.039316239316239315 0.013530135301353014
2 0.5948717948717949 0.7063345633456335 0.0547008547008547 0.02029520295202952
2 0.19487179487179487 0.747539975399754 0.044444444444444446 0.016605166051660517
2 0.3076923076923077 0.7518450184501845 0.044444444444444446 0.012915129151291513
2 0.4264957264957265 0.7496924969249693 0.03247863247863248 0.011070110701107012
2 0.1905982905982906 0.7859778597785978 0.039316239316239315 0.015990159901599018
2 0.08717948717948718 0.8084255842558425 0.03076923076923077 0.012915129151291513
2 0.3170940170940171 0.7967404674046741 0.04957264957264957 0.02029520295202952
2 0.45897435897435895 0.7927429274292743 0.042735042735042736 0.013530135301353014
2 0.5367521367521367 0.7921279212792128 0.041025641025641026 0.012300123001230012
2 0.5931623931623932 0.7927429274292743 0.03076923076923077 0.00984009840098401
2 0.39487179487179486 0.7995079950799509 0.04786324786324786 0.011070110701107012
2 0.39658119658119656 0.8105781057810578 0.02735042735042735 0.00984009840098401
2 0.34786324786324785 0.8585485854858549 0.046153846153846156 0.017220172201722016
2 0.46495726495726497 0.8742312423124231 0.041025641025641026 0.012915129151291513
2 0.5153846153846153 0.8674661746617467 0.035897435897435895 0.007995079950799509
2 0.6162393162393163 0.8551660516605166 0.05299145299145299 0.02152521525215252
2 0.7222222222222222 0.8610086100861009 0.046153846153846156 0.01968019680196802
2 0.911965811965812 0.7967404674046741 0.05299145299145299 0.01906519065190652
2 0.9794871794871794 0.7460024600246002 0.041025641025641026 0.015990159901599018
2 0.9735042735042735 0.8093480934809348 0.02905982905982906 0.014760147601476016
2 0.8042735042735043 0.7964329643296433 0.042735042735042736 0.015990159901599018
2 0.9623931623931624 0.8711562115621156 0.05128205128205128 0.01783517835178352
2 0.9752136752136752 0.8899138991389914 0.03247863247863248 0.008610086100861008
2 0.9153846153846154 0.9234317343173432 0.046153846153846156 0.02029520295202952
2 0.7982905982905983 0.928659286592866 0.041025641025641026 0.013530135301353014
2 0.7743589743589744 0.9418819188191883 0.041025641025641026 0.012915129151291513
2 0.9811965811965812 0.9535670356703567 0.037606837606837605 0.012915129151291513
2 0.688034188034188 0.970479704797048 0.05299145299145299 0.01845018450184502
2 0.3735042735042735 0.9686346863468634 0.046153846153846156 0.01845018450184502
2 0.3034188034188034 0.9317343173431735 0.03247863247863248 0.011070110701107012
2 0.44358974358974357 0.9191266912669127 0.04957264957264957 0.014145141451414515
2 0.6444444444444445 0.8773062730627307 0.037606837606837605 0.015375153751537515
2 0.037606837606837605 0.9231242312423125 0.03076923076923077 0.00984009840098401
2 0.18376068376068377 0.9326568265682658 0.035897435897435895 0.014145141451414515
2 0.2504273504273504 0.9461869618696187 0.035897435897435895 0.010455104551045511
2 0.2965811965811966 0.9634071340713407 0.035897435897435895 0.011685116851168511
2 0.1094017094017094 0.985239852398524 0.0547008547008547 0.015990159901599018
2 0.5068376068376068 0.9289667896678967 0.046153846153846156 0.007995079950799509
2 0.6247863247863248 0.9461869618696187 0.039316239316239315 0.015375153751537515
2 0.044444444444444446 0.9431119311193112 0.03076923076923077 0.011685116851168511
2 0.1564102564102564 0.8776137761377614 0.03247863247863248 0.011070110701107012
2 0.2358974358974359 0.8834563345633457 0.04786324786324786 0.01783517835178352
2 0.7581196581196581 0.9689421894218943 0.039316239316239315 0.016605166051660517
2 0.5 0.9695571955719557 0.022222222222222223 0.012915129151291513
2 0.5393162393162393 0.9587945879458795 0.02905982905982906 0.00984009840098401
2 0.5717948717948718 0.968019680196802 0.02564102564102564 0.011070110701107012
2 0.2777777777777778 0.9806273062730627 0.035897435897435895 0.011685116851168511
2 0.3581196581196581 0.8763837638376384 0.02564102564102564 0.011070110701107012
2 0.23931623931623933 0.9560270602706027 0.03418803418803419 0.007995079950799509
2 0.2341880341880342 0.9634071340713407 0.02735042735042735 0.010455104551045511
2 0.1829059829059829 0.9597170971709718 0.044444444444444446 0.010455104551045511
2 0.11538461538461539 0.958179581795818 0.03247863247863248 0.014760147601476016
2 0.7042735042735043 0.7026445264452644 0.041025641025641026 0.016605166051660517
2 0.7837606837606838 0.7106396063960639 0.03247863247863248 0.011685116851168511
2 0.5564102564102564 0.6743542435424354 0.035897435897435895 0.010455104551045511
2 0.9341880341880342 0.576260762607626 0.039316239316239315 0.014760147601476016
2 0.7410256410256411 0.4784747847478475 0.035897435897435895 0.011070110701107012
2 0.7803418803418803 0.47878228782287824 0.02564102564102564 0.011685116851168511
2 0.6658119658119658 0.4345018450184502 0.039316239316239315 0.006765067650676507
2 0.5811965811965812 0.3594710947109471 0.037606837606837605 0.011685116851168511
2 0.9153846153846154 0.2952029520295203 0.035897435897435895 0.012300123001230012
2 0.8658119658119658 0.11900369003690037 0.03247863247863248 0.011685116851168511
2 0.4495726495726496 0.05996309963099631 0.044444444444444446 0.014145141451414515
2 0.12051282051282051 0.06519065190651907 0.042735042735042736 0.008610086100861008
2 0.15213675213675212 0.07749077490774908 0.037606837606837605 0.011070110701107012
2 0.1829059829059829 0.1497539975399754 0.037606837606837605 0.011685116851168511
2 0.18376068376068377 0.17466174661746617 0.02564102564102564 0.00984009840098401
2 0.1683760683760684 0.1814268142681427 0.035897435897435895 0.00984009840098401
2 0.0547008547008547 0.1368388683886839 0.03418803418803419 0.010455104551045511
2 0.1076923076923077 0.12423124231242313 0.044444444444444446 0.011070110701107012
2 0.6905982905982906 0.041205412054120545 0.03418803418803419 0.011070110701107012
2 0.5965811965811966 0.06980319803198032 0.03418803418803419 0.010455104551045511
2 0.4982905982905983 0.05934809348093481 0.03247863247863248 0.015375153751537515
2 0.5025641025641026 0.1442189421894219 0.041025641025641026 0.014145141451414515
2 0.8606837606837607 0.23154981549815498 0.02905982905982906 0.011685116851168511
2 0.9452991452991453 0.226629766297663 0.03076923076923077 0.010455104551045511
2 0.28717948717948716 0.20141451414514147 0.04786324786324786 0.010455104551045511
2 0.24017094017094018 0.20694956949569496 0.03247863247863248 0.007995079950799509
2 0.18461538461538463 0.2432349323493235 0.03418803418803419 0.012915129151291513
2 0.24957264957264957 0.24354243542435425 0.03076923076923077 0.006150061500615006
2 0.28205128205128205 0.2884378843788438 0.037606837606837605 0.008610086100861008
2 0.44529914529914527 0.10762607626076261 0.02905982905982906 0.011070110701107012
2 0.2170940170940171 0.09870848708487086 0.041025641025641026 0.012915129151291513
2 0.21367521367521367 0.08733087330873308 0.02393162393162393 0.007380073800738008
2 0.18034188034188034 0.11562115621156212 0.02564102564102564 0.007380073800738008
2 0.39316239316239315 0.3416359163591636 0.02735042735042735 0.016605166051660517
2 0.14444444444444443 0.3447109471094711 0.03247863247863248 0.00922509225092251
2 0.1358974358974359 0.33886838868388686 0.035897435897435895 0.008610086100861008
2 0.14358974358974358 0.45817958179581797 0.03418803418803419 0.011070110701107012
2 0.19487179487179487 0.46156211562115623 0.03076923076923077 0.011685116851168511
2 0.09401709401709402 0.5104551045510455 0.03418803418803419 0.011070110701107012
2 0.5068376068376068 0.7312423124231242 0.03247863247863248 0.00984009840098401
2 0.7264957264957265 0.7257072570725708 0.037606837606837605 0.012300123001230012
2 0.7085470085470086 0.9523370233702337 0.035897435897435895 0.00922509225092251
2 0.08888888888888889 0.16143911439114392 0.041025641025641026 0.014145141451414515
2 0.07606837606837606 0.27829028290282903 0.039316239316239315 0.012915129151291513
2 0.7 0.41789667896678967 0.04957264957264957 0.015375153751537515
2 0.5777777777777777 0.9274292742927429 0.06495726495726496 0.00984009840098401
