2 0.1285310734463277 0.014329268292682927 0.03672316384180791 0.012804878048780487
2 0.10805084745762712 0.018597560975609755 0.03531073446327684 0.011585365853658536
2 0.2231638418079096 0.03201219512195122 0.025423728813559324 0.01524390243902439
2 0.1765536723163842 0.05304878048780488 0.02824858757062147 0.012195121951219513
2 0.13771186440677965 0.06646341463414634 0.03248587570621469 0.01097560975609756
2 0.2076271186440678 0.07103658536585365 0.03672316384180791 0.01524390243902439
2 0.2980225988700565 0.04237804878048781 0.02824858757062147 0.011585365853658536
2 0.268361581920904 0.056707317073170734 0.03389830508474576 0.012195121951219513
2 0.327683615819209 0.056707317073170734 0.031073446327683614 0.012195121951219513
2 0.16031073446327684 0.0875 0.03531073446327684 0.01524390243902439
2 0.21257062146892655 0.09329268292682927 0.029661016949152543 0.014634146341463414
2 0.11016949152542373 0.1048780487804878 0.0480225988700565 0.018292682926829267
2 0.0692090395480226 0.1152439024390244 0.02824858757062147 0.01097560975609756
2 0.1440677966101695 0.11920731707317073 0.031073446327683614 0.011585365853658536
2 0.19491525423728814 0.11554878048780488 0.03672316384180791 0.01524390243902439
2 0.11016949152542373 0.12560975609756098 0.03389830508474576 0.01097560975609756
2 0.0981638418079096 0.13689024390243903 0.029661016949152543 0.011585365853658536
2 0.25 0.13170731707317074 0.0423728813559322 0.015853658536585366
2 0.17584745762711865 0.1448170731707317 0.03248587570621469 0.011585365853658536
2 0.21398305084745764 0.1448170731707317 0.03248587570621469 0.012804878048780487
2 0.134180790960452 0.1496951219512195 0.03672316384180791 0.012804878048780487
2 0.09887005649717515 0.16310975609756098 0.03954802259887005 0.016463414634146342
2 0.15677966101694915 0.17164634146341465 0.03389830508474576 0.010365853658536586
2 0.2019774011299435 0.17134146341463416 0.03389830508474576 0.013414634146341463
2 0.2761299435028249 0.15823170731707317 0.046610169491525424 0.018902439024390243
2 0.2916666666666667 0.06890243902439025 0.03248587570621469 0.014634146341463414
2 0.4470338983050847 0.05548780487804878 0.03531073446327684 0.018292682926829267
2 0.5614406779661016 0.04908536585365854 0.03248587570621469 0.01402439024390244
2 0.635593220338983 0.04695121951219512 0.03672316384180791 0.015853658536585366
2 0.3848870056497175 0.0774390243902439 0.03248587570621469 0.015853658536585366
2 0.3319209039548023 0.08414634146341464 0.03389830508474576 0.014634146341463414
2 0.2930790960451977 0.08871951219512195 0.03248587570621469 0.011585365853658536
2 0.3375706214689266 0.10274390243902438 0.031073446327683614 0.012804878048780487
2 0.3898305084745763 0.09969512195121952 0.0423728813559322 0.01402439024390244
2 0.5346045197740112 0.0798780487804878 0.03531073446327684 0.015853658536585366
2 0.5833333333333334 0.09664634146341464 0.031073446327683614 0.012804878048780487
2 0.4745762711864407 0.1024390243902439 0.03389830508474576 0.01097560975609756
2 0.4187853107344633 0.11707317073170731 0.03531073446327684 0.01097560975609756
2 0.3721751412429379 0.12835365853658537 0.029661016949152543 0.009146341463414634
2 0.3361581920903955 0.15 0.031073446327683614 0.013414634146341463
2 0.3735875706214689 0.14939024390243902 0.038135593220338986 0.01707317073170732
2 0.3269774011299435 0.14054878048780486 0.029661016949152543 0.011585365853658536
2 0.4901129943502825 0.11554878048780488 0.031073446327683614 0.012804878048780487
2 0.5480225988700564 0.11463414634146342 0.03389830508474576 0.015853658536585366
2 0.5162429378531074 0.11280487804878049 0.02401129943502825 0.014634146341463414
2 0.5459039548022598 0.13414634146341464 0.04096045197740113 0.015853658536585366
2 0.6348870056497176 0.0850609756097561 0.03248587570621469 0.012804878048780487
2 0.652542372881356 0.09939024390243903 0.03954802259887005 0.015853658536585366
2 0.7740112994350282 0.07713414634146341 0.0423728813559322 0.021341463414634148
2 0.8418079096045198 0.07469512195121951 0.02824858757062147 0.01402439024390244
2 0.7725988700564972 0.0923780487804878 0.025423728813559324 0.007926829268292683
2 0.7153954802259886 0.11554878048780488 0.04096045197740113 0.018902439024390243
2 0.8608757062146892 0.12012195121951219 0.03248587570621469 0.01097560975609756
2 0.701271186440678 0.14329268292682926 0.043785310734463276 0.01707317073170732
2 0.7860169491525424 0.1350609756097561 0.04096045197740113 0.01768292682926829
2 0.623587570621469 0.11615853658536586 0.03531073446327684 0.01524390243902439
2 0.5508474576271186 0.1548780487804878 0.03672316384180791 0.015853658536585366
2 0.5331920903954802 0.16737804878048781 0.03248587570621469 0.012804878048780487
2 0.4583333333333333 0.12926829268292683 0.03531073446327684 0.014634146341463414
2 0.4307909604519774 0.14512195121951219 0.04519774011299435 0.015853658536585366
2 0.413135593220339 0.16219512195121952 0.0211864406779661 0.00975609756097561
2 0.4901129943502825 0.14573170731707316 0.0423728813559322 0.023170731707317073
2 0.4180790960451977 0.13170731707317074 0.025423728813559324 0.007317073170731707
2 0.6193502824858758 0.14573170731707316 0.043785310734463276 0.01707317073170732
2 0.6038135593220338 0.1600609756097561 0.03531073446327684 0.010365853658536586
2 0.8495762711864406 0.14847560975609755 0.04096045197740113 0.01524390243902439
2 0.8107344632768362 0.1576219512195122 0.03389830508474576 0.01402439024390244
2 0.885593220338983 0.1445121951219512 0.02824858757062147 0.013414634146341463
2 0.9279661016949152 0.0923780487804878 0.0423728813559322 0.018902439024390243
2 0.9124293785310734 0.13689024390243903 0.022598870056497175 0.011585365853658536
2 0.2966101694915254 0.10213414634146341 0.03954802259887005 0.011585365853658536
2 0.23940677966101695 0.174390243902439 0.026836158192090395 0.012195121951219513
2 0.3114406779661017 0.1701219512195122 0.02401129943502825 0.01097560975609756
2 0.23375706214689265 0.19847560975609757 0.038135593220338986 0.016463414634146342
2 0.18361581920903955 0.20396341463414633 0.03672316384180791 0.01524390243902439
2 0.07274011299435028 0.20243902439024392 0.026836158192090395 0.01951219512195122
2 0.10875706214689265 0.21829268292682927 0.03672316384180791 0.00853658536585366
2 0.10663841807909605 0.23780487804878048 0.043785310734463276 0.015853658536585366
2 0.07838983050847458 0.25091463414634146 0.026836158192090395 0.011585365853658536
2 0.1193502824858757 0.25121951219512195 0.026836158192090395 0.00975609756097561
2 0.1560734463276836 0.2557926829268293 0.038135593220338986 0.01524390243902439
2 0.2309322033898305 0.25640243902439025 0.038135593220338986 0.012804878048780487
2 0.2888418079096045 0.20335365853658535 0.03248587570621469 0.012804878048780487
2 0.3672316384180791 0.20304878048780486 0.0423728813559322 0.014634146341463414
2 0.3495762711864407 0.18658536585365854 0.026836158192090395 0.007317073170731707
2 0.3290960451977401 0.20396341463414633 0.022598870056497175 0.010365853658536586
2 0.24505649717514125 0.22103658536585366 0.03248587570621469 0.01768292682926829
2 0.3375706214689266 0.23201219512195123 0.0423728813559322 0.01768292682926829
2 0.3651129943502825 0.22042682926829268 0.026836158192090395 0.010365853658536586
2 0.3862994350282486 0.23902439024390243 0.026836158192090395 0.012195121951219513
2 0.2937853107344633 0.24847560975609756 0.03672316384180791 0.01524390243902439
2 0.2019774011299435 0.2841463414634146 0.03954802259887005 0.013414634146341463
2 0.2563559322033898 0.2753048780487805 0.043785310734463276 0.011585365853658536
2 0.12429378531073446 0.3021341463414634 0.03954802259887005 0.016463414634146342
2 0.16031073446327684 0.3198170731707317 0.03531073446327684 0.01402439024390244
2 0.1942090395480226 0.31402439024390244 0.029661016949152543 0.014634146341463414
2 0.22598870056497175 0.325609756097561 0.025423728813559324 0.01097560975609756
2 0.2612994350282486 0.30335365853658536 0.03672316384180791 0.021341463414634148
2 0.2570621468926554 0.32134146341463415 0.0480225988700565 0.013414634146341463
2 0.3015536723163842 0.3204268292682927 0.03248587570621469 0.012804878048780487
2 0.3326271186440678 0.28109756097560973 0.03248587570621469 0.015853658536585366
2 0.3121468926553672 0.27378048780487807 0.02824858757062147 0.015853658536585366
2 0.4081920903954802 0.2606707317073171 0.0423728813559322 0.01768292682926829
2 0.403954802259887 0.18902439024390244 0.02824858757062147 0.01097560975609756
2 0.4717514124293785 0.19664634146341464 0.0480225988700565 0.020121951219512196
2 0.4385593220338983 0.21615853658536585 0.03248587570621469 0.01402439024390244
2 0.4244350282485876 0.20792682926829267 0.018361581920903956 0.007317073170731707
2 0.4470338983050847 0.2329268292682927 0.03531073446327684 0.01097560975609756
2 0.5247175141242938 0.20823170731707316 0.038135593220338986 0.01768292682926829
2 0.5169491525423728 0.22896341463414635 0.031073446327683614 0.012804878048780487
2 0.4689265536723164 0.25335365853658537 0.0423728813559322 0.01768292682926829
2 0.5042372881355932 0.24420731707317073 0.031073446327683614 0.011585365853658536
2 0.5169491525423728 0.26951219512195124 0.02824858757062147 0.013414634146341463
2 0.5501412429378532 0.25609756097560976 0.04096045197740113 0.01707317073170732
2 0.5981638418079096 0.20426829268292682 0.04096045197740113 0.01707317073170732
2 0.6348870056497176 0.19573170731707318 0.026836158192090395 0.012195121951219513
2 0.6836158192090396 0.1954268292682927 0.03954802259887005 0.01768292682926829
2 0.7492937853107344 0.1899390243902439 0.038135593220338986 0.016463414634146342
2 0.797316384180791 0.1875 0.046610169491525424 0.020121951219512196
2 0.8425141242937854 0.16859756097560977 0.026836158192090395 0.012804878048780487
2 0.8827683615819208 0.16189024390243903 0.03672316384180791 0.01402439024390244
2 0.875 0.1902439024390244 0.03248587570621469 0.01097560975609756
2 0.9505649717514124 0.1948170731707317 0.03954802259887005 0.016463414634146342
2 0.9103107344632768 0.20762195121951219 0.02401129943502825 0.01402439024390244
2 0.9413841807909604 0.23170731707317074 0.03531073446327684 0.013414634146341463
2 0.885593220338983 0.22896341463414635 0.04519774011299435 0.021341463414634148
2 0.865819209039548 0.24359756097560975 0.02824858757062147 0.009146341463414634
2 0.7874293785310734 0.2100609756097561 0.043785310734463276 0.01768292682926829
2 0.7266949152542372 0.2152439024390244 0.04096045197740113 0.015853658536585366
2 0.6426553672316384 0.2521341463414634 0.03954802259887005 0.016463414634146342
2 0.5932203389830508 0.24024390243902438 0.03672316384180791 0.012195121951219513
2 0.6596045197740112 0.23414634146341462 0.031073446327683614 0.013414634146341463
2 0.6108757062146892 0.2274390243902439 0.029661016949152543 0.00975609756097561
2 0.7535310734463276 0.24786585365853658 0.046610169491525424 0.01768292682926829
2 0.7055084745762712 0.2606707317073171 0.038135593220338986 0.018902439024390243
2 0.6405367231638418 0.2725609756097561 0.026836158192090395 0.01097560975609756
2 0.594632768361582 0.2823170731707317 0.03954802259887005 0.014634146341463414
2 0.4569209039548023 0.3042682926829268 0.038135593220338986 0.018292682926829267
2 0.5522598870056498 0.3024390243902439 0.03672316384180791 0.014634146341463414
2 0.521186440677966 0.2926829268292683 0.03672316384180791 0.013414634146341463
2 0.5007062146892656 0.3076219512195122 0.038135593220338986 0.011585365853658536
2 0.5911016949152542 0.3204268292682927 0.038135593220338986 0.01768292682926829
2 0.4894067796610169 0.3475609756097561 0.043785310734463276 0.013414634146341463
2 0.556497175141243 0.33689024390243905 0.03389830508474576 0.01524390243902439
2 0.3707627118644068 0.2966463414634146 0.02401129943502825 0.01402439024390244
2 0.4717514124293785 0.286890243902439 0.022598870056497175 0.011585365853658536
2 0.4639830508474576 0.36128048780487804 0.03531073446327684 0.011585365853658536
2 0.3884180790960452 0.3597560975609756 0.05084745762711865 0.012195121951219513
2 0.3135593220338983 0.3695121951219512 0.0423728813559322 0.01707317073170732
2 0.3220338983050847 0.3518292682926829 0.025423728813559324 0.013414634146341463
2 0.2648305084745763 0.3679878048780488 0.029661016949152543 0.011585365853658536
2 0.17796610169491525 0.36097560975609755 0.025423728813559324 0.012195121951219513
2 0.2062146892655367 0.388109756097561 0.0423728813559322 0.010365853658536586
2 0.2507062146892655 0.4057926829268293 0.03248587570621469 0.012804878048780487
2 0.15254237288135594 0.4219512195121951 0.031073446327683614 0.013414634146341463
2 0.1984463276836158 0.42378048780487804 0.02401129943502825 0.014634146341463414
2 0.17372881355932204 0.4094512195121951 0.025423728813559324 0.010365853658536586
2 0.3884180790960452 0.38658536585365855 0.04519774011299435 0.012195121951219513
2 0.4293785310734463 0.38170731707317074 0.0423728813559322 0.014634146341463414
2 0.5 0.38353658536585367 0.03389830508474576 0.013414634146341463
2 0.5437853107344632 0.3704268292682927 0.0423728813559322 0.01768292682926829
2 0.596045197740113 0.35884146341463413 0.0423728813559322 0.016463414634146342
2 0.6362994350282486 0.3329268292682927 0.03531073446327684 0.013414634146341463
2 0.643361581920904 0.3673780487804878 0.03248587570621469 0.016463414634146342
2 0.7168079096045198 0.36067073170731706 0.03531073446327684 0.01402439024390244
2 0.6836158192090396 0.3603658536585366 0.022598870056497175 0.014634146341463414
2 0.6546610169491526 0.311890243902439 0.046610169491525424 0.018902439024390243
2 0.6680790960451978 0.3283536585365854 0.02824858757062147 0.011585365853658536
2 0.7033898305084746 0.32134146341463415 0.0480225988700565 0.015853658536585366
2 0.7556497175141242 0.3201219512195122 0.022598870056497175 0.012195121951219513
2 0.7189265536723164 0.3048780487804878 0.025423728813559324 0.01097560975609756
2 0.7966101694915254 0.2847560975609756 0.031073446327683614 0.01097560975609756
2 0.8199152542372882 0.31158536585365854 0.04096045197740113 0.013414634146341463
2 0.7725988700564972 0.30609756097560975 0.02824858757062147 0.01097560975609756
2 0.8509887005649718 0.2969512195121951 0.026836158192090395 0.012195121951219513
2 0.8884180790960452 0.3076219512195122 0.04519774011299435 0.012804878048780487
2 0.8820621468926554 0.325609756097561 0.03248587570621469 0.015853658536585366
2 0.815677966101695 0.3326219512195122 0.03248587570621469 0.011585365853658536
2 0.8177966101694916 0.3463414634146341 0.03954802259887005 0.01097560975609756
2 0.873587570621469 0.3429878048780488 0.029661016949152543 0.010365853658536586
2 0.8608757062146892 0.3600609756097561 0.04096045197740113 0.01524390243902439
2 0.8114406779661016 0.3673780487804878 0.04096045197740113 0.016463414634146342
2 0.759180790960452 0.3573170731707317 0.029661016949152543 0.01097560975609756
2 0.7655367231638418 0.3753048780487805 0.03954802259887005 0.01524390243902439
2 0.7429378531073446 0.3905487804878049 0.031073446327683614 0.01402439024390244
2 0.9159604519774012 0.36585365853658536 0.029661016949152543 0.01707317073170732
2 0.876412429378531 0.3807926829268293 0.029661016949152543 0.012804878048780487
2 0.8375706214689266 0.38628048780487806 0.0423728813559322 0.016463414634146342
2 0.9371468926553672 0.3875 0.03531073446327684 0.011585365853658536
2 0.3022598870056497 0.4094512195121951 0.03672316384180791 0.012804878048780487
2 0.3015536723163842 0.4195121951219512 0.026836158192090395 0.00975609756097561
2 0.3453389830508475 0.41524390243902437 0.038135593220338986 0.01707317073170732
2 0.3820621468926554 0.4030487804878049 0.0211864406779661 0.012195121951219513
2 0.2598870056497175 0.44420731707317074 0.03389830508474576 0.016463414634146342
2 0.1581920903954802 0.45 0.03954802259887005 0.01707317073170732
2 0.15677966101694915 0.48323170731707316 0.031073446327683614 0.01524390243902439
2 0.23728813559322035 0.4820121951219512 0.0423728813559322 0.016463414634146342
2 0.3467514124293785 0.4353658536585366 0.03531073446327684 0.01097560975609756
2 0.4484463276836158 0.4054878048780488 0.03248587570621469 0.013414634146341463
2 0.5127118644067796 0.4088414634146341 0.031073446327683614 0.010365853658536586
2 0.4590395480225989 0.4222560975609756 0.04519774011299435 0.01768292682926829
2 0.3968926553672316 0.42652439024390243 0.03389830508474576 0.01402439024390244
2 0.4279661016949153 0.43414634146341463 0.031073446327683614 0.015853658536585366
2 0.5063559322033898 0.43079268292682926 0.03248587570621469 0.016463414634146342
2 0.5522598870056498 0.42804878048780487 0.0423728813559322 0.018292682926829267
2 0.672316384180791 0.40396341463414637 0.03389830508474576 0.011585365853658536
2 0.5995762711864406 0.4301829268292683 0.03531073446327684 0.011585365853658536
2 0.661723163841808 0.4253048780487805 0.03248587570621469 0.01402439024390244
2 0.7252824858757062 0.42835365853658536 0.03531073446327684 0.016463414634146342
2 0.8975988700564972 0.42378048780487804 0.038135593220338986 0.015853658536585366
2 0.8425141242937854 0.4405487804878049 0.03531073446327684 0.01402439024390244
2 0.8516949152542372 0.43079268292682926 0.03672316384180791 0.012804878048780487
2 0.893361581920904 0.4426829268292683 0.029661016949152543 0.012195121951219513
2 0.8905367231638418 0.4560975609756098 0.02401129943502825 0.01097560975609756
2 0.931497175141243 0.44634146341463415 0.0211864406779661 0.012195121951219513
2 0.9625706214689266 0.42896341463414633 0.038135593220338986 0.01402439024390244
2 0.9244350282485876 0.4100609756097561 0.029661016949152543 0.012804878048780487
2 0.768361581920904 0.41859756097560974 0.031073446327683614 0.011585365853658536
2 0.4759887005649717 0.4454268292682927 0.025423728813559324 0.010365853658536586
2 0.5501412429378532 0.44634146341463415 0.029661016949152543 0.01097560975609756
2 0.4957627118644068 0.45640243902439026 0.02824858757062147 0.011585365853658536
2 0.3954802259887006 0.47286585365853656 0.03954802259887005 0.01402439024390244
2 0.4286723163841808 0.4655487804878049 0.04096045197740113 0.012804878048780487
2 0.278954802259887 0.4896341463414634 0.026836158192090395 0.012195121951219513
2 0.24505649717514125 0.5167682926829268 0.05790960451977401 0.016463414634146342
2 0.11793785310734463 0.5164634146341464 0.043785310734463276 0.018292682926829267
2 0.09392655367231638 0.5393292682926829 0.03248587570621469 0.01768292682926829
2 0.23940677966101695 0.5603658536585366 0.038135593220338986 0.014634146341463414
2 0.3509887005649717 0.5341463414634147 0.038135593220338986 0.015853658536585366
2 0.4477401129943503 0.4893292682926829 0.04519774011299435 0.01768292682926829
2 0.5155367231638418 0.486890243902439 0.03672316384180791 0.01402439024390244
2 0.5918079096045198 0.4560975609756098 0.03672316384180791 0.013414634146341463
2 0.5324858757062146 0.47042682926829266 0.03389830508474576 0.01402439024390244
2 0.5572033898305084 0.4847560975609756 0.03531073446327684 0.013414634146341463
2 0.6532485875706214 0.45701219512195124 0.02401129943502825 0.009146341463414634
2 0.643361581920904 0.48048780487804876 0.04096045197740113 0.015853658536585366
2 0.5995762711864406 0.47774390243902437 0.03248587570621469 0.010365853658536586
2 0.594632768361582 0.4902439024390244 0.03389830508474576 0.013414634146341463
2 0.5925141242937854 0.5033536585365853 0.03531073446327684 0.01402439024390244
2 0.5127118644067796 0.525 0.031073446327683614 0.01097560975609756
2 0.4011299435028249 0.5024390243902439 0.03389830508474576 0.013414634146341463
2 0.3961864406779661 0.5237804878048781 0.043785310734463276 0.013414634146341463
2 0.4449152542372881 0.5384146341463415 0.03672316384180791 0.014634146341463414
2 0.4173728813559322 0.5503048780487805 0.038135593220338986 0.012804878048780487
2 0.5162429378531074 0.5079268292682927 0.03248587570621469 0.01097560975609756
2 0.4533898305084746 0.5109756097560976 0.0423728813559322 0.015853658536585366
2 0.7266949152542372 0.47286585365853656 0.03248587570621469 0.01402439024390244
2 0.7620056497175142 0.48841463414634145 0.038135593220338986 0.015853658536585366
2 0.836864406779661 0.46128048780487807 0.04096045197740113 0.012804878048780487
2 0.8580508474576272 0.49115853658536585 0.04096045197740113 0.016463414634146342
2 0.932909604519774 0.4820121951219512 0.038135593220338986 0.016463414634146342
2 0.8481638418079096 0.5131097560975609 0.03531073446327684 0.010365853658536586
2 0.778954802259887 0.5231707317073171 0.038135593220338986 0.014634146341463414
2 0.6956214689265536 0.5310975609756098 0.03248587570621469 0.013414634146341463
2 0.7182203389830508 0.5179878048780487 0.03248587570621469 0.011585365853658536
2 0.742231638418079 0.5307926829268292 0.026836158192090395 0.011585365853658536
2 0.5663841807909604 0.5176829268292683 0.03672316384180791 0.01097560975609756
2 0.606638418079096 0.525609756097561 0.03248587570621469 0.012195121951219513
2 0.6709039548022598 0.5033536585365853 0.02824858757062147 0.012804878048780487
2 0.4985875706214689 0.551829268292683 0.03672316384180791 0.014634146341463414
2 0.5557909604519774 0.5417682926829268 0.03248587570621469 0.012804878048780487
2 0.5402542372881356 0.5530487804878049 0.026836158192090395 0.01097560975609756
2 0.5861581920903954 0.550609756097561 0.0423728813559322 0.015853658536585366
2 0.527542372881356 0.5710365853658537 0.04096045197740113 0.016463414634146342
2 0.6504237288135594 0.5554878048780488 0.03531073446327684 0.014634146341463414
2 0.606638418079096 0.5722560975609756 0.03248587570621469 0.012804878048780487
2 0.596045197740113 0.5942073170731708 0.0423728813559322 0.01524390243902439
2 0.5628531073446328 0.5807926829268293 0.029661016949152543 0.011585365853658536
2 0.3580508474576271 0.5713414634146341 0.03248587570621469 0.01097560975609756
2 0.4491525423728814 0.5670731707317073 0.03672316384180791 0.015853658536585366
2 0.7951977401129944 0.5655487804878049 0.03389830508474576 0.012804878048780487
2 0.83545197740113 0.575 0.04096045197740113 0.018292682926829267
2 0.9336158192090396 0.5795731707317073 0.0423728813559322 0.016463414634146342
2 0.777542372881356 0.5801829268292683 0.038135593220338986 0.01402439024390244
2 0.702683615819209 0.5820121951219512 0.03531073446327684 0.010365853658536586
2 0.6673728813559322 0.5926829268292683 0.038135593220338986 0.015853658536585366
2 0.7464689265536724 0.6091463414634146 0.038135593220338986 0.015853658536585366
2 0.1426553672316384 0.588109756097561 0.0423728813559322 0.016463414634146342
2 0.24929378531073446 0.5996951219512195 0.04096045197740113 0.016463414634146342
2 0.1461864406779661 0.625 0.038135593220338986 0.01707317073170732
2 0.21680790960451976 0.6448170731707317 0.03531073446327684 0.01768292682926829
2 0.2478813559322034 0.6225609756097561 0.026836158192090395 0.00975609756097561
2 0.3234463276836158 0.6060975609756097 0.03954802259887005 0.014634146341463414
2 0.4053672316384181 0.5957317073170731 0.03672316384180791 0.014634146341463414
2 0.4505649717514124 0.5984756097560976 0.03389830508474576 0.012804878048780487
2 0.4858757062146893 0.6082317073170732 0.03954802259887005 0.01402439024390244
2 0.4187853107344633 0.6158536585365854 0.029661016949152543 0.012195121951219513
2 0.403954802259887 0.6408536585365854 0.03954802259887005 0.01707317073170732
2 0.5331920903954802 0.6545731707317073 0.046610169491525424 0.01524390243902439
2 0.4887005649717514 0.6341463414634146 0.03672316384180791 0.013414634146341463
2 0.5621468926553672 0.6347560975609756 0.031073446327683614 0.012195121951219513
2 0.3086158192090395 0.6426829268292683 0.046610169491525424 0.01707317073170732
2 0.2655367231638418 0.6469512195121951 0.02824858757062147 0.012195121951219513
2 0.2309322033898305 0.6725609756097561 0.03248587570621469 0.012195121951219513
2 0.16807909604519775 0.6655487804878049 0.02824858757062147 0.012804878048780487
2 0.1016949152542373 0.676219512195122 0.022598870056497175 0.014634146341463414
2 0.1137005649717514 0.7 0.04096045197740113 0.015853658536585366
2 0.2189265536723164 0.6978658536585366 0.03954802259887005 0.01524390243902439
2 0.3481638418079096 0.6609756097560976 0.04096045197740113 0.014634146341463414
2 0.3961864406779661 0.6567073170731708 0.03531073446327684 0.01097560975609756
2 0.3185028248587571 0.6731707317073171 0.04096045197740113 0.01097560975609756
2 0.3382768361581921 0.6814024390243902 0.03531073446327684 0.011585365853658536
2 0.4661016949152542 0.6911585365853659 0.03672316384180791 0.01524390243902439
2 0.5508474576271186 0.676219512195122 0.03672316384180791 0.015853658536585366
2 0.5049435028248588 0.6926829268292682 0.03248587570621469 0.015853658536585366
2 0.5141242937853108 0.7128048780487805 0.0423728813559322 0.018292682926829267
2 0.2478813559322034 0.711890243902439 0.03248587570621469 0.011585365853658536
2 0.2803672316384181 0.7201219512195122 0.038135593220338986 0.01707317073170732
2 0.3707627118644068 0.7189024390243902 0.04096045197740113 0.015853658536585366
2 0.4590395480225989 0.739329268292683 0.04519774011299435 0.018902439024390243
2 0.7069209039548022 0.6189024390243902 0.03248587570621469 0.01097560975609756
2 0.702683615819209 0.6274390243902439 0.03248587570621469 0.012195121951219513
2 0.655367231638418 0.6490853658536585 0.03954802259887005 0.016463414634146342
2 0.7641242937853108 0.6435975609756097 0.03672316384180791 0.01402439024390244
2 0.7944915254237288 0.6347560975609756 0.03248587570621469 0.014634146341463414
2 0.8665254237288136 0.6582317073170731 0.038135593220338986 0.016463414634146342
2 0.8361581920903954 0.6484756097560975 0.025423728813559324 0.011585365853658536
2 0.818502824858757 0.6652439024390244 0.026836158192090395 0.013414634146341463
2 0.8870056497175142 0.6713414634146342 0.02824858757062147 0.01097560975609756
2 0.91454802259887 0.6088414634146342 0.029661016949152543 0.01524390243902439
2 0.8587570621468926 0.6259146341463414 0.031073446327683614 0.011585365853658536
2 0.911723163841808 0.6484756097560975 0.03248587570621469 0.011585365853658536
2 0.7161016949152542 0.6454268292682926 0.031073446327683614 0.012804878048780487
2 0.7189265536723164 0.6807926829268293 0.03672316384180791 0.016463414634146342
2 0.693502824858757 0.7097560975609756 0.03389830508474576 0.013414634146341463
2 0.6073446327683616 0.6841463414634147 0.0423728813559322 0.01707317073170732
2 0.6002824858757062 0.6515243902439024 0.02824858757062147 0.01524390243902439
2 0.5713276836158192 0.6954268292682927 0.026836158192090395 0.012804878048780487
2 0.7810734463276836 0.7021341463414634 0.0480225988700565 0.01402439024390244
2 0.827683615819209 0.6914634146341463 0.031073446327683614 0.012195121951219513
2 0.8651129943502824 0.7012195121951219 0.029661016949152543 0.012195121951219513
2 0.8029661016949152 0.7442073170731708 0.046610169491525424 0.01768292682926829
2 0.8862994350282486 0.7594512195121951 0.046610169491525424 0.018902439024390243
2 0.7295197740112994 0.7649390243902439 0.043785310734463276 0.016463414634146342
2 0.6327683615819208 0.7551829268292682 0.031073446327683614 0.012804878048780487
2 0.6504237288135594 0.7746951219512195 0.029661016949152543 0.009146341463414634
2 0.6045197740112994 0.7841463414634147 0.03672316384180791 0.015853658536585366
2 0.5007062146892656 0.7545731707317073 0.03531073446327684 0.01524390243902439
2 0.5536723163841808 0.7670731707317073 0.04519774011299435 0.018292682926829267
2 0.5677966101694916 0.7350609756097561 0.025423728813559324 0.012804878048780487
2 0.4385593220338983 0.7810975609756098 0.04096045197740113 0.014634146341463414
2 0.5120056497175142 0.7975609756097561 0.03531073446327684 0.015853658536585366
2 0.4992937853107345 0.7804878048780488 0.043785310734463276 0.01097560975609756
2 0.4646892655367232 0.7548780487804878 0.02824858757062147 0.01097560975609756
2 0.4096045197740113 0.7625 0.03389830508474576 0.009146341463414634
2 0.3538135593220339 0.7646341463414634 0.038135593220338986 0.015853658536585366
2 0.23587570621468926 0.7777439024390244 0.03672316384180791 0.01524390243902439
2 0.2662429378531073 0.7725609756097561 0.029661016949152543 0.013414634146341463
2 0.3107344632768362 0.7701219512195122 0.03672316384180791 0.014634146341463414
2 0.3142655367231638 0.7625 0.03531073446327684 0.011585365853658536
2 0.18714689265536724 0.7448170731707318 0.029661016949152543 0.01402439024390244
2 0.1115819209039548 0.7435975609756098 0.031073446327683614 0.011585365853658536
2 0.1864406779661017 0.7125 0.02824858757062147 0.012804878048780487
2 0.12429378531073446 0.7664634146341464 0.03389830508474576 0.01097560975609756
2 0.19703389830508475 0.7640243902439025 0.029661016949152543 0.012195121951219513
2 0.1765536723163842 0.7722560975609756 0.02824858757062147 0.012804878048780487
2 0.2062146892655367 0.7826219512195122 0.02824858757062147 0.01402439024390244
2 0.10310734463276836 0.7902439024390244 0.031073446327683614 0.014634146341463414
2 0.07838983050847458 0.8170731707317073 0.046610169491525424 0.018292682926829267
2 0.1440677966101695 0.802439024390244 0.02824858757062147 0.01097560975609756
2 0.12076271186440678 0.8216463414634146 0.038135593220338986 0.01402439024390244
2 0.16666666666666666 0.8189024390243902 0.04519774011299435 0.015853658536585366
2 0.1709039548022599 0.8375 0.031073446327683614 0.010365853658536586
2 0.23587570621468926 0.8027439024390244 0.0423728813559322 0.016463414634146342
2 0.2959039548022599 0.8115853658536586 0.043785310734463276 0.01707317073170732
2 0.3608757062146893 0.8039634146341463 0.02401129943502825 0.009146341463414634
2 0.3870056497175141 0.7914634146341464 0.03389830508474576 0.012195121951219513
2 0.4498587570621469 0.8054878048780488 0.03531073446327684 0.012195121951219513
2 0.393361581920904 0.8170731707317073 0.03531073446327684 0.014634146341463414
2 0.4307909604519774 0.8179878048780488 0.031073446327683614 0.01402439024390244
2 0.4759887005649717 0.8246951219512195 0.03954802259887005 0.01524390243902439
2 0.23799435028248586 0.8332317073170732 0.029661016949152543 0.01524390243902439
2 0.2782485875706215 0.8365853658536585 0.03954802259887005 0.014634146341463414
2 0.3516949152542373 0.8301829268292683 0.03954802259887005 0.016463414634146342
2 0.3050847457627119 0.8658536585365854 0.04519774011299435 0.015853658536585366
2 0.22598870056497175 0.8609756097560975 0.03389830508474576 0.01097560975609756
2 0.1172316384180791 0.8753048780487804 0.04519774011299435 0.01768292682926829
2 0.17019774011299435 0.8759146341463414 0.038135593220338986 0.01402439024390244
2 0.4032485875706215 0.8807926829268292 0.04096045197740113 0.016463414634146342
2 0.4498587570621469 0.8817073170731707 0.029661016949152543 0.01097560975609756
2 0.4661016949152542 0.8448170731707317 0.03389830508474576 0.011585365853658536
2 0.3700564971751412 0.8496951219512195 0.02824858757062147 0.009146341463414634
2 0.4074858757062147 0.8503048780487805 0.03248587570621469 0.010365853658536586
2 0.5310734463276836 0.8289634146341464 0.03954802259887005 0.016463414634146342
2 0.6327683615819208 0.8048780487804879 0.0423728813559322 0.015853658536585366
2 0.690677966101695 0.8173780487804878 0.0423728813559322 0.01768292682926829
2 0.6468926553672316 0.825 0.03954802259887005 0.012195121951219513
2 0.7415254237288136 0.8161585365853659 0.03954802259887005 0.01402439024390244
2 0.8001412429378532 0.8045731707317073 0.038135593220338986 0.018902439024390243
2 0.797316384180791 0.8469512195121951 0.03531073446327684 0.01097560975609756
2 0.9074858757062146 0.8036585365853659 0.03248587570621469 0.015853658536585366
2 0.8721751412429378 0.7905487804878049 0.026836158192090395 0.012804878048780487
2 0.8877118644067796 0.8521341463414634 0.038135593220338986 0.016463414634146342
2 0.7266949152542372 0.8768292682926829 0.052259887005649715 0.018292682926829267
2 0.7019774011299434 0.8536585365853658 0.02824858757062147 0.00853658536585366
2 0.536723163841808 0.8588414634146342 0.03954802259887005 0.016463414634146342
2 0.5515536723163842 0.8445121951219512 0.026836158192090395 0.00975609756097561
2 0.5840395480225988 0.8301829268292683 0.026836158192090395 0.011585365853658536
2 0.5451977401129944 0.8908536585365854 0.03672316384180791 0.013414634146341463
2 0.6087570621468926 0.9103658536585366 0.03954802259887005 0.015853658536585366
2 0.8312146892655368 0.8917682926829268 0.04096045197740113 0.01524390243902439
2 0.701271186440678 0.8942073170731707 0.029661016949152543 0.010365853658536586
2 0.7648305084745762 0.9246951219512195 0.043785310734463276 0.01768292682926829
2 0.856638418079096 0.9292682926829269 0.04096045197740113 0.01707317073170732
2 0.806497175141243 0.9207317073170732 0.031073446327683614 0.01097560975609756
2 0.8848870056497176 0.9039634146341463 0.03248587570621469 0.012804878048780487
2 0.8700564971751412 0.9490853658536585 0.03954802259887005 0.01402439024390244
2 0.8234463276836158 0.9594512195121951 0.031073446327683614 0.011585365853658536
2 0.7782485875706214 0.9652439024390244 0.02824858757062147 0.012195121951219513
2 0.7443502824858758 0.9792682926829268 0.03954802259887005 0.015853658536585366
2 0.5120056497175142 0.9490853658536585 0.03531073446327684 0.016463414634146342
2 0.452683615819209 0.9323170731707318 0.04096045197740113 0.014634146341463414
2 0.452683615819209 0.9457317073170731 0.038135593220338986 0.01097560975609756
2 0.3806497175141243 0.9484756097560976 0.03248587570621469 0.011585365853658536
2 0.2930790960451977 0.9173780487804878 0.046610169491525424 0.012804878048780487
2 0.2824858757062147 0.9289634146341463 0.0423728813559322 0.011585365853658536
2 0.3319209039548023 0.9301829268292683 0.02824858757062147 0.012804878048780487
2 0.3672316384180791 0.8951219512195122 0.025423728813559324 0.00975609756097561
2 0.18149717514124294 0.9158536585365854 0.038135593220338986 0.00975609756097561
2 0.21398305084745764 0.926829268292683 0.029661016949152543 0.012195121951219513
2 0.163135593220339 0.9259146341463415 0.03248587570621469 0.010365853658536586
2 0.1370056497175141 0.9521341463414634 0.0480225988700565 0.01402439024390244
2 0.2782485875706215 0.9612804878048781 0.02824858757062147 0.012804878048780487
2 0.307909604519774 0.9506097560975609 0.03672316384180791 0.01707317073170732
2 0.19350282485875706 0.9536585365853658 0.03672316384180791 0.014634146341463414
2 0.2055084745762712 0.9606707317073171 0.029661016949152543 0.010365853658536586
2 0.2330508474576271 0.9719512195121951 0.03389830508474576 0.01097560975609756
2 0.5141242937853108 0.9704268292682927 0.03954802259887005 0.010365853658536586
2 0.5614406779661016 0.9658536585365853 0.038135593220338986 0.01707317073170732
2 0.5070621468926554 0.9128048780487805 0.03954802259887005 0.014634146341463414
2 0.5 0.9280487804878049 0.03389830508474576 0.01097560975609756
2 0.5550847457627118 0.9301829268292683 0.03389830508474576 0.011585365853658536
2 0.5536723163841808 0.9149390243902439 0.03389830508474576 0.011585365853658536
2 0.661723163841808 0.9243902439024391 0.043785310734463276 0.013414634146341463
2 0.6151129943502824 0.9515243902439025 0.03531073446327684 0.012804878048780487
2 0.719632768361582 0.9448170731707317 0.03531073446327684 0.01402439024390244
2 0.684322033898305 0.9655487804878049 0.038135593220338986 0.009146341463414634
2 0.9244350282485876 0.8966463414634146 0.03531073446327684 0.012804878048780487
2 0.9216101694915254 0.938109756097561 0.04096045197740113 0.01524390243902439
2 0.9851694915254238 0.8140243902439024 0.026836158192090395 0.012195121951219513
2 0.7344632768361582 0.838719512195122 0.031073446327683614 0.011585365853658536
2 0.8241525423728814 0.7658536585365854 0.026836158192090395 0.00975609756097561
2 0.6391242937853108 0.6984756097560976 0.026836158192090395 0.012804878048780487
2 0.5783898305084746 0.7185975609756098 0.02401129943502825 0.009146341463414634
2 0.8319209039548022 0.6070121951219513 0.03954802259887005 0.01524390243902439
2 0.8361581920903954 0.5929878048780488 0.03954802259887005 0.012804878048780487
2 0.8785310734463276 0.6109756097560975 0.022598870056497175 0.01097560975609756
2 0.6716101694915254 0.739329268292683 0.03531073446327684 0.011585365853658536
2 0.8488700564971752 0.8143292682926829 0.0423728813559322 0.01524390243902439
2 0.7641242937853108 0.8664634146341463 0.02824858757062147 0.012195121951219513
2 0.6666666666666666 0.876219512195122 0.022598870056497175 0.012195121951219513
2 0.6151129943502824 0.8667682926829269 0.029661016949152543 0.011585365853658536
2 0.614406779661017 0.9347560975609757 0.03672316384180791 0.012195121951219513
2 0.5896892655367232 0.926219512195122 0.026836158192090395 0.01097560975609756
2 0.4901129943502825 0.9753048780487805 0.03389830508474576 0.012804878048780487
2 0.5748587570621468 0.9810975609756097 0.031073446327683614 0.007317073170731707
2 0.6532485875706214 0.9841463414634146 0.038135593220338986 0.00975609756097561
2 0.8036723163841808 0.9829268292682927 0.03389830508474576 0.00975609756097561
2 0.2598870056497175 0.8719512195121951 0.01694915254237288 0.00853658536585366
2 0.24293785310734464 0.8832317073170731 0.022598870056497175 0.007926829268292683
2 0.3022598870056497 0.8847560975609756 0.02824858757062147 0.00853658536585366
2 0.3516949152542373 0.8664634146341463 0.031073446327683614 0.012195121951219513
2 0.3813559322033898 0.8701219512195122 0.02824858757062147 0.00975609756097561
2 0.4209039548022599 0.8591463414634146 0.02824858757062147 0.00975609756097561
2 0.5557909604519774 0.813719512195122 0.029661016949152543 0.010365853658536586
2 0.7634180790960452 0.7960365853658536 0.02401129943502825 0.010365853658536586
2 0.768361581920904 0.7567073170731707 0.031073446327683614 0.01707317073170732
2 0.2718926553672316 0.7518292682926829 0.043785310734463276 0.014634146341463414
2 0.2323446327683616 0.7469512195121951 0.018361581920903956 0.01097560975609756
2 0.288135593220339 0.7344512195121952 0.031073446327683614 0.009146341463414634
2 0.3771186440677966 0.7384146341463415 0.02824858757062147 0.01097560975609756
2 0.5049435028248588 0.7326219512195122 0.026836158192090395 0.01524390243902439
2 0.8121468926553672 0.7213414634146341 0.0423728813559322 0.01097560975609756
2 0.7415254237288136 0.7097560975609756 0.02824858757062147 0.013414634146341463
2 0.8227401129943502 0.636280487804878 0.026836158192090395 0.011585365853658536
2 0.8806497175141242 0.6375 0.02401129943502825 0.016463414634146342
2 0.8827683615819208 0.5667682926829268 0.022598870056497175 0.010365853658536586
2 0.8806497175141242 0.5234756097560975 0.02401129943502825 0.010365853658536586
2 0.6991525423728814 0.4771341463414634 0.031073446327683614 0.01402439024390244
2 0.298728813559322 0.5134146341463415 0.02401129943502825 0.012195121951219513
2 0.3072033898305085 0.44878048780487806 0.03248587570621469 0.00975609756097561
2 0.2817796610169492 0.4634146341463415 0.0211864406779661 0.012195121951219513
2 0.5953389830508474 0.3823170731707317 0.03248587570621469 0.014634146341463414
2 0.4187853107344633 0.31097560975609756 0.03531073446327684 0.012195121951219513
2 0.4738700564971751 0.32134146341463415 0.03248587570621469 0.01097560975609756
2 0.3382768361581921 0.3146341463414634 0.03248587570621469 0.01097560975609756
2 0.769774011299435 0.2978658536585366 0.03389830508474576 0.011585365853658536
2 0.8312146892655368 0.21707317073170732 0.03248587570621469 0.00975609756097561
2 0.8411016949152542 0.22865853658536586 0.03248587570621469 0.00975609756097561
2 0.9201977401129944 0.11554878048780488 0.03531073446327684 0.01524390243902439
2 0.2831920903954802 0.17652439024390243 0.02401129943502825 0.01402439024390244
2 0.586864406779661 0.40213414634146344 0.026836158192090395 0.007926829268292683
2 0.21257062146892655 0.6079268292682927 0.04096045197740113 0.012195121951219513
2 0.3064971751412429 0.5920731707317073 0.03672316384180791 0.01097560975609756
2 0.3629943502824859 0.598780487804878 0.025423728813559324 0.01097560975609756
2 0.3072033898305085 0.698780487804878 0.026836158192090395 0.01097560975609756
2 0.2782485875706215 0.6853658536585366 0.025423728813559324 0.01097560975609756
2 0.0713276836158192 0.7234756097560976 0.03248587570621469 0.012804878048780487
2 0.038135593220338986 0.7521341463414634 0.031073446327683614 0.011585365853658536
2 0.06073446327683616 0.7634146341463415 0.031073446327683614 0.013414634146341463
2 0.07274011299435028 0.839329268292683 0.029661016949152543 0.012804878048780487
2 0.08192090395480225 0.9152439024390244 0.01694915254237288 0.013414634146341463
2 0.11299435028248588 0.9286585365853659 0.03389830508474576 0.014634146341463414
2 0.14477401129943504 0.8978658536585366 0.029661016949152543 0.010365853658536586
2 0.1617231638418079 0.8579268292682927 0.018361581920903956 0.00975609756097561
2 0.19915254237288135 0.8033536585365854 0.025423728813559324 0.012804878048780487
2 0.04519774011299435 0.9551829268292683 0.04519774011299435 0.011585365853658536
2 0.4279661016949153 0.9045731707317073 0.02824858757062147 0.009146341463414634
2 0.3375706214689266 0.3826219512195122 0.022598870056497175 0.010365853658536586
2 0.2874293785310734 0.38109756097560976 0.026836158192090395 0.01097560975609756
2 0.740819209039548 0.3378048780487805 0.029661016949152543 0.00975609756097561
2 0.9371468926553672 0.31920731707317074 0.029661016949152543 0.010365853658536586
2 0.876412429378531 0.28567073170731705 0.02401129943502825 0.012804878048780487
2 0.5953389830508474 0.2551829268292683 0.038135593220338986 0.01402439024390244
2 0.5953389830508474 0.2685975609756098 0.026836158192090395 0.009146341463414634
2 0.7471751412429378 0.2634146341463415 0.03672316384180791 0.014634146341463414
2 0.5833333333333334 0.21951219512195122 0.019774011299435026 0.00975609756097561
2 0.5600282485875706 0.22621951219512196 0.02401129943502825 0.00975609756097561
2 0.2387005649717514 0.375609756097561 0.03389830508474576 0.00975609756097561
2 0.12217514124293785 0.4679878048780488 0.043785310734463276 0.01768292682926829
2 0.12641242937853106 0.4405487804878049 0.02401129943502825 0.011585365853658536
2 0.12076271186440678 0.4073170731707317 0.038135593220338986 0.018292682926829267
2 0.7662429378531074 0.886890243902439 0.03531073446327684 0.011585365853658536
2 0.9774011299435028 0.09634146341463415 0.03954802259887005 0.015853658536585366
2 0.9350282485875706 0.13475609756097562 0.02824858757062147 0.01707317073170732
2 0.5911016949152542 0.1277439024390244 0.03248587570621469 0.01402439024390244
2 0.6468926553672316 0.12439024390243902 0.02824858757062147 0.012195121951219513
2 0.1751412429378531 0.10060975609756098 0.0423728813559322 0.012195121951219513
2 0.8968926553672316 0.17347560975609755 0.03389830508474576 0.01524390243902439
2 0.7549435028248588 0.17256097560975608 0.026836158192090395 0.015853658536585366
2 0.568502824858757 0.19634146341463415 0.026836158192090395 0.012195121951219513
2 0.5861581920903954 0.33475609756097563 0.031073446327683614 0.013414634146341463
2 0.8629943502824858 0.4057926829268293 0.03672316384180791 0.021341463414634148
2 0.5317796610169492 0.4560975609756098 0.026836158192090395 0.013414634146341463
2 0.2062146892655367 0.5009146341463414 0.03389830508474576 0.012804878048780487
2 0.3206214689265537 0.5292682926829269 0.02824858757062147 0.014634146341463414
2 0.3375706214689266 0.5960365853658537 0.031073446327683614 0.012804878048780487
2 0.3538135593220339 0.6341463414634146 0.03248587570621469 0.00853658536585366
2 0.3686440677966102 0.613109756097561 0.025423728813559324 0.010365853658536586
2 0.6468926553672316 0.6670731707317074 0.03389830508474576 0.013414634146341463
2 0.6024011299435028 0.6658536585365854 0.03531073446327684 0.01097560975609756
2 0.2902542372881356 0.8515243902439025 0.05508474576271186 0.012804878048780487
2 0.3149717514124294 0.838109756097561 0.022598870056497175 0.01524390243902439
2 0.020480225988700564 0.876219512195122 0.038135593220338986 0.020731707317073172
