2 0.06375838926174497 0.06277463904582549 0.04697986577181208 0.016321406151914627
2 0.19966442953020133 0.05178907721280603 0.050335570469798654 0.018204645323289394
2 0.27432885906040266 0.07595731324544884 0.03859060402684564 0.013810420590081609
2 0.46057046979865773 0.02699309478970496 0.03523489932885906 0.013810420590081609
2 0.4161073825503356 0.0662272441933459 0.040268456375838924 0.013182674199623353
2 0.23741610738255034 0.07156308851224107 0.03523489932885906 0.010043942247332079
2 0.15268456375838926 0.0662272441933459 0.04697986577181208 0.015693659761456372
2 0.07130872483221476 0.08286252354048965 0.028523489932885907 0.012554927809165098
2 0.10486577181208054 0.1211550533584432 0.04194630872483222 0.015065913370998118
2 0.18875838926174496 0.13088512241054615 0.03523489932885906 0.013182674199623353
2 0.2751677852348993 0.12178279974890145 0.0436241610738255 0.015065913370998118
2 0.3070469798657718 0.10734463276836159 0.03355704697986577 0.015065913370998118
2 0.4211409395973154 0.11236660389202763 0.03691275167785235 0.015065913370998118
2 0.47315436241610737 0.10389202762084118 0.03355704697986577 0.011927181418706844
2 0.5226510067114094 0.09949780288763341 0.031879194630872486 0.010671688637790333
2 0.5293624161073825 0.05241682360326429 0.03523489932885906 0.013182674199623353
2 0.5746644295302014 0.06183301946013811 0.03859060402684564 0.015693659761456372
2 0.6593959731543624 0.022284996861268048 0.040268456375838924 0.014438166980539863
2 0.7105704697986577 0.03483992467043315 0.03523489932885906 0.011927181418706844
2 0.8271812080536912 0.050533584431889524 0.03691275167785235 0.013182674199623353
2 0.8104026845637584 0.07030759573132456 0.03355704697986577 0.011299435028248588
2 0.7625838926174496 0.08066541117388576 0.05201342281879195 0.018204645323289394
2 0.3271812080536913 0.06685499058380415 0.03691275167785235 0.011927181418706844
2 0.2651006711409396 0.04519774011299435 0.03355704697986577 0.011299435028248588
2 0.5427852348993288 0.12178279974890145 0.03859060402684564 0.015065913370998118
2 0.6484899328859061 0.12084118016321407 0.03859060402684564 0.013182674199623353
2 0.7206375838926175 0.11676082862523542 0.03859060402684564 0.013810420590081609
2 0.9152684563758389 0.06465787821720026 0.03859060402684564 0.016321406151914627
2 0.8875838926174496 0.12052730696798494 0.0436241610738255 0.016321406151914627
2 0.8112416107382551 0.14814814814814817 0.03859060402684564 0.012554927809165098
2 0.6870805369127516 0.07062146892655367 0.025167785234899327 0.008160703075957313
2 0.8313758389261745 0.09541745134965475 0.025167785234899327 0.010043942247332079
2 0.7348993288590604 0.0973006905210295 0.03691275167785235 0.013810420590081609
2 0.25167785234899326 0.15756434400502198 0.0436241610738255 0.016321406151914627
2 0.12583892617449663 0.1738857501569366 0.03691275167785235 0.015065913370998118
2 0.2550335570469799 0.18581293157564346 0.03691275167785235 0.013810420590081609
2 0.31795302013422816 0.17922159447583177 0.03523489932885906 0.01694915254237288
2 0.43456375838926176 0.1713747645951036 0.04697986577181208 0.015065913370998118
2 0.3850671140939597 0.1817325800376648 0.03859060402684564 0.015693659761456372
2 0.4756711409395973 0.18487131198995607 0.04194630872483222 0.014438166980539863
2 0.5151006711409396 0.15160075329566855 0.040268456375838924 0.014438166980539863
2 0.5486577181208053 0.1691776522284997 0.040268456375838924 0.01694915254237288
2 0.6954697986577181 0.15850596359070937 0.03859060402684564 0.013182674199623353
2 0.5931208053691275 0.18141870684243566 0.04530201342281879 0.015065913370998118
2 0.6451342281879194 0.18110483364720653 0.03523489932885906 0.015693659761456372
2 0.6845637583892618 0.17733835530445702 0.03355704697986577 0.013182674199623353
2 0.7592281879194631 0.1760828625235405 0.03859060402684564 0.014438166980539863
2 0.8959731543624161 0.16886377903327057 0.03691275167785235 0.016321406151914627
2 0.8330536912751678 0.1807909604519774 0.04530201342281879 0.016321406151914627
2 0.41191275167785235 0.21186440677966104 0.031879194630872486 0.013182674199623353
2 0.3640939597315436 0.23006905210295042 0.0436241610738255 0.013182674199623353
2 0.45385906040268453 0.23760200878844948 0.04865771812080537 0.015693659761456372
2 0.13171140939597314 0.22473320778405526 0.03523489932885906 0.015065913370998118
2 0.06963087248322147 0.24042686754551162 0.04194630872483222 0.011299435028248588
2 0.1912751677852349 0.23101067168863781 0.0436241610738255 0.015065913370998118
2 0.27013422818791943 0.24482109227871943 0.04697986577181208 0.016321406151914627
2 0.5151006711409396 0.23854362837413687 0.03691275167785235 0.012554927809165098
2 0.5369127516778524 0.2470182046453233 0.03355704697986577 0.014438166980539863
2 0.5922818791946308 0.24544883866917766 0.040268456375838924 0.015065913370998118
2 0.7651006711409396 0.22567482736974265 0.040268456375838924 0.014438166980539863
2 0.6971476510067114 0.2445072190834903 0.03859060402684564 0.015693659761456372
2 0.8112416107382551 0.2228499686126805 0.03523489932885906 0.015065913370998118
2 0.8758389261744967 0.22222222222222224 0.03691275167785235 0.013810420590081609
2 0.9052013422818792 0.22473320778405526 0.03859060402684564 0.015065913370998118
2 0.43875838926174493 0.25863151286880104 0.031879194630872486 0.011299435028248588
2 0.37416107382550334 0.2457627118644068 0.0436241610738255 0.011927181418706844
2 0.30788590604026844 0.28123038292529823 0.03523489932885906 0.012554927809165098
2 0.27684563758389263 0.29190207156308856 0.0436241610738255 0.015065913370998118
2 0.21308724832214765 0.30790960451977406 0.0436241610738255 0.01694915254237288
2 0.2651006711409396 0.3148148148148148 0.0436241610738255 0.015693659761456372
2 0.1098993288590604 0.3148148148148148 0.04194630872483222 0.01694915254237288
2 0.13506711409395972 0.3455743879472693 0.03859060402684564 0.013182674199623353
2 0.2348993288590604 0.33898305084745767 0.030201342281879193 0.011299435028248588
2 0.27181208053691275 0.3440050219711237 0.03355704697986577 0.012554927809165098
2 0.17365771812080535 0.3596986817325801 0.03523489932885906 0.013810420590081609
2 0.22399328859060402 0.3700564971751413 0.03523489932885906 0.014438166980539863
2 0.27348993288590606 0.3637790332705587 0.030201342281879193 0.011927181418706844
2 0.30788590604026844 0.3713119899560578 0.03523489932885906 0.010671688637790333
2 0.060402684563758385 0.3747645951035782 0.03355704697986577 0.011299435028248588
2 0.1568791946308725 0.3750784682988073 0.03523489932885906 0.011927181418706844
2 0.07634228187919463 0.38794726930320156 0.031879194630872486 0.013810420590081609
2 0.04614093959731543 0.416195856873823 0.031879194630872486 0.011299435028248588
2 0.0587248322147651 0.41023226616446956 0.03691275167785235 0.013182674199623353
2 0.12332214765100671 0.40458254865034526 0.04194630872483222 0.014438166980539863
2 0.17785234899328858 0.3992467043314501 0.03355704697986577 0.012554927809165098
2 0.17785234899328858 0.4118016321406152 0.03355704697986577 0.010043942247332079
2 0.25083892617449666 0.38669177652228504 0.031879194630872486 0.012554927809165098
2 0.24412751677852348 0.401443816698054 0.04194630872483222 0.011927181418706844
2 0.09563758389261745 0.43283113622096675 0.026845637583892617 0.009416195856873824
2 0.1476510067114094 0.42906465787821724 0.03355704697986577 0.013182674199623353
2 0.16442953020134227 0.45103578154425616 0.030201342281879193 0.011927181418706844
2 0.2156040268456376 0.44507219083490274 0.028523489932885907 0.012554927809165098
2 0.23406040268456374 0.47520401757689895 0.03859060402684564 0.013810420590081609
2 0.2273489932885906 0.516949152542373 0.04194630872483222 0.013182674199623353
2 0.20973154362416108 0.4937225360954175 0.030201342281879193 0.014438166980539863
2 0.29278523489932884 0.48650345260514755 0.03859060402684564 0.011299435028248588
2 0.087248322147651 0.5050219711236661 0.03691275167785235 0.015693659761456372
2 0.3187919463087248 0.43973634651600757 0.03355704697986577 0.010671688637790333
2 0.3036912751677852 0.4516635279347144 0.053691275167785234 0.01694915254237288
2 0.4060402684563758 0.46955430006277465 0.03691275167785235 0.012554927809165098
2 0.4437919463087248 0.4491525423728814 0.04194630872483222 0.013182674199623353
2 0.4488255033557047 0.4042686754551162 0.05201342281879195 0.01757689893283114
2 0.42953020134228187 0.4221594475831764 0.0436241610738255 0.015693659761456372
2 0.43540268456375836 0.38198367859384813 0.04194630872483222 0.011927181418706844
2 0.3296979865771812 0.3440050219711237 0.04194630872483222 0.013810420590081609
2 0.44043624161073824 0.27087256748273697 0.03523489932885906 0.011927181418706844
2 0.33305369127516776 0.2972379158819837 0.03859060402684564 0.011927181418706844
2 0.43708053691275167 0.30477087256748275 0.04530201342281879 0.018204645323289394
2 0.44211409395973156 0.3352165725047081 0.031879194630872486 0.011299435028248588
2 0.4186241610738255 0.35467671060891404 0.03523489932885906 0.013810420590081609
2 0.3640939597315436 0.3418079096045198 0.03355704697986577 0.015693659761456372
2 0.5595637583892618 0.35373509102322664 0.04865771812080537 0.014438166980539863
2 0.6157718120805369 0.3543628374136849 0.03355704697986577 0.011927181418706844
2 0.549496644295302 0.29315756434400503 0.04530201342281879 0.020087884494664157
2 0.5922818791946308 0.28531073446327687 0.04697986577181208 0.011927181418706844
2 0.587248322147651 0.2997489014438167 0.0436241610738255 0.014438166980539863
2 0.49748322147651003 0.28499686126804774 0.03523489932885906 0.011299435028248588
2 0.7382550335570469 0.29252981795354677 0.0436241610738255 0.015065913370998118
2 0.8011744966442953 0.29064657878217204 0.04194630872483222 0.016321406151914627
2 0.8791946308724832 0.2928436911487759 0.053691275167785234 0.014438166980539863
2 0.6552013422818792 0.3327055869428751 0.04530201342281879 0.016321406151914627
2 0.7130872483221476 0.33019460138104206 0.03691275167785235 0.012554927809165098
2 0.7458053691275167 0.34431889516635283 0.03859060402684564 0.013182674199623353
2 0.7894295302013422 0.3452605147520402 0.031879194630872486 0.010043942247332079
2 0.8917785234899329 0.3427495291902072 0.04194630872483222 0.015065913370998118
2 0.6854026845637584 0.3747645951035782 0.03523489932885906 0.013810420590081609
2 0.49412751677852346 0.3829252981795355 0.04530201342281879 0.01757689893283114
2 0.5587248322147651 0.3873195229127433 0.0436241610738255 0.012554927809165098
2 0.5553691275167785 0.4052102950408035 0.03691275167785235 0.013182674199623353
2 0.5167785234899329 0.4569993722536096 0.04697986577181208 0.01757689893283114
2 0.6191275167785235 0.45919648462021345 0.0436241610738255 0.015693659761456372
2 0.7038590604026845 0.4548022598870057 0.03859060402684564 0.013182674199623353
2 0.787751677852349 0.4635907093534212 0.04194630872483222 0.013182674199623353
2 0.7726510067114094 0.39956057752667923 0.031879194630872486 0.014438166980539863
2 0.8313758389261745 0.39045825486503455 0.03859060402684564 0.015065913370998118
2 0.9253355704697986 0.3948524795982423 0.04530201342281879 0.015065913370998118
2 0.9278523489932886 0.4381669805398619 0.03355704697986577 0.013810420590081609
2 0.8531879194630873 0.44318895166352795 0.03859060402684564 0.012554927809165098
2 0.9404362416107382 0.4642184557438795 0.04194630872483222 0.014438166980539863
2 0.8951342281879194 0.4767733835530446 0.031879194630872486 0.010671688637790333
2 0.5209731543624161 0.3634651600753296 0.03523489932885906 0.012554927809165098
2 0.47315436241610737 0.34588826114249843 0.030201342281879193 0.007532956685499059
2 0.5536912751677853 0.3276836158192091 0.026845637583892617 0.00878844946641557
2 0.41442953020134227 0.4918392969240427 0.03355704697986577 0.010671688637790333
2 0.4303691275167785 0.5210295040803515 0.03859060402684564 0.013810420590081609
2 0.5637583892617449 0.5134965473948525 0.0436241610738255 0.018832391713747648
2 0.8833892617449665 0.519460138104206 0.04530201342281879 0.015693659761456372
2 0.8716442953020134 0.5426867545511613 0.03523489932885906 0.015693659761456372
2 0.9286912751677853 0.49905838041431266 0.03523489932885906 0.016321406151914627
2 0.8221476510067114 0.5555555555555556 0.03691275167785235 0.012554927809165098
2 0.8850671140939597 0.571249215317012 0.04194630872483222 0.012554927809165098
2 0.5746644295302014 0.5624607658505965 0.04194630872483222 0.013810420590081609
2 0.4924496644295302 0.5605775266792217 0.03523489932885906 0.013810420590081609
2 0.2986577181208054 0.5737602008788449 0.03691275167785235 0.013810420590081609
2 0.2273489932885906 0.5803515379786567 0.04194630872483222 0.013182674199623353
2 0.174496644295302 0.5596359070935343 0.03691275167785235 0.014438166980539863
2 0.1342281879194631 0.5690521029504081 0.03691275167785235 0.014438166980539863
2 0.07130872483221476 0.5718769617074703 0.031879194630872486 0.012554927809165098
2 0.07130872483221476 0.6296296296296297 0.03859060402684564 0.016321406151914627
2 0.11409395973154363 0.6346516007532957 0.040268456375838924 0.016321406151914627
2 0.16442953020134227 0.6343377275580666 0.0436241610738255 0.013182674199623353
2 0.20721476510067113 0.6214689265536724 0.04194630872483222 0.013810420590081609
2 0.311241610738255 0.6133082234777151 0.031879194630872486 0.012554927809165098
2 0.27936241610738255 0.6337099811676083 0.031879194630872486 0.013182674199623353
2 0.44211409395973156 0.5941619585687383 0.04865771812080537 0.019460138104205903
2 0.6325503355704698 0.5790960451977402 0.03691275167785235 0.014438166980539863
2 0.5478187919463087 0.5929064657878218 0.04194630872483222 0.014438166980539863
2 0.49916107382550334 0.6274325172630257 0.03859060402684564 0.015693659761456372
2 0.4446308724832215 0.6440677966101696 0.050335570469798654 0.016321406151914627
2 0.3548657718120805 0.6293157564344005 0.03523489932885906 0.014438166980539863
2 0.5796979865771812 0.6412429378531074 0.04194630872483222 0.01694915254237288
2 0.6199664429530202 0.623038292529818 0.03523489932885906 0.010671688637790333
2 0.660234899328859 0.6299435028248588 0.028523489932885907 0.011927181418706844
2 0.7021812080536912 0.6261770244821093 0.03523489932885906 0.014438166980539863
2 0.7902684563758389 0.630571249215317 0.050335570469798654 0.01694915254237288
2 0.860738255033557 0.6258631512868802 0.040268456375838924 0.015065913370998118
2 0.9387583892617449 0.6296296296296297 0.04194630872483222 0.01757689893283114
2 0.5075503355704698 0.6581920903954803 0.031879194630872486 0.010671688637790333
2 0.587248322147651 0.6704331450094162 0.03691275167785235 0.013810420590081609
2 0.6166107382550335 0.6842435655994978 0.03523489932885906 0.016321406151914627
2 0.7768456375838926 0.6694915254237289 0.03355704697986577 0.011927181418706844
2 0.7156040268456376 0.6817325800376648 0.03859060402684564 0.011299435028248588
2 0.9085570469798657 0.6867545511613309 0.03859060402684564 0.012554927809165098
2 0.837248322147651 0.7027620841180163 0.0436241610738255 0.015693659761456372
2 0.7458053691275167 0.5831763967357189 0.04865771812080537 0.018832391713747648
2 0.412751677852349 0.660075329566855 0.03355704697986577 0.014438166980539863
2 0.45050335570469796 0.6629001883239172 0.03859060402684564 0.012554927809165098
2 0.46895973154362414 0.6867545511613309 0.04194630872483222 0.016321406151914627
2 0.2600671140939597 0.6820464532328939 0.040268456375838924 0.01694915254237288
2 0.14513422818791946 0.694601381042059 0.04530201342281879 0.014438166980539863
2 0.3070469798657718 0.6858129315756435 0.040268456375838924 0.018204645323289394
2 0.1929530201342282 0.6785938480853736 0.050335570469798654 0.018832391713747648
2 0.1593959731543624 0.731324544883867 0.040268456375838924 0.012554927809165098
2 0.13003355704697986 0.746390458254865 0.04530201342281879 0.012554927809165098
2 0.2332214765100671 0.738857501569366 0.0436241610738255 0.01757689893283114
2 0.3070469798657718 0.7548650345260516 0.04697986577181208 0.014438166980539863
2 0.4286912751677852 0.7303829252981796 0.04530201342281879 0.014438166980539863
2 0.4773489932885906 0.7109227871939737 0.031879194630872486 0.011927181418706844
2 0.4815436241610738 0.7397991211550534 0.040268456375838924 0.01694915254237288
2 0.535234899328859 0.7357187696170747 0.040268456375838924 0.013810420590081609
2 0.5285234899328859 0.7479598242310107 0.040268456375838924 0.011927181418706844
2 0.3934563758389262 0.7693032015065914 0.04194630872483222 0.014438166980539863
2 0.49748322147651003 0.790646578782172 0.03523489932885906 0.014438166980539863
2 0.5016778523489933 0.8063402385436285 0.03355704697986577 0.013182674199623353
2 0.4471476510067114 0.8022598870056498 0.03523489932885906 0.012554927809165098
2 0.37919463087248323 0.82015065913371 0.040268456375838924 0.015693659761456372
2 0.5427852348993288 0.6889516635279348 0.06543624161073826 0.013182674199623353
2 0.5864093959731543 0.7636534839924671 0.03523489932885906 0.013182674199623353
2 0.6820469798657718 0.7498430634023855 0.04194630872483222 0.01694915254237288
2 0.7533557046979865 0.7589453860640302 0.04697986577181208 0.016321406151914627
2 0.7307046979865771 0.7972379158819838 0.03523489932885906 0.016321406151914627
2 0.2558724832214765 0.8132454488386692 0.03523489932885906 0.014438166980539863
2 0.06459731543624161 0.8013182674199624 0.04530201342281879 0.015693659761456372
2 0.11073825503355704 0.8292529817953548 0.0436241610738255 0.015065913370998118
2 0.06543624161073826 0.8232893910860013 0.03691275167785235 0.010671688637790333
2 0.0738255033557047 0.8389830508474577 0.026845637583892617 0.011927181418706844
2 0.4228187919463087 0.7818581293157565 0.030201342281879193 0.009416195856873824
2 0.4563758389261745 0.8625235404896422 0.03691275167785235 0.013810420590081609
2 0.552013422818792 0.8509102322661646 0.03691275167785235 0.014438166980539863
2 0.37583892617449666 0.8640929064657878 0.030201342281879193 0.013182674199623353
2 0.2785234899328859 0.8757062146892656 0.0436241610738255 0.013810420590081609
2 0.09983221476510067 0.8634651600753296 0.03523489932885906 0.010671688637790333
2 0.2156040268456376 0.8173258003766479 0.031879194630872486 0.011299435028248588
2 0.14261744966442952 0.8044569993722537 0.0436241610738255 0.011927181418706844
2 0.1761744966442953 0.9231010671688639 0.04697986577181208 0.01694915254237288
2 0.026006711409395974 0.9265536723163843 0.04530201342281879 0.013810420590081609
2 0.3162751677852349 0.938480853735091 0.04194630872483222 0.015065913370998118
2 0.43708053691275167 0.9168236032642813 0.03859060402684564 0.013182674199623353
2 0.37416107382550334 0.92090395480226 0.030201342281879193 0.013810420590081609
2 0.21392617449664428 0.9504080351537979 0.031879194630872486 0.010043942247332079
2 0.15268456375838926 0.9686126804770874 0.04697986577181208 0.012554927809165098
2 0.14513422818791946 0.9510357815442562 0.03523489932885906 0.011299435028248588
2 0.5302013422818792 0.9325172630257377 0.040268456375838924 0.013182674199623353
2 0.5973154362416108 0.8901443816698055 0.040268456375838924 0.01757689893283114
2 0.5880872483221476 0.9262397991211552 0.04530201342281879 0.013182674199623353
2 0.5100671140939598 0.962962962962963 0.03355704697986577 0.010043942247332079
2 0.6157718120805369 0.9670433145009417 0.026845637583892617 0.013182674199623353
2 0.7080536912751678 0.8527934714375393 0.040268456375838924 0.014438166980539863
2 0.7021812080536912 0.9510357815442562 0.04530201342281879 0.015065913370998118
2 0.7743288590604027 0.9563716258631514 0.03523489932885906 0.011927181418706844
2 0.8439597315436241 0.918706842435656 0.040268456375838924 0.014438166980539863
2 0.8338926174496644 0.8596986817325801 0.040268456375838924 0.014438166980539863
2 0.9328859060402684 0.8628374136848713 0.030201342281879193 0.013182674199623353
2 0.7902684563758389 0.8904582548650346 0.040268456375838924 0.013182674199623353
2 0.8582214765100671 0.8060263653483993 0.04530201342281879 0.015065913370998118
2 0.8833892617449665 0.7473320778405524 0.04194630872483222 0.014438166980539863
2 0.7659395973154363 0.839610797237916 0.03859060402684564 0.014438166980539863
2 0.8330536912751678 0.7605147520401758 0.04194630872483222 0.015693659761456372
2 0.7768456375838926 0.7413684871311991 0.03355704697986577 0.012554927809165098
2 0.8540268456375839 0.7843691148775895 0.030201342281879193 0.011927181418706844
2 0.8993288590604027 0.8493408662900189 0.030201342281879193 0.011299435028248588
2 0.662751677852349 0.9635907093534213 0.03355704697986577 0.011299435028248588
2 0.6510067114093959 0.9444444444444445 0.03355704697986577 0.010671688637790333
2 0.23573825503355705 0.9764595103578155 0.03859060402684564 0.011927181418706844
2 0.1266778523489933 0.9836785938480854 0.04194630872483222 0.011299435028248588
2 0.06879194630872483 0.9293785310734464 0.030201342281879193 0.010671688637790333
2 0.0738255033557047 0.940677966101695 0.03355704697986577 0.010671688637790333
2 0.2919463087248322 0.7959824231010673 0.030201342281879193 0.012554927809165098
2 0.10151006711409395 0.7843691148775895 0.031879194630872486 0.011927181418706844
2 0.034395973154362415 0.7790332705586943 0.04194630872483222 0.012554927809165098
2 0.6182885906040269 0.7332077840552418 0.031879194630872486 0.010043942247332079
2 0.3238255033557047 0.7423101067168865 0.030201342281879193 0.010671688637790333
2 0.6677852348993288 0.6820464532328939 0.026845637583892617 0.010671688637790333
2 0.25083892617449666 0.6198995605775267 0.028523489932885907 0.013182674199623353
2 0.32802013422818793 0.578782172002511 0.031879194630872486 0.010043942247332079
2 0.834731543624161 0.5229127432517263 0.025167785234899327 0.010043942247332079
2 0.3699664429530201 0.5750156936597615 0.028523489932885907 0.010043942247332079
2 0.7265100671140939 0.5021971123666039 0.03355704697986577 0.012554927809165098
2 0.6140939597315436 0.5037664783427496 0.02348993288590604 0.009416195856873824
2 0.6459731543624161 0.5031387319522913 0.016778523489932886 0.010671688637790333
2 0.5696308724832214 0.49309478970495924 0.031879194630872486 0.013182674199623353
2 0.6652684563758389 0.3957940991839297 0.028523489932885907 0.011927181418706844
2 0.4899328859060403 0.3327055869428751 0.030201342281879193 0.012554927809165098
2 0.2046979865771812 0.32297551789077217 0.03355704697986577 0.013182674199623353
2 0.1593959731543624 0.3220338983050848 0.040268456375838924 0.010043942247332079
2 0.15771812080536912 0.29817953546767106 0.03355704697986577 0.00878844946641557
2 0.23238255033557045 0.2937853107344633 0.03523489932885906 0.013810420590081609
2 0.03104026845637584 0.30382925298179536 0.028523489932885907 0.012554927809165098
2 0.08640939597315436 0.288135593220339 0.028523489932885907 0.00878844946641557
2 0.09395973154362416 0.29817953546767106 0.040268456375838924 0.00878844946641557
2 0.18959731543624161 0.2824858757062147 0.030201342281879193 0.00878844946641557
2 0.23406040268456374 0.26710608913998746 0.02181208053691275 0.009416195856873824
2 0.21895973154362416 0.2184557438794727 0.028523489932885907 0.00878844946641557
2 0.48573825503355705 0.16290018832391714 0.03523489932885906 0.010671688637790333
2 0.7810402684563759 0.11958568738229756 0.025167785234899327 0.010671688637790333
2 0.1535234899328859 0.047708725674827375 0.03523489932885906 0.012554927809165098
2 0.03691275167785235 0.038606403013182675 0.040268456375838924 0.013182674199623353
2 0.23825503355704697 0.09165097300690522 0.030201342281879193 0.012554927809165098
2 0.7130872483221476 0.22253609541745137 0.03691275167785235 0.015693659761456372
2 0.5 0.21343377275580666 0.040268456375838924 0.012554927809165098
2 0.3926174496644295 0.19868173258003768 0.030201342281879193 0.011927181418706844
2 0.62751677852349 0.21343377275580666 0.030201342281879193 0.011299435028248588
2 0.1401006711409396 0.4607658505963591 0.031879194630872486 0.012554927809165098
2 0.2483221476510067 0.6638418079096046 0.03691275167785235 0.010671688637790333
2 0.311241610738255 0.6622724419334589 0.03523489932885906 0.013810420590081609
2 0.3934563758389262 0.6854990583804144 0.03859060402684564 0.015065913370998118
2 0.7609060402684563 0.7771500313873195 0.031879194630872486 0.010043942247332079
2 0.8640939597315436 0.3097928436911488 0.03355704697986577 0.011927181418706844
2 0.6023489932885906 0.2743251726302574 0.030201342281879193 0.011299435028248588
2 0.6342281879194631 0.24042686754551162 0.03691275167785235 0.015065913370998118
2 0.09731543624161074 0.13779033270558697 0.030201342281879193 0.011927181418706844
2 0.18120805369127516 0.25486503452605147 0.03355704697986577 0.011299435028248588
2 0.0721476510067114 0.3392969240426868 0.03691275167785235 0.010671688637790333
2 0.08976510067114093 0.33113622096672946 0.031879194630872486 0.010671688637790333
2 0.572986577181208 0.369428750784683 0.04530201342281879 0.013182674199623353
2 0.0436241610738255 0.7372881355932204 0.030201342281879193 0.009416195856873824
2 0.2030201342281879 0.7875078468298807 0.03355704697986577 0.010671688637790333
2 0.7592281879194631 0.9409918392969241 0.03523489932885906 0.012554927809165098
2 0.14681208053691275 0.10891399874450723 0.04194630872483222 0.011927181418706844
2 0.3657718120805369 0.11927181418706843 0.03691275167785235 0.012554927809165098
2 0.9656040268456375 0.14375392341494037 0.04194630872483222 0.018832391713747648
2 0.4395973154362416 0.19836785938480855 0.03355704697986577 0.010043942247332079
2 0.9672818791946308 0.2780916509730069 0.03859060402684564 0.020087884494664157
2 0.45805369127516776 0.28531073446327687 0.040268456375838924 0.015693659761456372
2 0.9832214765100671 0.45448838669177655 0.030201342281879193 0.015065913370998118
2 0.9815436241610738 0.48085373509102325 0.03355704697986577 0.011299435028248588
2 0.700503355704698 0.7649089767733837 0.04194630872483222 0.011927181418706844
2 0.8422818791946308 0.82015065913371 0.040268456375838924 0.013182674199623353
2 0.16778523489932887 0.9397363465160076 0.03355704697986577 0.013810420590081609
2 0.6384228187919463 0.8873195229127433 0.03859060402684564 0.011927181418706844
2 0.5427852348993288 0.8951663527934715 0.04865771812080537 0.016321406151914627
