2 0.08888888888888888 0.07160647571606475 0.038518518518518514 0.017434620174346202
2 0.15333333333333332 0.05012453300124533 0.037037037037037035 0.014321295143212951
2 0.22444444444444445 0.027708592777085927 0.03407407407407407 0.010585305105853052
2 0.2777777777777778 0.09371108343711083 0.04 0.01805728518057285
2 0.4422222222222222 0.07285180572851806 0.04 0.017434620174346202
2 0.5259259259259259 0.05323785803237858 0.038518518518518514 0.016811955168119553
2 0.3748148148148148 0.06755915317559154 0.029629629629629627 0.013075965130759652
2 0.3333333333333333 0.08904109589041095 0.03259259259259259 0.012453300124533
2 0.24148148148148146 0.10491905354919054 0.035555555555555556 0.010585305105853052
2 0.19703703703703704 0.11643835616438356 0.035555555555555556 0.0136986301369863
2 0.06148148148148148 0.12889165628891655 0.04296296296296296 0.014943960149439602
2 0.13407407407407407 0.14508094645080946 0.037037037037037035 0.0136986301369863
2 0.20888888888888887 0.1740348692403487 0.059259259259259255 0.019302615193026153
2 0.2948148148148148 0.11270236612702365 0.035555555555555556 0.012453300124533
2 0.3562962962962963 0.10865504358655044 0.03111111111111111 0.013075965130759652
2 0.3333333333333333 0.025840597758405977 0.035555555555555556 0.013075965130759652
2 0.5296296296296296 0.12235367372353674 0.03407407407407407 0.010585305105853052
2 0.5829629629629629 0.09869240348692404 0.03111111111111111 0.010585305105853052
2 0.5977777777777777 0.0660024906600249 0.028148148148148148 0.0112079701120797
2 0.7140740740740741 0.06693648816936489 0.029629629629629627 0.014321295143212951
2 0.8162962962962963 0.04794520547945205 0.035555555555555556 0.014943960149439602
2 0.5896296296296296 0.12422166874221668 0.026666666666666665 0.011830635118306352
2 0.6548148148148147 0.12359900373599003 0.029629629629629627 0.011830635118306352
2 0.731111111111111 0.1316936488169365 0.037037037037037035 0.015566625155666251
2 0.1585185185185185 0.17247820672478206 0.03259259259259259 0.014943960149439602
2 0.11037037037037037 0.1656288916562889 0.028148148148148148 0.0062266500622665
2 0.2874074074074074 0.17434620174346202 0.03259259259259259 0.0136986301369863
2 0.2422222222222222 0.1864881693648817 0.03111111111111111 0.013075965130759652
2 0.36296296296296293 0.16936488169364883 0.035555555555555556 0.014943960149439602
2 0.397037037037037 0.1528642590286426 0.03259259259259259 0.013075965130759652
2 0.3288888888888889 0.1930261519302615 0.04444444444444444 0.017434620174346202
2 0.45925925925925926 0.16749688667496887 0.04148148148148148 0.0161892901618929
2 0.5637037037037037 0.18057285180572852 0.04 0.0161892901618929
2 0.6007407407407407 0.21824408468244086 0.03111111111111111 0.014321295143212951
2 0.762962962962963 0.175280199252802 0.04148148148148148 0.016811955168119553
2 0.7074074074074074 0.16998754669987545 0.03407407407407407 0.012453300124533
2 0.9022222222222221 0.18244084682440848 0.038518518518518514 0.017434620174346202
2 0.6948148148148148 0.21731008717310088 0.035555555555555556 0.0161892901618929
2 0.48592592592592593 0.22851805728518057 0.038518518518518514 0.017434620174346202
2 0.40148148148148144 0.2213574097135741 0.03259259259259259 0.014321295143212951
2 0.31555555555555553 0.22478206724782068 0.038518518518518514 0.0136986301369863
2 0.2222222222222222 0.2487546699875467 0.05333333333333333 0.01805728518057285
2 0.3437037037037037 0.23785803237858033 0.03259259259259259 0.014943960149439602
2 0.5459259259259259 0.23723536737235368 0.03111111111111111 0.0136986301369863
2 0.6118518518518519 0.24221668742216687 0.035555555555555556 0.0161892901618929
2 0.6562962962962963 0.23816936488169366 0.026666666666666665 0.011830635118306352
2 0.7414814814814814 0.23349937733499376 0.037037037037037035 0.0161892901618929
2 0.7807407407407407 0.23661270236612703 0.029629629629629627 0.0136986301369863
2 0.8503703703703703 0.23536737235367372 0.04444444444444444 0.0161892901618929
2 0.2659259259259259 0.2674346201743462 0.025185185185185185 0.011830635118306352
2 0.2162962962962963 0.2808219178082192 0.035555555555555556 0.012453300124533
2 0.15555555555555556 0.2970112079701121 0.035555555555555556 0.014943960149439602
2 0.34296296296296297 0.28051058530510586 0.03111111111111111 0.011830635118306352
2 0.29037037037037033 0.3010585305105853 0.038518518518518514 0.016811955168119553
2 0.4622222222222222 0.2848692403486924 0.026666666666666665 0.011830635118306352
2 0.41037037037037033 0.286425902864259 0.029629629629629627 0.0136986301369863
2 0.3585185185185185 0.30541718555417185 0.035555555555555556 0.011830635118306352
2 0.4155555555555555 0.30884184308841844 0.04296296296296296 0.0186799501867995
2 0.4022222222222222 0.3287671232876712 0.037037037037037035 0.012453300124533
2 0.5888888888888889 0.2945205479452055 0.04 0.0186799501867995
2 0.6451851851851852 0.27895392278953923 0.03407407407407407 0.0136986301369863
2 0.6533333333333333 0.3010585305105853 0.04444444444444444 0.01805728518057285
2 0.5281481481481481 0.3135118306351183 0.04 0.013075965130759652
2 0.3118518518518518 0.35211706102117063 0.037037037037037035 0.015566625155666251
2 0.4096296296296296 0.3586550435865504 0.037037037037037035 0.017434620174346202
2 0.35777777777777775 0.35554171855541716 0.028148148148148148 0.0112079701120797
2 0.52 0.3549190535491905 0.029629629629629627 0.0136986301369863
2 0.5755555555555555 0.34277708592777084 0.03407407407407407 0.013075965130759652
2 0.47703703703703704 0.3483810709838107 0.029629629629629627 0.011830635118306352
2 0.6555555555555556 0.35242839352428396 0.03407407407407407 0.014943960149439602
2 0.35259259259259257 0.3832503113325031 0.035555555555555556 0.016811955168119553
2 0.27259259259259255 0.3916562889165629 0.03259259259259259 0.012453300124533
2 0.20666666666666667 0.41002490660024904 0.03111111111111111 0.015566625155666251
2 0.32 0.4131382316313823 0.035555555555555556 0.014321295143212951
2 0.4533333333333333 0.38636363636363635 0.035555555555555556 0.013075965130759652
2 0.5718518518518518 0.38729763387297633 0.04148148148148148 0.0136986301369863
2 0.6562962962962963 0.3916562889165629 0.029629629629629627 0.0112079701120797
2 0.7748148148148147 0.31102117061021173 0.035555555555555556 0.016811955168119553
2 0.7637037037037037 0.3633250311332503 0.037037037037037035 0.013075965130759652
2 0.8925925925925925 0.3633250311332503 0.045925925925925926 0.019302615193026153
2 0.7622222222222221 0.3904109589041096 0.04296296296296296 0.0161892901618929
2 0.7148148148148148 0.3991282689912827 0.037037037037037035 0.0136986301369863
2 0.5985185185185184 0.40348692403486924 0.04444444444444444 0.014943960149439602
2 0.2525925925925926 0.4464508094645081 0.037037037037037035 0.0112079701120797
2 0.15259259259259259 0.45112079701120794 0.029629629629629627 0.011830635118306352
2 0.2222222222222222 0.48443337484433374 0.04444444444444444 0.017434620174346202
2 0.3807407407407407 0.4679327521793275 0.03259259259259259 0.013075965130759652
2 0.33925925925925926 0.47571606475716066 0.03259259259259259 0.012453300124533
2 0.4444444444444444 0.475093399750934 0.038518518518518514 0.017434620174346202
2 0.5496296296296296 0.4800747198007472 0.038518518518518514 0.0136986301369863
2 0.5081481481481481 0.4576587795765878 0.04444444444444444 0.017434620174346202
2 0.6318518518518518 0.4554794520547945 0.028148148148148148 0.013075965130759652
2 0.62 0.48194271481942713 0.03407407407407407 0.0136986301369863
2 0.6481481481481481 0.41625155666251556 0.045925925925925926 0.015566625155666251
2 0.6266666666666666 0.4246575342465753 0.023703703703703703 0.009962640099626401
2 0.6029629629629629 0.43119551681195517 0.035555555555555556 0.013075965130759652
2 0.7881481481481482 0.43555417185554174 0.035555555555555556 0.015566625155666251
2 0.6911111111111111 0.4315068493150685 0.03111111111111111 0.014943960149439602
2 0.7088888888888889 0.45734744707347447 0.037037037037037035 0.014321295143212951
2 0.8481481481481481 0.3558530510585305 0.037037037037037035 0.011830635118306352
2 0.794074074074074 0.410958904109589 0.026666666666666665 0.014943960149439602
2 0.3185185185185185 0.45143212951432127 0.026666666666666665 0.0112079701120797
2 0.2688888888888889 0.47104607721046077 0.028148148148148148 0.013075965130759652
2 0.33185185185185184 0.5227272727272727 0.04444444444444444 0.01805728518057285
2 0.22074074074074074 0.5149439601494396 0.026666666666666665 0.012453300124533
2 0.20814814814814814 0.5003113325031133 0.04 0.011830635118306352
2 0.5651851851851851 0.5140099626400996 0.045925925925925926 0.01805728518057285
2 0.7444444444444444 0.4666874221668742 0.028148148148148148 0.013075965130759652
2 0.7814814814814814 0.4663760896637609 0.037037037037037035 0.0161892901618929
2 0.6837037037037037 0.5311332503113325 0.03111111111111111 0.012453300124533
2 0.72 0.540161892901619 0.029629629629629627 0.014321295143212951
2 0.8992592592592592 0.5211706102117061 0.03259259259259259 0.0112079701120797
2 0.794074074074074 0.5426525529265255 0.029629629629629627 0.013075965130759652
2 0.8259259259259258 0.5706724782067247 0.028148148148148148 0.014321295143212951
2 0.2985185185185185 0.562266500622665 0.037037037037037035 0.014943960149439602
2 0.08888888888888888 0.5236612702366127 0.038518518518518514 0.0161892901618929
2 0.06074074074074074 0.44956413449564137 0.04148148148148148 0.0136986301369863
2 0.11259259259259259 0.46855541718555416 0.035555555555555556 0.011830635118306352
2 0.057777777777777775 0.46824408468244083 0.023703703703703703 0.0062266500622665
2 0.16444444444444445 0.47851805728518054 0.029629629629629627 0.00809464508094645
2 0.2437037037037037 0.5563511830635118 0.016296296296296295 0.011830635118306352
2 0.6244444444444445 0.5644458281444583 0.037037037037037035 0.015566625155666251
2 0.5444444444444444 0.5638231631382317 0.028148148148148148 0.011830635118306352
2 0.07111111111111111 0.5688044831880448 0.03259259259259259 0.013075965130759652
2 0.28444444444444444 0.6254669987546699 0.038518518518518514 0.015566625155666251
2 0.2111111111111111 0.6273349937733499 0.028148148148148148 0.016811955168119553
2 0.14518518518518517 0.6578455790784558 0.02074074074074074 0.01805728518057285
2 0.27925925925925926 0.6942714819427148 0.03111111111111111 0.012453300124533
2 0.3340740740740741 0.6958281444582815 0.03407407407407407 0.011830635118306352
2 0.3718518518518518 0.6920921544209215 0.03259259259259259 0.014321295143212951
2 0.1311111111111111 0.6920921544209215 0.025185185185185185 0.013075965130759652
2 0.21333333333333332 0.6927148194271482 0.029629629629629627 0.010585305105853052
2 0.19629629629629627 0.7110834371108343 0.037037037037037035 0.0136986301369863
2 0.20222222222222222 0.726961394769614 0.028148148148148148 0.010585305105853052
2 0.38740740740740737 0.7113947696139477 0.037037037037037035 0.015566625155666251
2 0.5548148148148148 0.6896014943960149 0.03407407407407407 0.015566625155666251
2 0.42148148148148146 0.6326276463262764 0.037037037037037035 0.0161892901618929
2 0.6051851851851852 0.6211083437110835 0.03111111111111111 0.015566625155666251
2 0.6274074074074074 0.6086550435865504 0.03407407407407407 0.010585305105853052
2 0.7 0.6211083437110835 0.04 0.015566625155666251
2 0.6481481481481481 0.6450809464508095 0.04 0.017434620174346202
2 0.7333333333333333 0.6435242839352429 0.03259259259259259 0.013075965130759652
2 0.5288888888888889 0.6453922789539228 0.04148148148148148 0.019302615193026153
2 0.4696296296296296 0.6204856787048568 0.035555555555555556 0.011830635118306352
2 0.34888888888888886 0.6357409713574097 0.028148148148148148 0.009962640099626401
2 0.4288888888888889 0.5691158156911581 0.03111111111111111 0.0112079701120797
2 0.4822222222222222 0.7182440846824408 0.04296296296296296 0.015566625155666251
2 0.33999999999999997 0.75186799501868 0.03111111111111111 0.011830635118306352
2 0.45629629629629626 0.7391033623910336 0.03259259259259259 0.0136986301369863
2 0.5518518518518518 0.7506226650062267 0.03111111111111111 0.015566625155666251
2 0.7 0.6787048567870486 0.028148148148148148 0.014943960149439602
2 0.3511111111111111 0.823785803237858 0.038518518518518514 0.014943960149439602
2 0.48666666666666664 0.7951432129514321 0.025185185185185185 0.009962640099626401
2 0.5644444444444444 0.8032378580323786 0.04148148148148148 0.014943960149439602
2 0.6962962962962963 0.8010585305105853 0.035555555555555556 0.01805728518057285
2 0.6607407407407407 0.7973225404732254 0.026666666666666665 0.010585305105853052
2 0.591111111111111 0.8265877957658779 0.029629629629629627 0.013075965130759652
2 0.6733333333333333 0.8244084682440846 0.028148148148148148 0.0112079701120797
2 0.4281481481481481 0.8583437110834371 0.03259259259259259 0.013075965130759652
2 0.5118518518518518 0.8433997509339975 0.03407407407407407 0.011830635118306352
2 0.6007407407407407 0.8502490660024906 0.03407407407407407 0.013075965130759652
2 0.6503703703703704 0.863947696139477 0.04444444444444444 0.013075965130759652
2 0.6977777777777777 0.725093399750934 0.035555555555555556 0.011830635118306352
2 0.6274074074074074 0.6871108343711083 0.028148148148148148 0.00809464508094645
2 0.24666666666666665 0.8617683686176837 0.03111111111111111 0.0136986301369863
2 0.3214814814814815 0.8586550435865504 0.029629629629629627 0.0112079701120797
2 0.20148148148148148 0.8788916562889165 0.04444444444444444 0.015566625155666251
2 0.12518518518518518 0.8748443337484433 0.03111111111111111 0.014943960149439602
2 0.09555555555555555 0.8645703611457036 0.028148148148148148 0.011830635118306352
2 0.27185185185185184 0.8082191780821918 0.03111111111111111 0.0112079701120797
2 0.4148148148148148 0.8929016189290162 0.029629629629629627 0.0136986301369863
2 0.5725925925925925 0.8776463262764632 0.025185185185185185 0.011830635118306352
2 0.5118518518518518 0.9037982565379825 0.03111111111111111 0.011830635118306352
2 0.5585185185185185 0.9299501867995018 0.035555555555555556 0.015566625155666251
2 0.6392592592592592 0.9190535491905355 0.03407407407407407 0.014943960149439602
2 0.44 0.950186799501868 0.04444444444444444 0.017434620174346202
2 0.33037037037037037 0.9374221668742216 0.023703703703703703 0.014321295143212951
2 0.2785185185185185 0.9411581569115816 0.03259259259259259 0.011830635118306352
2 0.24888888888888888 0.9470734744707348 0.029629629629629627 0.0136986301369863
2 0.2111111111111111 0.9442714819427148 0.028148148148148148 0.010585305105853052
2 0.13629629629629628 0.9411581569115816 0.03259259259259259 0.016811955168119553
2 0.1711111111111111 0.9389788293897883 0.025185185185185185 0.0112079701120797
2 0.28296296296296297 0.9595267745952677 0.023703703703703703 0.012453300124533
2 0.4844444444444444 0.935865504358655 0.03259259259259259 0.012453300124533
2 0.7637037037037037 0.9389788293897883 0.04296296296296296 0.0161892901618929
2 0.7437037037037036 0.7935865504358655 0.026666666666666665 0.010585305105853052
2 0.6985185185185185 0.7773972602739726 0.025185185185185185 0.010585305105853052
2 0.6185185185185185 0.8063511830635118 0.03111111111111111 0.008717310087173101
2 0.5259259259259259 0.8100871731008717 0.029629629629629627 0.009962640099626401
2 0.8577777777777778 0.8194271481942714 0.035555555555555556 0.012453300124533
2 0.8651851851851852 0.8312577833125778 0.035555555555555556 0.0112079701120797
2 0.7725925925925926 0.6883561643835616 0.03111111111111111 0.014321295143212951
2 0.8681481481481481 0.6310709838107098 0.029629629629629627 0.011830635118306352
2 0.8162962962962963 0.4663760896637609 0.023703703703703703 0.017434620174346202
2 0.8525925925925926 0.32004981320049813 0.03111111111111111 0.0112079701120797
2 0.6592592592592592 0.37359900373599003 0.03259259259259259 0.008717310087173101
2 0.774074074074074 0.1902241594022416 0.028148148148148148 0.011830635118306352
2 0.8644444444444443 0.19769613947696138 0.028148148148148148 0.010585305105853052
2 0.5377777777777778 0.339041095890411 0.026666666666666665 0.010585305105853052
2 0.44814814814814813 0.3194271481942715 0.025185185185185185 0.009962640099626401
2 0.5133333333333333 0.4140722291407223 0.04 0.0186799501867995
2 0.5088888888888888 0.4380448318804483 0.04296296296296296 0.015566625155666251
2 0.5422222222222222 0.4461394769613948 0.026666666666666665 0.010585305105853052
2 0.6674074074074073 0.4803860523038605 0.04 0.016811955168119553
2 0.7511111111111111 0.8704856787048568 0.029629629629629627 0.017434620174346202
2 0.5222222222222221 0.8739103362391033 0.02222222222222222 0.010585305105853052
2 0.4325925925925926 0.9318181818181818 0.02074074074074074 0.013075965130759652
2 0.16666666666666666 0.9193648816936488 0.03111111111111111 0.013075965130759652
2 0.1548148148148148 0.8212951432129514 0.02222222222222222 0.0136986301369863
2 0.1859259259259259 0.7465753424657534 0.02222222222222222 0.014943960149439602
2 0.12148148148148148 0.798879202988792 0.023703703703703703 0.009962640099626401
2 0.41259259259259257 0.7425280199252802 0.025185185185185185 0.010585305105853052
2 0.2074074074074074 0.5566625155666252 0.023703703703703703 0.012453300124533
2 0.025185185185185185 0.44956413449564137 0.026666666666666665 0.0112079701120797
2 0.24444444444444444 0.3788916562889166 0.03259259259259259 0.011830635118306352
2 0.23777777777777775 0.3536737235367372 0.05185185185185185 0.0161892901618929
2 0.09481481481481481 0.3536737235367372 0.026666666666666665 0.012453300124533
2 0.25407407407407406 0.2966998754669988 0.025185185185185185 0.010585305105853052
2 0.28444444444444444 0.074719800747198 0.03259259259259259 0.012453300124533
2 0.2333333333333333 0.07067247820672479 0.03407407407407407 0.011830635118306352
2 0.397037037037037 0.8188044831880448 0.026666666666666665 0.008717310087173101
2 0.31777777777777777 0.814134495641345 0.028148148148148148 0.00933997509339975
2 0.794074074074074 0.6497509339975094 0.029629629629629627 0.011830635118306352
2 0.5888888888888889 0.6400996264009963 0.025185185185185185 0.009962640099626401
2 0.5666666666666667 0.6597135740971357 0.028148148148148148 0.010585305105853052
2 0.857037037037037 0.6920921544209215 0.02222222222222222 0.013075965130759652
2 0.7051851851851851 0.8583437110834371 0.023703703703703703 0.00933997509339975
2 0.8103703703703703 0.9467621419676214 0.023703703703703703 0.010585305105853052
2 0.49037037037037035 0.5585305105853051 0.029629629629629627 0.009962640099626401
2 0.9118518518518518 0.3776463262764633 0.03111111111111111 0.010585305105853052
2 0.9229629629629629 0.23941469489414693 0.026666666666666665 0.013075965130759652
2 0.9111111111111111 0.2920298879202989 0.026666666666666665 0.017434620174346202
2 0.5962962962962962 0.17247820672478206 0.025185185185185185 0.009962640099626401
2 0.2637037037037037 0.0224159402241594 0.03259259259259259 0.009962640099626401
2 0.15333333333333332 0.06662515566625156 0.03111111111111111 0.009962640099626401
2 0.2659259259259259 0.12546699875467 0.028148148148148148 0.00809464508094645
2 0.4496296296296296 0.18244084682440848 0.028148148148148148 0.012453300124533
2 0.4955555555555555 0.17963885429638854 0.025185185185185185 0.010585305105853052
2 0.3711111111111111 0.19427148194271482 0.025185185185185185 0.008717310087173101
2 0.20518518518518516 0.337173100871731 0.02222222222222222 0.013075965130759652
2 0.5377777777777778 0.07565379825653798 0.023703703703703703 0.00684931506849315
2 0.5007407407407407 0.48474470734744707 0.04148148148148148 0.015566625155666251
2 0.4288888888888889 0.9673100871731009 0.04296296296296296 0.013075965130759652
