2 0.07300884955752213 0.0818014705882353 0.03982300884955752 0.014093137254901961
2 0.17920353982300885 0.056372549019607844 0.03392330383480826 0.011029411764705881
2 0.12168141592920353 0.06862745098039216 0.028023598820058997 0.011029411764705881
2 0.030973451327433628 0.08363970588235294 0.029498525073746312 0.012867647058823529
2 0.0612094395280236 0.10324754901960784 0.03392330383480826 0.012867647058823529
2 0.11209439528023599 0.0900735294117647 0.02654867256637168 0.00980392156862745
2 0.24336283185840707 0.0661764705882353 0.038348082595870206 0.013480392156862746
2 0.40486725663716816 0.050551470588235295 0.04277286135693215 0.014093137254901961
2 0.49336283185840707 0.044730392156862746 0.028023598820058997 0.013480392156862746
2 0.7898230088495575 0.05177696078431372 0.03982300884955752 0.014093137254901961
2 0.6356932153392331 0.07598039215686274 0.029498525073746312 0.00980392156862745
2 0.6725663716814159 0.06678921568627451 0.029498525073746312 0.011029411764705881
2 0.8443952802359882 0.10600490196078431 0.030973451327433628 0.015931372549019607
2 0.581858407079646 0.09375 0.028023598820058997 0.012254901960784314
2 0.6312684365781711 0.11979166666666667 0.02359882005899705 0.010416666666666666
2 0.6106194690265486 0.13143382352941177 0.029498525073746312 0.011642156862745098
2 0.5420353982300885 0.13756127450980393 0.03687315634218289 0.015318627450980392
2 0.43952802359882004 0.09865196078431372 0.04129793510324484 0.01715686274509804
2 0.33112094395280234 0.0974264705882353 0.03392330383480826 0.013480392156862746
2 0.137905604719764 0.09712009803921569 0.028023598820058997 0.009191176470588236
2 0.20501474926253688 0.12990196078431374 0.038348082595870206 0.015931372549019607
2 0.2831858407079646 0.13143382352941177 0.04129793510324484 0.017769607843137254
2 0.15117994100294985 0.13848039215686275 0.03687315634218289 0.014705882352941176
2 0.10103244837758112 0.13572303921568626 0.030973451327433628 0.012867647058823529
2 0.22566371681415928 0.17034313725490197 0.02654867256637168 0.013480392156862746
2 0.2728613569321534 0.16513480392156862 0.029498525073746312 0.014093137254901961
2 0.3554572271386431 0.14920343137254902 0.032448377581120944 0.011642156862745098
2 0.39749262536873153 0.12683823529411764 0.030973451327433628 0.012254901960784314
2 0.29277286135693215 0.17524509803921567 0.030973451327433628 0.011029411764705881
2 0.10766961651917403 0.1875 0.02064896755162242 0.012254901960784314
2 0.2529498525073746 0.19914215686274508 0.045722713864306784 0.014705882352941176
2 0.3753687315634218 0.20189950980392157 0.03392330383480826 0.016544117647058824
2 0.43067846607669613 0.20955882352941177 0.032448377581120944 0.014705882352941176
2 0.5545722713864307 0.19699754901960784 0.038348082595870206 0.015318627450980392
2 0.6910029498525073 0.18137254901960784 0.03982300884955752 0.013480392156862746
2 0.6297935103244837 0.18535539215686275 0.029498525073746312 0.010416666666666666
2 0.32595870206489674 0.23039215686274508 0.032448377581120944 0.014705882352941176
2 0.2617994100294985 0.2184436274509804 0.03392330383480826 0.011642156862745098
2 0.2581120943952802 0.23713235294117646 0.029498525073746312 0.012254901960784314
2 0.3163716814159292 0.28339460784313725 0.030973451327433628 0.011642156862745098
2 0.30383480825958703 0.29473039215686275 0.02654867256637168 0.00980392156862745
2 0.2669616519174041 0.3075980392156863 0.035398230088495575 0.015931372549019607
2 0.40929203539823006 0.29871323529411764 0.03392330383480826 0.014093137254901961
2 0.4771386430678466 0.2668504901960784 0.028023598820058997 0.012867647058823529
2 0.5117994100294985 0.25153186274509803 0.032448377581120944 0.015318627450980392
2 0.504424778761062 0.2267156862745098 0.029498525073746312 0.011029411764705881
2 0.5730088495575221 0.23774509803921567 0.03687315634218289 0.012254901960784314
2 0.6474926253687315 0.23590686274509803 0.02654867256637168 0.012254901960784314
2 0.6209439528023599 0.24908088235294118 0.029498525073746312 0.010416666666666666
2 0.6010324483775811 0.2821691176470588 0.030973451327433628 0.011642156862745098
2 0.6489675516224189 0.2928921568627451 0.029498525073746312 0.011029411764705881
2 0.19837758112094395 0.3321078431372549 0.03392330383480826 0.013480392156862746
2 0.24262536873156343 0.3553921568627451 0.030973451327433628 0.012254901960784314
2 0.16519174041297935 0.36917892156862747 0.032448377581120944 0.011642156862745098
2 0.2868731563421829 0.3694852941176471 0.03687315634218289 0.013480392156862746
2 0.3414454277286136 0.3517156862745098 0.03687315634218289 0.015931372549019607
2 0.39601769911504425 0.35049019607843135 0.030973451327433628 0.012254901960784314
2 0.4328908554572271 0.34650735294117646 0.030973451327433628 0.009191176470588236
2 0.4336283185840708 0.35723039215686275 0.04129793510324484 0.015931372549019607
2 0.5368731563421829 0.3118872549019608 0.04129793510324484 0.015931372549019607
2 0.4889380530973451 0.33026960784313725 0.028023598820058997 0.011029411764705881
2 0.5744837758112095 0.34068627450980393 0.03982300884955752 0.013480392156862746
2 0.6202064896755162 0.35784313725490197 0.03392330383480826 0.014705882352941176
2 0.6438053097345132 0.37683823529411764 0.045722713864306784 0.014705882352941176
2 0.4225663716814159 0.40042892156862747 0.045722713864306784 0.015318627450980392
2 0.3495575221238938 0.4022671568627451 0.035398230088495575 0.012867647058823529
2 0.24041297935103245 0.41605392156862747 0.04129793510324484 0.014705882352941176
2 0.1836283185840708 0.4166666666666667 0.030973451327433628 0.012254901960784314
2 0.10988200589970501 0.4071691176470588 0.03392330383480826 0.014093137254901961
2 0.3163716814159292 0.446078431372549 0.03982300884955752 0.015931372549019607
2 0.3694690265486726 0.4261642156862745 0.03687315634218289 0.015318627450980392
2 0.29056047197640117 0.4178921568627451 0.035398230088495575 0.012254901960784314
2 0.30457227138643067 0.4301470588235294 0.030973451327433628 0.013480392156862746
2 0.2485250737463127 0.4371936274509804 0.03392330383480826 0.018995098039215685
2 0.5715339233038348 0.40870098039215685 0.04277286135693215 0.015931372549019607
2 0.6312684365781711 0.3985906862745098 0.035398230088495575 0.015318627450980392
2 0.4911504424778761 0.43933823529411764 0.035398230088495575 0.013480392156862746
2 0.37610619469026546 0.4574142156862745 0.035398230088495575 0.014093137254901961
2 0.2994100294985251 0.45955882352941174 0.035398230088495575 0.012254901960784314
2 0.1902654867256637 0.4699754901960784 0.04129793510324484 0.015931372549019607
2 0.1327433628318584 0.4886642156862745 0.035398230088495575 0.012867647058823529
2 0.23525073746312683 0.5208333333333334 0.03982300884955752 0.015931372549019607
2 0.21165191740412978 0.5333946078431373 0.03392330383480826 0.015318627450980392
2 0.09734513274336283 0.5330882352941176 0.032448377581120944 0.013480392156862746
2 0.15781710914454278 0.546875 0.029498525073746312 0.012867647058823529
2 0.1135693215339233 0.5888480392156863 0.035398230088495575 0.014705882352941176
2 0.17772861356932154 0.5863970588235294 0.030973451327433628 0.014705882352941176
2 0.2411504424778761 0.5701593137254902 0.025073746312684365 0.011642156862745098
2 0.34587020648967554 0.5128676470588235 0.030973451327433628 0.012254901960784314
2 0.3274336283185841 0.5373774509803921 0.029498525073746312 0.012254901960784314
2 0.28466076696165193 0.5704656862745098 0.035398230088495575 0.014705882352941176
2 0.28982300884955753 0.585171568627451 0.028023598820058997 0.013480392156862746
2 0.3384955752212389 0.5741421568627451 0.03392330383480826 0.014705882352941176
2 0.4247787610619469 0.5303308823529411 0.035398230088495575 0.015318627450980392
2 0.42625368731563423 0.5625 0.032448377581120944 0.013480392156862746
2 0.41150442477876104 0.5824142156862745 0.04129793510324484 0.016544117647058824
2 0.3738938053097345 0.6026348039215687 0.03982300884955752 0.015318627450980392
2 0.5206489675516224 0.5738357843137255 0.035398230088495575 0.014093137254901961
2 0.4771386430678466 0.5618872549019608 0.028023598820058997 0.011029411764705881
2 0.4911504424778761 0.47089460784313725 0.029498525073746312 0.011642156862745098
2 0.5766961651917404 0.42432598039215685 0.029498525073746312 0.012867647058823529
2 0.5457227138643068 0.4623161764705882 0.02654867256637168 0.010416666666666666
2 0.5973451327433629 0.4644607843137255 0.02654867256637168 0.012254901960784314
2 0.5715339233038348 0.477328431372549 0.03687315634218289 0.014705882352941176
2 0.6246312684365781 0.42892156862745096 0.03392330383480826 0.015931372549019607
2 0.6474926253687315 0.47640931372549017 0.038348082595870206 0.014093137254901961
2 0.7190265486725663 0.4227941176470588 0.03392330383480826 0.014705882352941176
2 0.7131268436578171 0.38909313725490197 0.028023598820058997 0.011029411764705881
2 0.7853982300884955 0.39276960784313725 0.03392330383480826 0.013480392156862746
2 0.7912979351032449 0.36887254901960786 0.03687315634218289 0.015931372549019607
2 0.7566371681415929 0.3394607843137255 0.029498525073746312 0.013480392156862746
2 0.7898230088495575 0.3082107843137255 0.030973451327433628 0.012254901960784314
2 0.7205014749262537 0.29993872549019607 0.030973451327433628 0.012867647058823529
2 0.7787610619469026 0.28339460784313725 0.02359882005899705 0.012867647058823529
2 0.7249262536873157 0.23223039215686275 0.03392330383480826 0.013480392156862746
2 0.8097345132743363 0.24908088235294118 0.035398230088495575 0.014093137254901961
2 0.7971976401179941 0.1957720588235294 0.03392330383480826 0.015318627450980392
2 0.9056047197640118 0.18290441176470587 0.029498525073746312 0.014093137254901961
2 0.8694690265486725 0.21752450980392157 0.028023598820058997 0.011029411764705881
2 0.9144542772861357 0.29105392156862747 0.032448377581120944 0.013480392156862746
2 0.8893805309734513 0.3428308823529412 0.038348082595870206 0.017769607843137254
2 0.9203539823008849 0.39246323529411764 0.032448377581120944 0.014093137254901961
2 0.8473451327433629 0.42340686274509803 0.03982300884955752 0.015931372549019607
2 0.8856932153392331 0.4166666666666667 0.028023598820058997 0.012254901960784314
2 0.7470501474926253 0.46292892156862747 0.028023598820058997 0.011642156862745098
2 0.8628318584070797 0.4880514705882353 0.04129793510324484 0.017769607843137254
2 0.8429203539823009 0.47058823529411764 0.028023598820058997 0.013480392156862746
2 0.9004424778761062 0.4696691176470588 0.028023598820058997 0.012867647058823529
2 0.7957227138643068 0.4794730392156863 0.03392330383480826 0.012867647058823529
2 0.8001474926253688 0.5321691176470588 0.03687315634218289 0.012867647058823529
2 0.866519174041298 0.5122549019607843 0.03687315634218289 0.015931372549019607
2 0.8392330383480826 0.5039828431372549 0.032448377581120944 0.011642156862745098
2 0.8893805309734513 0.49846813725490197 0.02654867256637168 0.011642156862745098
2 0.7227138643067846 0.5303308823529411 0.035398230088495575 0.012867647058823529
2 0.6246312684365781 0.5030637254901961 0.03392330383480826 0.011029411764705881
2 0.6600294985250738 0.5315563725490196 0.03392330383480826 0.015318627450980392
2 0.5722713864306784 0.5229779411764706 0.032448377581120944 0.012867647058823529
2 0.4638643067846608 0.5833333333333334 0.030973451327433628 0.012254901960784314
2 0.41814159292035397 0.5977328431372549 0.03687315634218289 0.011642156862745098
2 0.4365781710914454 0.6240808823529411 0.0471976401179941 0.016544117647058824
2 0.3967551622418879 0.6280637254901961 0.032448377581120944 0.011029411764705881
2 0.24410029498525074 0.6341911764705882 0.030973451327433628 0.012254901960784314
2 0.27876106194690264 0.6292892156862745 0.02654867256637168 0.012254901960784314
2 0.31194690265486724 0.6283700980392157 0.028023598820058997 0.012867647058823529
2 0.3561946902654867 0.6372549019607843 0.03982300884955752 0.015931372549019607
2 0.17035398230088494 0.6473651960784313 0.03687315634218289 0.015318627450980392
2 0.23820058997050148 0.6835171568627451 0.028023598820058997 0.011642156862745098
2 0.28392330383480824 0.6841299019607843 0.03392330383480826 0.015318627450980392
2 0.35914454277286134 0.6878063725490196 0.03687315634218289 0.015318627450980392
2 0.4314159292035398 0.6746323529411765 0.028023598820058997 0.012254901960784314
2 0.4749262536873156 0.6764705882352942 0.035398230088495575 0.013480392156862746
2 0.3945427728613569 0.7003676470588235 0.022123893805309734 0.011029411764705881
2 0.4616519174041298 0.7064950980392157 0.032448377581120944 0.013480392156862746
2 0.525811209439528 0.696078431372549 0.030973451327433628 0.012254901960784314
2 0.5870206489675516 0.6954656862745098 0.038348082595870206 0.014705882352941176
2 0.21902654867256638 0.7251838235294118 0.030973451327433628 0.011642156862745098
2 0.30309734513274333 0.7267156862745098 0.025073746312684365 0.00980392156862745
2 0.34882005899705015 0.7303921568627451 0.028023598820058997 0.011029411764705881
2 0.18289085545722714 0.71875 0.02064896755162242 0.00980392156862745
2 0.16224188790560473 0.7653186274509803 0.038348082595870206 0.015931372549019607
2 0.2920353982300885 0.7579656862745098 0.038348082595870206 0.014705882352941176
2 0.3746312684365782 0.7607230392156863 0.032448377581120944 0.012867647058823529
2 0.4823008849557522 0.734375 0.035398230088495575 0.014093137254901961
2 0.4948377581120944 0.7576593137254902 0.03687315634218289 0.012867647058823529
2 0.5575221238938053 0.7481617647058824 0.04129793510324484 0.015931372549019607
2 0.609882005899705 0.7487745098039216 0.03392330383480826 0.014705882352941176
2 0.616519174041298 0.7169117647058824 0.038348082595870206 0.014705882352941176
2 0.6091445427728613 0.5723039215686274 0.035398230088495575 0.013480392156862746
2 0.721976401179941 0.5863970588235294 0.03982300884955752 0.014705882352941176
2 0.6932153392330384 0.6268382352941176 0.035398230088495575 0.014705882352941176
2 0.7558997050147492 0.6393995098039216 0.03687315634218289 0.016544117647058824
2 0.6718289085545722 0.6430759803921569 0.03392330383480826 0.012867647058823529
2 0.6946902654867256 0.6813725490196079 0.02654867256637168 0.011029411764705881
2 0.754424778761062 0.6927083333333334 0.03982300884955752 0.015318627450980392
2 0.6032448377581121 0.7647058823529411 0.029498525073746312 0.012254901960784314
2 0.6814159292035398 0.7408088235294118 0.02654867256637168 0.011029411764705881
2 0.7581120943952803 0.7454044117647058 0.038348082595870206 0.015318627450980392
2 0.7146017699115044 0.7677696078431372 0.04277286135693215 0.01715686274509804
2 0.35914454277286134 0.7901348039215687 0.028023598820058997 0.010416666666666666
2 0.4491150442477876 0.7895220588235294 0.03392330383480826 0.012867647058823529
2 0.3997050147492625 0.7993259803921569 0.029498525073746312 0.012867647058823529
2 0.19690265486725664 0.8134191176470588 0.03392330383480826 0.012867647058823529
2 0.22861356932153393 0.8051470588235294 0.029498525073746312 0.012254901960784314
2 0.2949852507374631 0.8121936274509803 0.038348082595870206 0.017769607843137254
2 0.1570796460176991 0.8014705882352942 0.028023598820058997 0.012254901960784314
2 0.16814159292035397 0.8302696078431372 0.02654867256637168 0.012254901960784314
2 0.35766961651917406 0.8327205882352942 0.028023598820058997 0.012254901960784314
2 0.5140117994100295 0.8143382352941176 0.03687315634218289 0.015931372549019607
2 0.6622418879056047 0.8023897058823529 0.035398230088495575 0.014093137254901961
2 0.7330383480825958 0.8066789215686274 0.04129793510324484 0.016544117647058824
2 0.7898230088495575 0.7337622549019608 0.025073746312684365 0.010416666666666666
2 0.7330383480825958 0.7095588235294118 0.02359882005899705 0.011029411764705881
2 0.3222713864306785 0.8290441176470588 0.03392330383480826 0.012254901960784314
2 0.334070796460177 0.8045343137254902 0.03392330383480826 0.00980392156862745
2 0.2536873156342183 0.8244485294117647 0.02654867256637168 0.009191176470588236
2 0.4269911504424779 0.8134191176470588 0.030973451327433628 0.011642156862745098
2 0.5442477876106194 0.7879901960784313 0.02654867256637168 0.00857843137254902
2 0.6216814159292036 0.8134191176470588 0.025073746312684365 0.010416666666666666
2 0.7374631268436578 0.8388480392156863 0.035398230088495575 0.012254901960784314
2 0.6275811209439528 0.8547794117647058 0.030973451327433628 0.012254901960784314
2 0.5656342182890856 0.8688725490196079 0.03392330383480826 0.013480392156862746
2 0.5117994100294985 0.8627450980392157 0.029498525073746312 0.011029411764705881
2 0.2411504424778761 0.859375 0.028023598820058997 0.011642156862745098
2 0.30383480825958703 0.8667279411764706 0.029498525073746312 0.015318627450980392
2 0.413716814159292 0.8612132352941176 0.03687315634218289 0.016544117647058824
2 0.3532448377581121 0.8746936274509803 0.04277286135693215 0.015318627450980392
2 0.2581120943952802 0.9105392156862745 0.035398230088495575 0.013480392156862746
2 0.09513274336283185 0.9191176470588235 0.03687315634218289 0.015931372549019607
2 0.19100294985250738 0.9273897058823529 0.03982300884955752 0.017769607843137254
2 0.33185840707964603 0.9231004901960784 0.032448377581120944 0.015318627450980392
2 0.3938053097345133 0.9264705882352942 0.035398230088495575 0.013480392156862746
2 0.4218289085545723 0.9178921568627451 0.029498525073746312 0.00980392156862745
2 0.4550147492625369 0.9286151960784313 0.03982300884955752 0.014093137254901961
2 0.5125368731563422 0.9178921568627451 0.028023598820058997 0.011029411764705881
2 0.521386430678466 0.9329044117647058 0.028023598820058997 0.009191176470588236
2 0.4837758112094395 0.9059436274509803 0.02064896755162242 0.010416666666666666
2 0.5966076696165191 0.9356617647058824 0.045722713864306784 0.014705882352941176
2 0.23303834808259588 0.9298406862745098 0.032448377581120944 0.012867647058823529
2 0.27359882005899705 0.8881740196078431 0.025073746312684365 0.009191176470588236
2 0.6489675516224189 0.8927696078431372 0.029498525073746312 0.011029411764705881
2 0.7330383480825958 0.8955269607843137 0.029498525073746312 0.011642156862745098
2 0.6828908554572272 0.8590686274509803 0.035398230088495575 0.012254901960784314
2 0.6814159292035398 0.8756127450980392 0.038348082595870206 0.015931372549019607
2 0.81047197640118 0.8440563725490196 0.028023598820058997 0.011642156862745098
2 0.7831858407079646 0.8783700980392156 0.032448377581120944 0.011642156862745098
2 0.7396755162241888 0.9292279411764706 0.030973451327433628 0.015318627450980392
2 0.7743362831858407 0.9270833333333334 0.038348082595870206 0.01715686274509804
2 0.7153392330383481 0.953125 0.05309734513274336 0.016544117647058824
2 0.7131268436578171 0.9739583333333334 0.030973451327433628 0.014093137254901961
2 0.9137168141592921 0.8575367647058824 0.03687315634218289 0.014093137254901961
2 0.8348082595870207 0.9310661764705882 0.032448377581120944 0.011642156862745098
2 0.7905604719764012 0.9448529411764706 0.02654867256637168 0.012254901960784314
2 0.9122418879056047 0.9292279411764706 0.03687315634218289 0.017769607843137254
2 0.9505899705014749 0.9074754901960784 0.028023598820058997 0.012254901960784314
2 0.859882005899705 0.954656862745098 0.038348082595870206 0.015931372549019607
2 0.9056047197640118 0.9586397058823529 0.02359882005899705 0.012867647058823529
2 0.8407079646017699 0.9730392156862745 0.032448377581120944 0.00980392156862745
2 0.6710914454277286 0.9580269607843137 0.02654867256637168 0.012867647058823529
2 0.8008849557522124 0.8063725490196079 0.032448377581120944 0.014705882352941176
2 0.8362831858407079 0.7962622549019608 0.029498525073746312 0.011642156862745098
2 0.8702064896755162 0.7389705882352942 0.035398230088495575 0.013480392156862746
2 0.9210914454277286 0.7889093137254902 0.03687315634218289 0.016544117647058824
2 0.866519174041298 0.6868872549019608 0.04277286135693215 0.01838235294117647
2 0.9203539823008849 0.6795343137254902 0.04129793510324484 0.01838235294117647
2 0.9387905604719764 0.6617647058823529 0.030973451327433628 0.00980392156862745
2 0.8429203539823009 0.6295955882352942 0.03982300884955752 0.017769607843137254
2 0.9528023598820059 0.6308210784313726 0.032448377581120944 0.011642156862745098
2 0.8207964601769911 0.5621936274509803 0.030973451327433628 0.012867647058823529
2 0.894542772861357 0.586703431372549 0.03982300884955752 0.015318627450980392
2 0.7890855457227138 0.6020220588235294 0.02654867256637168 0.010416666666666666
2 0.7013274336283186 0.6473651960784313 0.025073746312684365 0.012867647058823529
2 0.6430678466076696 0.5845588235294118 0.02654867256637168 0.00980392156862745
2 0.8075221238938053 0.4172794117647059 0.025073746312684365 0.00980392156862745
2 0.8067846607669616 0.4375 0.02654867256637168 0.00857843137254902
2 0.894542772861357 0.35723039215686275 0.028023598820058997 0.011029411764705881
2 0.8480825958702065 0.30269607843137253 0.02654867256637168 0.00980392156862745
2 0.6851032448377581 0.36611519607843135 0.019174041297935103 0.009191176470588236
2 0.5789085545722714 0.2104779411764706 0.03392330383480826 0.012867647058823529
2 0.2617994100294985 0.14675245098039216 0.022123893805309734 0.011642156862745098
2 0.2654867256637168 0.25306372549019607 0.032448377581120944 0.007352941176470588
2 0.15339233038348082 0.28278186274509803 0.038348082595870206 0.012867647058823529
2 0.21312684365781712 0.3949142156862745 0.030973451327433628 0.010416666666666666
2 0.20575221238938052 0.40839460784313725 0.028023598820058997 0.007965686274509803
2 0.2831858407079646 0.47058823529411764 0.02654867256637168 0.012254901960784314
2 0.4277286135693215 0.6994485294117647 0.02359882005899705 0.009191176470588236
2 0.4771386430678466 0.626531862745098 0.022123893805309734 0.010416666666666666
2 0.47050147492625366 0.6464460784313726 0.02064896755162242 0.011029411764705881
2 0.06710914454277286 0.8648897058823529 0.030973451327433628 0.011642156862745098
2 0.06342182890855458 0.758578431372549 0.029498525073746312 0.00857843137254902
2 0.21091445427728614 0.9037990196078431 0.02064896755162242 0.006127450980392157
2 0.44469026548672563 0.8814338235294118 0.03687315634218289 0.014093137254901961
2 0.6924778761061947 0.9175857843137255 0.03392330383480826 0.014093137254901961
2 0.7853982300884955 0.9552696078431372 0.03687315634218289 0.00980392156862745
2 0.9151917404129793 0.9693627450980392 0.019174041297935103 0.004901960784313725
2 0.8532448377581121 0.7068014705882353 0.030973451327433628 0.011642156862745098
2 0.9660766961651918 0.6822916666666666 0.02654867256637168 0.011642156862745098
2 0.7964601769911505 0.6792279411764706 0.029498525073746312 0.012867647058823529
2 0.8856932153392331 0.6277573529411765 0.030973451327433628 0.014093137254901961
2 0.7278761061946902 0.12622549019607843 0.028023598820058997 0.012254901960784314
2 0.31563421828908556 0.12009803921568628 0.029498525073746312 0.013480392156862746
2 0.07079646017699115 0.06587009803921569 0.02654867256637168 0.015318627450980392
2 0.07669616519174041 0.8223039215686274 0.032448377581120944 0.014705882352941176
2 0.22861356932153393 0.4733455882352941 0.032448377581120944 0.014093137254901961
2 0.21607669616519173 0.49142156862745096 0.028023598820058997 0.00857843137254902
2 0.9859882005899705 0.564031862745098 0.028023598820058997 0.017769607843137254
2 0.9144542772861357 0.696078431372549 0.032448377581120944 0.013480392156862746
2 0.193952802359882 0.8648897058823529 0.019174041297935103 0.012867647058823529
2 0.15191740412979352 0.9316789215686274 0.029498525073746312 0.016544117647058824
