2 0.5068807339449541 0.11344019728729964 0.0290519877675841 0.014796547472256474
2 0.21253822629969418 0.13070283600493218 0.04281345565749235 0.013563501849568435
2 0.16972477064220184 0.14519112207151666 0.027522935779816515 0.011713933415536375
2 0.09709480122324159 0.1402589395807645 0.022935779816513763 0.010480887792848335
2 0.12996941896024464 0.14889025893958077 0.024464831804281346 0.008014796547472256
2 0.5374617737003058 0.16985203452527745 0.03211009174311927 0.012946979038224414
2 0.38990825688073394 0.20776818742293465 0.04892966360856269 0.01972872996300863
2 0.30963302752293576 0.1898890258939581 0.0290519877675841 0.009864364981504316
2 0.6613149847094801 0.1966707768187423 0.04128440366972477 0.016029593094944512
2 0.5512232415902141 0.2629469790382244 0.05657492354740061 0.02281134401972873
2 0.6299694189602446 0.22842170160295933 0.03058103975535168 0.012946979038224414
2 0.514525993883792 0.218557336621455 0.0290519877675841 0.011713933415536375
2 0.7545871559633027 0.19512946979038226 0.0290519877675841 0.011713933415536375
2 0.8371559633027523 0.20252774352651048 0.04128440366972477 0.017879161528976572
2 0.599388379204893 0.2632552404438964 0.03363914373088685 0.011097410604192354
2 0.617737003058104 0.2746609124537608 0.045871559633027525 0.015413070283600493
2 0.6429663608562691 0.25030826140567203 0.0290519877675841 0.012330456226880395
2 0.6085626911314985 0.24722564734895192 0.039755351681957186 0.016029593094944512
2 0.30045871559633025 0.24475955610357583 0.0290519877675841 0.011097410604192354
2 0.13302752293577982 0.26942046855733665 0.027522935779816515 0.016029593094944512
2 0.11391437308868502 0.313501849568434 0.035168195718654434 0.015413070283600493
2 0.21100917431192662 0.3193588162762022 0.039755351681957186 0.012330456226880395
2 0.7614678899082569 0.34525277435265106 0.03363914373088685 0.012330456226880395
2 0.7171253822629969 0.36683107274969173 0.03669724770642202 0.014796547472256474
2 0.9724770642201835 0.3070283600493218 0.03058103975535168 0.012330456226880395
2 0.2966360856269113 0.4028976572133169 0.03669724770642202 0.010480887792848335
2 0.18042813455657492 0.42385943279901356 0.045871559633027525 0.016646115906288533
2 0.06498470948012232 0.41430332922318125 0.035168195718654434 0.014796547472256474
2 0.11926605504587157 0.3643649815043157 0.03058103975535168 0.011097410604192354
2 0.1720183486238532 0.47348951911220716 0.0382262996941896 0.012330456226880395
2 0.11697247706422019 0.5336004932182491 0.03211009174311927 0.015413070283600493
2 0.20030581039755352 0.5369913686806412 0.03363914373088685 0.011097410604192354
2 0.49617737003058104 0.5345252774352651 0.04128440366972477 0.014796547472256474
2 0.26758409785932724 0.5635018495684341 0.03669724770642202 0.014796547472256474
2 0.22553516819571864 0.5761405672009865 0.03211009174311927 0.012946979038224414
2 0.1551987767584098 0.5702836004932182 0.0290519877675841 0.009864364981504316
2 0.17584097859327216 0.5958692971639951 0.03669724770642202 0.014180024660912454
2 0.268348623853211 0.5989519112207152 0.04434250764525994 0.017879161528976572
2 0.5122324159021406 0.6316276202219482 0.03669724770642202 0.017879161528976572
2 0.46712538226299694 0.5958692971639951 0.03211009174311927 0.012946979038224414
2 0.441131498470948 0.5403822441430333 0.03211009174311927 0.014180024660912454
2 0.7140672782874617 0.5240443896424167 0.03363914373088685 0.014796547472256474
2 0.8600917431192661 0.5413070283600493 0.04128440366972477 0.017262638717632554
2 0.7958715596330276 0.5890875462392109 0.03211009174311927 0.015413070283600493
2 0.6376146788990825 0.6359432799013564 0.03363914373088685 0.011713933415536375
2 0.731651376146789 0.6491985203452528 0.0290519877675841 0.012330456226880395
2 0.8386850152905199 0.6402589395807645 0.04128440366972477 0.016646115906288533
2 0.4548929663608563 0.6901972872996301 0.035168195718654434 0.012946979038224414
2 0.22324159021406728 0.6969790382244143 0.03058103975535168 0.014180024660912454
2 0.1659021406727829 0.6938964241676943 0.02599388379204893 0.011713933415536375
2 0.10244648318042814 0.7589395807644883 0.03363914373088685 0.014796547472256474
2 0.2729357798165138 0.7429099876695437 0.02599388379204893 0.011097410604192354
2 0.6513761467889908 0.7278051787916153 0.039755351681957186 0.015413070283600493
2 0.6941896024464832 0.7056103575832305 0.03363914373088685 0.010480887792848335
2 0.7140672782874617 0.6898890258939581 0.027522935779816515 0.013563501849568435
2 0.5825688073394496 0.7422934648581998 0.03363914373088685 0.013563501849568435
2 0.6169724770642202 0.8455610357583231 0.035168195718654434 0.012946979038224414
2 0.5068807339449541 0.7623304562268804 0.03211009174311927 0.015413070283600493
2 0.4090214067278288 0.7953144266337855 0.0290519877675841 0.008631319358816277
2 0.40825688073394495 0.8541923551171393 0.03363914373088685 0.012946979038224414
2 0.31345565749235477 0.8606658446362515 0.03363914373088685 0.016029593094944512
2 0.06957186544342507 0.8504932182490752 0.0382262996941896 0.012946979038224414
2 0.24694189602446484 0.9386559802712701 0.04128440366972477 0.017879161528976572
2 0.2966360856269113 0.9472872996300863 0.03669724770642202 0.011713933415536375
2 0.459480122324159 0.9485203452527744 0.04128440366972477 0.017879161528976572
2 0.6429663608562691 0.8581997533908755 0.03211009174311927 0.013563501849568435
2 0.632262996941896 0.874845869297164 0.035168195718654434 0.016029593094944512
2 0.6697247706422018 0.87268803945746 0.03058103975535168 0.012946979038224414
2 0.7071865443425076 0.8696054254007398 0.035168195718654434 0.014180024660912454
2 0.6934250764525994 0.844019728729963 0.06269113149847094 0.009864364981504316
2 0.867737003058104 0.8560419235511714 0.0382262996941896 0.014180024660912454
2 0.8142201834862386 0.9395807644882861 0.04434250764525994 0.016029593094944512
2 0.7224770642201835 0.9559186189889026 0.04434250764525994 0.020345252774352653
2 0.9793577981651376 0.5243526510480888 0.0382262996941896 0.014180024660912454
2 0.9365443425076453 0.6365598027127004 0.035168195718654434 0.014180024660912454
2 0.9288990825688074 0.7469173859432799 0.02599388379204893 0.014180024660912454
2 0.9655963302752294 0.7614056720098644 0.022935779816513763 0.014796547472256474
2 0.45565749235474007 0.4133785450061652 0.03669724770642202 0.012946979038224414
2 0.5764525993883792 0.4102959309494451 0.03363914373088685 0.012946979038224414
2 0.8142201834862386 0.22842170160295933 0.035168195718654434 0.012946979038224414
2 0.8264525993883792 0.25400739827373614 0.0382262996941896 0.014796547472256474
2 0.47477064220183485 0.30117139334155363 0.0290519877675841 0.014180024660912454
2 0.20259938837920488 0.25709001233045625 0.03211009174311927 0.013563501849568435
2 0.3753822629969419 0.25184956843403206 0.03211009174311927 0.011713933415536375
2 0.4334862385321101 0.24290998766954378 0.0290519877675841 0.011097410604192354
2 0.5084097859327217 0.24537607891491986 0.035168195718654434 0.011097410604192354
2 0.5634556574923547 0.2466091245376079 0.03211009174311927 0.011097410604192354
2 0.3952599388379205 0.5872379778051788 0.03211009174311927 0.009247842170160296
2 0.5481651376146789 0.5483970406905055 0.04434250764525994 0.011713933415536375
2 0.10856269113149847 0.6988286066584464 0.03363914373088685 0.012946979038224414
2 0.4136085626911315 0.6957459926017263 0.0382262996941896 0.015413070283600493
2 0.3394495412844037 0.6784833538840938 0.03669724770642202 0.010480887792848335
2 0.5466360856269113 0.7040690505548706 0.04128440366972477 0.013563501849568435
2 0.3830275229357798 0.7472256473489519 0.0290519877675841 0.012330456226880395
2 0.5420489296636085 0.9318742293464858 0.05045871559633028 0.015413070283600493
2 0.6108562691131498 0.936189889025894 0.035168195718654434 0.014180024660912454
2 0.05581039755351682 0.9133785450061652 0.035168195718654434 0.014180024660912454
2 0.42660550458715596 0.6359432799013564 0.03363914373088685 0.011713933415536375
2 0.6093272171253823 0.5792231812577066 0.035168195718654434 0.012946979038224414
2 0.12079510703363915 0.06288532675709001 0.027522935779816515 0.012330456226880395
2 0.9839449541284404 0.3643649815043157 0.03211009174311927 0.016029593094944512
2 0.8975535168195719 0.592786683107275 0.03669724770642202 0.012946979038224414
2 0.15825688073394495 0.9318742293464858 0.0290519877675841 0.009247842170160296
2 0.2492354740061162 0.8692971639950678 0.021406727828746176 0.007398273736128237
2 0.386085626911315 0.36713933415536376 0.0290519877675841 0.012946979038224414
2 0.49617737003058104 0.405363748458693 0.035168195718654434 0.010480887792848335
2 0.6819571865443426 0.2746609124537608 0.03363914373088685 0.014180024660912454
2 0.518348623853211 0.5117139334155364 0.03058103975535168 0.011097410604192354
2 0.5068807339449541 0.5946362515413071 0.03211009174311927 0.011713933415536375
