2 0.21286370597243492 0.07020757020757021 0.030627871362940276 0.010989010989010988
2 0.15237366003062788 0.09035409035409035 0.026033690658499236 0.013431013431013432
2 0.17304747320061256 0.1394993894993895 0.036753445635528334 0.017704517704517704
2 0.13476263399693722 0.14072039072039072 0.033690658499234305 0.0115995115995116
2 0.0987748851454824 0.1517094017094017 0.02909647779479326 0.010378510378510378
2 0.1669218989280245 0.1581196581196581 0.033690658499234305 0.009768009768009768
2 0.2955589586523737 0.14865689865689866 0.033690658499234305 0.015262515262515262
2 0.24885145482388976 0.14102564102564102 0.03522205206738132 0.01221001221001221
2 0.1975497702909648 0.12484737484737485 0.02450229709035222 0.015262515262515262
2 0.38667687595712097 0.05891330891330891 0.03522205206738132 0.01282051282051282
2 0.4418070444104135 0.07478632478632478 0.03522205206738132 0.015262515262515262
2 0.555895865237366 0.10378510378510379 0.033690658499234305 0.013431013431013432
2 0.6194486983154671 0.11263736263736264 0.03215926493108729 0.014041514041514042
2 0.6837672281776417 0.11507936507936507 0.02909647779479326 0.014041514041514042
2 0.7243491577335376 0.037545787545787544 0.02756508422664625 0.0115995115995116
2 0.8415007656967841 0.050976800976800976 0.03215926493108729 0.0115995115995116
2 0.9050535987748852 0.14774114774114774 0.045941807044410414 0.019536019536019536
2 0.9609494640122512 0.1398046398046398 0.04747320061255743 0.017094017094017096
2 0.8644716692189893 0.15018315018315018 0.02909647779479326 0.01221001221001221
2 0.8407350689127105 0.16514041514041514 0.036753445635528334 0.01282051282051282
2 0.8047473200612558 0.17216117216117216 0.03522205206738132 0.01221001221001221
2 0.614854517611026 0.13675213675213677 0.02909647779479326 0.013431013431013432
2 0.6324655436447167 0.14377289377289376 0.02756508422664625 0.0115995115995116
2 0.7358346094946402 0.14804639804639805 0.04134762633996937 0.016483516483516484
2 0.5222052067381318 0.1394993894993895 0.033690658499234305 0.010378510378510378
2 0.4387442572741195 0.12423687423687424 0.02909647779479326 0.0115995115995116
2 0.3621745788667688 0.12484737484737485 0.03522205206738132 0.010378510378510378
2 0.3346094946401225 0.14560439560439561 0.03522205206738132 0.015262515262515262
2 0.3460949464012251 0.1623931623931624 0.033690658499234305 0.010989010989010988
2 0.45941807044410415 0.16086691086691088 0.02756508422664625 0.0115995115995116
2 0.4165390505359878 0.1794871794871795 0.030627871362940276 0.009768009768009768
2 0.3629402756508423 0.1794871794871795 0.045941807044410414 0.015873015873015872
2 0.2419601837672282 0.19383394383394384 0.036753445635528334 0.014041514041514042
2 0.3078101071975498 0.2084859584859585 0.036753445635528334 0.015262515262515262
2 0.21822358346094947 0.22313797313797315 0.03828483920367535 0.014041514041514042
2 0.14318529862174578 0.2039072039072039 0.05053598774885146 0.018315018315018316
2 0.20137825421133232 0.16697191697191696 0.04747320061255743 0.017704517704517704
2 0.496937212863706 0.17338217338217338 0.0444104134762634 0.015873015873015872
2 0.444104134762634 0.18315018315018314 0.030627871362940276 0.01221001221001221
2 0.552833078101072 0.19230769230769232 0.03981623277182236 0.017094017094017096
2 0.6140888208269526 0.1981074481074481 0.03981623277182236 0.016483516483516484
2 0.5957120980091883 0.15537240537240538 0.030627871362940276 0.009157509157509158
2 0.6929555895865238 0.14102564102564102 0.03215926493108729 0.014652014652014652
2 0.6891271056661562 0.1916971916971917 0.02450229709035222 0.009768009768009768
2 0.7404287901990811 0.1865079365079365 0.03522205206738132 0.010378510378510378
2 0.7373660030627872 0.19597069597069597 0.022970903522205207 0.008547008547008548
2 0.7603369065849924 0.20177045177045178 0.026033690658499236 0.015262515262515262
2 0.832312404287902 0.19261294261294262 0.04134762633996937 0.018925518925518924
2 0.888208269525268 0.1987179487179487 0.033690658499234305 0.01282051282051282
2 0.8169984686064319 0.21062271062271062 0.03828483920367535 0.013431013431013432
2 0.9180704441041349 0.22039072039072038 0.0444104134762634 0.018315018315018316
2 0.8499234303215927 0.2206959706959707 0.030627871362940276 0.010378510378510378
2 0.7029096477794794 0.2206959706959707 0.042879019908116385 0.015262515262515262
2 0.5811638591117918 0.21825396825396826 0.03522205206738132 0.015262515262515262
2 0.4846860643185299 0.20207570207570208 0.0444104134762634 0.015873015873015872
2 0.4349157733537519 0.22405372405372406 0.07044410413476264 0.020757020757020756
2 0.35298621745788666 0.21398046398046397 0.02909647779479326 0.0115995115995116
2 0.37136294027565087 0.24267399267399267 0.02909647779479326 0.01282051282051282
2 0.27488514548238896 0.257020757020757 0.01990811638591118 0.009768009768009768
2 0.38284839203675347 0.27045177045177043 0.036753445635528334 0.014652014652014652
2 0.42572741194486985 0.26343101343101344 0.033690658499234305 0.0115995115995116
2 0.4670750382848392 0.2454212454212454 0.036753445635528334 0.01221001221001221
2 0.4563552833078101 0.2573260073260073 0.03981623277182236 0.014041514041514042
2 0.5191424196018377 0.24847374847374848 0.042879019908116385 0.017094017094017096
2 0.5773353751914242 0.2588522588522589 0.042879019908116385 0.018315018315018316
2 0.5068912710566615 0.26526251526251526 0.042879019908116385 0.016483516483516484
2 0.5520673813169985 0.23473748473748474 0.01990811638591118 0.009157509157509158
2 0.5107197549770292 0.21916971916971917 0.04747320061255743 0.015873015873015872
2 0.7618683001531393 0.1623931623931624 0.02909647779479326 0.010989010989010988
2 0.6271056661562022 0.22374847374847376 0.0444104134762634 0.014041514041514042
2 0.6163859111791731 0.23687423687423687 0.04747320061255743 0.013431013431013432
2 0.6362940275650842 0.2576312576312576 0.026033690658499236 0.010989010989010988
2 0.667687595712098 0.26556776556776557 0.030627871362940276 0.009768009768009768
2 0.5842266462480857 0.27197802197802196 0.02909647779479326 0.0115995115995116
2 0.613323124042879 0.28174603174603174 0.02909647779479326 0.0115995115995116
2 0.6914241960183768 0.24725274725274726 0.03522205206738132 0.014652014652014652
2 0.7258805513016846 0.24786324786324787 0.02756508422664625 0.014652014652014652
2 0.7649310872894334 0.2576312576312576 0.03215926493108729 0.013431013431013432
2 0.8292496171516079 0.2442002442002442 0.03522205206738132 0.013431013431013432
2 0.934915773353752 0.2451159951159951 0.03828483920367535 0.014041514041514042
2 0.8445635528330782 0.2573260073260073 0.04747320061255743 0.017704517704517704
2 0.8085758039816233 0.27197802197802196 0.042879019908116385 0.014041514041514042
2 0.7947932618683002 0.2799145299145299 0.042879019908116385 0.014041514041514042
2 0.9180704441041349 0.27503052503052505 0.0444104134762634 0.017704517704517704
2 0.82312404287902 0.29914529914529914 0.04134762633996937 0.015873015873015872
2 0.8713629402756509 0.3052503052503053 0.042879019908116385 0.017094017094017096
2 0.939509954058193 0.2982295482295482 0.03522205206738132 0.016483516483516484
2 0.8506891271056662 0.31929181929181927 0.02909647779479326 0.007326007326007326
2 0.444104134762634 0.2838827838827839 0.02756508422664625 0.010989010989010988
2 0.4173047473200613 0.3043345543345543 0.03522205206738132 0.014041514041514042
2 0.3315467075038285 0.297008547008547 0.03215926493108729 0.01282051282051282
2 0.23889739663093415 0.304029304029304 0.030627871362940276 0.01221001221001221
2 0.38208269525267996 0.32844932844932845 0.03828483920367535 0.019536019536019536
2 0.4770290964777948 0.3025030525030525 0.03215926493108729 0.0115995115995116
2 0.5068912710566615 0.3128815628815629 0.02450229709035222 0.0115995115995116
2 0.6003062787136294 0.3046398046398046 0.02450229709035222 0.01221001221001221
2 0.4448698315467075 0.3498168498168498 0.04134762633996937 0.014652014652014652
2 0.34915773353751917 0.3522588522588523 0.02756508422664625 0.009768009768009768
2 0.2419601837672282 0.36568986568986567 0.030627871362940276 0.014652014652014652
2 0.3208269525267994 0.3696581196581197 0.03522205206738132 0.015262515262515262
2 0.1761102603369066 0.3797313797313797 0.03981623277182236 0.013431013431013432
2 0.3721286370597244 0.38522588522588525 0.036753445635528334 0.01221001221001221
2 0.42496171516079634 0.3785103785103785 0.026033690658499236 0.009768009768009768
2 0.5107197549770292 0.3733211233211233 0.03215926493108729 0.014041514041514042
2 0.5612557427258805 0.36416361416361415 0.04134762633996937 0.016483516483516484
2 0.6852986217457887 0.3537851037851038 0.02909647779479326 0.0115995115995116
2 0.7434915773353752 0.32264957264957267 0.03828483920367535 0.017704517704517704
2 0.7565084226646248 0.33821733821733824 0.036753445635528334 0.01221001221001221
2 0.8889739663093416 0.34035409035409037 0.04134762633996937 0.015262515262515262
2 0.8085758039816233 0.3244810744810745 0.02450229709035222 0.01282051282051282
2 0.6998468606431854 0.27564102564102566 0.02450229709035222 0.007936507936507936
2 0.8223583460949464 0.3492063492063492 0.033690658499234305 0.01221001221001221
2 0.7580398162327718 0.35805860805860806 0.033690658499234305 0.010378510378510378
2 0.7335375191424196 0.37423687423687424 0.03981623277182236 0.014652014652014652
2 0.8223583460949464 0.3733211233211233 0.045941807044410414 0.017704517704517704
2 0.8935681470137826 0.3611111111111111 0.03828483920367535 0.015262515262515262
2 0.9058192955589587 0.32722832722832723 0.022970903522205207 0.01221001221001221
2 0.9563552833078102 0.37576312576312576 0.03828483920367535 0.016483516483516484
2 0.8598774885145483 0.39224664224664224 0.03828483920367535 0.0115995115995116
2 0.7940275650842267 0.3894993894993895 0.03522205206738132 0.01221001221001221
2 0.599540581929556 0.3711843711843712 0.03215926493108729 0.01221001221001221
2 0.6324655436447167 0.3806471306471306 0.03981623277182236 0.016483516483516484
2 0.4663093415007657 0.38614163614163616 0.02909647779479326 0.015262515262515262
2 0.5666156202143952 0.40262515262515264 0.02756508422664625 0.0115995115995116
2 0.4226646248085758 0.3965201465201465 0.03981623277182236 0.015262515262515262
2 0.388208269525268 0.4010989010989011 0.0444104134762634 0.013431013431013432
2 0.4012251148545176 0.41086691086691085 0.033690658499234305 0.010989010989010988
2 0.4609494640122512 0.4014041514041514 0.030627871362940276 0.0115995115995116
2 0.4785604900459418 0.42277167277167277 0.03828483920367535 0.015262515262515262
2 0.6278713629402757 0.41544566544566547 0.036753445635528334 0.014041514041514042
2 0.5911179173047474 0.42735042735042733 0.036753445635528334 0.01221001221001221
2 0.5597243491577336 0.434981684981685 0.0444104134762634 0.015262515262515262
2 0.4341500765696784 0.42735042735042733 0.03522205206738132 0.01221001221001221
2 0.35758039816232773 0.4175824175824176 0.03522205206738132 0.014652014652014652
2 0.31623277182235837 0.42063492063492064 0.03828483920367535 0.014652014652014652
2 0.24732006125574274 0.44017094017094016 0.03215926493108729 0.01221001221001221
2 0.2098009188361409 0.43894993894993894 0.030627871362940276 0.01221001221001221
2 0.24961715160796324 0.41147741147741146 0.021439509954058193 0.010989010989010988
2 0.332312404287902 0.4355921855921856 0.036753445635528334 0.015262515262515262
2 0.4096477794793262 0.4410866910866911 0.0444104134762634 0.014041514041514042
2 0.503062787136294 0.4340659340659341 0.03215926493108729 0.008547008547008548
2 0.3415007656967841 0.4700854700854701 0.042879019908116385 0.015873015873015872
2 0.4111791730474732 0.47527472527472525 0.02909647779479326 0.01282051282051282
2 0.2947932618683002 0.47985347985347987 0.026033690658499236 0.013431013431013432
2 0.3683001531393568 0.4410866910866911 0.03215926493108729 0.0115995115995116
2 0.5712098009188362 0.47557997557997556 0.03981623277182236 0.014652014652014652
2 0.613323124042879 0.45787545787545786 0.03828483920367535 0.014652014652014652
2 0.496937212863706 0.4877899877899878 0.03215926493108729 0.013431013431013432
2 0.7067381316998469 0.4636752136752137 0.03522205206738132 0.014041514041514042
2 0.6929555895865238 0.47802197802197804 0.03215926493108729 0.013431013431013432
2 0.777947932618683 0.4902319902319902 0.042879019908116385 0.017094017094017096
2 0.7511485451761103 0.5006105006105006 0.02909647779479326 0.013431013431013432
2 0.7756508422664625 0.43040293040293043 0.04747320061255743 0.015873015873015872
2 0.72052067381317 0.4456654456654457 0.04747320061255743 0.014652014652014652
2 0.8667687595712098 0.4233821733821734 0.042879019908116385 0.017704517704517704
2 0.8920367534456356 0.4062881562881563 0.03215926493108729 0.01282051282051282
2 0.7320061255742726 0.40262515262515264 0.033690658499234305 0.0115995115995116
2 0.7924961715160797 0.40415140415140416 0.03828483920367535 0.01221001221001221
2 0.8238897396630934 0.4252136752136752 0.04900459418070444 0.016483516483516484
2 0.8085758039816233 0.4444444444444444 0.030627871362940276 0.01221001221001221
2 0.7825421133231241 0.46794871794871795 0.036753445635528334 0.015262515262515262
2 0.9509954058192956 0.416971916971917 0.042879019908116385 0.017094017094017096
2 0.8453292496171516 0.40934065934065933 0.02756508422664625 0.009157509157509158
2 0.9586523736600306 0.35866910866910867 0.030627871362940276 0.014041514041514042
2 0.8055130168453293 0.5173992673992674 0.03981623277182236 0.015262515262515262
2 0.8392036753445636 0.5302197802197802 0.03981623277182236 0.0115995115995116
2 0.8782542113323124 0.539072039072039 0.0444104134762634 0.014652014652014652
2 0.9196018376722818 0.5344932844932845 0.03215926493108729 0.0115995115995116
2 0.8943338437978561 0.5521978021978022 0.036753445635528334 0.009157509157509158
2 0.9387442572741195 0.5732600732600732 0.03981623277182236 0.015873015873015872
2 0.771822358346095 0.5366300366300366 0.042879019908116385 0.018315018315018316
2 0.7266462480857581 0.5369352869352869 0.03828483920367535 0.015262515262515262
2 0.4908116385911179 0.5241147741147741 0.026033690658499236 0.01282051282051282
2 0.4877488514548239 0.5613553113553114 0.04134762633996937 0.016483516483516484
2 0.7212863705972435 0.5546398046398047 0.030627871362940276 0.010378510378510378
2 0.23889739663093415 0.5299145299145299 0.036753445635528334 0.010989010989010988
2 0.37136294027565087 0.5286935286935287 0.04747320061255743 0.015873015873015872
2 0.32695252679938747 0.5299145299145299 0.03522205206738132 0.018315018315018316
2 0.3652373660030628 0.5525030525030525 0.03828483920367535 0.014652014652014652
2 0.40275650842266464 0.5387667887667887 0.02756508422664625 0.0115995115995116
2 0.33614088820826954 0.5500610500610501 0.022970903522205207 0.010989010989010988
2 0.2871362940275651 0.5482295482295483 0.026033690658499236 0.010989010989010988
2 0.17228177641653905 0.5937118437118437 0.03522205206738132 0.01282051282051282
2 0.1883614088820827 0.6071428571428571 0.030627871362940276 0.010378510378510378
2 0.1875957120980092 0.6254578754578755 0.03522205206738132 0.01282051282051282
2 0.15926493108728945 0.645909645909646 0.02450229709035222 0.009768009768009768
2 0.21745788667687596 0.6507936507936508 0.045941807044410414 0.015873015873015872
2 0.2833078101071976 0.6294261294261294 0.03981623277182236 0.015873015873015872
2 0.2871362940275651 0.6486568986568987 0.03215926493108729 0.015262515262515262
2 0.32006125574272587 0.6446886446886447 0.02756508422664625 0.01221001221001221
2 0.26033690658499237 0.6587301587301587 0.030627871362940276 0.010989010989010988
2 0.32695252679938747 0.659035409035409 0.03522205206738132 0.015262515262515262
2 0.3966309341500766 0.5729548229548229 0.03981623277182236 0.015262515262515262
2 0.3062787136294028 0.5766178266178266 0.03981623277182236 0.015262515262515262
2 0.3889739663093415 0.5918803418803419 0.033690658499234305 0.015262515262515262
2 0.3231240428790199 0.5931013431013431 0.033690658499234305 0.01282051282051282
2 0.3238897396630934 0.6031746031746031 0.022970903522205207 0.010989010989010988
2 0.5382848392036753 0.6214896214896215 0.04134762633996937 0.013431013431013432
2 0.6217457886676876 0.6254578754578755 0.030627871362940276 0.010378510378510378
2 0.5895865237366004 0.6346153846153846 0.030627871362940276 0.01282051282051282
2 0.5176110260336907 0.6462148962148963 0.042879019908116385 0.015262515262515262
2 0.44793261868300155 0.6709401709401709 0.03522205206738132 0.014652014652014652
2 0.48009188361408883 0.6599511599511599 0.026033690658499236 0.010989010989010988
2 0.4065849923430322 0.6657509157509157 0.03522205206738132 0.0115995115995116
2 0.35911179173047475 0.6684981684981685 0.026033690658499236 0.009768009768009768
2 0.30245022970903523 0.6764346764346765 0.026033690658499236 0.008547008547008548
2 0.38284839203675347 0.6984126984126984 0.03981623277182236 0.014652014652014652
2 0.4402756508422665 0.7063492063492064 0.04134762633996937 0.017094017094017096
2 0.4877488514548239 0.6840659340659341 0.03215926493108729 0.010378510378510378
2 0.5926493108728944 0.6987179487179487 0.03981623277182236 0.015262515262515262
2 0.6791730474732006 0.6565934065934066 0.04134762633996937 0.016483516483516484
2 0.6898928024502298 0.6804029304029304 0.02909647779479326 0.010378510378510378
2 0.656967840735069 0.6831501831501832 0.030627871362940276 0.010989010989010988
2 0.7825421133231241 0.6785714285714286 0.036753445635528334 0.015262515262515262
2 0.7771822358346095 0.6410256410256411 0.03828483920367535 0.015873015873015872
2 0.826186830015314 0.6330891330891331 0.04134762633996937 0.018315018315018316
2 0.7059724349157733 0.575091575091575 0.030627871362940276 0.010989010989010988
2 0.607197549770291 0.5738705738705738 0.026033690658499236 0.010989010989010988
2 0.7909647779479326 0.5631868131868132 0.03828483920367535 0.015262515262515262
2 0.8346094946401226 0.550976800976801 0.036753445635528334 0.0115995115995116
2 0.7955589586523737 0.5882173382173382 0.03828483920367535 0.014041514041514042
2 0.8683001531393568 0.5897435897435898 0.03981623277182236 0.017094017094017096
2 0.7396630934150077 0.5857753357753358 0.02756508422664625 0.010378510378510378
2 0.88208269525268 0.641941391941392 0.033690658499234305 0.015262515262515262
2 0.9127105666156202 0.6892551892551892 0.02450229709035222 0.010989010989010988
2 0.9310872894333844 0.6901709401709402 0.030627871362940276 0.015262515262515262
2 0.8683001531393568 0.7017704517704517 0.03981623277182236 0.01282051282051282
2 0.8078101071975498 0.6916971916971917 0.03828483920367535 0.01221001221001221
2 0.7358346094946402 0.6858974358974359 0.04134762633996937 0.015262515262515262
2 0.6998468606431854 0.7014652014652014 0.03981623277182236 0.015873015873015872
2 0.6684532924961716 0.7182539682539683 0.03215926493108729 0.0115995115995116
2 0.5283307810107197 0.7182539682539683 0.045941807044410414 0.016483516483516484
2 0.5122511485451762 0.7319902319902319 0.03215926493108729 0.008547008547008548
2 0.36064318529862177 0.7554945054945055 0.03522205206738132 0.014041514041514042
2 0.3415007656967841 0.7136752136752137 0.042879019908116385 0.014652014652014652
2 0.2618683001531394 0.702075702075702 0.033690658499234305 0.014652014652014652
2 0.17993874425727413 0.7063492063492064 0.03215926493108729 0.014652014652014652
2 0.2082695252679939 0.7228327228327228 0.033690658499234305 0.01221001221001221
2 0.2963246554364472 0.7164224664224664 0.03215926493108729 0.01282051282051282
2 0.3108728943338438 0.728021978021978 0.033690658499234305 0.01282051282051282
2 0.17381316998468607 0.7347374847374848 0.0444104134762634 0.016483516483516484
2 0.2320061255742726 0.75 0.04134762633996937 0.014041514041514042
2 0.3215926493108729 0.7597680097680097 0.03981623277182236 0.014041514041514042
2 0.164624808575804 0.7545787545787546 0.03522205206738132 0.017094017094017096
2 0.5007656967840736 0.7512210012210012 0.03981623277182236 0.016483516483516484
2 0.5903522205206738 0.7533577533577533 0.03215926493108729 0.014652014652014652
2 0.5673813169984686 0.7652625152625152 0.03215926493108729 0.01282051282051282
2 0.6791730474732006 0.7606837606837606 0.03215926493108729 0.01221001221001221
2 0.7603369065849924 0.7234432234432234 0.04134762633996937 0.017094017094017096
2 0.767228177641654 0.7393162393162394 0.033690658499234305 0.01221001221001221
2 0.8422664624808576 0.7228327228327228 0.042879019908116385 0.015873015873015872
2 0.9249617151607964 0.7274114774114774 0.036753445635528334 0.014041514041514042
2 0.9601837672281777 0.7356532356532357 0.036753445635528334 0.014652014652014652
2 0.9180704441041349 0.7448107448107448 0.04134762633996937 0.017094017094017096
2 0.8468606431852986 0.7438949938949939 0.03981623277182236 0.016483516483516484
2 0.8705972434915774 0.7573260073260073 0.03828483920367535 0.015262515262515262
2 0.8009188361408882 0.7576312576312576 0.03981623277182236 0.017094017094017096
2 0.7542113323124043 0.7591575091575091 0.04134762633996937 0.017704517704517704
2 0.7174578866768759 0.7493894993894994 0.03215926493108729 0.015262515262515262
2 0.5505359877488515 0.7887667887667887 0.03522205206738132 0.015873015873015872
2 0.43721286370597245 0.7811355311355311 0.04134762633996937 0.015262515262515262
2 0.7021439509954058 0.7982295482295483 0.03522205206738132 0.016483516483516484
2 0.7978560490045942 0.7765567765567766 0.036753445635528334 0.013431013431013432
2 0.8445635528330782 0.7841880341880342 0.04134762633996937 0.015262515262515262
2 0.9464012251148546 0.807997557997558 0.033690658499234305 0.015262515262515262
2 0.7496171516079633 0.8064713064713065 0.0444104134762634 0.018315018315018316
2 0.9157733537519143 0.8223443223443223 0.03981623277182236 0.015873015873015872
2 0.6179173047473201 0.8137973137973138 0.03522205206738132 0.010989010989010988
2 0.6447166921898928 0.8098290598290598 0.033690658499234305 0.0115995115995116
2 0.4770290964777948 0.8128815628815629 0.02909647779479326 0.01282051282051282
2 0.43721286370597245 0.8226495726495726 0.0444104134762634 0.016483516483516484
2 0.24042879019908117 0.7948717948717948 0.033690658499234305 0.015873015873015872
2 0.2955589586523737 0.8101343101343101 0.030627871362940276 0.01221001221001221
2 0.2304747320061256 0.8223443223443223 0.02909647779479326 0.010989010989010988
2 0.34226646248085757 0.8385225885225885 0.04134762633996937 0.014041514041514042
2 0.41500765696784075 0.8388278388278388 0.033690658499234305 0.010989010989010988
2 0.5306278713629403 0.836996336996337 0.04134762633996937 0.014652014652014652
2 0.49387442572741197 0.8492063492063492 0.03215926493108729 0.009768009768009768
2 0.4770290964777948 0.8574481074481074 0.022970903522205207 0.010378510378510378
2 0.5367534456355284 0.8568376068376068 0.03215926493108729 0.0115995115995116
2 0.4609494640122512 0.8717948717948718 0.033690658499234305 0.015873015873015872
2 0.4326186830015314 0.8775946275946276 0.026033690658499236 0.010378510378510378
2 0.3460949464012251 0.8714896214896215 0.02756508422664625 0.010378510378510378
2 0.27182235834609497 0.8556166056166056 0.02909647779479326 0.0115995115995116
2 0.3062787136294028 0.8598901098901099 0.036753445635528334 0.014041514041514042
2 0.20214395099540583 0.8562271062271062 0.030627871362940276 0.014041514041514042
2 0.26875957120980093 0.8775946275946276 0.03828483920367535 0.0115995115995116
2 0.1776416539050536 0.8754578754578755 0.036753445635528334 0.01221001221001221
2 0.16232771822358347 0.8852258852258852 0.030627871362940276 0.01221001221001221
2 0.2649310872894334 0.9044566544566545 0.030627871362940276 0.01282051282051282
2 0.44946401225114857 0.8937728937728938 0.03522205206738132 0.01221001221001221
2 0.495405819295559 0.9026251526251526 0.03522205206738132 0.014041514041514042
2 0.5275650842266463 0.8794261294261294 0.03828483920367535 0.015262515262515262
2 0.601071975497703 0.8733211233211233 0.0444104134762634 0.016483516483516484
2 0.6508422664624809 0.8653846153846154 0.03981623277182236 0.014041514041514042
2 0.7496171516079633 0.8397435897435898 0.0444104134762634 0.014041514041514042
2 0.8721286370597244 0.8263125763125763 0.03522205206738132 0.015262515262515262
2 0.6845329249617151 0.8522588522588522 0.045941807044410414 0.015873015873015872
2 0.7021439509954058 0.8714896214896215 0.03828483920367535 0.01282051282051282
2 0.7557427258805514 0.8666056166056166 0.02909647779479326 0.014041514041514042
2 0.8085758039816233 0.8653846153846154 0.036753445635528334 0.016483516483516484
2 0.8399693721286371 0.8598901098901099 0.03522205206738132 0.01282051282051282
2 0.9241960183767228 0.8461538461538461 0.02909647779479326 0.01221001221001221
2 0.8407350689127105 0.8360805860805861 0.033690658499234305 0.0115995115995116
2 0.877488514548239 0.8757631257631258 0.04900459418070444 0.016483516483516484
2 0.12327718223583461 0.06471306471306472 0.053598774885145486 0.015873015873015872
2 0.24042879019908117 0.15598290598290598 0.042879019908116385 0.016483516483516484
2 0.3506891271056662 0.2612942612942613 0.03981623277182236 0.010989010989010988
2 0.9295558958652375 0.3882783882783883 0.033690658499234305 0.014652014652014652
2 0.9777947932618684 0.40354090354090355 0.02909647779479326 0.013431013431013432
2 0.1209800918836141 0.48443223443223443 0.02450229709035222 0.01282051282051282
2 0.715926493108729 0.4835164835164835 0.03522205206738132 0.010989010989010988
2 0.7978560490045942 0.5463980463980463 0.030627871362940276 0.014652014652014652
2 0.25344563552833077 0.7136752136752137 0.04134762633996937 0.01221001221001221
2 0.830781010719755 0.6498778998778999 0.03215926493108729 0.015262515262515262
2 0.6699846860643186 0.8000610500610501 0.026033690658499236 0.010378510378510378
2 0.9188361408882083 0.8601953601953602 0.030627871362940276 0.010989010989010988
2 0.06738131699846861 0.8827838827838828 0.036753445635528334 0.013431013431013432
2 0.9701378254211332 0.9398656898656899 0.03215926493108729 0.010378510378510378
2 0.6875957120980092 0.9847374847374848 0.045941807044410414 0.01221001221001221
