2 0.24135220125786164 0.03449310137972405 0.0330188679245283 0.012597480503899219
2 0.08097484276729561 0.0674865026994601 0.04245283018867925 0.013797240551889621
2 0.1957547169811321 0.061487702459508096 0.0330188679245283 0.010197960407918415
2 0.14150943396226415 0.0698860227954409 0.03459119496855346 0.011397720455908818
2 0.20440251572327045 0.09118176364727054 0.031446540880503145 0.014397120575884822
2 0.13757861635220126 0.09388122375524895 0.036163522012578615 0.013797240551889621
2 0.18632075471698115 0.11007798440311936 0.039308176100628936 0.014997000599880022
2 0.15251572327044027 0.11367726454709057 0.031446540880503145 0.012597480503899219
2 0.12028301886792453 0.14637072585482902 0.04245283018867925 0.016796640671865627
2 0.21069182389937108 0.15266946610677865 0.04088050314465409 0.016196760647870425
2 0.29009433962264153 0.15626874625074982 0.04874213836477988 0.014997000599880022
2 0.4056603773584906 0.1469706058788242 0.03459119496855346 0.011997600479904018
2 0.47641509433962265 0.13827234553089382 0.04402515723270441 0.014997000599880022
2 0.5204402515723271 0.0677864427114577 0.03773584905660378 0.016796640671865627
2 0.6713836477987422 0.04799040191961607 0.031446540880503145 0.015596880623875223
2 0.824685534591195 0.0674865026994601 0.039308176100628936 0.014997000599880022
2 0.9103773584905661 0.07798440311937611 0.03773584905660378 0.013197360527894421
2 0.7877358490566038 0.10257948410317935 0.03773584905660378 0.013197360527894421
2 0.8718553459119497 0.10467906418716257 0.04874213836477988 0.017396520695860826
2 0.9591194968553459 0.09718056388722254 0.031446540880503145 0.014397120575884822
2 0.8726415094339623 0.13437312537492502 0.04088050314465409 0.014397120575884822
2 0.9229559748427674 0.11637672465506897 0.03459119496855346 0.013197360527894421
2 0.9488993710691824 0.14247150569886022 0.04245283018867925 0.016196760647870425
2 0.45518867924528306 0.11217756448710257 0.039308176100628936 0.011997600479904018
2 0.4284591194968554 0.18326334733053387 0.039308176100628936 0.014997000599880022
2 0.4056603773584906 0.1910617876424715 0.03459119496855346 0.012597480503899219
2 0.5495283018867925 0.18056388722255548 0.039308176100628936 0.015596880623875223
2 0.49528301886792453 0.1979604079184163 0.031446540880503145 0.011997600479904018
2 0.2468553459119497 0.1988602279544091 0.04088050314465409 0.017396520695860826
2 0.29245283018867924 0.1931613677264547 0.03773584905660378 0.011997600479904018
2 0.02437106918238994 0.1955608878224355 0.04245283018867925 0.014397120575884822
2 0.19261006289308177 0.21745650869826033 0.039308176100628936 0.017396520695860826
2 0.014150943396226415 0.23365326934613076 0.025157232704402517 0.012597480503899219
2 0.09355345911949686 0.22615476904619075 0.04245283018867925 0.01919616076784643
2 0.050314465408805034 0.23485302939412114 0.02830188679245283 0.011397720455908818
2 0.2830188679245283 0.23425314937012595 0.03773584905660378 0.013797240551889621
2 0.4481132075471698 0.21505698860227954 0.04088050314465409 0.014997000599880022
2 0.6014150943396227 0.20785842831433712 0.0330188679245283 0.014997000599880022
2 0.7484276729559749 0.1922615476904619 0.04402515723270441 0.018596280743851227
2 0.8105345911949686 0.18296340731853628 0.0330188679245283 0.011997600479904018
2 0.6690251572327044 0.21385722855428912 0.04245283018867925 0.013797240551889621
2 0.7004716981132075 0.21175764847030593 0.039308176100628936 0.014397120575884822
2 0.8577044025157233 0.2054589082183563 0.05188679245283019 0.01979604079184163
2 0.8301886792452831 0.21925614877024593 0.04716981132075472 0.016196760647870425
2 0.7602201257861636 0.21385722855428912 0.045597484276729564 0.014997000599880022
2 0.8797169811320755 0.22915416916616674 0.039308176100628936 0.013197360527894421
2 0.8946540880503145 0.262747450509898 0.050314465408805034 0.015596880623875223
2 0.8270440251572327 0.2591481703659268 0.04402515723270441 0.015596880623875223
2 0.7272012578616353 0.23755248950209956 0.04245283018867925 0.016796640671865627
2 0.7264150943396227 0.2561487702459508 0.04402515723270441 0.013197360527894421
2 0.6525157232704403 0.23575284943011396 0.03773584905660378 0.015596880623875223
2 0.544811320754717 0.23875224955008997 0.0330188679245283 0.013197360527894421
2 0.5990566037735849 0.262747450509898 0.04716981132075472 0.016796640671865627
2 0.5117924528301887 0.23605278944211155 0.036163522012578615 0.014997000599880022
2 0.44103773584905664 0.23245350929814035 0.0330188679245283 0.012597480503899219
2 0.39308176100628933 0.24235152969406118 0.04088050314465409 0.017996400719856028
2 0.4127358490566038 0.24925014997000597 0.036163522012578615 0.014997000599880022
2 0.46226415094339623 0.2528494301139772 0.04716981132075472 0.020995800839832032
2 0.3309748427672956 0.23635272945410915 0.036163522012578615 0.016796640671865627
2 0.31525157232704404 0.2564487102579484 0.036163522012578615 0.011397720455908818
2 0.21776729559748428 0.2654469106178764 0.039308176100628936 0.011397720455908818
2 0.0919811320754717 0.2576484703059388 0.04874213836477988 0.020995800839832032
2 0.184748427672956 0.24835032993401318 0.0330188679245283 0.015596880623875223
2 0.12971698113207547 0.24445110977804438 0.0330188679245283 0.012597480503899219
2 0.1320754716981132 0.29844031193761245 0.04402515723270441 0.017396520695860826
2 0.2279874213836478 0.289742051589682 0.03459119496855346 0.013197360527894421
2 0.2610062893081761 0.29544091181763643 0.04402515723270441 0.013797240551889621
2 0.3466981132075472 0.2738452309538092 0.039308176100628936 0.014997000599880022
2 0.3089622641509434 0.28794241151769645 0.036163522012578615 0.014397120575884822
2 0.38522012578616355 0.27444511097780444 0.02830188679245283 0.012597480503899219
2 0.369496855345912 0.2606478704259148 0.02830188679245283 0.011397720455908818
2 0.43003144654088055 0.2960407918416316 0.039308176100628936 0.012597480503899219
2 0.29638364779874216 0.3200359928014397 0.039308176100628936 0.013797240551889621
2 0.3569182389937107 0.31403719256148765 0.04088050314465409 0.014997000599880022
2 0.2319182389937107 0.3167366526694661 0.029874213836477988 0.010797840431913616
2 0.18003144654088052 0.32123575284943007 0.036163522012578615 0.017396520695860826
2 0.027515723270440252 0.3116376724655069 0.045597484276729564 0.014997000599880022
2 0.12185534591194969 0.3248350329934013 0.039308176100628936 0.013797240551889621
2 0.1430817610062893 0.35692861427714456 0.04088050314465409 0.017996400719856028
2 0.02358490566037736 0.36352729454109173 0.04088050314465409 0.015596880623875223
2 0.09433962264150944 0.36382723455308935 0.03773584905660378 0.01979604079184163
2 0.06289308176100629 0.38362327534493096 0.04088050314465409 0.014997000599880022
2 0.21933962264150944 0.35482903419316136 0.036163522012578615 0.012597480503899219
2 0.264937106918239 0.36262747450509897 0.04245283018867925 0.016196760647870425
2 0.23349056603773585 0.37582483503299335 0.036163522012578615 0.011397720455908818
2 0.31053459119496857 0.35452909418116374 0.0330188679245283 0.010797840431913616
2 0.35927672955974843 0.36802639472105575 0.045597484276729564 0.016196760647870425
2 0.5125786163522013 0.30833833233353325 0.050314465408805034 0.017996400719856028
2 0.6029874213836478 0.28164367126574685 0.026729559748427674 0.011397720455908818
2 0.5778301886792453 0.29784043191361725 0.039308176100628936 0.010197960407918415
2 0.24371069182389937 0.23485302939412114 0.03773584905660378 0.014997000599880022
2 0.6894654088050315 0.29724055188962206 0.04245283018867925 0.013797240551889621
2 0.7382075471698114 0.30923815236952606 0.04245283018867925 0.013797240551889621
2 0.6517295597484277 0.31283743251349727 0.045597484276729564 0.014997000599880022
2 0.60062893081761 0.3218356328734253 0.04402515723270441 0.014997000599880022
2 0.8341194968553459 0.29424115176964605 0.055031446540880505 0.017396520695860826
2 0.8781446540880503 0.277744451109778 0.039308176100628936 0.011997600479904018
2 0.75 0.3473305338932213 0.04402515723270441 0.013197360527894421
2 0.9103773584905661 0.3662267546490702 0.04716981132075472 0.017396520695860826
2 0.7845911949685535 0.36952609478104376 0.03459119496855346 0.010797840431913616
2 0.6768867924528302 0.36712657468506293 0.039308176100628936 0.014397120575884822
2 0.5534591194968553 0.37282543491301734 0.04088050314465409 0.013797240551889621
2 0.44654088050314467 0.37312537492501496 0.04402515723270441 0.015596880623875223
2 0.37735849056603776 0.4088182363527294 0.03459119496855346 0.013797240551889621
2 0.21933962264150944 0.40641871625674864 0.036163522012578615 0.016196760647870425
2 0.10141509433962265 0.403119376124775 0.04874213836477988 0.017996400719856028
2 0.022012578616352203 0.42651469706058787 0.04088050314465409 0.014397120575884822
2 0.07940251572327045 0.42681463707258543 0.045597484276729564 0.017396520695860826
2 0.17767295597484278 0.43221355728854227 0.04402515723270441 0.014997000599880022
2 0.33805031446540884 0.4217156568686262 0.031446540880503145 0.011997600479904018
2 0.46540880503144655 0.40431913617276544 0.031446540880503145 0.015596880623875223
2 0.5055031446540881 0.3839232153569286 0.036163522012578615 0.011997600479904018
2 0.6336477987421384 0.36952609478104376 0.03459119496855346 0.013197360527894421
2 0.6108490566037736 0.37462507498500297 0.039308176100628936 0.011397720455908818
2 0.5660377358490566 0.3341331733653269 0.03459119496855346 0.011997600479904018
2 0.5723270440251572 0.3515296940611877 0.03459119496855346 0.013197360527894421
2 0.49056603773584906 0.36352729454109173 0.03459119496855346 0.011997600479904018
2 0.46540880503144655 0.3494301139772045 0.031446540880503145 0.013797240551889621
2 0.43553459119496857 0.34523095380923813 0.02830188679245283 0.012597480503899219
2 0.4968553459119497 0.3500299940011997 0.031446540880503145 0.010197960407918415
2 0.8254716981132076 0.379124175164967 0.04402515723270441 0.016796640671865627
2 0.7806603773584906 0.3977204559088182 0.05188679245283019 0.017996400719856028
2 0.8742138364779874 0.4217156568686262 0.04716981132075472 0.016796640671865627
2 0.9221698113207548 0.38512297540491897 0.029874213836477988 0.011997600479904018
2 0.8687106918238994 0.37252549490101977 0.036163522012578615 0.013197360527894421
2 0.7586477987421384 0.4295140971805638 0.04245283018867925 0.010797840431913616
2 0.6768867924528302 0.42351529694061185 0.04874213836477988 0.015596880623875223
2 0.5644654088050315 0.4259148170365926 0.03773584905660378 0.014397120575884822
2 0.5055031446540881 0.42231553689262147 0.036163522012578615 0.013197360527894421
2 0.449685534591195 0.4481103779244151 0.03459119496855346 0.014397120575884822
2 0.1556603773584906 0.4556088782243551 0.02830188679245283 0.010197960407918415
2 0.19261006289308177 0.4556088782243551 0.02358490566037736 0.011397720455908818
2 0.264937106918239 0.4625074985002999 0.036163522012578615 0.013197360527894421
2 0.3970125786163522 0.4607078584283143 0.045597484276729564 0.013197360527894421
2 0.32704402515723274 0.4580083983203359 0.03459119496855346 0.011397720455908818
2 0.3569182389937107 0.4580083983203359 0.031446540880503145 0.012597480503899219
2 0.23270440251572327 0.4769046190761847 0.04088050314465409 0.010797840431913616
2 0.08018867924528303 0.44181163767246545 0.03459119496855346 0.011397720455908818
2 0.09905660377358491 0.4562087582483503 0.03773584905660378 0.011397720455908818
2 0.13522012578616352 0.4730053989202159 0.04402515723270441 0.014997000599880022
2 0.036949685534591194 0.4622075584883023 0.04245283018867925 0.016196760647870425
2 0.07075471698113207 0.47960407918416315 0.04088050314465409 0.014997000599880022
2 0.1627358490566038 0.49820035992801437 0.039308176100628936 0.012597480503899219
2 0.2759433962264151 0.48230353929214154 0.036163522012578615 0.014397120575884822
2 0.31525157232704404 0.48290341931613673 0.036163522012578615 0.011997600479904018
2 0.25707547169811323 0.49010197960407914 0.029874213836477988 0.011997600479904018
2 0.02358490566037736 0.5008998200359928 0.03459119496855346 0.013197360527894421
2 0.07154088050314465 0.5191961607678464 0.029874213836477988 0.012597480503899219
2 0.05817610062893082 0.5371925614877024 0.04402515723270441 0.013797240551889621
2 0.2468553459119497 0.5305938812237552 0.04088050314465409 0.013797240551889621
2 0.4339622641509434 0.49160167966406715 0.04402515723270441 0.016196760647870425
2 0.36006289308176104 0.48590281943611274 0.031446540880503145 0.010797840431913616
2 0.38443396226415094 0.4913017396520695 0.0330188679245283 0.010797840431913616
2 0.5817610062893082 0.4595080983803239 0.04402515723270441 0.017996400719856028
2 0.6768867924528302 0.4592081583683263 0.026729559748427674 0.011397720455908818
2 0.7067610062893083 0.4559088182363527 0.039308176100628936 0.014397120575884822
2 0.7028301886792453 0.4727054589082183 0.04716981132075472 0.014397120575884822
2 0.7916666666666667 0.47180563887222554 0.04245283018867925 0.013797240551889621
2 0.7751572327044025 0.4445110977804439 0.03773584905660378 0.013197360527894421
2 0.8938679245283019 0.45050989802039587 0.04245283018867925 0.016796640671865627
2 0.8183962264150944 0.41631673665266944 0.039308176100628936 0.014397120575884822
2 0.8309748427672956 0.4577084583083383 0.0330188679245283 0.011997600479904018
2 0.7814465408805031 0.49250149970005996 0.04088050314465409 0.015596880623875223
2 0.6446540880503145 0.48290341931613673 0.03459119496855346 0.010797840431913616
2 0.5471698113207547 0.5215956808638272 0.04088050314465409 0.014997000599880022
2 0.6061320754716981 0.5197960407918416 0.0330188679245283 0.011397720455908818
2 0.6611635220125787 0.5215956808638272 0.039308176100628936 0.014997000599880022
2 0.7209119496855346 0.5107978404319136 0.036163522012578615 0.010197960407918415
2 0.7327044025157233 0.5341931613677264 0.04088050314465409 0.013797240551889621
2 0.7169811320754718 0.5482903419316136 0.031446540880503145 0.010797840431913616
2 0.690251572327044 0.5332933413317336 0.03459119496855346 0.014397120575884822
2 0.7594339622641509 0.5221955608878224 0.031446540880503145 0.012597480503899219
2 0.7822327044025158 0.5167966406718656 0.0330188679245283 0.012597480503899219
2 0.8364779874213837 0.49070185962807433 0.04088050314465409 0.013197360527894421
2 0.8364779874213837 0.5212957408518296 0.04716981132075472 0.015596880623875223
2 0.7932389937106918 0.541991601679664 0.036163522012578615 0.014997000599880022
2 0.8380503144654089 0.5410917816436712 0.04716981132075472 0.01919616076784643
2 0.3812893081761006 0.5362927414517096 0.0330188679245283 0.011997600479904018
2 0.29559748427672955 0.541991601679664 0.03773584905660378 0.011397720455908818
2 0.3498427672955975 0.5512897420515896 0.04245283018867925 0.013197360527894421
2 0.19025157232704404 0.5617876424715057 0.031446540880503145 0.011397720455908818
2 0.28459119496855345 0.5854829034193161 0.03459119496855346 0.013197360527894421
2 0.33333333333333337 0.5695860827834432 0.03773584905660378 0.014997000599880022
2 0.4481132075471698 0.5548890221955608 0.04088050314465409 0.016796640671865627
2 0.4261006289308176 0.5653869226154769 0.03773584905660378 0.012597480503899219
2 0.4033018867924529 0.5575884823035392 0.0330188679245283 0.012597480503899219
2 0.4677672955974843 0.5698860227954409 0.0330188679245283 0.014397120575884822
2 0.4827044025157233 0.5863827234553088 0.04716981132075472 0.014997000599880022
2 0.6415094339622642 0.5638872225554888 0.03459119496855346 0.013197360527894421
2 0.5589622641509434 0.5929814037192561 0.04874213836477988 0.018596280743851227
2 0.6352201257861636 0.5842831433713257 0.031446540880503145 0.014397120575884822
2 0.7727987421383649 0.5707858428314336 0.04245283018867925 0.014997000599880022
2 0.8262578616352202 0.577984403119376 0.039308176100628936 0.012597480503899219
2 0.8757861635220127 0.5725854829034193 0.04088050314465409 0.016196760647870425
2 0.9378930817610064 0.5743851229754049 0.026729559748427674 0.011397720455908818
2 0.9033018867924528 0.5902819436112777 0.039308176100628936 0.013197360527894421
2 0.8600628930817611 0.5986802639472105 0.04402515723270441 0.015596880623875223
2 0.794811320754717 0.6094781043791241 0.045597484276729564 0.013197360527894421
2 0.6871069182389937 0.6022795440911817 0.04716981132075472 0.017996400719856028
2 0.714622641509434 0.6130773845230953 0.04245283018867925 0.016796640671865627
2 0.8254716981132076 0.6298740251949609 0.03773584905660378 0.013197360527894421
2 0.9622641509433962 0.6115776844631073 0.04716981132075472 0.014997000599880022
2 0.8867924528301887 0.6391721655668866 0.04716981132075472 0.013797240551889621
2 0.9394654088050315 0.6277744451109778 0.04245283018867925 0.013797240551889621
2 0.7688679245283019 0.6349730053989202 0.05660377358490566 0.02699460107978404
2 0.6407232704402516 0.6271745650869825 0.0330188679245283 0.014997000599880022
2 0.5966981132075472 0.6235752849430114 0.04245283018867925 0.016196760647870425
2 0.43003144654088055 0.6181763647270545 0.04874213836477988 0.016196760647870425
2 0.544811320754717 0.6397720455908817 0.05188679245283019 0.016196760647870425
2 0.46933962264150947 0.6322735452909417 0.045597484276729564 0.015596880623875223
2 0.18867924528301888 0.6256748650269945 0.04402515723270441 0.014397120575884822
2 0.24213836477987422 0.6316736652669466 0.04088050314465409 0.013197360527894421
2 0.33726415094339623 0.6316736652669466 0.04245283018867925 0.015596880623875223
2 0.2861635220125786 0.6310737852429513 0.04716981132075472 0.015596880623875223
2 0.059748427672955975 0.5917816436712657 0.03773584905660378 0.016196760647870425
2 0.09669811320754718 0.5998800239952009 0.04245283018867925 0.013197360527894421
2 0.029874213836477988 0.6142771445710857 0.04088050314465409 0.014397120575884822
2 0.09433962264150944 0.6214757048590281 0.04088050314465409 0.013197360527894421
2 0.15408805031446543 0.6391721655668866 0.03773584905660378 0.014997000599880022
2 0.02358490566037736 0.6424715056988601 0.03773584905660378 0.011997600479904018
2 0.07075471698113207 0.6439712057588481 0.04088050314465409 0.016196760647870425
2 0.10141509433962265 0.6544691061787642 0.036163522012578615 0.013197360527894421
2 0.08018867924528303 0.6664667066586683 0.050314465408805034 0.015596880623875223
2 0.30817610062893086 0.6589682063587282 0.05660377358490566 0.016196760647870425
2 0.37028301886792453 0.6574685062987402 0.039308176100628936 0.014397120575884822
2 0.45833333333333337 0.6580683863227353 0.029874213836477988 0.013197360527894421
2 0.619496855345912 0.6454709058188361 0.04402515723270441 0.015596880623875223
2 0.6918238993710693 0.6472705458908218 0.04402515723270441 0.016796640671865627
2 0.8160377358490567 0.6637672465506899 0.04088050314465409 0.012597480503899219
2 0.8632075471698114 0.6679664067186563 0.04716981132075472 0.014997000599880022
2 0.9488993710691824 0.6649670065986802 0.036163522012578615 0.014997000599880022
2 0.6595911949685535 0.6715656868626274 0.036163522012578615 0.011397720455908818
2 0.7232704402515724 0.6838632273545291 0.031446540880503145 0.011997600479904018
2 0.7767295597484277 0.6970605878824234 0.03459119496855346 0.011997600479904018
2 0.6533018867924528 0.6916616676664666 0.0330188679245283 0.008398320335932814
2 0.48742138364779874 0.674865026994601 0.031446540880503145 0.010797840431913616
2 0.5086477987421384 0.6577684463107378 0.04874213836477988 0.013797240551889621
2 0.32232704402515727 0.6754649070185962 0.03773584905660378 0.013197360527894421
2 0.41352201257861637 0.6757648470305938 0.04402515723270441 0.014997000599880022
2 0.3836477987421384 0.6964607078584283 0.050314465408805034 0.016796640671865627
2 0.4756289308176101 0.695860827834433 0.0330188679245283 0.015596880623875223
2 0.5306603773584906 0.6865626874625075 0.029874213836477988 0.013797240551889621
2 0.5589622641509434 0.6877624475104979 0.029874213836477988 0.014997000599880022
2 0.5235849056603774 0.7033593281343731 0.04716981132075472 0.016196760647870425
2 0.449685534591195 0.7144571085782843 0.04402515723270441 0.015596880623875223
2 0.3317610062893082 0.7099580083983202 0.04716981132075472 0.014997000599880022
2 0.22169811320754718 0.6949610077984403 0.04088050314465409 0.016196760647870425
2 0.14229559748427673 0.6925614877024594 0.04245283018867925 0.013797240551889621
2 0.1588050314465409 0.673365326934613 0.03773584905660378 0.013797240551889621
2 0.0479559748427673 0.6829634073185362 0.04245283018867925 0.014997000599880022
2 0.04874213836477988 0.7099580083983202 0.04402515723270441 0.012597480503899219
2 0.09905660377358491 0.7255548890221954 0.04402515723270441 0.017396520695860826
2 0.24842767295597484 0.7222555488902219 0.04088050314465409 0.016796640671865627
2 0.1949685534591195 0.7309538092381523 0.031446540880503145 0.010197960407918415
2 0.2562893081761006 0.7408518296340731 0.04088050314465409 0.013197360527894421
2 0.39937106918238996 0.7195560887822435 0.03773584905660378 0.014997000599880022
2 0.4253144654088051 0.7420515896820635 0.039308176100628936 0.013197360527894421
2 0.5566037735849056 0.7321535692861427 0.04088050314465409 0.013797240551889621
2 0.5998427672955975 0.7036592681463707 0.036163522012578615 0.011997600479904018
2 0.6540880503144655 0.7105578884223155 0.04088050314465409 0.013797240551889621
2 0.7059748427672956 0.6970605878824234 0.031446540880503145 0.011997600479904018
2 0.6281446540880503 0.7291541691661667 0.04245283018867925 0.013797240551889621
2 0.6690251572327044 0.7273545290941811 0.036163522012578615 0.012597480503899219
2 0.878930817610063 0.6985602879424114 0.04088050314465409 0.016196760647870425
2 0.9276729559748428 0.6871625674865026 0.04716981132075472 0.014997000599880022
2 0.8537735849056605 0.7219556088782243 0.04088050314465409 0.014997000599880022
2 0.7594339622641509 0.7060587882423515 0.03459119496855346 0.015596880623875223
2 0.7853773584905661 0.7324535092981403 0.04245283018867925 0.015596880623875223
2 0.7106918238993711 0.7327534493101379 0.03459119496855346 0.017396520695860826
2 0.7421383647798743 0.7315536892621475 0.025157232704402517 0.013797240551889621
2 0.6729559748427674 0.7489502099580083 0.03459119496855346 0.013797240551889621
2 0.6572327044025158 0.7570485902819436 0.04402515723270441 0.011997600479904018
2 0.6666666666666667 0.7696460707858428 0.031446540880503145 0.011997600479904018
2 0.6430817610062893 0.7816436712657467 0.04088050314465409 0.013197360527894421
2 0.7004716981132075 0.7798440311937612 0.036163522012578615 0.011997600479904018
2 0.7578616352201258 0.7474505098980203 0.04088050314465409 0.016796640671865627
2 0.7775157232704403 0.762747450509898 0.04245283018867925 0.013797240551889621
2 0.8168238993710693 0.7459508098380323 0.039308176100628936 0.013797240551889621
2 0.8466981132075472 0.7516496700659867 0.036163522012578615 0.015596880623875223
2 0.9103773584905661 0.7375524895020995 0.03773584905660378 0.011397720455908818
2 0.9764150943396227 0.7360527894421115 0.04716981132075472 0.01919616076784643
2 0.9103773584905661 0.7600479904019195 0.05660377358490566 0.017996400719856028
2 0.9127358490566039 0.7774445110977803 0.036163522012578615 0.013197360527894421
2 0.7696540880503145 0.7870425914817036 0.04245283018867925 0.013197360527894421
2 0.729559748427673 0.7990401919616076 0.04402515723270441 0.015596880623875223
2 0.4968553459119497 0.7846430713857228 0.04716981132075472 0.016796640671865627
2 0.46305031446540884 0.7381523695260948 0.039308176100628936 0.012597480503899219
2 0.3144654088050315 0.7603479304139171 0.025157232704402517 0.012597480503899219
2 0.27044025157232704 0.7687462507498499 0.04716981132075472 0.014997000599880022
2 0.21619496855345913 0.762747450509898 0.04874213836477988 0.016196760647870425
2 0.029874213836477988 0.7453509298140372 0.031446540880503145 0.011397720455908818
2 0.04088050314465409 0.7735452909418116 0.03459119496855346 0.011397720455908818
2 0.07311320754716981 0.7663467306538692 0.039308176100628936 0.013797240551889621
2 0.08411949685534592 0.7954409118176364 0.04245283018867925 0.013197360527894421
2 0.14465408805031446 0.801739652069586 0.04716981132075472 0.017396520695860826
2 0.2028301886792453 0.7810437912417516 0.03773584905660378 0.013197360527894421
2 0.19261006289308177 0.816736652669466 0.04245283018867925 0.013797240551889621
2 0.2240566037735849 0.79874025194961 0.04874213836477988 0.014997000599880022
2 0.39622641509433965 0.8008398320335932 0.050314465408805034 0.016796640671865627
2 0.3577044025157233 0.837732453509298 0.04245283018867925 0.016196760647870425
2 0.2610062893081761 0.8194361127774444 0.05660377358490566 0.016796640671865627
2 0.31839622641509435 0.7861427714457108 0.05188679245283019 0.018596280743851227
2 0.2908805031446541 0.7981403719256148 0.04088050314465409 0.017396520695860826
2 0.5353773584905661 0.81373725254949 0.04245283018867925 0.014997000599880022
2 0.5408805031446541 0.7963407318536292 0.050314465408805034 0.017396520695860826
2 0.4897798742138365 0.8200359928014397 0.0330188679245283 0.010797840431913616
2 0.5841194968553459 0.8155368926214757 0.029874213836477988 0.012597480503899219
2 0.6383647798742139 0.8095380923815236 0.050314465408805034 0.014997000599880022
2 0.6533018867924528 0.8305338932213556 0.04245283018867925 0.013797240551889621
2 0.7287735849056605 0.8191361727654468 0.039308176100628936 0.011397720455908818
2 0.8474842767295598 0.794241151769646 0.050314465408805034 0.01919616076784643
2 0.9528301886792453 0.810737852429514 0.04716981132075472 0.016196760647870425
2 0.7987421383647799 0.80623875224955 0.03459119496855346 0.010797840431913616
2 0.7853773584905661 0.815236952609478 0.0330188679245283 0.011997600479904018
2 0.8419811320754718 0.8251349730053988 0.045597484276729564 0.017396520695860826
2 0.9017295597484277 0.8266346730653868 0.036163522012578615 0.015596880623875223
2 0.8702830188679246 0.8428314337132573 0.0330188679245283 0.014397120575884822
2 0.800314465408805 0.8548290341931613 0.04716981132075472 0.015596880623875223
2 0.7256289308176102 0.8380323935212957 0.0330188679245283 0.009598080383923215
2 0.6823899371069183 0.8599280143971205 0.04088050314465409 0.014997000599880022
2 0.5833333333333334 0.8452309538092381 0.03773584905660378 0.013197360527894421
2 0.42688679245283023 0.8476304739052188 0.04245283018867925 0.015596880623875223
2 0.33018867924528306 0.8245350929814037 0.03773584905660378 0.016196760647870425
2 0.39072327044025157 0.8179364127174564 0.029874213836477988 0.010197960407918415
2 0.279874213836478 0.8380323935212957 0.03459119496855346 0.013197360527894421
2 0.23270440251572327 0.8425314937012597 0.03459119496855346 0.012597480503899219
2 0.12578616352201258 0.8299340131973605 0.03459119496855346 0.013797240551889621
2 0.08411949685534592 0.8314337132573485 0.055031446540880505 0.016796640671865627
2 0.06525157232704402 0.8476304739052188 0.036163522012578615 0.011997600479904018
2 0.06367924528301887 0.8593281343731253 0.04874213836477988 0.013797240551889621
2 0.07704402515723272 0.874625074985003 0.04088050314465409 0.011997600479904018
2 0.16823899371069184 0.839232153569286 0.031446540880503145 0.013197360527894421
2 0.19732704402515724 0.8545290941811637 0.045597484276729564 0.013797240551889621
2 0.13364779874213836 0.8644271145770845 0.050314465408805034 0.015596880623875223
2 0.1949685534591195 0.8782243551289741 0.04402515723270441 0.015596880623875223
2 0.14386792452830188 0.8911217756448709 0.04245283018867925 0.017396520695860826
2 0.08805031446540881 0.9004199160167966 0.04402515723270441 0.015596880623875223
2 0.049528301886792456 0.9172165566886622 0.0330188679245283 0.013197360527894421
2 0.19968553459119498 0.8977204559088182 0.031446540880503145 0.014997000599880022
2 0.2641509433962264 0.8662267546490701 0.03773584905660378 0.011997600479904018
2 0.3207547169811321 0.8659268146370726 0.04716981132075472 0.016196760647870425
2 0.34355345911949686 0.8548290341931613 0.036163522012578615 0.013197360527894421
2 0.46933962264150947 0.8587282543491301 0.04245283018867925 0.013797240551889621
2 0.5306603773584906 0.8734253149370125 0.045597484276729564 0.013197360527894421
2 0.5581761006289309 0.907618476304739 0.04088050314465409 0.014397120575884822
2 0.6816037735849056 0.9052189562087581 0.04245283018867925 0.014397120575884822
2 0.7712264150943396 0.8923215356928613 0.04874213836477988 0.014997000599880022
2 0.5290880503144655 0.9244151169766046 0.04245283018867925 0.015596880623875223
2 0.2389937106918239 0.8974205158968206 0.03459119496855346 0.017996400719856028
2 0.2940251572327044 0.9028194361127774 0.03773584905660378 0.010797840431913616
2 0.3058176100628931 0.8878224355128973 0.039308176100628936 0.015596880623875223
2 0.2751572327044025 0.8788242351529694 0.03459119496855346 0.011997600479904018
2 0.1430817610062893 0.9244151169766046 0.04088050314465409 0.010797840431913616
2 0.20833333333333334 0.9373125374925014 0.04245283018867925 0.014997000599880022
2 0.06682389937106918 0.9499100179964006 0.039308176100628936 0.014997000599880022
2 0.025157232704402517 0.9589082183563287 0.03459119496855346 0.012597480503899219
2 0.184748427672956 0.9595080983803238 0.039308176100628936 0.012597480503899219
2 0.22720125786163523 0.9553089382123574 0.036163522012578615 0.012597480503899219
2 0.2586477987421384 0.9319136172765446 0.04245283018867925 0.012597480503899219
2 0.3569182389937107 0.9403119376124774 0.050314465408805034 0.017396520695860826
2 0.2688679245283019 0.9532093581283743 0.04402515723270441 0.015596880623875223
2 0.3089622641509434 0.9424115176964606 0.04245283018867925 0.011997600479904018
2 0.31839622641509435 0.9247150569886022 0.0330188679245283 0.011397720455908818
2 0.4528301886792453 0.9670065986802638 0.04088050314465409 0.016796640671865627
2 0.6344339622641509 0.9613077384523094 0.045597484276729564 0.016196760647870425
2 0.6855345911949686 0.9235152969406119 0.05660377358490566 0.017396520695860826
2 0.7405660377358491 0.9118176364727054 0.04402515723270441 0.013197360527894421
2 0.7303459119496856 0.9520095980803839 0.039308176100628936 0.015596880623875223
2 0.6910377358490566 0.9718056388722255 0.039308176100628936 0.010797840431913616
2 0.4127358490566038 0.9418116376724655 0.04874213836477988 0.015596880623875223
2 0.5125786163522013 0.960107978404319 0.04088050314465409 0.014997000599880022
2 0.3970125786163522 0.9700059988002399 0.039308176100628936 0.013197360527894421
2 0.3577044025157233 0.9580083983203359 0.04245283018867925 0.011997600479904018
2 0.3144654088050315 0.9682063587282542 0.03459119496855346 0.011997600479904018
2 0.20204402515723272 0.9772045590881823 0.039308176100628936 0.013197360527894421
2 0.2389937106918239 0.9670065986802638 0.031446540880503145 0.009598080383923215
2 0.6823899371069183 0.946610677864427 0.03459119496855346 0.013197360527894421
2 0.7382075471698114 0.9298140371925614 0.029874213836477988 0.010797840431913616
2 0.8985849056603774 0.9262147570485902 0.045597484276729564 0.016796640671865627
2 0.8883647798742139 0.8632273545290942 0.03773584905660378 0.014397120575884822
2 0.9433962264150944 0.8626274745050989 0.025157232704402517 0.014397120575884822
2 0.8294025157232705 0.8728254349130173 0.04245283018867925 0.013197360527894421
2 0.7437106918238994 0.8683263347330533 0.03773584905660378 0.010197960407918415
2 0.6965408805031447 0.8869226154769045 0.04088050314465409 0.012597480503899219
2 0.6069182389937108 0.8641271745650869 0.031446540880503145 0.011397720455908818
2 0.7492138364779874 0.8524295140971805 0.036163522012578615 0.010797840431913616
2 0.8419811320754718 0.9283143371325734 0.036163522012578615 0.010197960407918415
2 0.7916666666666667 0.9427114577084582 0.036163522012578615 0.011397720455908818
2 0.8584905660377359 0.952609478104379 0.04402515723270441 0.014397120575884822
2 0.8011006289308177 0.9688062387522495 0.0330188679245283 0.010797840431913616
2 0.8294025157232705 0.909118176364727 0.039308176100628936 0.010197960407918415
2 0.5055031446540881 0.7576484703059387 0.04245283018867925 0.011997600479904018
2 0.3286163522012579 0.7363527294541091 0.03773584905660378 0.012597480503899219
2 0.154874213836478 0.9397120575884822 0.036163522012578615 0.012597480503899219
2 0.13364779874213836 0.9610077984403118 0.03459119496855346 0.011997600479904018
2 0.46619496855345915 0.9904019196160767 0.0330188679245283 0.013197360527894421
2 0.5817610062893082 0.9760047990401919 0.04716981132075472 0.011997600479904018
2 0.8938679245283019 0.9592081583683263 0.039308176100628936 0.013197360527894421
2 0.8875786163522013 0.8911217756448709 0.039308176100628936 0.014997000599880022
2 0.5621069182389937 0.8830233953209358 0.029874213836477988 0.013197360527894421
2 0.46855345911949686 0.8008398320335932 0.031446540880503145 0.009598080383923215
2 0.05188679245283019 0.795740851829634 0.031446540880503145 0.013797240551889621
2 0.03380503144654088 0.8053389322135572 0.045597484276729564 0.013797240551889621
2 0.02437106918238994 0.8872225554889022 0.039308176100628936 0.011997600479904018
2 0.3860062893081761 0.8632273545290942 0.02358490566037736 0.009598080383923215
2 0.22955974842767296 0.5947810437912417 0.04402515723270441 0.016196760647870425
2 0.3946540880503145 0.5773845230953809 0.03773584905660378 0.008998200359928014
2 0.4811320754716981 0.49490101979604073 0.031446540880503145 0.011997600479904018
2 0.3144654088050315 0.5173965206958608 0.031446540880503145 0.012597480503899219
2 0.7279874213836478 0.49280143971205753 0.04088050314465409 0.013797240551889621
2 0.8663522012578617 0.4799040191961607 0.04088050314465409 0.016796640671865627
2 0.8867924528301887 0.5347930413917216 0.031446540880503145 0.013797240551889621
2 0.8805031446540881 0.555488902219556 0.031446540880503145 0.011997600479904018
2 0.7083333333333334 0.3854229154169166 0.039308176100628936 0.014997000599880022
2 0.839622641509434 0.3557288542291541 0.025157232704402517 0.011997600479904018
2 0.5644654088050315 0.3995200959808038 0.03459119496855346 0.011997600479904018
2 0.434748427672956 0.4709058188362327 0.029874213836477988 0.009598080383923215
2 0.12971698113207547 0.3833233353329334 0.039308176100628936 0.013197360527894421
2 0.6761006289308177 0.3464307138572285 0.02830188679245283 0.012597480503899219
2 0.8294025157232705 0.3356328734253149 0.036163522012578615 0.011397720455908818
2 0.9323899371069183 0.23125374925014994 0.031446540880503145 0.008998200359928014
2 0.4968553459119497 0.2600479904019196 0.03773584905660378 0.012597480503899219
2 0.5573899371069183 0.25734853029394117 0.029874213836477988 0.013197360527894421
2 0.29952830188679247 0.20845830833833232 0.036163522012578615 0.014997000599880022
2 0.2138364779874214 0.1859628074385123 0.04402515723270441 0.011997600479904018
2 0.7940251572327044 0.1451709658068386 0.03459119496855346 0.015596880623875223
2 0.14779874213836477 0.22225554889022195 0.02830188679245283 0.011397720455908818
2 0.11635220125786164 0.12447510497900419 0.03459119496855346 0.010197960407918415
2 0.5 0.2876424715056988 0.02830188679245283 0.011397720455908818
2 0.60062893081761 0.34043191361727654 0.03773584905660378 0.013797240551889621
2 0.4001572327044025 0.3683263347330534 0.0330188679245283 0.010797840431913616
2 0.16037735849056606 0.3983203359328134 0.031446540880503145 0.010797840431913616
2 0.12421383647798742 0.4280143971205759 0.04088050314465409 0.012597480503899219
2 0.21147798742138366 0.46460707858428313 0.04245283018867925 0.014997000599880022
2 0.09748427672955975 0.5770845830833833 0.03459119496855346 0.011997600479904018
2 0.6265723270440252 0.676364727054589 0.029874213836477988 0.011397720455908818
2 0.3789308176100629 0.6367726454709057 0.02830188679245283 0.010197960407918415
2 0.6187106918238994 0.9121175764847029 0.036163522012578615 0.011397720455908818
2 0.5723270440251572 0.951109778044391 0.03773584905660378 0.012597480503899219
2 0.5015723270440252 0.9403119376124774 0.03773584905660378 0.014997000599880022
2 0.4606918238993711 0.9520095980803839 0.02830188679245283 0.008398320335932814
2 0.794811320754717 0.6793641271745651 0.0330188679245283 0.014997000599880022
2 0.7067610062893083 0.6646670665866826 0.036163522012578615 0.013197360527894421
2 0.7397798742138365 0.662867426514697 0.029874213836477988 0.014397120575884822
2 0.25707547169811323 0.6589682063587282 0.039308176100628936 0.014997000599880022
2 0.12028301886792453 0.6685662867426514 0.029874213836477988 0.010197960407918415
2 0.019654088050314468 0.7267546490701859 0.036163522012578615 0.018596280743851227
2 0.13757861635220126 0.5923815236952609 0.029874213836477988 0.010197960407918415
2 0.26572327044025157 0.3428314337132573 0.02830188679245283 0.011397720455908818
2 0.10062893081761007 0.3359328134373125 0.03773584905660378 0.011997600479904018
2 0.34355345911949686 0.29634073185362925 0.02358490566037736 0.009598080383923215
2 0.6957547169811321 0.15146970605878823 0.029874213836477988 0.011397720455908818
2 0.3805031446540881 0.921115776844631 0.031446540880503145 0.013797240551889621
2 0.6273584905660378 0.9247150569886022 0.03773584905660378 0.011397720455908818
2 0.4449685534591195 0.7816436712657467 0.02830188679245283 0.011997600479904018
2 0.2830188679245283 0.17216556688662266 0.031446540880503145 0.011997600479904018
2 0.14072327044025157 0.16346730653869224 0.0330188679245283 0.012597480503899219
2 0.529874213836478 0.1322735452909418 0.031446540880503145 0.011397720455908818
2 0.7987421383647799 0.23095380923815234 0.031446540880503145 0.009598080383923215
2 0.8860062893081762 0.24415116976604678 0.029874213836477988 0.013197360527894421
2 0.04323899371069183 0.44121175764847026 0.029874213836477988 0.010197960407918415
2 0.08333333333333334 0.9199160167966406 0.04088050314465409 0.011397720455908818
2 0.08883647798742139 0.931613677264547 0.036163522012578615 0.010797840431913616
2 0.9386792452830189 0.2018596280743851 0.02830188679245283 0.007798440311937611
2 0.9371069182389937 0.21535692861427713 0.05660377358490566 0.016796640671865627
2 0.9316037735849058 0.27294541091781643 0.026729559748427674 0.013197360527894421
2 0.7853773584905661 0.24445110977804438 0.036163522012578615 0.013797240551889621
2 0.11006289308176101 0.2108578284343131 0.031446540880503145 0.010197960407918415
2 0.539308176100629 0.2714457108578284 0.031446540880503145 0.012597480503899219
2 0.1029874213836478 0.29904019196160764 0.0330188679245283 0.017396520695860826
2 0.18238993710691825 0.34253149370125974 0.031446540880503145 0.014397120575884822
2 0.43317610062893086 0.3920215956808638 0.036163522012578615 0.011397720455908818
2 0.8380503144654089 0.3959208158368326 0.050314465408805034 0.015596880623875223
2 0.05581761006289308 0.4019196160767846 0.04245283018867925 0.014397120575884822
2 0.13443396226415094 0.44241151769646064 0.039308176100628936 0.012597480503899219
2 0.34905660377358494 0.5170965806838632 0.04088050314465409 0.013197360527894421
2 0.055031446540880505 0.5599880023995201 0.03773584905660378 0.011397720455908818
2 0.31918238993710696 0.5491901619676064 0.031446540880503145 0.014997000599880022
2 0.36635220125786166 0.6247750449910018 0.02830188679245283 0.011397720455908818
2 0.8388364779874214 0.6982603479304138 0.036163522012578615 0.016796640671865627
2 0.9378930817610064 0.7018596280743851 0.06132075471698113 0.015596880623875223
2 0.5833333333333334 0.7432513497300539 0.04088050314465409 0.011997600479904018
2 0.9827044025157233 0.7972405518896221 0.03459119496855346 0.014397120575884822
2 0.9866352201257862 0.8248350329934012 0.026729559748427674 0.016796640671865627
2 0.9308176100628931 0.8365326934613077 0.04716981132075472 0.016196760647870425
2 0.2586477987421384 0.9187162567486502 0.06132075471698113 0.011397720455908818
2 0.17452830188679247 0.9073185362927414 0.03459119496855346 0.012597480503899219
2 0.10220125786163523 0.9616076784643071 0.025157232704402517 0.013197360527894421
2 0.2783018867924528 0.9775044991001799 0.031446540880503145 0.008998200359928014
2 0.022012578616352203 0.9421115776844631 0.04088050314465409 0.014997000599880022
