2 0.2530395136778115 0.07506127450980392 0.05015197568389058 0.015318627450980392
2 0.5957446808510638 0.0664828431372549 0.03951367781155015 0.012867647058823529
2 0.6960486322188449 0.06311274509803921 0.0364741641337386 0.014705882352941176
2 0.8556231003039514 0.0744485294117647 0.03951367781155015 0.015318627450980392
2 0.7507598784194529 0.08731617647058823 0.0486322188449848 0.014093137254901961
2 0.7059270516717325 0.08700980392156862 0.028875379939209727 0.00980392156862745
2 0.9110942249240122 0.08854166666666667 0.031914893617021274 0.011642156862745098
2 0.9171732522796353 0.13174019607843138 0.041033434650455926 0.015931372549019607
2 0.7218844984802432 0.1326593137254902 0.04559270516717325 0.015318627450980392
2 0.60790273556231 0.1409313725490196 0.03343465045592705 0.013480392156862746
2 0.5212765957446809 0.13143382352941177 0.0425531914893617 0.016544117647058824
2 0.5486322188449848 0.15104166666666666 0.0364741641337386 0.012867647058823529
2 0.8677811550151976 0.16789215686274508 0.03951367781155015 0.01715686274509804
2 0.9270516717325228 0.18841911764705882 0.03951367781155015 0.014093137254901961
2 0.709726443768997 0.18474264705882354 0.0364741641337386 0.016544117647058824
2 0.44148936170212766 0.1246936274509804 0.028875379939209727 0.014093137254901961
2 0.43617021276595747 0.06525735294117647 0.02735562310030395 0.011642156862745098
2 0.39361702127659576 0.0625 0.03343465045592705 0.012254901960784314
2 0.18693009118541035 0.18504901960784315 0.0425531914893617 0.014705882352941176
2 0.378419452887538 0.1875 0.0364741641337386 0.01715686274509804
2 0.3541033434650456 0.2417279411764706 0.030395136778115502 0.011642156862745098
2 0.6162613981762918 0.25183823529411764 0.037993920972644375 0.015931372549019607
2 0.8024316109422492 0.26256127450980393 0.0425531914893617 0.014093137254901961
2 0.6770516717325228 0.3011642156862745 0.041033434650455926 0.016544117647058824
2 0.5463525835866261 0.29993872549019607 0.031914893617021274 0.011642156862745098
2 0.9316109422492401 0.3048406862745098 0.0425531914893617 0.014093137254901961
2 0.8366261398176291 0.3023897058823529 0.037993920972644375 0.018995098039215685
2 0.3252279635258359 0.3520220588235294 0.03951367781155015 0.011642156862745098
2 0.16489361702127658 0.36917892156862747 0.034954407294832825 0.015318627450980392
2 0.09346504559270517 0.30300245098039214 0.034954407294832825 0.016544117647058824
2 0.4703647416413374 0.3526348039215686 0.034954407294832825 0.012867647058823529
2 0.5539513677811551 0.3648897058823529 0.041033434650455926 0.014093137254901961
2 0.8214285714285714 0.3483455882352941 0.028875379939209727 0.011642156862745098
2 0.9407294832826748 0.3486519607843137 0.0364741641337386 0.013480392156862746
2 0.8708206686930091 0.3639705882352941 0.0364741641337386 0.013480392156862746
2 0.7917933130699089 0.39797794117647056 0.0486322188449848 0.015318627450980392
2 0.9012158054711246 0.4169730392156863 0.05167173252279635 0.018995098039215685
2 0.668693009118541 0.41390931372549017 0.0364741641337386 0.014093137254901961
2 0.6717325227963525 0.38204656862745096 0.03951367781155015 0.014093137254901961
2 0.6170212765957447 0.4319852941176471 0.03951367781155015 0.015931372549019607
2 0.22112462006079028 0.4105392156862745 0.037993920972644375 0.015931372549019607
2 0.10106382978723404 0.4151348039215686 0.031914893617021274 0.014093137254901961
2 0.2074468085106383 0.4767156862745098 0.034954407294832825 0.013480392156862746
2 0.11854103343465046 0.5303308823529411 0.02735562310030395 0.011642156862745098
2 0.13145896656534956 0.4987745098039216 0.037993920972644375 0.014705882352941176
2 0.20896656534954408 0.5349264705882353 0.044072948328267476 0.013480392156862746
2 0.1405775075987842 0.5597426470588235 0.044072948328267476 0.018995098039215685
2 0.08738601823708207 0.6917892156862745 0.04711246200607903 0.015931372549019607
2 0.5600303951367781 0.5814950980392157 0.031914893617021274 0.012254901960784314
2 0.8381458966565349 0.5287990196078431 0.041033434650455926 0.014705882352941176
2 0.7629179331306991 0.430453431372549 0.04559270516717325 0.016544117647058824
2 0.9460486322188449 0.4856004901960784 0.044072948328267476 0.015318627450980392
2 0.8442249240121581 0.4806985294117647 0.037993920972644375 0.015318627450980392
2 0.8290273556231003 0.4960171568627451 0.034954407294832825 0.012867647058823529
2 0.810790273556231 0.5854779411764706 0.05015197568389058 0.016544117647058824
2 0.5866261398176291 0.5199142156862745 0.03951367781155015 0.014093137254901961
2 0.6884498480243161 0.5367647058823529 0.030395136778115502 0.013480392156862746
2 0.6519756838905775 0.5772058823529411 0.0425531914893617 0.012254901960784314
2 0.7401215805471124 0.5572916666666666 0.0425531914893617 0.011642156862745098
2 0.8092705167173252 0.5557598039215687 0.034954407294832825 0.012254901960784314
2 0.7401215805471124 0.5768995098039216 0.04559270516717325 0.016544117647058824
2 0.8442249240121581 0.5707720588235294 0.041033434650455926 0.015318627450980392
2 0.8974164133738601 0.6017156862745098 0.034954407294832825 0.015931372549019607
2 0.8541033434650456 0.6032475490196079 0.0364741641337386 0.016544117647058824
2 0.7940729483282675 0.6032475490196079 0.041033434650455926 0.014093137254901961
2 0.851063829787234 0.6357230392156863 0.0425531914893617 0.015318627450980392
2 0.6694528875379939 0.6161151960784313 0.031914893617021274 0.017769607843137254
2 0.6884498480243161 0.6498161764705882 0.0364741641337386 0.012867647058823529
2 0.7446808510638298 0.6461397058823529 0.0364741641337386 0.018995098039215685
2 0.8829787234042553 0.704656862745098 0.0486322188449848 0.01715686274509804
2 0.8191489361702128 0.704656862745098 0.030395136778115502 0.013480392156862746
2 0.5683890577507599 0.7015931372549019 0.04559270516717325 0.01838235294117647
2 0.5159574468085106 0.7113970588235294 0.037993920972644375 0.015931372549019607
2 0.6268996960486323 0.7089460784313726 0.034954407294832825 0.013480392156862746
2 0.6907294832826748 0.7071078431372549 0.037993920972644375 0.013480392156862746
2 0.7424012158054711 0.7178308823529411 0.037993920972644375 0.015318627450980392
2 0.7287234042553191 0.7466299019607843 0.034954407294832825 0.015318627450980392
2 0.7788753799392097 0.7496936274509803 0.031914893617021274 0.015318627450980392
2 0.6185410334346505 0.7438725490196079 0.03343465045592705 0.013480392156862746
2 0.6952887537993921 0.7607230392156863 0.034954407294832825 0.016544117647058824
2 0.5045592705167173 0.7490808823529411 0.0364741641337386 0.011642156862745098
2 0.8700607902735562 0.7974877450980392 0.037993920972644375 0.02022058823529412
2 0.7895136778115501 0.8189338235294118 0.041033434650455926 0.014093137254901961
2 0.6375379939209727 0.8091299019607843 0.044072948328267476 0.014093137254901961
2 0.6945288753799392 0.8501838235294118 0.0486322188449848 0.017769607843137254
2 0.5630699088145896 0.8201593137254902 0.037993920972644375 0.016544117647058824
2 0.23860182370820668 0.8780637254901961 0.030395136778115502 0.013480392156862746
2 0.14437689969604864 0.8814338235294118 0.03343465045592705 0.009191176470588236
2 0.057750759878419454 0.9114583333333334 0.03951367781155015 0.012867647058823529
2 0.14209726443768997 0.9136029411764706 0.034954407294832825 0.012254901960784314
2 0.16261398176291794 0.928921568627451 0.03951367781155015 0.011029411764705881
2 0.2188449848024316 0.9175857843137255 0.0425531914893617 0.018995098039215685
2 0.29939209726443766 0.9240196078431372 0.03343465045592705 0.012254901960784314
2 0.3601823708206687 0.9264705882352942 0.03951367781155015 0.013480392156862746
2 0.25 0.8085171568627451 0.037993920972644375 0.015318627450980392
2 0.019756838905775075 0.7319240196078431 0.03343465045592705 0.017769607843137254
2 0.028875379939209727 0.7953431372549019 0.030395136778115502 0.013480392156862746
2 0.14817629179331307 0.8216911764705882 0.04711246200607903 0.01715686274509804
2 0.037993920972644375 0.8219975490196079 0.04559270516717325 0.016544117647058824
2 0.5395136778115501 0.9344362745098039 0.05167173252279635 0.020833333333333332
2 0.6542553191489362 0.9506740196078431 0.044072948328267476 0.017769607843137254
2 0.7993920972644377 0.953125 0.03951367781155015 0.016544117647058824
2 0.7629179331306991 0.9669117647058824 0.05167173252279635 0.015931372549019607
2 0.9209726443768997 0.9365808823529411 0.03951367781155015 0.017769607843137254
2 0.6238601823708206 0.6544117647058824 0.034954407294832825 0.014705882352941176
2 0.48024316109422494 0.6810661764705882 0.03951367781155015 0.014093137254901961
2 0.7348024316109423 0.10998774509803921 0.034954407294832825 0.011642156862745098
2 0.8487841945288753 0.09436274509803921 0.037993920972644375 0.012254901960784314
2 0.8404255319148937 0.11029411764705882 0.03951367781155015 0.00980392156862745
2 0.7887537993920972 0.15042892156862744 0.03343465045592705 0.014093137254901961
2 0.27279635258358664 0.1246936274509804 0.034954407294832825 0.012867647058823529
2 0.25 0.1792279411764706 0.041033434650455926 0.015318627450980392
2 0.11474164133738601 0.23560049019607843 0.034954407294832825 0.015318627450980392
2 0.49012158054711247 0.23988970588235295 0.028875379939209727 0.010416666666666666
2 0.71580547112462 0.24724264705882354 0.0364741641337386 0.014093137254901961
2 0.776595744680851 0.2974877450980392 0.03343465045592705 0.014093137254901961
2 0.7036474164133738 0.4650735294117647 0.0243161094224924 0.011029411764705881
2 0.047872340425531915 0.7748161764705882 0.041033434650455926 0.014093137254901961
2 0.10182370820668693 0.7833946078431372 0.0364741641337386 0.015318627450980392
2 0.5227963525835866 0.8753063725490196 0.04559270516717325 0.014093137254901961
2 0.6800911854103343 0.8783700980392156 0.034954407294832825 0.012867647058823529
2 0.6276595744680851 0.8995098039215687 0.0425531914893617 0.01715686274509804
2 0.7477203647416414 0.8946078431372549 0.0425531914893617 0.01715686274509804
2 0.7272036474164134 0.9414828431372549 0.037993920972644375 0.015318627450980392
2 0.8381458966565349 0.9203431372549019 0.034954407294832825 0.014705882352941176
2 0.3799392097264438 0.25275735294117646 0.02735562310030395 0.011642156862745098
2 0.5851063829787234 0.18229166666666666 0.030395136778115502 0.014093137254901961
2 0.790273556231003 0.07475490196078431 0.03951367781155015 0.012254901960784314
2 0.8335866261398176 0.056372549019607844 0.037993920972644375 0.013480392156862746
2 0.7446808510638298 0.06893382352941177 0.0364741641337386 0.014093137254901961
2 0.33890577507598785 0.14246323529411764 0.030395136778115502 0.009191176470588236
2 0.324468085106383 0.18106617647058823 0.025835866261398176 0.014093137254901961
2 0.5965045592705167 0.30637254901960786 0.041033434650455926 0.011029411764705881
2 0.4886018237082067 0.3020833333333333 0.031914893617021274 0.015931372549019607
2 0.39285714285714285 0.45465686274509803 0.028875379939209727 0.012254901960784314
2 0.2256838905775076 0.548406862745098 0.034954407294832825 0.014705882352941176
2 0.6056231003039514 0.5756740196078431 0.034954407294832825 0.014093137254901961
2 0.6048632218844985 0.5591299019607843 0.030395136778115502 0.014093137254901961
2 0.5585106382978723 0.633578431372549 0.034954407294832825 0.012254901960784314
2 0.5243161094224924 0.6528799019607843 0.0364741641337386 0.014093137254901961
2 0.8411854103343465 0.8560049019607843 0.037993920972644375 0.015931372549019607
2 0.4316109422492401 0.757046568627451 0.03343465045592705 0.015318627450980392
2 0.29027355623100304 0.5741421568627451 0.030395136778115502 0.013480392156862746
2 0.2743161094224924 0.5119485294117647 0.022796352583586626 0.009191176470588236
2 0.189209726443769 0.5143995098039216 0.04711246200607903 0.018995098039215685
2 0.29027355623100304 0.3786764705882353 0.03343465045592705 0.014705882352941176
2 0.3191489361702128 0.3700980392156863 0.03951367781155015 0.013480392156862746
2 0.3601823708206687 0.3697916666666667 0.030395136778115502 0.014093137254901961
2 0.7720364741641338 0.36642156862745096 0.0425531914893617 0.013480392156862746
2 0.9148936170212766 0.3949142156862745 0.0364741641337386 0.015318627450980392
2 0.8951367781155015 0.24724264705882354 0.03343465045592705 0.012867647058823529
2 0.7811550151975684 0.6773897058823529 0.03343465045592705 0.014093137254901961
2 0.4194528875379939 0.6924019607843137 0.0364741641337386 0.011029411764705881
2 0.12462006079027356 0.18321078431372548 0.0364741641337386 0.015931372549019607
2 0.1534954407294833 0.6155024509803921 0.0364741641337386 0.010416666666666666
2 0.07218844984802432 0.6283700980392157 0.031914893617021274 0.012867647058823529
2 0.9407294832826748 0.5652573529411765 0.03343465045592705 0.012867647058823529
2 0.7857142857142857 0.09558823529411764 0.0425531914893617 0.01715686274509804
2 0.8844984802431611 0.06341911764705882 0.03343465045592705 0.012867647058823529
2 0.3427051671732523 0.3802083333333333 0.044072948328267476 0.011642156862745098
2 0.013677811550151976 0.6050857843137255 0.0243161094224924 0.016544117647058824
2 0.22796352583586627 0.9273897058823529 0.03343465045592705 0.012867647058823529
