2 0.052173913043478265 0.08659217877094973 0.04173913043478261 0.01675977653631285
2 0.3365217391304348 0.07697082557417753 0.043478260869565216 0.0148975791433892
2 0.8130434782608696 0.03786468032278088 0.036521739130434785 0.0148975791433892
2 0.9113043478260869 0.037243947858473 0.052173913043478265 0.0148975791433892
2 0.9582608695652174 0.04500310366232154 0.03130434782608696 0.010552451893234015
2 0.8043478260869565 0.07728119180633147 0.029565217391304348 0.011793916821849782
2 0.6382608695652174 0.11576660459342024 0.02782608695652174 0.015518311607697082
2 0.3904347826086957 0.11514587212911236 0.036521739130434785 0.014276846679081317
2 0.04782608695652174 0.13159528243327126 0.04 0.013656114214773432
2 0.10521739130434783 0.1632526381129733 0.043478260869565216 0.01738050900062073
2 0.028695652173913046 0.20204841713221602 0.043478260869565216 0.018001241464928614
2 0.2817391304347826 0.21260086902545003 0.034782608695652174 0.010552451893234015
2 0.49043478260869566 0.22129112352576039 0.034782608695652174 0.011793916821849782
2 0.611304347826087 0.22377405338299192 0.036521739130434785 0.01303538175046555
2 0.5634782608695652 0.14556176288019862 0.03130434782608696 0.01303538175046555
2 0.4504347826086957 0.1319056486654252 0.03130434782608696 0.014276846679081317
2 0.4886956521739131 0.11018001241464928 0.03130434782608696 0.011793916821849782
2 0.7843478260869565 0.14835505896958412 0.03826086956521739 0.012414649286157667
2 0.8052173913043479 0.10800744878957169 0.03130434782608696 0.012414649286157667
2 0.7695652173913043 0.12135319677219118 0.043478260869565216 0.014276846679081317
2 0.8956521739130435 0.20608317815021726 0.03826086956521739 0.013656114214773432
2 0.7869565217391304 0.2138423339540658 0.029565217391304348 0.011793916821849782
2 0.64 0.19335816263190564 0.03826086956521739 0.014276846679081317
2 0.9217391304347826 0.2957790192427064 0.03826086956521739 0.015518311607697082
2 0.7426086956521739 0.30446927374301674 0.034782608695652174 0.014276846679081317
2 0.4565217391304348 0.3261949099937927 0.04 0.015518311607697082
2 0.17130434782608697 0.24612042209807572 0.03304347826086956 0.010552451893234015
2 0.831304347826087 0.2936064556176288 0.02782608695652174 0.0111731843575419
2 0.9165217391304348 0.33116076970825575 0.04521739130434783 0.01675977653631285
2 0.8330434782608696 0.3410924891371819 0.04869565217391304 0.01675977653631285
2 0.7060869565217391 0.33550589695841093 0.03130434782608696 0.01303538175046555
2 0.26260869565217393 0.2957790192427064 0.034782608695652174 0.01303538175046555
2 0.2843478260869565 0.38361266294227186 0.050434782608695654 0.013656114214773432
2 0.7269565217391305 0.35567970204841715 0.03130434782608696 0.0148975791433892
2 0.7965217391304348 0.37306021104903786 0.052173913043478265 0.01738050900062073
2 0.922608695652174 0.36561142147734327 0.029565217391304348 0.009931719428926133
2 0.9052173913043479 0.3479205462445686 0.03304347826086956 0.010552451893234015
2 0.7913043478260869 0.35133457479826197 0.034782608695652174 0.0111731843575419
2 0.7347826086956522 0.3904407200496586 0.026086956521739132 0.009931719428926133
2 0.831304347826087 0.39168218497827434 0.034782608695652174 0.012414649286157667
2 0.8617391304347827 0.4056486654252017 0.022608695652173914 0.01303538175046555
2 0.86 0.4342023587833644 0.036521739130434785 0.014276846679081317
2 0.5321739130434783 0.39168218497827434 0.03130434782608696 0.012414649286157667
2 0.4747826086956522 0.420235878336437 0.03130434782608696 0.012414649286157667
2 0.7130434782608696 0.46306641837368095 0.03826086956521739 0.016139044072004966
2 0.8843478260869565 0.4823091247672253 0.050434782608695654 0.01738050900062073
2 0.9321739130434783 0.49596523898199874 0.04521739130434783 0.012414649286157667
2 0.7347826086956522 0.48758535071384235 0.036521739130434785 0.015518311607697082
2 0.5208695652173914 0.4757914338919925 0.050434782608695654 0.014276846679081317
2 0.4773913043478261 0.48851644941030414 0.036521739130434785 0.009931719428926133
2 0.30869565217391304 0.4795158286778399 0.04 0.014276846679081317
2 0.07565217391304348 0.47454996896337676 0.036521739130434785 0.00931098696461825
2 0.09739130434782609 0.4062693978895096 0.04869565217391304 0.014276846679081317
2 0.16956521739130434 0.47113594040968343 0.036521739130434785 0.012414649286157667
2 0.21217391304347827 0.5201738050900062 0.04173913043478261 0.013656114214773432
2 0.3347826086956522 0.5347610180012414 0.036521739130434785 0.010552451893234015
2 0.17652173913043478 0.5912476722532588 0.04 0.011793916821849782
2 0.34608695652173915 0.5999379267535692 0.04173913043478261 0.01303538175046555
2 0.5460869565217391 0.5437616387337058 0.03130434782608696 0.012414649286157667
2 0.6243478260869565 0.5418994413407822 0.034782608695652174 0.012414649286157667
2 0.6382608695652174 0.489137181874612 0.020869565217391306 0.008690254500310366
2 0.688695652173913 0.516139044072005 0.03130434782608696 0.010552451893234015
2 0.7660869565217392 0.5102420856610801 0.03304347826086956 0.0148975791433892
2 0.7521739130434782 0.44537554314090627 0.03304347826086956 0.01303538175046555
2 0.78 0.39385474860335196 0.036521739130434785 0.011793916821849782
2 0.8495652173913044 0.3786468032278088 0.026086956521739132 0.009931719428926133
2 0.8765217391304349 0.46710117939168216 0.034782608695652174 0.011793916821849782
2 0.8704347826086957 0.49906890130353815 0.03304347826086956 0.0074487895716946
2 0.8426086956521739 0.5397268777157045 0.04 0.014276846679081317
2 0.7460869565217392 0.5406579764121664 0.03826086956521739 0.013656114214773432
2 0.7678260869565218 0.563625077591558 0.043478260869565216 0.013656114214773432
2 0.8400000000000001 0.5940409683426443 0.03826086956521739 0.0148975791433892
2 0.44608695652173913 0.6126629422718808 0.03304347826086956 0.012414649286157667
2 0.29043478260869565 0.6396648044692738 0.04173913043478261 0.014276846679081317
2 0.2556521739130435 0.6831160769708255 0.04521739130434783 0.018001241464928614
2 0.11565217391304349 0.643699565487275 0.029565217391304348 0.0148975791433892
2 0.4956521739130435 0.6669770328988206 0.04173913043478261 0.014276846679081317
2 0.8304347826086956 0.6235257603972688 0.043478260869565216 0.015518311607697082
2 0.5217391304347826 0.6076970825574177 0.03130434782608696 0.0111731843575419
2 0.5930434782608696 0.6194909993792675 0.02782608695652174 0.0148975791433892
2 0.773913043478261 0.6930477963997517 0.034782608695652174 0.01303538175046555
2 0.4321739130434783 0.7004965859714463 0.036521739130434785 0.011793916821849782
2 0.5008695652173913 0.7042209807572936 0.034782608695652174 0.014276846679081317
2 0.2817391304347826 0.7302917442582247 0.04173913043478261 0.014276846679081317
2 0.06347826086956522 0.7296710117939168 0.04695652173913044 0.018001241464928614
2 0.11565217391304349 0.7281191806331471 0.04 0.0111731843575419
2 0.17391304347826086 0.7396027312228429 0.034782608695652174 0.01303538175046555
2 0.28695652173913044 0.7619490999379267 0.034782608695652174 0.010552451893234015
2 0.22608695652173913 0.7802607076350093 0.034782608695652174 0.013656114214773432
2 0.331304347826087 0.781812538795779 0.03304347826086956 0.011793916821849782
2 0.3626086956521739 0.7690875232774674 0.04 0.013656114214773432
2 0.48260869565217396 0.7576039726877716 0.04695652173913044 0.015518311607697082
2 0.5408695652173914 0.7492240844196152 0.03826086956521739 0.012414649286157667
2 0.6147826086956522 0.749534450651769 0.029565217391304348 0.011793916821849782
2 0.6565217391304348 0.7194289261328367 0.036521739130434785 0.0111731843575419
2 0.6982608695652174 0.7333954065797641 0.04 0.01303538175046555
2 0.8295652173913044 0.7324643078833023 0.04521739130434783 0.016139044072004966
2 0.7547826086956522 0.7532588454376163 0.03130434782608696 0.010552451893234015
2 0.7391304347826088 0.7706393544382372 0.03130434782608696 0.010552451893234015
2 0.5800000000000001 0.7678460583488517 0.043478260869565216 0.012414649286157667
2 0.5356521739130435 0.7628801986343886 0.034782608695652174 0.0111731843575419
2 0.4947826086956522 0.7734326505276226 0.029565217391304348 0.0111731843575419
2 0.46 0.8379888268156425 0.03304347826086956 0.012414649286157667
2 0.688695652173913 0.7861576660459342 0.04521739130434783 0.014276846679081317
2 0.7913043478260869 0.7936064556176288 0.03826086956521739 0.01303538175046555
2 0.8973913043478261 0.7929857231533209 0.04521739130434783 0.015518311607697082
2 0.7486956521739131 0.7905027932960894 0.026086956521739132 0.010552451893234015
2 0.6495652173913044 0.8150217256362507 0.03304347826086956 0.012414649286157667
2 0.7121739130434783 0.8230912476722533 0.03304347826086956 0.012414649286157667
2 0.8426086956521739 0.8100558659217877 0.03304347826086956 0.012414649286157667
2 0.9217391304347826 0.8112973308504035 0.034782608695652174 0.0148975791433892
2 0.8539130434782609 0.7839851024208566 0.03826086956521739 0.01738050900062073
2 0.7139130434782609 0.8426443202979516 0.03304347826086956 0.011793916821849782
2 0.7852173913043479 0.8488516449410304 0.029565217391304348 0.011793916821849782
2 0.9147826086956522 0.8606455617628802 0.059130434782608696 0.019242706393544383
2 0.7269565217391305 0.9056486654252017 0.03130434782608696 0.012414649286157667
2 0.7782608695652175 0.8975791433891992 0.036521739130434785 0.013656114214773432
2 0.8721739130434782 0.9034761018001242 0.04695652173913044 0.01675977653631285
2 0.9834782608695652 0.8972687771570453 0.022608695652173914 0.014276846679081317
2 0.5756521739130435 0.9478584729981377 0.04869565217391304 0.0186219739292365
2 0.7060869565217391 0.9456859093730602 0.034782608695652174 0.011793916821849782
2 0.78 0.9463066418373681 0.036521739130434785 0.01303538175046555
2 0.9034782608695653 0.9506517690875232 0.04 0.01675977653631285
2 0.35391304347826086 0.9413407821229051 0.04 0.01303538175046555
2 0.2408695652173913 0.9397889509621353 0.04 0.012414649286157667
2 0.7982608695652175 0.7464307883302297 0.03826086956521739 0.01675977653631285
2 0.5895652173913044 0.7132216014897579 0.03130434782608696 0.0111731843575419
2 0.66 0.6719428926132837 0.029565217391304348 0.010552451893234015
2 0.6965217391304348 0.6086281812538795 0.03304347826086956 0.010552451893234015
2 0.20782608695652174 0.6350093109869646 0.03304347826086956 0.012414649286157667
2 0.10347826086956523 0.7004965859714463 0.03304347826086956 0.008069522036002483
2 0.28347826086956524 0.6989447548106766 0.04173913043478261 0.008690254500310366
2 0.38434782608695656 0.489447548106766 0.03826086956521739 0.014276846679081317
2 0.8208695652173913 0.47796399751707014 0.03826086956521739 0.013656114214773432
2 0.9 0.1632526381129733 0.04 0.0148975791433892
2 0.86 0.10366232153941651 0.043478260869565216 0.0148975791433892
2 0.6104347826086957 0.032588454376163874 0.03826086956521739 0.01303538175046555
2 0.6921739130434783 0.4158907510862818 0.02434782608695652 0.0148975791433892
2 0.893913043478261 0.5533829919304779 0.02434782608695652 0.011793916821849782
2 0.8704347826086957 0.6924270639354438 0.029565217391304348 0.010552451893234015
2 0.8330434782608696 0.6433891992551211 0.03826086956521739 0.00931098696461825
2 0.6747826086956522 0.6343885785226567 0.02782608695652174 0.0111731843575419
2 0.5591304347826087 0.6759776536312849 0.043478260869565216 0.019863438857852266
2 0.5921739130434783 0.8665425201738051 0.04 0.012414649286157667
2 0.30347826086956525 0.8978895096213532 0.04695652173913044 0.01303538175046555
2 0.17391304347826086 0.9528243327126008 0.03826086956521739 0.012414649286157667
2 0.9434782608695652 0.9581005586592178 0.03304347826086956 0.010552451893234015
2 0.8556521739130435 0.9342023587833643 0.02782608695652174 0.009931719428926133
2 0.4965217391304348 0.7408441961514587 0.03304347826086956 0.011793916821849782
2 0.10956521739130436 0.5881440099317194 0.04173913043478261 0.010552451893234015
2 0.7078260869565217 0.10862818125387957 0.034782608695652174 0.0111731843575419
2 0.026086956521739132 0.154252017380509 0.034782608695652174 0.010552451893234015
2 0.026956521739130435 0.16790813159528242 0.04 0.015518311607697082
2 0.8817391304347827 0.07510862818125388 0.020869565217391306 0.008690254500310366
2 0.9104347826086957 0.0521415270018622 0.03304347826086956 0.009931719428926133
2 0.15130434782608695 0.1617008069522036 0.03130434782608696 0.011793916821849782
2 0.09391304347826088 0.7532588454376163 0.034782608695652174 0.010552451893234015
2 0.4321739130434783 0.9348230912476723 0.029565217391304348 0.0111731843575419
2 0.020869565217391306 0.7197392923649907 0.034782608695652174 0.01303538175046555
2 0.4791304347826087 0.7855369335816264 0.050434782608695654 0.01303538175046555
2 0.8886956521739131 0.9664804469273743 0.03826086956521739 0.012414649286157667
