2 0.06326219512195122 0.0761904761904762 0.041158536585365856 0.01666666666666667
2 0.1913109756097561 0.06994047619047619 0.056402439024390245 0.013690476190476192
2 0.24085365853658539 0.018750000000000003 0.03353658536585366 0.0125
2 0.28277439024390244 0.07976190476190477 0.025914634146341466 0.011904761904761906
2 0.2027439024390244 0.1005952380952381 0.03353658536585366 0.015476190476190477
2 0.28125 0.10208333333333335 0.028963414634146343 0.014880952380952382
2 0.24314024390243905 0.11785714285714287 0.022865853658536585 0.008333333333333335
2 0.125 0.13720238095238096 0.03353658536585366 0.0125
2 0.13948170731707318 0.1863095238095238 0.044207317073170736 0.015476190476190477
2 0.2621951219512195 0.2011904761904762 0.03353658536585366 0.015476190476190477
2 0.3407012195121951 0.1961309523809524 0.038109756097560975 0.014880952380952382
2 0.5053353658536586 0.13839285714285715 0.04725609756097561 0.013690476190476192
2 0.5609756097560976 0.07232142857142858 0.03658536585365854 0.014880952380952382
2 0.7667682926829269 0.0625 0.03353658536585366 0.015476190476190477
2 0.4954268292682927 0.05863095238095239 0.03353658536585366 0.016071428571428573
2 0.43826219512195125 0.08363095238095239 0.03201219512195122 0.0125
2 0.34375 0.17946428571428574 0.041158536585365856 0.00892857142857143
2 0.7294207317073171 0.13392857142857145 0.0350609756097561 0.01666666666666667
2 0.7850609756097561 0.14255952380952383 0.039634146341463415 0.017261904761904763
2 0.8338414634146342 0.1324404761904762 0.03353658536585366 0.013690476190476192
2 0.7606707317073171 0.10446428571428572 0.027439024390243903 0.014880952380952382
2 0.7141768292682927 0.10982142857142858 0.038109756097560975 0.013690476190476192
2 0.6242378048780488 0.15446428571428572 0.028963414634146343 0.01011904761904762
2 0.8902439024390244 0.1285714285714286 0.03048780487804878 0.011904761904761906
2 0.8292682926829269 0.15327380952380953 0.03658536585365854 0.0125
2 0.9108231707317074 0.16726190476190478 0.03201219512195122 0.011904761904761906
2 0.9702743902439025 0.1931547619047619 0.0350609756097561 0.016071428571428573
2 0.8224085365853658 0.18660714285714286 0.038109756097560975 0.016071428571428573
2 0.5007621951219512 0.16666666666666669 0.025914634146341466 0.011904761904761906
2 0.5060975609756098 0.2080357142857143 0.03658536585365854 0.013690476190476192
2 0.6501524390243902 0.21250000000000002 0.0350609756097561 0.011904761904761906
2 0.7362804878048781 0.22619047619047622 0.03353658536585366 0.011904761904761906
2 0.08917682926829269 0.2702380952380953 0.038109756097560975 0.014285714285714287
2 0.7042682926829269 0.2571428571428572 0.03353658536585366 0.011904761904761906
2 0.6257621951219512 0.2678571428571429 0.028963414634146343 0.010714285714285714
2 0.7606707317073171 0.26071428571428573 0.03048780487804878 0.013095238095238097
2 0.881859756097561 0.23720238095238097 0.041158536585365856 0.014880952380952382
2 0.8460365853658537 0.25089285714285714 0.027439024390243903 0.01011904761904762
2 0.8277439024390244 0.2729166666666667 0.03353658536585366 0.011309523809523811
2 0.9451219512195123 0.2630952380952381 0.03353658536585366 0.014285714285714287
2 0.6577743902439025 0.09047619047619049 0.025914634146341466 0.011904761904761906
2 0.3399390243902439 0.1550595238095238 0.039634146341463415 0.0125
2 0.19207317073170732 0.14583333333333334 0.027439024390243903 0.013095238095238097
2 0.25381097560975613 0.1523809523809524 0.025914634146341466 0.014285714285714287
2 0.19435975609756098 0.2818452380952381 0.044207317073170736 0.01011904761904762
2 0.3483231707317073 0.29404761904761906 0.03201219512195122 0.014285714285714287
2 0.44893292682926833 0.29345238095238096 0.0350609756097561 0.015476190476190477
2 0.42301829268292684 0.23303571428571432 0.0350609756097561 0.016071428571428573
2 0.4169207317073171 0.18511904761904763 0.03201219512195122 0.01904761904761905
2 0.6257621951219512 0.28511904761904766 0.038109756097560975 0.014285714285714287
2 0.7339939024390244 0.30000000000000004 0.028963414634146343 0.015476190476190477
2 0.40015243902439024 0.3229166666666667 0.0350609756097561 0.0125
2 0.5266768292682927 0.33005952380952386 0.0350609756097561 0.013690476190476192
2 0.25533536585365857 0.31636904761904766 0.028963414634146343 0.0125
2 0.18445121951219512 0.3035714285714286 0.03353658536585366 0.011904761904761906
2 0.12804878048780488 0.32470238095238096 0.027439024390243903 0.0125
2 0.16158536585365854 0.3205357142857143 0.027439024390243903 0.013690476190476192
2 0.18826219512195122 0.3446428571428572 0.03201219512195122 0.010714285714285714
2 0.3353658536585366 0.33571428571428574 0.03353658536585366 0.013095238095238097
2 0.2919207317073171 0.3196428571428572 0.03201219512195122 0.013095238095238097
2 0.3277439024390244 0.3178571428571429 0.03048780487804878 0.013095238095238097
2 0.35746951219512196 0.32202380952380955 0.025914634146341466 0.013095238095238097
2 0.4397865853658537 0.3366071428571429 0.053353658536585365 0.020833333333333336
2 0.6166158536585367 0.31250000000000006 0.0350609756097561 0.015476190476190477
2 0.669969512195122 0.3074404761904762 0.0350609756097561 0.013690476190476192
2 0.3307926829268293 0.362202380952381 0.03353658536585366 0.014880952380952382
2 0.26753048780487804 0.3568452380952381 0.03201219512195122 0.013690476190476192
2 0.2461890243902439 0.36815476190476193 0.0350609756097561 0.013690476190476192
2 0.11051829268292683 0.3764880952380953 0.0350609756097561 0.016071428571428573
2 0.09222560975609756 0.4214285714285715 0.022865853658536585 0.011904761904761906
2 0.12195121951219512 0.40863095238095243 0.03353658536585366 0.019642857142857146
2 0.21646341463414634 0.3991071428571429 0.039634146341463415 0.014880952380952382
2 0.17606707317073172 0.41458333333333336 0.04725609756097561 0.018452380952380953
2 0.3902439024390244 0.3922619047619048 0.03658536585365854 0.01785714285714286
2 0.2835365853658537 0.39761904761904765 0.03353658536585366 0.014285714285714287
2 0.23551829268292684 0.41845238095238096 0.038109756097560975 0.013095238095238097
2 0.3742378048780488 0.4303571428571429 0.038109756097560975 0.015476190476190477
2 0.47484756097560976 0.42500000000000004 0.04725609756097561 0.01666666666666667
2 0.46189024390243905 0.3616071428571429 0.03658536585365854 0.014880952380952382
2 0.7858231707317074 0.3842261904761905 0.04725609756097561 0.017261904761904763
2 0.9138719512195123 0.3889880952380953 0.04725609756097561 0.017261904761904763
2 0.8742378048780488 0.40863095238095243 0.038109756097560975 0.016071428571428573
2 0.9184451219512195 0.4071428571428572 0.0350609756097561 0.013095238095238097
2 0.8132621951219512 0.42886904761904765 0.038109756097560975 0.016071428571428573
2 0.8932926829268293 0.43065476190476193 0.03658536585365854 0.014880952380952382
2 0.8490853658536586 0.44702380952380955 0.03353658536585366 0.013095238095238097
2 0.5579268292682927 0.449702380952381 0.03048780487804878 0.013690476190476192
2 0.46951219512195125 0.46339285714285716 0.042682926829268296 0.018452380952380953
2 0.3315548780487805 0.4508928571428572 0.0350609756097561 0.014880952380952382
2 0.11890243902439025 0.44583333333333336 0.03353658536585366 0.013095238095238097
2 0.10594512195121951 0.4821428571428572 0.04725609756097561 0.01785714285714286
2 0.18597560975609756 0.4752976190476191 0.03353658536585366 0.014880952380952382
2 0.34984756097560976 0.4767857142857143 0.03201219512195122 0.011904761904761906
2 0.3635670731707317 0.5017857142857143 0.0350609756097561 0.01666666666666667
2 0.4298780487804878 0.49940476190476196 0.042682926829268296 0.014285714285714287
2 0.4893292682926829 0.4991071428571429 0.039634146341463415 0.017261904761904763
2 0.5426829268292683 0.4922619047619048 0.039634146341463415 0.013095238095238097
2 0.07469512195121951 0.5083333333333334 0.039634146341463415 0.015476190476190477
2 0.16082317073170732 0.5035714285714287 0.03201219512195122 0.011904761904761906
2 0.10670731707317073 0.5008928571428571 0.03658536585365854 0.013690476190476192
2 0.20350609756097562 0.5071428571428572 0.0350609756097561 0.013095238095238097
2 0.2972560975609756 0.47946428571428573 0.027439024390243903 0.0125
2 0.2461890243902439 0.493452380952381 0.025914634146341466 0.011904761904761906
2 0.25914634146341464 0.5116071428571429 0.03353658536585366 0.013690476190476192
2 0.28658536585365857 0.5029761904761906 0.027439024390243903 0.011904761904761906
2 0.4580792682926829 0.4803571428571429 0.028963414634146343 0.011904761904761906
2 0.08307926829268293 0.5407738095238096 0.04725609756097561 0.019642857142857146
2 0.1600609756097561 0.5389880952380953 0.03048780487804878 0.0125
2 0.22713414634146342 0.5407738095238096 0.03353658536585366 0.014880952380952382
2 0.32164634146341464 0.5190476190476191 0.03353658536585366 0.013095238095238097
2 0.13795731707317074 0.5666666666666668 0.038109756097560975 0.015476190476190477
2 0.19740853658536586 0.5690476190476191 0.044207317073170736 0.015476190476190477
2 0.08917682926829269 0.5892857142857143 0.041158536585365856 0.01785714285714286
2 0.2774390243902439 0.5696428571428572 0.03048780487804878 0.013095238095238097
2 0.25 0.5821428571428572 0.042682926829268296 0.013095238095238097
2 0.4870426829268293 0.5252976190476191 0.0350609756097561 0.014880952380952382
2 0.5967987804878049 0.5113095238095239 0.041158536585365856 0.014285714285714287
2 0.43902439024390244 0.5738095238095239 0.039634146341463415 0.01666666666666667
2 0.538109756097561 0.5607142857142857 0.03353658536585366 0.014285714285714287
2 0.8208841463414634 0.47053571428571433 0.04725609756097561 0.016071428571428573
2 0.8833841463414634 0.46755952380952387 0.0350609756097561 0.014880952380952382
2 0.9260670731707318 0.4672619047619048 0.038109756097560975 0.011904761904761906
2 0.8353658536585367 0.49791666666666673 0.03658536585365854 0.013690476190476192
2 0.8971036585365854 0.4982142857142858 0.041158536585365856 0.015476190476190477
2 0.8849085365853658 0.525 0.038109756097560975 0.014285714285714287
2 0.9245426829268293 0.5383928571428572 0.0350609756097561 0.016071428571428573
2 0.805640243902439 0.5327380952380952 0.0350609756097561 0.014285714285714287
2 0.8513719512195123 0.5485119047619048 0.038109756097560975 0.0125
2 0.669969512195122 0.5086309523809525 0.0350609756097561 0.014880952380952382
2 0.6219512195121951 0.4767857142857143 0.05182926829268293 0.01785714285714286
2 0.7614329268292683 0.49255952380952384 0.053353658536585365 0.017261904761904763
2 0.7416158536585367 0.543154761904762 0.028963414634146343 0.01011904761904762
2 0.15472560975609756 0.6279761904761906 0.041158536585365856 0.014285714285714287
2 0.23932926829268295 0.6232142857142857 0.042682926829268296 0.022619047619047622
2 0.30564024390243905 0.6541666666666667 0.028963414634146343 0.013095238095238097
2 0.4184451219512195 0.6544642857142857 0.038109756097560975 0.016071428571428573
2 0.5487804878048781 0.6440476190476191 0.04573170731707317 0.01785714285714286
2 0.14100609756097562 0.6532738095238095 0.038109756097560975 0.014880952380952382
2 0.16539634146341464 0.6755952380952381 0.0350609756097561 0.014285714285714287
2 0.35670731707317077 0.6627976190476191 0.027439024390243903 0.0125
2 0.3125 0.6651785714285715 0.03048780487804878 0.00892857142857143
2 0.3086890243902439 0.6875000000000001 0.03201219512195122 0.013095238095238097
2 0.4657012195121951 0.6648809523809525 0.038109756097560975 0.014285714285714287
2 0.576219512195122 0.6107142857142858 0.027439024390243903 0.014285714285714287
2 0.6791158536585367 0.5488095238095239 0.028963414634146343 0.010714285714285714
2 0.71875 0.6270833333333334 0.041158536585365856 0.017261904761904763
2 0.8361280487804879 0.6202380952380953 0.03201219512195122 0.013095238095238097
2 0.42301829268292684 0.6211309523809524 0.025914634146341466 0.011309523809523811
2 0.5884146341463414 0.6738095238095239 0.027439024390243903 0.011904761904761906
2 0.6219512195121951 0.6505952380952381 0.03353658536585366 0.013095238095238097
2 0.7035060975609756 0.6517857142857143 0.03201219512195122 0.010714285714285714
2 0.7423780487804879 0.6502976190476191 0.024390243902439025 0.01011904761904762
2 0.9275914634146342 0.649702380952381 0.038109756097560975 0.013690476190476192
2 0.8803353658536586 0.6398809523809524 0.041158536585365856 0.010714285714285714
2 0.7865853658536586 0.6541666666666667 0.024390243902439025 0.011904761904761906
2 0.7179878048780488 0.611904761904762 0.03353658536585366 0.009523809523809525
2 0.524390243902439 0.6877976190476192 0.03658536585365854 0.014880952380952382
2 0.47408536585365857 0.6892857142857144 0.027439024390243903 0.011904761904761906
2 0.39939024390243905 0.6872023809523811 0.024390243902439025 0.011309523809523811
2 0.38643292682926833 0.7160714285714286 0.028963414634146343 0.011904761904761906
2 0.3307926829268293 0.7139880952380953 0.027439024390243903 0.011309523809523811
2 0.6425304878048781 0.7008928571428572 0.028963414634146343 0.014880952380952382
2 0.7294207317073171 0.7029761904761905 0.03201219512195122 0.014285714285714287
2 0.6608231707317074 0.6794642857142857 0.03201219512195122 0.01011904761904762
2 0.7195121951219512 0.6723214285714286 0.027439024390243903 0.011309523809523811
2 0.7057926829268293 0.6845238095238095 0.03048780487804878 0.009523809523809525
2 0.8429878048780488 0.6642857142857144 0.04573170731707317 0.01785714285714286
2 0.805640243902439 0.6988095238095239 0.041158536585365856 0.014285714285714287
2 0.9085365853658537 0.6946428571428572 0.03353658536585366 0.013095238095238097
2 0.7766768292682927 0.7312500000000001 0.0350609756097561 0.014880952380952382
2 0.6166158536585367 0.7205357142857144 0.0350609756097561 0.016071428571428573
2 0.4138719512195122 0.7357142857142858 0.04725609756097561 0.014285714285714287
2 0.2888719512195122 0.7282738095238096 0.03201219512195122 0.0125
2 0.24009146341463417 0.7324404761904763 0.041158536585365856 0.013690476190476192
2 0.15091463414634146 0.7255952380952382 0.039634146341463415 0.015476190476190477
2 0.21570121951219512 0.6907738095238096 0.025914634146341466 0.014880952380952382
2 0.17073170731707318 0.7770833333333333 0.027439024390243903 0.0125
2 0.3117378048780488 0.7470238095238096 0.041158536585365856 0.014285714285714287
2 0.3361280487804878 0.7291666666666667 0.03201219512195122 0.015476190476190477
2 0.36814024390243905 0.7363095238095239 0.0350609756097561 0.015476190476190477
2 0.43902439024390244 0.7229166666666668 0.03658536585365854 0.014880952380952382
2 0.5144817073170732 0.7238095238095239 0.038109756097560975 0.015476190476190477
2 0.6554878048780488 0.724404761904762 0.027439024390243903 0.010714285714285714
2 0.7103658536585367 0.7383928571428572 0.03658536585365854 0.014880952380952382
2 0.5571646341463414 0.7276785714285715 0.038109756097560975 0.016071428571428573
2 0.4878048780487805 0.7532738095238096 0.042682926829268296 0.016071428571428573
2 0.4024390243902439 0.7544642857142858 0.03353658536585366 0.013690476190476192
2 0.21341463414634146 0.7946428571428572 0.039634146341463415 0.011904761904761906
2 0.1440548780487805 0.7970238095238096 0.04725609756097561 0.01785714285714286
2 0.21112804878048783 0.8166666666666668 0.044207317073170736 0.015476190476190477
2 0.14939024390243902 0.8110119047619049 0.027439024390243903 0.011309523809523811
2 0.13871951219512196 0.8258928571428572 0.027439024390243903 0.011309523809523811
2 0.4710365853658537 0.8166666666666668 0.03658536585365854 0.01666666666666667
2 0.569359756097561 0.8220238095238096 0.0350609756097561 0.014285714285714287
2 0.5792682926829269 0.74375 0.039634146341463415 0.0125
2 0.544969512195122 0.7541666666666668 0.04725609756097561 0.014285714285714287
2 0.6219512195121951 0.7669642857142858 0.039634146341463415 0.014880952380952382
2 0.8346036585365854 0.730952380952381 0.0350609756097561 0.01666666666666667
2 0.8696646341463415 0.7303571428571429 0.0350609756097561 0.015476190476190477
2 0.8521341463414634 0.7657738095238096 0.03048780487804878 0.011309523809523811
2 0.7858231707317074 0.7672619047619048 0.041158536585365856 0.014285714285714287
2 0.8917682926829269 0.7625000000000001 0.03353658536585366 0.014285714285714287
2 0.9260670731707318 0.7663690476190477 0.03201219512195122 0.0125
2 0.7461890243902439 0.7702380952380953 0.028963414634146343 0.013095238095238097
2 0.7149390243902439 0.780357142857143 0.024390243902439025 0.013095238095238097
2 0.8048780487804879 0.7883928571428572 0.03658536585365854 0.0125
2 0.8536585365853658 0.8041666666666667 0.03353658536585366 0.013095238095238097
2 0.8971036585365854 0.8145833333333334 0.0350609756097561 0.014880952380952382
2 0.7766768292682927 0.8083333333333335 0.028963414634146343 0.010714285714285714
2 0.8163109756097561 0.8145833333333334 0.03201219512195122 0.0125
2 0.7385670731707318 0.8092261904761906 0.028963414634146343 0.0125
2 0.676829268292683 0.7925595238095239 0.042682926829268296 0.018452380952380953
2 0.49771341463414637 0.8366071428571429 0.03201219512195122 0.0125
2 0.5929878048780488 0.8446428571428573 0.03353658536585366 0.011904761904761906
2 0.6364329268292683 0.8345238095238096 0.038109756097560975 0.011904761904761906
2 0.6905487804878049 0.8380952380952382 0.04573170731707317 0.015476190476190477
2 0.7309451219512195 0.8473214285714287 0.03201219512195122 0.014880952380952382
2 0.8963414634146342 0.8434523809523811 0.03353658536585366 0.010714285714285714
2 0.9085365853658537 0.8714285714285716 0.042682926829268296 0.01666666666666667
2 0.8612804878048781 0.8648809523809524 0.03353658536585366 0.015476190476190477
2 0.8086890243902439 0.8690476190476192 0.044207317073170736 0.01904761904761905
2 0.8125 0.8952380952380953 0.03048780487804878 0.013095238095238097
2 0.7202743902439025 0.8985119047619048 0.0350609756097561 0.011309523809523811
2 0.895579268292683 0.924404761904762 0.041158536585365856 0.013095238095238097
2 0.836890243902439 0.9324404761904763 0.03658536585365854 0.0125
2 0.8879573170731707 0.943452380952381 0.03201219512195122 0.013095238095238097
2 0.7492378048780488 0.9330357142857144 0.041158536585365856 0.016071428571428573
2 0.5914634146341463 0.8892857142857143 0.03353658536585366 0.011904761904761906
2 0.5442073170731707 0.9029761904761906 0.03658536585365854 0.01666666666666667
2 0.46265243902439024 0.8797619047619049 0.038109756097560975 0.013095238095238097
2 0.3513719512195122 0.8273809523809524 0.044207317073170736 0.014285714285714287
2 0.28658536585365857 0.7851190476190477 0.04573170731707317 0.015476190476190477
2 0.17835365853658539 0.8532738095238096 0.03353658536585366 0.0125
2 0.1288109756097561 0.8589285714285715 0.028963414634146343 0.010714285714285714
2 0.12804878048780488 0.8824404761904763 0.03048780487804878 0.0125
2 0.23856707317073172 0.8776785714285715 0.0350609756097561 0.013690476190476192
2 0.18826219512195122 0.9125000000000001 0.038109756097560975 0.011904761904761906
2 0.48170731707317077 0.8973214285714286 0.04573170731707317 0.014880952380952382
2 0.6234756097560976 0.9241071428571429 0.042682926829268296 0.014880952380952382
2 0.520579268292683 0.9348214285714287 0.038109756097560975 0.014880952380952382
2 0.43140243902439024 0.936904761904762 0.042682926829268296 0.01666666666666667
2 0.46722560975609756 0.9404761904761906 0.028963414634146343 0.011904761904761906
2 0.38643292682926833 0.9422619047619049 0.038109756097560975 0.014285714285714287
2 0.1600609756097561 0.9476190476190477 0.04878048780487805 0.013095238095238097
2 0.31402439024390244 0.8955357142857143 0.03048780487804878 0.011309523809523811
2 0.3003048780487805 0.936607142857143 0.039634146341463415 0.013690476190476192
2 0.29039634146341464 0.955654761904762 0.0625 0.017261904761904763
2 0.20731707317073172 0.9461309523809525 0.03353658536585366 0.016071428571428573
2 0.43902439024390244 0.9738095238095239 0.04573170731707317 0.015476190476190477
2 0.5655487804878049 0.9755952380952382 0.04878048780487805 0.01785714285714286
2 0.5152439024390244 0.9648809523809525 0.027439024390243903 0.010714285714285714
2 0.49009146341463417 0.9684523809523811 0.022865853658536585 0.009523809523809525
2 0.6791158536585367 0.9651785714285716 0.044207317073170736 0.016071428571428573
2 0.7042682926829269 0.9276785714285715 0.042682926829268296 0.014880952380952382
2 0.7667682926829269 0.9446428571428572 0.039634146341463415 0.014285714285714287
2 0.8628048780487805 0.9604166666666668 0.039634146341463415 0.016071428571428573
2 0.8185975609756098 0.9636904761904763 0.042682926829268296 0.011904761904761906
2 0.9108231707317074 0.9702380952380953 0.03201219512195122 0.010714285714285714
2 0.8445121951219513 0.9779761904761906 0.03658536585365854 0.013095238095238097
2 0.618140243902439 0.9440476190476191 0.025914634146341466 0.010714285714285714
2 0.6280487804878049 0.8592261904761905 0.03353658536585366 0.011309523809523811
2 0.47256097560975613 0.9169642857142858 0.027439024390243903 0.014880952380952382
2 0.5967987804878049 0.7892857142857144 0.053353658536585365 0.015476190476190477
2 0.39710365853658536 0.8175595238095239 0.03201219512195122 0.011309523809523811
2 0.4253048780487805 0.8488095238095239 0.039634146341463415 0.013095238095238097
2 0.2835365853658537 0.9089285714285715 0.03353658536585366 0.015476190476190477
2 0.4397865853658537 0.7791666666666668 0.038109756097560975 0.013095238095238097
2 0.26448170731707316 0.849404761904762 0.022865853658536585 0.013095238095238097
2 0.17835365853658539 0.7517857142857144 0.03353658536585366 0.013095238095238097
2 0.6440548780487805 0.6130952380952381 0.028963414634146343 0.011904761904761906
2 0.9832317073170732 0.5729166666666667 0.03353658536585366 0.014880952380952382
2 0.5594512195121951 0.40208333333333335 0.03658536585365854 0.014880952380952382
2 0.3407012195121951 0.23214285714285715 0.041158536585365856 0.01785714285714286
2 0.07850609756097561 0.21250000000000002 0.028963414634146343 0.010714285714285714
2 0.7309451219512195 0.1797619047619048 0.0350609756097561 0.014285714285714287
2 0.37271341463414637 0.07886904761904763 0.038109756097560975 0.011309523809523811
2 0.6509146341463414 0.06011904761904763 0.054878048780487805 0.015476190476190477
2 0.5899390243902439 0.11250000000000002 0.03353658536585366 0.015476190476190477
2 0.8025914634146342 0.12142857142857144 0.03201219512195122 0.011904761904761906
2 0.6646341463414634 0.20267857142857146 0.03353658536585366 0.011309523809523811
2 0.6623475609756098 0.2380952380952381 0.03201219512195122 0.015476190476190477
2 0.8620426829268293 0.3633928571428572 0.053353658536585365 0.024404761904761908
2 0.5487804878048781 0.35625 0.03048780487804878 0.01011904761904762
2 0.46722560975609756 0.40327380952380953 0.0350609756097561 0.011309523809523811
2 0.3353658536585366 0.39702380952380956 0.03048780487804878 0.011904761904761906
2 0.24847560975609756 0.44523809523809527 0.042682926829268296 0.014285714285714287
2 0.7660060975609756 0.5172619047619048 0.03201219512195122 0.013095238095238097
2 0.711890243902439 0.5089285714285715 0.03353658536585366 0.01666666666666667
2 0.4885670731707317 0.5851190476190476 0.038109756097560975 0.01904761904761905
2 0.9550304878048781 0.7398809523809524 0.041158536585365856 0.01666666666666667
2 0.6265243902439025 0.8758928571428573 0.027439024390243903 0.01011904761904762
2 0.18597560975609756 0.8913690476190477 0.03658536585365854 0.0125
2 0.08079268292682927 0.924702380952381 0.042682926829268296 0.014880952380952382
2 0.1013719512195122 0.8127976190476192 0.03201219512195122 0.0125
2 0.10746951219512195 0.7696428571428572 0.03201219512195122 0.013095238095238097
2 0.5746951219512195 0.7604166666666667 0.039634146341463415 0.014880952380952382
2 0.7408536585365854 0.7458333333333333 0.027439024390243903 0.014285714285714287
2 0.881859756097561 0.6651785714285715 0.038109756097560975 0.017261904761904763
2 0.9496951219512195 0.6589285714285715 0.03353658536585366 0.014285714285714287
2 0.8064024390243902 0.5633928571428571 0.03353658536585366 0.013690476190476192
2 0.5838414634146342 0.5297619047619048 0.03353658536585366 0.013095238095238097
2 0.8010670731707318 0.5065476190476191 0.03201219512195122 0.011904761904761906
2 0.4298780487804878 0.21279761904761907 0.03048780487804878 0.014880952380952382
2 0.5259146341463414 0.17351190476190478 0.03658536585365854 0.01011904761904762
2 0.4214939024390244 0.2791666666666667 0.038109756097560975 0.01785714285714286
2 0.7576219512195123 0.20714285714285716 0.03048780487804878 0.009523809523809525
2 0.08384146341463415 0.1693452380952381 0.039634146341463415 0.022023809523809525
2 0.1714939024390244 0.19821428571428573 0.038109756097560975 0.010714285714285714
2 0.3894817073170732 0.25833333333333336 0.025914634146341466 0.010714285714285714
2 0.4649390243902439 0.2580357142857143 0.027439024390243903 0.011309523809523811
2 0.774390243902439 0.4038690476190477 0.04573170731707317 0.014880952380952382
2 0.42225609756097565 0.5178571428571429 0.03048780487804878 0.01666666666666667
2 0.3018292682926829 0.5333333333333334 0.03048780487804878 0.009523809523809525
2 0.16082317073170732 0.15773809523809526 0.038109756097560975 0.015476190476190477
2 0.6402439024390244 0.5008928571428571 0.05182926829268293 0.011309523809523811
2 0.9855182926829269 0.4773809523809524 0.028963414634146343 0.014285714285714287
2 0.9695121951219513 0.6357142857142858 0.03353658536585366 0.011904761904761906
2 0.47713414634146345 0.724404761904762 0.039634146341463415 0.015476190476190477
2 0.18292682926829268 0.9273809523809524 0.03353658536585366 0.013095238095238097
2 0.2629573170731707 0.9360119047619049 0.038109756097560975 0.019642857142857146
