2 0.13137557959814528 0.04830769230769231 0.04327666151468315 0.015384615384615385
2 0.07341576506955177 0.061230769230769234 0.04482225656877898 0.020307692307692308
2 0.2836166924265842 0.05230769230769231 0.04791344667697063 0.023384615384615386
2 0.44126738794435855 0.032615384615384616 0.06027820710973725 0.019692307692307693
2 0.3330757341576507 0.05507692307692308 0.03863987635239567 0.015384615384615385
2 0.3701700154559505 0.05630769230769231 0.03245749613601236 0.015384615384615385
2 0.10664605873261206 0.08861538461538462 0.03709428129829984 0.016
2 0.178516228748068 0.08707692307692308 0.03245749613601236 0.012923076923076924
2 0.21483771251931993 0.08461538461538462 0.030911901081916538 0.012923076923076924
2 0.09350850077279753 0.12123076923076924 0.04482225656877898 0.01723076923076923
2 0.2302936630602782 0.10092307692307692 0.0401854714064915 0.01476923076923077
2 0.49149922720247297 0.06184615384615385 0.03400309119010819 0.015384615384615385
2 0.5602782071097372 0.056615384615384616 0.03245749613601236 0.01353846153846154
2 0.5224111282843895 0.04153846153846154 0.03709428129829984 0.012923076923076924
2 0.6916537867078825 0.040615384615384616 0.03245749613601236 0.01353846153846154
2 0.616692426584235 0.055384615384615386 0.0401854714064915 0.01723076923076923
2 0.7302936630602782 0.06307692307692309 0.04482225656877898 0.019076923076923078
2 0.4242658423493045 0.08646153846153846 0.04482225656877898 0.01784615384615385
2 0.24420401854714063 0.11907692307692308 0.04327666151468315 0.016615384615384615
2 0.28670788253477586 0.11046153846153847 0.04173106646058732 0.01784615384615385
2 0.19938176197836166 0.12153846153846154 0.03400309119010819 0.011692307692307693
2 0.17001545595054096 0.12676923076923077 0.030911901081916538 0.01353846153846154
2 0.05409582689335394 0.14892307692307694 0.0401854714064915 0.01353846153846154
2 0.1321483771251932 0.14553846153846153 0.03245749613601236 0.011692307692307693
2 0.18701700154559506 0.14492307692307693 0.03400309119010819 0.011692307692307693
2 0.3670788253477589 0.10615384615384615 0.03554868624420402 0.016615384615384615
2 0.30602782071097373 0.1193846153846154 0.03709428129829984 0.01723076923076923
2 0.3415765069551777 0.12000000000000001 0.03400309119010819 0.01476923076923077
2 0.37789799072642966 0.12461538461538461 0.03554868624420402 0.012923076923076924
2 0.4482225656877898 0.11261538461538462 0.0401854714064915 0.016
2 0.4544049459041731 0.10153846153846154 0.0401854714064915 0.012307692307692308
2 0.5432766615146831 0.092 0.04173106646058732 0.016615384615384615
2 0.6051004636785162 0.07076923076923076 0.03554868624420402 0.012307692307692308
2 0.6143740340030912 0.08861538461538462 0.03554868624420402 0.01353846153846154
2 0.60741885625966 0.10307692307692308 0.04327666151468315 0.012923076923076924
2 0.5664605873261206 0.10953846153846154 0.03863987635239567 0.016
2 0.5185471406491499 0.11476923076923078 0.03554868624420402 0.015384615384615385
2 0.9760432766615147 0.04123076923076923 0.03245749613601236 0.01476923076923077
2 0.9799072642967542 0.0716923076923077 0.030911901081916538 0.015384615384615385
2 0.8052550231839258 0.12061538461538462 0.04945904173106646 0.020923076923076923
2 0.7132921174652241 0.12153846153846154 0.05100463678516229 0.021538461538461538
2 0.5927357032457496 0.12892307692307692 0.04173106646058732 0.015384615384615385
2 0.6599690880989181 0.12153846153846154 0.030911901081916538 0.014153846153846154
2 0.6792890262751159 0.14307692307692307 0.02936630602782071 0.014153846153846154
2 0.5471406491499227 0.13292307692307692 0.0401854714064915 0.01476923076923077
2 0.4891808346213292 0.13323076923076924 0.03554868624420402 0.015384615384615385
2 0.4026275115919629 0.14153846153846153 0.03863987635239567 0.01353846153846154
2 0.45054095826893353 0.14646153846153848 0.03863987635239567 0.016
2 0.34930448222565685 0.14246153846153847 0.030911901081916538 0.014153846153846154
2 0.33075734157650694 0.14861538461538462 0.03400309119010819 0.014153846153846154
2 0.2635239567233385 0.16061538461538463 0.04482225656877898 0.020923076923076923
2 0.12442040185471406 0.17507692307692307 0.04173106646058732 0.016615384615384615
2 0.02241112828438949 0.1833846153846154 0.03554868624420402 0.01476923076923077
2 0.19860896445131376 0.18184615384615385 0.04173106646058732 0.016615384615384615
2 0.23183925811437403 0.17600000000000002 0.021638330757341576 0.01476923076923077
2 0.25579598145285937 0.17815384615384616 0.03245749613601236 0.015384615384615385
2 0.2990726429675425 0.1763076923076923 0.03554868624420402 0.015384615384615385
2 0.4536321483771252 0.16615384615384615 0.026275115919629055 0.011076923076923078
2 0.4945904173106646 0.1636923076923077 0.03709428129829984 0.016
2 0.5788253477588872 0.14461538461538462 0.03245749613601236 0.016
2 0.69629057187017 0.16892307692307693 0.03554868624420402 0.015384615384615385
2 0.7264296754250387 0.14615384615384616 0.0401854714064915 0.016615384615384615
2 0.7812982998454405 0.1553846153846154 0.02936630602782071 0.012923076923076924
2 0.8632148377125193 0.1326153846153846 0.03863987635239567 0.015384615384615385
2 0.8817619783616693 0.1553846153846154 0.03863987635239567 0.015384615384615385
2 0.8276661514683152 0.15015384615384617 0.03863987635239567 0.016
2 0.8037094281298299 0.1950769230769231 0.03709428129829984 0.019692307692307693
2 0.8771251931993818 0.1873846153846154 0.03554868624420402 0.015384615384615385
2 0.8933539412673879 0.1990769230769231 0.030911901081916538 0.014153846153846154
2 0.7132921174652241 0.19723076923076924 0.04482225656877898 0.019076923076923078
2 0.5819165378670789 0.16892307692307693 0.02936630602782071 0.012923076923076924
2 0.5471406491499227 0.19692307692307692 0.03400309119010819 0.01353846153846154
2 0.5146831530139103 0.1950769230769231 0.03400309119010819 0.012307692307692308
2 0.44976816074188564 0.20800000000000002 0.03400309119010819 0.01723076923076923
2 0.34853168469860896 0.1956923076923077 0.04173106646058732 0.01476923076923077
2 0.4080370942812983 0.20584615384615385 0.03400309119010819 0.014153846153846154
2 0.30370942812983 0.19753846153846155 0.03554868624420402 0.01353846153846154
2 0.09969088098918083 0.20030769230769233 0.04791344667697063 0.01784615384615385
2 0.16460587326120557 0.20276923076923078 0.05100463678516229 0.020307692307692308
2 0.22256568778979907 0.20523076923076924 0.0401854714064915 0.015384615384615385
2 0.2117465224111283 0.21876923076923077 0.03709428129829984 0.014153846153846154
2 0.1561051004636785 0.22030769230769232 0.0401854714064915 0.01476923076923077
2 0.6197836166924265 0.20923076923076925 0.03709428129829984 0.019692307692307693
2 0.5911901081916537 0.23230769230769233 0.04173106646058732 0.01784615384615385
2 0.5386398763523956 0.23446153846153847 0.03245749613601236 0.01476923076923077
2 0.5038639876352395 0.22553846153846155 0.030911901081916538 0.011692307692307693
2 0.36476043276661513 0.22861538461538464 0.03709428129829984 0.014153846153846154
2 0.3129829984544049 0.22984615384615387 0.03863987635239567 0.016615384615384615
2 0.1275115919629057 0.24461538461538462 0.0571870170015456 0.01784615384615385
2 0.08964451313755796 0.25723076923076926 0.04327666151468315 0.016
2 0.241112828438949 0.24123076923076925 0.04945904173106646 0.018461538461538463
2 0.2874806800618238 0.2569230769230769 0.03400309119010819 0.014153846153846154
2 0.3330757341576507 0.2596923076923077 0.02936630602782071 0.012307692307692308
2 0.38871715610510044 0.2621538461538462 0.03863987635239567 0.016
2 0.5680061823802164 0.2553846153846154 0.03245749613601236 0.012307692307692308
2 0.6460587326120556 0.23415384615384616 0.030911901081916538 0.014153846153846154
2 0.6901081916537867 0.23323076923076924 0.05409582689335394 0.020923076923076923
2 0.7272024729520865 0.24307692307692308 0.04791344667697063 0.019692307692307693
2 0.8778979907264297 0.2233846153846154 0.0401854714064915 0.018461538461538463
2 0.7952086553323029 0.22676923076923078 0.02936630602782071 0.012923076923076924
2 0.6676970633693972 0.2643076923076923 0.0401854714064915 0.016615384615384615
2 0.7704791344667697 0.26892307692307693 0.05409582689335394 0.020923076923076923
2 0.9466769706336939 0.268 0.04791344667697063 0.021538461538461538
2 0.8848531684698608 0.25323076923076926 0.04173106646058732 0.01784615384615385
2 0.25193199381761977 0.26953846153846156 0.03709428129829984 0.01353846153846154
2 0.28593508500772796 0.2793846153846154 0.04327666151468315 0.018461538461538463
2 0.160741885625966 0.29415384615384615 0.05564142194744977 0.022153846153846156
2 0.10123647604327667 0.296 0.06027820710973725 0.018461538461538463
2 0.5935085007727975 0.2806153846153846 0.030911901081916538 0.01353846153846154
2 0.22797527047913446 0.28923076923076924 0.04173106646058732 0.01476923076923077
2 0.28670788253477586 0.2996923076923077 0.03863987635239567 0.016
2 0.6754250386398764 0.2953846153846154 0.04636785162287481 0.016
2 0.7666151468315301 0.296 0.04945904173106646 0.018461538461538463
2 0.5370942812982998 0.28123076923076923 0.03245749613601236 0.009846153846153846
2 0.24652241112828438 0.308 0.03245749613601236 0.015384615384615385
2 0.16924265842349304 0.31384615384615383 0.03245749613601236 0.012307692307692308
2 0.11901081916537867 0.3356923076923077 0.030911901081916538 0.012923076923076924
2 0.21483771251931993 0.3412307692307692 0.0401854714064915 0.01784615384615385
2 0.2689335394126739 0.34184615384615386 0.04327666151468315 0.015384615384615385
2 0.3276661514683153 0.33353846153846156 0.03709428129829984 0.016
2 0.3384853168469861 0.31138461538461537 0.0401854714064915 0.01723076923076923
2 0.5579598145285934 0.3147692307692308 0.0401854714064915 0.01784615384615385
2 0.624420401854714 0.31323076923076926 0.030911901081916538 0.012307692307692308
2 0.7086553323029366 0.3249230769230769 0.03863987635239567 0.01476923076923077
2 0.8593508500772797 0.2883076923076923 0.0401854714064915 0.016615384615384615
2 0.8941267387944358 0.2824615384615385 0.03863987635239567 0.01353846153846154
2 0.9134466769706336 0.2966153846153846 0.04636785162287481 0.01723076923076923
2 0.857032457496136 0.32 0.04173106646058732 0.016
2 0.7990726429675424 0.3304615384615385 0.05255023183925811 0.018461538461538463
2 0.9142194744976816 0.33292307692307693 0.05100463678516229 0.019692307692307693
2 0.964451313755796 0.2873846153846154 0.04327666151468315 0.019692307692307693
2 0.5208655332302936 0.32523076923076927 0.027820710973724884 0.011692307692307693
2 0.41267387944358574 0.3116923076923077 0.03709428129829984 0.012923076923076924
2 0.39180834621329214 0.33661538461538465 0.04791344667697063 0.018461538461538463
2 0.5425038639876353 0.3390769230769231 0.0401854714064915 0.01353846153846154
2 0.5386398763523956 0.37015384615384617 0.04173106646058732 0.015384615384615385
2 0.7210200927357032 0.36553846153846153 0.04173106646058732 0.01476923076923077
2 0.44435857805255025 0.36153846153846153 0.03554868624420402 0.012923076923076924
2 0.07418856259659969 0.35384615384615387 0.04327666151468315 0.016
2 0.1275115919629057 0.3563076923076923 0.05100463678516229 0.019692307692307693
2 0.1777434312210201 0.3593846153846154 0.03709428129829984 0.016
2 0.09659969088098917 0.37723076923076926 0.04482225656877898 0.018461538461538463
2 0.16306027820710972 0.3781538461538462 0.03863987635239567 0.015384615384615385
2 0.26738794435857804 0.36923076923076925 0.04945904173106646 0.01353846153846154
2 0.22565687789799072 0.3843076923076923 0.05255023183925811 0.01784615384615385
2 0.31993817619783615 0.38246153846153846 0.05564142194744977 0.019076923076923078
2 0.39180834621329214 0.37538461538461537 0.03863987635239567 0.01476923076923077
2 0.5834621329211747 0.38923076923076927 0.03554868624420402 0.014153846153846154
2 0.6754250386398764 0.39692307692307693 0.030911901081916538 0.01353846153846154
2 0.7094281298299845 0.39569230769230773 0.03400309119010819 0.01723076923076923
2 0.750386398763524 0.39661538461538465 0.03554868624420402 0.014153846153846154
2 0.9134466769706336 0.38953846153846156 0.03709428129829984 0.016
2 0.874806800618238 0.3544615384615385 0.03400309119010819 0.012307692307692308
2 0.7774343122102009 0.35015384615384615 0.04327666151468315 0.016
2 0.9474497681607419 0.3504615384615385 0.0401854714064915 0.019076923076923078
2 0.9026275115919629 0.41415384615384615 0.04636785162287481 0.018461538461538463
2 0.8493044822256569 0.4246153846153846 0.04173106646058732 0.01476923076923077
2 0.7480680061823802 0.4156923076923077 0.03709428129829984 0.014153846153846154
2 0.7017001545595054 0.4147692307692308 0.03400309119010819 0.01476923076923077
2 0.8029366306027821 0.3913846153846154 0.03863987635239567 0.012307692307692308
2 0.5811437403400309 0.3618461538461539 0.03709428129829984 0.01353846153846154
2 0.508500772797527 0.3861538461538462 0.03400309119010819 0.014153846153846154
2 0.5030911901081916 0.40615384615384614 0.04173106646058732 0.016
2 0.43894899536321486 0.40615384615384614 0.03709428129829984 0.01353846153846154
2 0.35394126738794435 0.4064615384615385 0.04636785162287481 0.01784615384615385
2 0.24420401854714063 0.3993846153846154 0.03400309119010819 0.011076923076923078
2 0.21561051004636786 0.4036923076923077 0.03863987635239567 0.016
2 0.2596599690880989 0.4206153846153846 0.03709428129829984 0.014153846153846154
2 0.21483771251931993 0.42000000000000004 0.03400309119010819 0.012923076923076924
2 0.11128284389489954 0.40153846153846157 0.05255023183925811 0.019076923076923078
2 0.178516228748068 0.39784615384615385 0.03554868624420402 0.016615384615384615
2 0.3400309119010819 0.35815384615384616 0.04327666151468315 0.016
2 0.4319938176197836 0.3273846153846154 0.03554868624420402 0.01353846153846154
2 0.374806800618238 0.4273846153846154 0.03554868624420402 0.014153846153846154
2 0.3222565687789799 0.4387692307692308 0.05100463678516229 0.023384615384615386
2 0.2472952086553323 0.4461538461538462 0.04636785162287481 0.01476923076923077
2 0.18006182380216382 0.4310769230769231 0.03863987635239567 0.016615384615384615
2 0.12905718701700156 0.4276923076923077 0.04791344667697063 0.019692307692307693
2 0.07341576506955177 0.41507692307692307 0.026275115919629055 0.012923076923076924
2 0.08268933539412673 0.46153846153846156 0.05409582689335394 0.023384615384615386
2 0.16769706336939721 0.44523076923076926 0.03554868624420402 0.011692307692307693
2 0.2534775888717156 0.4833846153846154 0.05255023183925811 0.019076923076923078
2 0.3384853168469861 0.4590769230769231 0.04636785162287481 0.018461538461538463
2 0.40494590417310666 0.4507692307692308 0.03400309119010819 0.014153846153846154
2 0.30602782071097373 0.4021538461538462 0.03400309119010819 0.012923076923076924
2 0.46831530139103555 0.45476923076923076 0.04327666151468315 0.01723076923076923
2 0.45054095826893353 0.4313846153846154 0.02936630602782071 0.012307692307692308
2 0.589644513137558 0.424 0.04482225656877898 0.018461538461538463
2 0.6383307573415765 0.4307692307692308 0.0401854714064915 0.01476923076923077
2 0.6916537867078825 0.43230769230769234 0.03245749613601236 0.012923076923076924
2 0.7820710973724884 0.42923076923076925 0.03400309119010819 0.016615384615384615
2 0.3268933539412674 0.4766153846153846 0.03554868624420402 0.014153846153846154
2 0.19938176197836166 0.47261538461538466 0.04327666151468315 0.01723076923076923
2 0.08191653786707882 0.48953846153846153 0.04636785162287481 0.024
2 0.12982998454404945 0.4815384615384616 0.04327666151468315 0.015384615384615385
2 0.16537867078825347 0.47692307692307695 0.03400309119010819 0.01476923076923077
2 0.18006182380216382 0.4910769230769231 0.03863987635239567 0.01353846153846154
2 0.366306027820711 0.47907692307692307 0.03709428129829984 0.014153846153846154
2 0.3894899536321484 0.48553846153846153 0.030911901081916538 0.01476923076923077
2 0.419629057187017 0.4836923076923077 0.03245749613601236 0.01476923076923077
2 0.48763523956723337 0.4766153846153846 0.03863987635239567 0.014153846153846154
2 0.5680061823802164 0.4550769230769231 0.04173106646058732 0.01784615384615385
2 0.6406491499227203 0.46061538461538465 0.03863987635239567 0.016615384615384615
2 0.6955177743431221 0.4636923076923077 0.04327666151468315 0.016615384615384615
2 0.7720247295208655 0.4489230769230769 0.03863987635239567 0.012923076923076924
2 0.7697063369397218 0.45876923076923076 0.03709428129829984 0.015384615384615385
2 0.8377125193199382 0.4483076923076923 0.04327666151468315 0.015384615384615385
2 0.8091190108191654 0.4603076923076923 0.03863987635239567 0.01353846153846154
2 0.8848531684698608 0.4590769230769231 0.05100463678516229 0.020923076923076923
2 0.9343122102009274 0.45661538461538465 0.04482225656877898 0.01476923076923077
2 0.8964451313755796 0.44153846153846155 0.030911901081916538 0.011692307692307693
2 0.8972179289026275 0.47815384615384615 0.04173106646058732 0.016
2 0.8531684698608965 0.48830769230769233 0.03709428129829984 0.014153846153846154
2 0.8369397217928902 0.4707692307692308 0.03863987635239567 0.01723076923076923
2 0.7805255023183926 0.4886153846153846 0.04945904173106646 0.019692307692307693
2 0.8995363214837713 0.5086153846153846 0.04945904173106646 0.019076923076923078
2 0.8222565687789799 0.5230769230769231 0.04945904173106646 0.018461538461538463
2 0.9010819165378671 0.5363076923076924 0.04636785162287481 0.019076923076923078
2 0.6506955177743431 0.4898461538461539 0.03709428129829984 0.016
2 0.5788253477588872 0.4750769230769231 0.03863987635239567 0.01476923076923077
2 0.5417310664605873 0.49323076923076925 0.05409582689335394 0.020307692307692308
2 0.5989180834621329 0.5021538461538462 0.03863987635239567 0.01476923076923077
2 0.3910355486862442 0.5073846153846154 0.030911901081916538 0.014153846153846154
2 0.31530139103554866 0.5003076923076923 0.03709428129829984 0.016
2 0.28129829984544047 0.4978461538461539 0.03400309119010819 0.012307692307692308
2 0.2697063369397218 0.5123076923076924 0.03245749613601236 0.012923076923076924
2 0.27666151468315303 0.5347692307692308 0.03400309119010819 0.01353846153846154
2 0.36012364760432763 0.5236923076923077 0.0401854714064915 0.01476923076923077
2 0.22102009273570325 0.5101538461538462 0.04327666151468315 0.018461538461538463
2 0.10973724884080371 0.5227692307692308 0.04636785162287481 0.019076923076923078
2 0.1561051004636785 0.5110769230769231 0.04327666151468315 0.019076923076923078
2 0.23261205564142196 0.5338461538461539 0.04173106646058732 0.01784615384615385
2 0.3068006182380216 0.5427692307692308 0.03863987635239567 0.016
2 0.2117465224111283 0.5516923076923077 0.04327666151468315 0.015384615384615385
2 0.3995363214837712 0.5495384615384615 0.05100463678516229 0.01723076923076923
2 0.4335394126738794 0.5218461538461538 0.04791344667697063 0.019692307692307693
2 0.5108191653786708 0.5403076923076924 0.03863987635239567 0.01476923076923077
2 0.5718701700154559 0.5396923076923077 0.03709428129829984 0.01476923076923077
2 0.6661514683153014 0.5073846153846154 0.0401854714064915 0.012923076923076924
2 0.731066460587326 0.5298461538461539 0.05564142194744977 0.019692307692307693
2 0.35316846986089645 0.5532307692307693 0.03863987635239567 0.016
2 0.45904173106646057 0.5707692307692308 0.030911901081916538 0.012923076923076924
2 0.48763523956723337 0.5664615384615385 0.03245749613601236 0.010461538461538461
2 0.509273570324575 0.56 0.03554868624420402 0.01476923076923077
2 0.5471406491499227 0.5640000000000001 0.030911901081916538 0.011692307692307693
2 0.6120556414219475 0.5673846153846154 0.04327666151468315 0.016
2 0.6329211746522411 0.5603076923076923 0.04482225656877898 0.015384615384615385
2 0.740340030911901 0.5510769230769231 0.04636785162287481 0.020307692307692308
2 0.8369397217928902 0.5464615384615384 0.03863987635239567 0.016
2 0.6769706336939721 0.5498461538461539 0.021638330757341576 0.014153846153846154
2 0.6986089644513137 0.5532307692307693 0.0401854714064915 0.01476923076923077
2 0.7457496136012365 0.5704615384615385 0.03554868624420402 0.01353846153846154
2 0.8222565687789799 0.5701538461538461 0.04327666151468315 0.016615384615384615
2 0.8740340030911901 0.5664615384615385 0.04791344667697063 0.016615384615384615
2 0.4474497681607419 0.5387692307692308 0.04173106646058732 0.014153846153846154
2 0.4760432766615147 0.5316923076923077 0.03709428129829984 0.016
2 0.34930448222565685 0.5858461538461539 0.03400309119010819 0.01476923076923077
2 0.2998454404945904 0.5806153846153846 0.030911901081916538 0.012923076923076924
2 0.15765069551777433 0.5526153846153846 0.0401854714064915 0.016
2 0.21097372488408037 0.5707692307692308 0.03554868624420402 0.014153846153846154
2 0.21483771251931993 0.5833846153846154 0.03400309119010819 0.011076923076923078
2 0.26738794435857804 0.6064615384615385 0.03400309119010819 0.012923076923076924
2 0.09969088098918083 0.5846153846153846 0.04482225656877898 0.016
2 0.15996908809891808 0.5692307692307692 0.05409582689335394 0.016
2 0.08809891808346212 0.5673846153846154 0.03400309119010819 0.016
2 0.10664605873261206 0.5547692307692308 0.0401854714064915 0.015384615384615385
2 0.25270479134466767 0.568923076923077 0.026275115919629055 0.012923076923076924
2 0.3446676970633694 0.5652307692307692 0.03709428129829984 0.011692307692307693
2 0.5378670788253478 0.5135384615384616 0.04945904173106646 0.011692307692307693
2 0.5618238021638331 0.5944615384615385 0.03245749613601236 0.01476923076923077
2 0.6785162287480679 0.5726153846153846 0.0401854714064915 0.01784615384615385
2 0.6993817619783617 0.5883076923076923 0.03245749613601236 0.01476923076923077
2 0.6313755795981453 0.5846153846153846 0.02936630602782071 0.011076923076923078
2 0.7387944358578052 0.5969230769230769 0.04327666151468315 0.016
2 0.7820710973724884 0.6113846153846154 0.03400309119010819 0.011692307692307693
2 0.8006182380216383 0.5975384615384616 0.03709428129829984 0.01353846153846154
2 0.3075734157650695 0.6166153846153847 0.04327666151468315 0.01476923076923077
2 0.3469860896445131 0.6067692307692308 0.03554868624420402 0.012307692307692308
2 0.5255023183925811 0.6236923076923078 0.04945904173106646 0.019076923076923078
2 0.8709428129829985 0.5996923076923077 0.04791344667697063 0.021538461538461538
2 0.9327666151468315 0.6107692307692308 0.05409582689335394 0.020307692307692308
2 0.8207109737248841 0.6418461538461538 0.04327666151468315 0.016
2 0.7697063369397218 0.6486153846153846 0.04945904173106646 0.019692307692307693
2 0.9157650695517774 0.6504615384615385 0.05100463678516229 0.020923076923076923
2 0.7040185471406492 0.6483076923076924 0.03863987635239567 0.014153846153846154
2 0.6561051004636785 0.6541538461538462 0.03554868624420402 0.01353846153846154
2 0.6306027820710973 0.6458461538461538 0.03709428129829984 0.014153846153846154
2 0.6476043276661515 0.6215384615384616 0.0401854714064915 0.01353846153846154
2 0.6321483771251932 0.6104615384615385 0.03709428129829984 0.01353846153846154
2 0.5123647604327666 0.6464615384615385 0.03554868624420402 0.014153846153846154
2 0.5741885625965997 0.6486153846153846 0.03554868624420402 0.01353846153846154
2 0.3794435857805255 0.644 0.03863987635239567 0.01784615384615385
2 0.4088098918083462 0.6483076923076924 0.03863987635239567 0.014153846153846154
2 0.2836166924265842 0.6378461538461538 0.04173106646058732 0.016615384615384615
2 0.20942812982998454 0.6458461538461538 0.05409582689335394 0.016615384615384615
2 0.19783616692426584 0.6150769230769231 0.05564142194744977 0.021538461538461538
2 0.08809891808346212 0.6009230769230769 0.04327666151468315 0.014153846153846154
2 0.080370942812983 0.6249230769230769 0.05255023183925811 0.021538461538461538
2 0.14760432766615147 0.6430769230769231 0.0571870170015456 0.022153846153846156
2 0.27279752704791344 0.6652307692307693 0.04482225656877898 0.020923076923076923
2 0.3160741885625966 0.6541538461538462 0.04482225656877898 0.018461538461538463
2 0.08887171561051005 0.672 0.04173106646058732 0.018461538461538463
2 0.14605873261205563 0.660923076923077 0.04173106646058732 0.01353846153846154
2 0.13987635239567234 0.676 0.04173106646058732 0.012923076923076924
2 0.1777434312210201 0.668 0.03400309119010819 0.014153846153846154
2 0.20942812982998454 0.6664615384615384 0.03554868624420402 0.016
2 0.214064914992272 0.6836923076923077 0.05100463678516229 0.018461538461538463
2 0.3068006182380216 0.6861538461538462 0.04791344667697063 0.018461538461538463
2 0.3377125193199382 0.6981538461538461 0.03245749613601236 0.010461538461538461
2 0.35857805255023184 0.6873846153846154 0.03400309119010819 0.01476923076923077
2 0.3608964451313756 0.6750769230769231 0.03863987635239567 0.01353846153846154
2 0.3948995363214838 0.6821538461538462 0.02936630602782071 0.011692307692307693
2 0.41035548686244205 0.6710769230769231 0.026275115919629055 0.012923076923076924
2 0.4381761978361669 0.6698461538461539 0.04173106646058732 0.015384615384615385
2 0.4860896445131376 0.6713846153846154 0.03863987635239567 0.01476923076923077
2 0.5525502318392581 0.6670769230769231 0.03245749613601236 0.012307692307692308
2 0.642967542503864 0.6793846153846154 0.030911901081916538 0.011076923076923078
2 0.7071097372488407 0.672923076923077 0.04482225656877898 0.016615384615384615
2 0.7527047913446677 0.6673846153846154 0.0401854714064915 0.015384615384615385
2 0.8183925811437404 0.6772307692307693 0.03554868624420402 0.015384615384615385
2 0.8469860896445132 0.6778461538461539 0.027820710973724884 0.012923076923076924
2 0.9072642967542504 0.6750769230769231 0.0401854714064915 0.01723076923076923
2 0.9057187017001546 0.6941538461538462 0.03709428129829984 0.01353846153846154
2 0.955177743431221 0.6993846153846154 0.04327666151468315 0.016615384615384615
2 0.6785162287480679 0.6950769230769231 0.03709428129829984 0.014153846153846154
2 0.7202472952086553 0.6913846153846154 0.027820710973724884 0.011692307692307693
2 0.6298299845440495 0.6953846153846154 0.03863987635239567 0.01476923076923077
2 0.5618238021638331 0.7021538461538461 0.04791344667697063 0.019692307692307693
2 0.6646058732612056 0.7184615384615385 0.0401854714064915 0.012923076923076924
2 0.455177743431221 0.7021538461538461 0.04173106646058732 0.016
2 0.11205564142194745 0.6926153846153846 0.0633693972179289 0.02276923076923077
2 0.17078825347758886 0.6981538461538461 0.03863987635239567 0.014153846153846154
2 0.25579598145285937 0.7067692307692308 0.04482225656877898 0.019076923076923078
2 0.1831530139103555 0.7156923076923077 0.05409582689335394 0.018461538461538463
2 0.13833075734157652 0.7384615384615385 0.0633693972179289 0.023384615384615386
2 0.24884080370942813 0.7375384615384616 0.04945904173106646 0.016615384615384615
2 0.2982998454404946 0.7178461538461539 0.04327666151468315 0.015384615384615385
2 0.3284389489953632 0.7283076923076923 0.04173106646058732 0.015384615384615385
2 0.455177743431221 0.7289230769230769 0.03863987635239567 0.015384615384615385
2 0.5115919629057187 0.7301538461538462 0.04327666151468315 0.016615384615384615
2 0.5517774343122102 0.7286153846153847 0.03400309119010819 0.01476923076923077
2 0.660741885625966 0.7353846153846154 0.03863987635239567 0.01476923076923077
2 0.7040185471406492 0.7301538461538462 0.03863987635239567 0.014153846153846154
2 0.7449768160741885 0.7341538461538462 0.04945904173106646 0.01476923076923077
2 0.7774343122102009 0.7190769230769231 0.04945904173106646 0.019076923076923078
2 0.7666151468315301 0.6993846153846154 0.04327666151468315 0.01784615384615385
2 0.8060278207109737 0.6972307692307692 0.04791344667697063 0.020923076923076923
2 0.8245749613601236 0.7230769230769231 0.04482225656877898 0.01723076923076923
2 0.9080370942812983 0.7175384615384616 0.05100463678516229 0.018461538461538463
2 0.9134466769706336 0.7393846153846154 0.03709428129829984 0.012923076923076924
2 0.8639876352395672 0.7529230769230769 0.0401854714064915 0.014153846153846154
2 0.7488408037094281 0.7476923076923078 0.03554868624420402 0.012307692307692308
2 0.7859350850077279 0.7523076923076923 0.03245749613601236 0.010461538461538461
2 0.5687789799072643 0.7489230769230769 0.04327666151468315 0.016
2 0.6143740340030912 0.7436923076923078 0.03245749613601236 0.014153846153846154
2 0.5200927357032458 0.7541538461538462 0.04482225656877898 0.015384615384615385
2 0.4621329211746522 0.7584615384615385 0.03709428129829984 0.014153846153846154
2 0.20324574961360123 0.7323076923076923 0.04791344667697063 0.01476923076923077
2 0.20015455950540958 0.7483076923076923 0.04173106646058732 0.012307692307692308
2 0.24884080370942813 0.7550769230769231 0.03400309119010819 0.01353846153846154
2 0.15996908809891808 0.7606153846153847 0.05100463678516229 0.019692307692307693
2 0.2975270479134467 0.7716923076923077 0.04482225656877898 0.01723076923076923
2 0.4420401854714065 0.7793846153846155 0.03400309119010819 0.015384615384615385
2 0.33925811437403397 0.7855384615384615 0.03863987635239567 0.016615384615384615
2 0.39180834621329214 0.7941538461538462 0.04482225656877898 0.015384615384615385
2 0.1205564142194745 0.7953846153846154 0.05255023183925811 0.020307692307692308
2 0.2357032457496136 0.7963076923076924 0.0571870170015456 0.018461538461538463
2 0.15069551777434312 0.8215384615384616 0.0571870170015456 0.018461538461538463
2 0.20788253477588872 0.8190769230769231 0.04482225656877898 0.018461538461538463
2 0.25579598145285937 0.8218461538461539 0.04173106646058732 0.01784615384615385
2 0.30061823802163834 0.8313846153846154 0.04482225656877898 0.016
2 0.3338485316846986 0.8203076923076923 0.030911901081916538 0.016
2 0.3693972179289026 0.8196923076923077 0.03709428129829984 0.01723076923076923
2 0.4149922720247295 0.8252307692307692 0.03863987635239567 0.018461538461538463
2 0.5046367851622875 0.8236923076923077 0.06027820710973725 0.021538461538461538
2 0.5363214837712519 0.7778461538461539 0.04327666151468315 0.01723076923076923
2 0.6476043276661515 0.78 0.0401854714064915 0.016615384615384615
2 0.5826893353941267 0.7978461538461539 0.04945904173106646 0.020307692307692308
2 0.731839258114374 0.7630769230769231 0.06027820710973725 0.019692307692307693
2 0.7449768160741885 0.7812307692307693 0.0401854714064915 0.015384615384615385
2 0.6901081916537867 0.7852307692307693 0.03245749613601236 0.01476923076923077
2 0.7959814528593508 0.7790769230769231 0.03400309119010819 0.016
2 0.9706336939721792 0.7446153846153847 0.04636785162287481 0.018461538461538463
2 0.9250386398763524 0.7621538461538462 0.0571870170015456 0.020307692307692308
2 0.8346213292117465 0.7870769230769231 0.04945904173106646 0.023384615384615386
2 0.9250386398763524 0.7978461538461539 0.06027820710973725 0.021538461538461538
2 0.8686244204018547 0.7883076923076924 0.0401854714064915 0.01476923076923077
2 0.8887171561051005 0.776 0.04945904173106646 0.01723076923076923
2 0.8006182380216383 0.8206153846153846 0.05564142194744977 0.01784615384615385
2 0.7210200927357032 0.8150769230769231 0.04791344667697063 0.01784615384615385
2 0.750386398763524 0.8273846153846154 0.04173106646058732 0.014153846153846154
2 0.5850077279752705 0.8184615384615385 0.04791344667697063 0.019692307692307693
2 0.4536321483771252 0.824923076923077 0.03863987635239567 0.014153846153846154
2 0.49149922720247297 0.8412307692307692 0.04636785162287481 0.01476923076923077
2 0.5625965996908809 0.8406153846153847 0.04636785162287481 0.01723076923076923
2 0.6306027820710973 0.8427692307692308 0.0401854714064915 0.015384615384615385
2 0.6939721792890262 0.8393846153846154 0.05873261205564142 0.022153846153846156
2 0.8647604327666152 0.8403076923076923 0.04482225656877898 0.015384615384615385
2 0.9157650695517774 0.8310769230769232 0.0633693972179289 0.021538461538461538
2 0.964451313755796 0.8286153846153846 0.0401854714064915 0.014153846153846154
2 0.9397217928902627 0.8153846153846154 0.04636785162287481 0.01476923076923077
2 0.8794435857805255 0.812923076923077 0.03709428129829984 0.01476923076923077
2 0.8547140649149922 0.8224615384615385 0.04636785162287481 0.015384615384615385
2 0.8044822256568779 0.840923076923077 0.03863987635239567 0.014153846153846154
2 0.8431221020092735 0.8569230769230769 0.04482225656877898 0.016615384615384615
2 0.9513137557959814 0.8901538461538462 0.05100463678516229 0.01784615384615385
2 0.8129829984544049 0.8867692307692308 0.0401854714064915 0.01723076923076923
2 0.7132921174652241 0.8744615384615385 0.03863987635239567 0.012307692307692308
2 0.6545595054095826 0.8578461538461539 0.03863987635239567 0.01353846153846154
2 0.7063369397217929 0.8584615384615385 0.03400309119010819 0.012307692307692308
2 0.740340030911901 0.8563076923076923 0.027820710973724884 0.011692307692307693
2 0.5826893353941267 0.8578461538461539 0.03709428129829984 0.009846153846153846
2 0.6236476043276662 0.8750769230769231 0.03245749613601236 0.011076923076923078
2 0.624420401854714 0.8886153846153847 0.030911901081916538 0.01353846153846154
2 0.5749613601236476 0.8849230769230769 0.030911901081916538 0.011076923076923078
2 0.5417310664605873 0.8584615384615385 0.03245749613601236 0.012307692307692308
2 0.41653786707882534 0.8464615384615385 0.03554868624420402 0.011692307692307693
2 0.4652241112828439 0.8667692307692308 0.03709428129829984 0.015384615384615385
2 0.2287480680061824 0.8427692307692308 0.03709428129829984 0.015384615384615385
2 0.2797527047913447 0.8483076923076923 0.03400309119010819 0.012923076923076924
2 0.3160741885625966 0.8621538461538462 0.04173106646058732 0.016
2 0.37326120556414216 0.864 0.02936630602782071 0.011076923076923078
2 0.25579598145285937 0.8692307692307693 0.04173106646058732 0.015384615384615385
2 0.2928902627511592 0.8735384615384616 0.05409582689335394 0.01784615384615385
2 0.1947449768160742 0.8618461538461539 0.03709428129829984 0.014153846153846154
2 0.1947449768160742 0.8883076923076924 0.05255023183925811 0.020307692307692308
2 0.2364760432766615 0.9 0.04636785162287481 0.015384615384615385
2 0.1329211746522411 0.8852307692307693 0.05255023183925811 0.016615384615384615
2 0.11051004636785162 0.8541538461538462 0.04791344667697063 0.016
2 0.14219474497681608 0.8612307692307692 0.04945904173106646 0.015384615384615385
2 0.16460587326120557 0.8400000000000001 0.02936630602782071 0.009846153846153846
2 0.0973724884080371 0.8221538461538462 0.03709428129829984 0.01476923076923077
2 0.09041731066460587 0.8935384615384616 0.04482225656877898 0.01476923076923077
2 0.09428129829984544 0.9178461538461539 0.04945904173106646 0.020307692307692308
2 0.16537867078825347 0.9095384615384615 0.05564142194744977 0.022153846153846156
2 0.21020092735703244 0.9227692307692308 0.05564142194744977 0.019076923076923078
2 0.2704791344667697 0.924923076923077 0.0401854714064915 0.01353846153846154
2 0.3044822256568779 0.9338461538461539 0.04327666151468315 0.01784615384615385
2 0.419629057187017 0.9310769230769231 0.04791344667697063 0.019692307692307693
2 0.4899536321483771 0.9378461538461539 0.05255023183925811 0.01723076923076923
2 0.5231839258114374 0.8984615384615385 0.03554868624420402 0.01476923076923077
2 0.615146831530139 0.916 0.04945904173106646 0.015384615384615385
2 0.6777434312210201 0.9009230769230769 0.03245749613601236 0.01353846153846154
2 0.5494590417310664 0.916 0.04791344667697063 0.021538461538461538
2 0.5726429675425039 0.9406153846153846 0.0571870170015456 0.020307692307692308
2 0.6545595054095826 0.9366153846153846 0.04173106646058732 0.01723076923076923
2 0.6290571870170015 0.9516923076923077 0.04327666151468315 0.01784615384615385
2 0.6761978361669243 0.9550769230769232 0.04173106646058732 0.016
2 0.7418856259659969 0.9003076923076924 0.04636785162287481 0.016
2 0.732612055641422 0.9347692307692308 0.03400309119010819 0.016
2 0.7797527047913446 0.9353846153846154 0.04173106646058732 0.018461538461538463
2 0.8145285935085007 0.9323076923076924 0.04327666151468315 0.016
2 0.8616692426584235 0.924923076923077 0.03554868624420402 0.01353846153846154
2 0.857032457496136 0.888 0.03245749613601236 0.01476923076923077
2 0.9234930448222566 0.9135384615384615 0.03863987635239567 0.016615384615384615
2 0.9281298299845441 0.9455384615384615 0.05100463678516229 0.019076923076923078
2 0.8238021638330757 0.9578461538461539 0.05255023183925811 0.020307692307692308
2 0.7256568778979907 0.9584615384615385 0.04482225656877898 0.020307692307692308
2 0.7704791344667697 0.956923076923077 0.04173106646058732 0.020923076923076923
2 0.5749613601236476 0.9726153846153847 0.04327666151468315 0.015384615384615385
2 0.526275115919629 0.952923076923077 0.04173106646058732 0.015384615384615385
2 0.4605873261205564 0.9652307692307692 0.03709428129829984 0.014153846153846154
2 0.40494590417310666 0.9556923076923077 0.04945904173106646 0.018461538461538463
2 0.34312210200927357 0.9664615384615385 0.04945904173106646 0.019076923076923078
2 0.30602782071097373 0.9541538461538462 0.04945904173106646 0.01784615384615385
2 0.2125193199381762 0.9443076923076923 0.06027820710973725 0.019076923076923078
2 0.14219474497681608 0.9683076923076923 0.06800618238021638 0.02276923076923077
2 0.3910355486862442 0.8772307692307693 0.03709428129829984 0.012923076923076924
2 0.4134466769706337 0.8686153846153847 0.03245749613601236 0.011692307692307693
2 0.8778979907264297 0.9572307692307692 0.04945904173106646 0.01784615384615385
2 0.8338485316846986 0.9781538461538462 0.04173106646058732 0.010461538461538461
2 0.7557959814528593 0.9720000000000001 0.03709428129829984 0.012923076923076924
2 0.8825347758887171 0.9704615384615385 0.04327666151468315 0.01353846153846154
2 0.5772797527047914 0.8692307692307693 0.03554868624420402 0.012923076923076924
2 0.4853168469860896 0.8058461538461539 0.04327666151468315 0.012923076923076924
2 0.7627511591962906 0.8027692307692308 0.03554868624420402 0.014153846153846154
2 0.8153013910355487 0.8043076923076924 0.04173106646058732 0.01353846153846154
2 0.18160741885625967 0.8061538461538462 0.03554868624420402 0.012307692307692308
2 0.33075734157650694 0.7467692307692307 0.030911901081916538 0.012923076923076924
2 0.0865533230293663 0.7316923076923078 0.03709428129829984 0.01353846153846154
2 0.02009273570324575 0.6406153846153846 0.030911901081916538 0.01353846153846154
2 0.09659969088098917 0.6430769230769231 0.04482225656877898 0.01353846153846154
2 0.04327666151468315 0.5760000000000001 0.04636785162287481 0.016
2 0.06027820710973725 0.5036923076923077 0.0401854714064915 0.016615384615384615
2 0.8068006182380216 0.5064615384615385 0.0401854714064915 0.01353846153846154
2 0.059505409582689336 0.6963076923076923 0.03554868624420402 0.014153846153846154
2 0.48377125193199383 0.7418461538461538 0.03709428129829984 0.014153846153846154
2 0.19938176197836166 0.7664615384615385 0.0401854714064915 0.012923076923076924
2 0.5185471406491499 0.8667692307692308 0.02936630602782071 0.011692307692307693
2 0.4853168469860896 0.6089230769230769 0.030911901081916538 0.012923076923076924
2 0.14219474497681608 0.591076923076923 0.03709428129829984 0.012923076923076924
2 0.11823802163833075 0.7609230769230769 0.03554868624420402 0.012923076923076924
2 0.6506955177743431 0.8227692307692308 0.027820710973724884 0.01353846153846154
2 0.2650695517774343 0.9556923076923077 0.03245749613601236 0.01353846153846154
2 0.374806800618238 0.984 0.03863987635239567 0.01476923076923077
2 0.9281298299845441 0.24553846153846154 0.03554868624420402 0.019692307692307693
2 0.98145285935085 0.2593846153846154 0.03400309119010819 0.015384615384615385
2 0.2241112828438949 0.054461538461538464 0.0401854714064915 0.012923076923076924
2 0.39258114374034003 0.7726153846153846 0.027820710973724884 0.012923076923076924
2 0.4250386398763524 0.7627692307692308 0.027820710973724884 0.012923076923076924
2 0.5340030911901081 0.8046153846153846 0.03245749613601236 0.011692307692307693
2 0.901854714064915 0.8867692307692308 0.04173106646058732 0.01353846153846154
2 0.6700154559505409 0.4258461538461539 0.03554868624420402 0.01476923076923077
2 0.821483771251932 0.3473846153846154 0.03245749613601236 0.010461538461538461
2 0.4080370942812983 0.36 0.03709428129829984 0.01476923076923077
2 0.4814528593508501 0.3624615384615385 0.02936630602782071 0.009846153846153846
2 0.47372488408037094 0.19692307692307692 0.02936630602782071 0.01353846153846154
2 0.25734157650695516 0.19815384615384615 0.02936630602782071 0.011076923076923078
2 0.9791344667697063 0.9390769230769231 0.03863987635239567 0.01723076923076923
2 0.04250386398763524 0.4750769230769231 0.03863987635239567 0.016
2 0.5394126738794436 0.41723076923076924 0.03400309119010819 0.01353846153846154
2 0.3616692426584235 0.3750769230769231 0.0401854714064915 0.014153846153846154
2 0.9884080370942813 0.1003076923076923 0.023183925811437404 0.01476923076923077
2 0.4860896445131376 0.14553846153846153 0.03863987635239567 0.011692307692307693
2 0.812210200927357 0.2784615384615385 0.02936630602782071 0.012923076923076924
2 0.8176197836166924 0.26492307692307693 0.03400309119010819 0.011692307692307693
2 0.9559505409582689 0.3209230769230769 0.06646058732612055 0.016615384615384615
2 0.9744976816074188 0.3350769230769231 0.04173106646058732 0.010461538461538461
2 0.7418856259659969 0.31446153846153846 0.04636785162287481 0.019692307692307693
2 0.8083462132921174 0.3089230769230769 0.05255023183925811 0.016
2 0.6862442040185471 0.28 0.03400309119010819 0.012307692307692308
2 0.7094281298299845 0.2732307692307692 0.0401854714064915 0.019692307692307693
2 0.12596599690880989 0.31384615384615383 0.04173106646058732 0.01476923076923077
2 0.10587326120556415 0.32523076923076927 0.02936630602782071 0.011692307692307693
2 0.17542503863987635 0.3363076923076923 0.04173106646058732 0.01784615384615385
2 0.6669242658423493 0.3221538461538462 0.04173106646058732 0.016615384615384615
2 0.27202472952086554 0.3913846153846154 0.04327666151468315 0.01723076923076923
2 0.3068006182380216 0.5126153846153846 0.03863987635239567 0.01353846153846154
2 0.4536321483771252 0.48430769230769233 0.03554868624420402 0.01723076923076923
2 0.7913446676970634 0.5424615384615384 0.05564142194744977 0.026461538461538463
2 0.9667697063369397 0.7710769230769231 0.03863987635239567 0.019692307692307693
2 0.963678516228748 0.7926153846153846 0.02936630602782071 0.01353846153846154
2 0.11051004636785162 0.8704615384615385 0.026275115919629055 0.014153846153846154
2 0.2975270479134467 0.9735384615384616 0.04482225656877898 0.020923076923076923
2 0.1901081916537867 0.9723076923076923 0.03709428129829984 0.01723076923076923
2 0.06105100463678516 0.9326153846153846 0.02936630602782071 0.010461538461538461
2 0.09814528593508501 0.9344615384615385 0.03554868624420402 0.012923076923076924
2 0.15146831530139104 0.932923076923077 0.027820710973724884 0.011076923076923078
