2 0.39783281733746134 0.008841463414634146 0.04024767801857585 0.012804878048780487
2 0.24458204334365327 0.01402439024390244 0.03715170278637771 0.012195121951219513
2 0.16176470588235295 0.007926829268292683 0.03560371517027864 0.013414634146341463
2 0.19427244582043346 0.014634146341463414 0.029411764705882356 0.00975609756097561
2 0.2058823529411765 0.03048780487804878 0.03715170278637771 0.013414634146341463
2 0.15325077399380807 0.031097560975609756 0.030959752321981428 0.014634146341463414
2 0.10061919504643964 0.04603658536585366 0.03715170278637771 0.01402439024390244
2 0.04411764705882353 0.046646341463414634 0.04798761609907121 0.01768292682926829
2 0.24458204334365327 0.0399390243902439 0.03715170278637771 0.01402439024390244
2 0.2886996904024768 0.03231707317073171 0.03869969040247678 0.013414634146341463
2 0.293343653250774 0.051524390243902436 0.04489164086687307 0.01524390243902439
2 0.1865325077399381 0.045121951219512194 0.041795665634674926 0.013414634146341463
2 0.18808049535603716 0.05518292682926829 0.041795665634674926 0.010365853658536586
2 0.13390092879256968 0.06829268292682927 0.04489164086687307 0.015853658536585366
2 0.06114551083591332 0.06829268292682927 0.03560371517027864 0.012195121951219513
2 0.19195046439628485 0.07164634146341463 0.043343653250773995 0.01402439024390244
2 0.3343653250773994 0.08048780487804878 0.03405572755417957 0.013414634146341463
2 0.026315789473684213 0.09664634146341464 0.04024767801857585 0.01768292682926829
2 0.13544891640866874 0.0923780487804878 0.032507739938080496 0.01402439024390244
2 0.17337461300309598 0.08810975609756097 0.04024767801857585 0.01524390243902439
2 0.21130030959752324 0.08445121951219513 0.032507739938080496 0.012804878048780487
2 0.26315789473684215 0.08140243902439025 0.027863777089783284 0.011585365853658536
2 0.40479876160990713 0.09939024390243903 0.03869969040247678 0.015853658536585366
2 0.3599071207430341 0.10670731707317073 0.029411764705882356 0.013414634146341463
2 0.3188854489164087 0.10304878048780487 0.03715170278637771 0.013414634146341463
2 0.08823529411764706 0.09268292682926829 0.030959752321981428 0.014634146341463414
2 0.15015479876160992 0.12103658536585366 0.04643962848297214 0.01768292682926829
2 0.23839009287925697 0.12225609756097561 0.043343653250773995 0.01524390243902439
2 0.05959752321981424 0.13597560975609757 0.04489164086687307 0.01951219512195122
2 0.17337461300309598 0.15670731707317073 0.043343653250773995 0.018292682926829267
2 0.24767801857585142 0.14817073170731707 0.03715170278637771 0.012195121951219513
2 0.3103715170278638 0.14908536585365853 0.04489164086687307 0.01768292682926829
2 0.34674922600619196 0.12835365853658537 0.030959752321981428 0.011585365853658536
2 0.3986068111455109 0.12591463414634146 0.032507739938080496 0.01402439024390244
2 0.41718266253869973 0.14146341463414633 0.04489164086687307 0.015853658536585366
2 0.5185758513931888 0.13719512195121952 0.043343653250773995 0.01707317073170732
2 0.46981424148606815 0.14878048780487804 0.03560371517027864 0.014634146341463414
2 0.4914860681114551 0.08353658536585366 0.03869969040247678 0.012195121951219513
2 0.7469040247678019 0.03384146341463415 0.032507739938080496 0.012804878048780487
2 0.8049535603715171 0.07896341463414634 0.043343653250773995 0.018902439024390243
2 0.7260061919504645 0.07134146341463414 0.03405572755417957 0.013414634146341463
2 0.6524767801857585 0.08201219512195122 0.03869969040247678 0.01402439024390244
2 0.75 0.09573170731707317 0.03869969040247678 0.013414634146341463
2 0.6826625386996904 0.09725609756097561 0.03715170278637771 0.01402439024390244
2 0.705108359133127 0.11341463414634147 0.05727554179566564 0.020731707317073172
2 0.813467492260062 0.12195121951219512 0.041795665634674926 0.018292682926829267
2 0.7082043343653251 0.13323170731707318 0.03560371517027864 0.012804878048780487
2 0.6253869969040248 0.12164634146341463 0.04024767801857585 0.01402439024390244
2 0.6578947368421053 0.11676829268292684 0.03405572755417957 0.011585365853658536
2 0.630030959752322 0.14603658536585365 0.043343653250773995 0.01402439024390244
2 0.6710526315789475 0.1350609756097561 0.03560371517027864 0.012804878048780487
2 0.7995356037151703 0.14908536585365853 0.041795665634674926 0.01402439024390244
2 0.7708978328173375 0.1225609756097561 0.03715170278637771 0.01097560975609756
2 0.8049535603715171 0.16829268292682928 0.04643962848297214 0.014634146341463414
2 0.6973684210526316 0.1573170731707317 0.04798761609907121 0.01707317073170732
2 0.7291021671826626 0.16585365853658537 0.03715170278637771 0.014634146341463414
2 0.7739938080495357 0.18810975609756098 0.03715170278637771 0.016463414634146342
2 0.5743034055727555 0.1655487804878049 0.04024767801857585 0.01402439024390244
2 0.35294117647058826 0.1649390243902439 0.04024767801857585 0.012804878048780487
2 0.4226006191950465 0.17134146341463416 0.027863777089783284 0.01097560975609756
2 0.4736842105263158 0.2 0.03715170278637771 0.015853658536585366
2 0.68343653250774 0.2027439024390244 0.03869969040247678 0.012804878048780487
2 0.7739938080495357 0.21951219512195122 0.04953560371517028 0.020731707317073172
2 0.23065015479876164 0.1652439024390244 0.030959752321981428 0.013414634146341463
2 0.09520123839009288 0.17073170731707318 0.04798761609907121 0.023170731707317073
2 0.13777089783281735 0.19176829268292683 0.030959752321981428 0.012804878048780487
2 0.20356037151702788 0.19176829268292683 0.03869969040247678 0.012804878048780487
2 0.25541795665634676 0.19847560975609757 0.043343653250773995 0.01524390243902439
2 0.30340557275541796 0.20121951219512196 0.03715170278637771 0.013414634146341463
2 0.368421052631579 0.19969512195121952 0.04024767801857585 0.01524390243902439
2 0.05340557275541796 0.20396341463414633 0.041795665634674926 0.016463414634146342
2 0.1609907120743034 0.2100609756097561 0.04953560371517028 0.01768292682926829
2 0.27476780185758515 0.21859756097560976 0.041795665634674926 0.01402439024390244
2 0.31114551083591335 0.22134146341463415 0.030959752321981428 0.012195121951219513
2 0.33978328173374617 0.2152439024390244 0.029411764705882356 0.012195121951219513
2 0.42647058823529416 0.22073170731707317 0.026315789473684213 0.012195121951219513
2 0.3521671826625387 0.23201219512195123 0.029411764705882356 0.011585365853658536
2 0.36377708978328177 0.2198170731707317 0.030959752321981428 0.010365853658536586
2 0.5363777089783283 0.22560975609756098 0.03869969040247678 0.013414634146341463
2 0.6431888544891641 0.23810975609756097 0.032507739938080496 0.016463414634146342
2 0.2020123839009288 0.21341463414634146 0.03869969040247678 0.012195121951219513
2 0.12538699690402477 0.21128048780487804 0.030959752321981428 0.012804878048780487
2 0.11532507739938082 0.22652439024390245 0.03560371517027864 0.011585365853658536
2 0.1586687306501548 0.22865853658536586 0.032507739938080496 0.014634146341463414
2 0.17879256965944273 0.23353658536585367 0.032507739938080496 0.01097560975609756
2 0.25696594427244585 0.24115853658536585 0.03715170278637771 0.012804878048780487
2 0.21594427244582046 0.250609756097561 0.041795665634674926 0.014634146341463414
2 0.1455108359133127 0.2475609756097561 0.03715170278637771 0.01707317073170732
2 0.09752321981424149 0.24329268292682926 0.027863777089783284 0.01097560975609756
2 0.017027863777089786 0.25335365853658537 0.030959752321981428 0.016463414634146342
2 0.08668730650154799 0.2603658536585366 0.030959752321981428 0.012195121951219513
2 0.1695046439628483 0.263109756097561 0.029411764705882356 0.012804878048780487
2 0.11687306501547988 0.27378048780487807 0.03869969040247678 0.01707317073170732
2 0.2236842105263158 0.2698170731707317 0.041795665634674926 0.01768292682926829
2 0.3792569659442725 0.2530487804878049 0.03715170278637771 0.014634146341463414
2 0.4821981424148607 0.2634146341463415 0.029411764705882356 0.012195121951219513
2 0.5154798761609908 0.2420731707317073 0.030959752321981428 0.012195121951219513
2 0.5804953560371517 0.2603658536585366 0.03405572755417957 0.014634146341463414
2 0.7616099071207431 0.2423780487804878 0.04024767801857585 0.016463414634146342
2 0.8181114551083591 0.26158536585365855 0.04489164086687307 0.018292682926829267
2 0.7159442724458205 0.2676829268292683 0.03869969040247678 0.014634146341463414
2 0.7654798761609908 0.30579268292682926 0.041795665634674926 0.016463414634146342
2 0.7190402476780187 0.31432926829268293 0.04489164086687307 0.01768292682926829
2 0.6377708978328174 0.30884146341463414 0.043343653250773995 0.01402439024390244
2 0.3173374613003096 0.276219512195122 0.04024767801857585 0.01707317073170732
2 0.2708978328173375 0.28567073170731705 0.04024767801857585 0.012804878048780487
2 0.1803405572755418 0.3048780487804878 0.04798761609907121 0.015853658536585366
2 0.09752321981424149 0.30823170731707317 0.04024767801857585 0.01768292682926829
2 0.06114551083591332 0.3253048780487805 0.05417956656346749 0.020121951219512196
2 0.163312693498452 0.34176829268292686 0.03869969040247678 0.016463414634146342
2 0.24767801857585142 0.32957317073170733 0.04643962848297214 0.01768292682926829
2 0.19891640866873067 0.3591463414634146 0.041795665634674926 0.015853658536585366
2 0.13157894736842107 0.3600609756097561 0.04024767801857585 0.018902439024390243
2 0.07120743034055728 0.34603658536585363 0.04024767801857585 0.012804878048780487
2 0.12229102167182664 0.3301829268292683 0.030959752321981428 0.01524390243902439
2 0.08281733746130031 0.3615853658536585 0.04798761609907121 0.01707317073170732
2 0.14009287925696595 0.3826219512195122 0.04489164086687307 0.01524390243902439
2 0.21362229102167185 0.3746951219512195 0.04643962848297214 0.01524390243902439
2 0.26006191950464397 0.34146341463414637 0.04024767801857585 0.012195121951219513
2 0.27012383900928794 0.3515243902439024 0.03560371517027864 0.01402439024390244
2 0.30959752321981426 0.36890243902439024 0.027863777089783284 0.014634146341463414
2 0.4674922600619195 0.3646341463414634 0.043343653250773995 0.015853658536585366
2 0.5116099071207431 0.3771341463414634 0.03560371517027864 0.012804878048780487
2 0.5619195046439629 0.38689024390243903 0.04024767801857585 0.01402439024390244
2 0.6331269349845201 0.3353658536585366 0.04024767801857585 0.015853658536585366
2 0.7314241486068112 0.34603658536585363 0.041795665634674926 0.01768292682926829
2 0.7902476780185759 0.3405487804878049 0.03869969040247678 0.016463414634146342
2 0.8072755417956656 0.32621951219512196 0.05108359133126935 0.018292682926829267
2 0.6996904024767803 0.3326219512195122 0.03405572755417957 0.01524390243902439
2 0.7453560371517028 0.3698170731707317 0.029411764705882356 0.01402439024390244
2 0.7755417956656347 0.36371951219512194 0.04024767801857585 0.01402439024390244
2 0.8204334365325078 0.3795731707317073 0.04024767801857585 0.01768292682926829
2 0.6625386996904025 0.3728658536585366 0.043343653250773995 0.01524390243902439
2 0.7012383900928792 0.36310975609756097 0.04643962848297214 0.01524390243902439
2 0.695046439628483 0.39176829268292684 0.05572755417956657 0.016463414634146342
2 0.7337461300309598 0.40823170731707314 0.04953560371517028 0.012804878048780487
2 0.8003095975232198 0.40487804878048783 0.04024767801857585 0.015853658536585366
2 0.7616099071207431 0.38109756097560976 0.04024767801857585 0.014634146341463414
2 0.42182662538699695 0.38902439024390245 0.032507739938080496 0.012195121951219513
2 0.5603715170278638 0.36067073170731706 0.03405572755417957 0.010365853658536586
2 0.44427244582043346 0.41097560975609754 0.03405572755417957 0.015853658536585366
2 0.2995356037151703 0.4140243902439024 0.03869969040247678 0.014634146341463414
2 0.2561919504643963 0.38932926829268294 0.03869969040247678 0.012804878048780487
2 0.12074303405572756 0.4121951219512195 0.04643962848297214 0.018292682926829267
2 0.12848297213622292 0.44390243902439025 0.04643962848297214 0.01951219512195122
2 0.23297213622291024 0.4268292682926829 0.03869969040247678 0.014634146341463414
2 0.24922600619195048 0.463109756097561 0.043343653250773995 0.018902439024390243
2 0.20356037151702788 0.44847560975609757 0.03869969040247678 0.016463414634146342
2 0.3219814241486068 0.44420731707317074 0.030959752321981428 0.011585365853658536
2 0.293343653250774 0.450609756097561 0.03869969040247678 0.012195121951219513
2 0.3506191950464396 0.4478658536585366 0.03560371517027864 0.012804878048780487
2 0.3792569659442725 0.4557926829268293 0.04024767801857585 0.016463414634146342
2 0.3955108359133127 0.44390243902439025 0.029411764705882356 0.013414634146341463
2 0.4543343653250774 0.44146341463414634 0.03560371517027864 0.012195121951219513
2 0.44117647058823534 0.4573170731707317 0.043343653250773995 0.01707317073170732
2 0.46981424148606815 0.47530487804878047 0.05108359133126935 0.01768292682926829
2 0.5890092879256966 0.47012195121951217 0.041795665634674926 0.01707317073170732
2 0.5874613003095975 0.41524390243902437 0.032507739938080496 0.012195121951219513
2 0.6277089783281734 0.4176829268292683 0.03560371517027864 0.014634146341463414
2 0.673374613003096 0.4189024390243902 0.03715170278637771 0.01707317073170732
2 0.6687306501547988 0.43871951219512195 0.04643962848297214 0.01768292682926829
2 0.7840557275541796 0.4277439024390244 0.04798761609907121 0.018902439024390243
2 0.7430340557275542 0.4298780487804878 0.04024767801857585 0.015853658536585366
2 0.6486068111455109 0.46189024390243905 0.04024767801857585 0.01402439024390244
2 0.7523219814241486 0.46737804878048783 0.04953560371517028 0.01768292682926829
2 0.8010835913312694 0.45884146341463417 0.032507739938080496 0.011585365853658536
2 0.7345201238390093 0.45121951219512196 0.041795665634674926 0.014634146341463414
2 0.673374613003096 0.48871951219512194 0.043343653250773995 0.012804878048780487
2 0.5990712074303406 0.49603658536585366 0.03405572755417957 0.01402439024390244
2 0.5208978328173375 0.48048780487804876 0.032507739938080496 0.012195121951219513
2 0.5557275541795667 0.4814024390243902 0.03405572755417957 0.01402439024390244
2 0.5170278637770899 0.5067073170731707 0.03715170278637771 0.014634146341463414
2 0.3390092879256966 0.4798780487804878 0.030959752321981428 0.013414634146341463
2 0.25541795665634676 0.49390243902439024 0.04024767801857585 0.01707317073170732
2 0.2886996904024768 0.4820121951219512 0.03869969040247678 0.016463414634146342
2 0.20743034055727555 0.5009146341463414 0.04024767801857585 0.016463414634146342
2 0.15325077399380807 0.4698170731707317 0.04643962848297214 0.020121951219512196
2 0.12770897832817338 0.49085365853658536 0.04798761609907121 0.015853658536585366
2 0.08513931888544893 0.5231707317073171 0.04953560371517028 0.015853658536585366
2 0.19659442724458207 0.5192073170731707 0.030959752321981428 0.011585365853658536
2 0.29876160990712075 0.5143292682926829 0.03405572755417957 0.012804878048780487
2 0.32585139318885453 0.526829268292683 0.03869969040247678 0.012195121951219513
2 0.36609907120743035 0.5295731707317073 0.03869969040247678 0.01402439024390244
2 0.3715170278637771 0.5009146341463414 0.03405572755417957 0.01524390243902439
2 0.41408668730650156 0.5152439024390244 0.04489164086687307 0.01707317073170732
2 0.46671826625387 0.5283536585365853 0.03869969040247678 0.011585365853658536
2 0.5363777089783283 0.5393292682926829 0.029411764705882356 0.009146341463414634
2 0.5781733746130031 0.5399390243902439 0.041795665634674926 0.01524390243902439
2 0.7097523219814242 0.5082317073170731 0.041795665634674926 0.01524390243902439
2 0.75 0.4865853658536585 0.03560371517027864 0.013414634146341463
2 0.7569659442724459 0.5021341463414634 0.03405572755417957 0.012804878048780487
2 0.7856037151702787 0.5155487804878048 0.03869969040247678 0.01402439024390244
2 0.7848297213622292 0.5542682926829269 0.03405572755417957 0.018292682926829267
2 0.6973684210526316 0.5478658536585366 0.03869969040247678 0.01768292682926829
2 0.28095975232198145 0.5338414634146341 0.04489164086687307 0.016463414634146342
2 0.3126934984520124 0.5487804878048781 0.043343653250773995 0.01707317073170732
2 0.17105263157894737 0.5417682926829268 0.04489164086687307 0.01402439024390244
2 0.18808049535603716 0.5573170731707318 0.041795665634674926 0.015853658536585366
2 0.23916408668730652 0.5649390243902439 0.04798761609907121 0.01524390243902439
2 0.3026315789473684 0.5658536585365853 0.04489164086687307 0.015853658536585366
2 0.10371517027863777 0.5387195121951219 0.027863777089783284 0.012804878048780487
2 0.11377708978328174 0.5509146341463415 0.041795665634674926 0.01402439024390244
2 0.07739938080495357 0.5652439024390243 0.04643962848297214 0.01707317073170732
2 0.025541795665634675 0.5646341463414634 0.032507739938080496 0.012195121951219513
2 0.06114551083591332 0.552439024390244 0.03560371517027864 0.01097560975609756
2 0.07352941176470588 0.5814024390243903 0.029411764705882356 0.012804878048780487
2 0.11764705882352942 0.5957317073170731 0.030959752321981428 0.00975609756097561
2 0.16408668730650156 0.598780487804878 0.03715170278637771 0.014634146341463414
2 0.37848297213622295 0.5567073170731708 0.029411764705882356 0.012195121951219513
2 0.46826625386996906 0.5515243902439024 0.029411764705882356 0.011585365853658536
2 0.423374613003096 0.5560975609756098 0.026315789473684213 0.01097560975609756
2 0.41718266253869973 0.5701219512195121 0.029411764705882356 0.01097560975609756
2 0.6075851393188855 0.561890243902439 0.032507739938080496 0.012804878048780487
2 0.6594427244582044 0.5542682926829269 0.027863777089783284 0.012195121951219513
2 0.7863777089783283 0.5756097560975609 0.030959752321981428 0.00975609756097561
2 0.7438080495356038 0.5932926829268292 0.032507739938080496 0.01097560975609756
2 0.6648606811145511 0.5914634146341463 0.03560371517027864 0.014634146341463414
2 0.6965944272445821 0.6039634146341464 0.030959752321981428 0.011585365853658536
2 0.6037151702786379 0.5878048780487805 0.027863777089783284 0.012195121951219513
2 0.49535603715170284 0.5896341463414634 0.030959752321981428 0.013414634146341463
2 0.541795665634675 0.6100609756097561 0.03715170278637771 0.01402439024390244
2 0.6037151702786379 0.6094512195121952 0.04024767801857585 0.01524390243902439
2 0.7755417956656347 0.6091463414634146 0.043343653250773995 0.014634146341463414
2 0.781733746130031 0.6329268292682927 0.04024767801857585 0.015853658536585366
2 0.4520123839009288 0.6064024390243903 0.04024767801857585 0.016463414634146342
2 0.3212074303405573 0.6085365853658536 0.04489164086687307 0.015853658536585366
2 0.27244582043343657 0.6027439024390244 0.03715170278637771 0.01524390243902439
2 0.2020123839009288 0.6170731707317073 0.04798761609907121 0.014634146341463414
2 0.15092879256965946 0.6115853658536585 0.032507739938080496 0.013414634146341463
2 0.10603715170278638 0.6109756097560975 0.041795665634674926 0.01707317073170732
2 0.06269349845201239 0.6182926829268293 0.03869969040247678 0.013414634146341463
2 0.2561919504643963 0.6298780487804878 0.032507739938080496 0.015853658536585366
2 0.3413312693498452 0.6347560975609756 0.041795665634674926 0.012195121951219513
2 0.44272445820433437 0.625609756097561 0.02476780185758514 0.012195121951219513
2 0.4086687306501548 0.6335365853658537 0.030959752321981428 0.01097560975609756
2 0.47213622291021673 0.6417682926829268 0.03715170278637771 0.01402439024390244
2 0.6741486068111455 0.6435975609756097 0.03560371517027864 0.012804878048780487
2 0.7507739938080495 0.6414634146341464 0.030959752321981428 0.012195121951219513
2 0.7174922600619196 0.6484756097560975 0.03560371517027864 0.012804878048780487
2 0.6447368421052632 0.660670731707317 0.041795665634674926 0.012804878048780487
2 0.7732198142414861 0.6649390243902439 0.03869969040247678 0.01402439024390244
2 0.4992260061919505 0.6692073170731707 0.03560371517027864 0.012804878048780487
2 0.5208978328173375 0.660670731707317 0.026315789473684213 0.012804878048780487
2 0.4055727554179567 0.6646341463414634 0.03715170278637771 0.012195121951219513
2 0.315015479876161 0.6692073170731707 0.03869969040247678 0.01524390243902439
2 0.07662538699690404 0.6451219512195122 0.041795665634674926 0.015853658536585366
2 0.12306501547987617 0.6591463414634147 0.041795665634674926 0.015853658536585366
2 0.15170278637770898 0.6643292682926829 0.03405572755417957 0.01402439024390244
2 0.25851393188854493 0.677439024390244 0.043343653250773995 0.01951219512195122
2 0.21981424148606812 0.6865853658536586 0.03715170278637771 0.013414634146341463
2 0.15170278637770898 0.6832317073170732 0.043343653250773995 0.01524390243902439
2 0.037925696594427245 0.6484756097560975 0.032507739938080496 0.011585365853658536
2 0.1130030959752322 0.6298780487804878 0.03715170278637771 0.01707317073170732
2 0.39164086687306504 0.7039634146341464 0.04024767801857585 0.01768292682926829
2 0.3103715170278638 0.7051829268292683 0.041795665634674926 0.01768292682926829
2 0.48142414860681115 0.6929878048780488 0.027863777089783284 0.012804878048780487
2 0.575077399380805 0.713109756097561 0.03560371517027864 0.01524390243902439
2 0.6749226006191951 0.6682926829268293 0.027863777089783284 0.012195121951219513
2 0.7453560371517028 0.7198170731707317 0.03869969040247678 0.01402439024390244
2 0.8157894736842106 0.6996951219512195 0.027863777089783284 0.011585365853658536
2 0.7136222910216719 0.6832317073170732 0.030959752321981428 0.012804878048780487
2 0.6385448916408669 0.7253048780487805 0.03560371517027864 0.01402439024390244
2 0.5936532507739939 0.738109756097561 0.03560371517027864 0.01402439024390244
2 0.4736842105263158 0.714329268292683 0.030959752321981428 0.01402439024390244
2 0.5170278637770899 0.7201219512195122 0.03405572755417957 0.014634146341463414
2 0.4597523219814242 0.7320121951219513 0.04643962848297214 0.01524390243902439
2 0.5030959752321982 0.7435975609756098 0.04024767801857585 0.01402439024390244
2 0.1323529411764706 0.7088414634146342 0.03869969040247678 0.012804878048780487
2 0.06501547987616099 0.7210365853658537 0.052631578947368425 0.01768292682926829
2 0.24380804953560373 0.7253048780487805 0.04489164086687307 0.01768292682926829
2 0.28095975232198145 0.7271341463414634 0.03560371517027864 0.01402439024390244
2 0.325077399380805 0.7344512195121952 0.04024767801857585 0.01524390243902439
2 0.28250773993808054 0.7408536585365854 0.03560371517027864 0.01097560975609756
2 0.2995356037151703 0.7533536585365853 0.029411764705882356 0.011585365853658536
2 0.25541795665634676 0.749390243902439 0.03715170278637771 0.013414634146341463
2 0.21439628482972137 0.7503048780487804 0.03560371517027864 0.012804878048780487
2 0.08668730650154799 0.7423780487804879 0.03405572755417957 0.01402439024390244
2 0.08746130030959753 0.7615853658536585 0.03560371517027864 0.015853658536585366
2 0.12538699690402477 0.7570121951219512 0.030959752321981428 0.010365853658536586
2 0.16640866873065016 0.7640243902439025 0.04489164086687307 0.015853658536585366
2 0.26160990712074306 0.7670731707317073 0.03715170278637771 0.013414634146341463
2 0.4086687306501548 0.7564024390243902 0.03405572755417957 0.01402439024390244
2 0.49380804953560375 0.776829268292683 0.03405572755417957 0.013414634146341463
2 0.5278637770897833 0.761280487804878 0.03715170278637771 0.01524390243902439
2 0.7143962848297214 0.7481707317073171 0.03560371517027864 0.014634146341463414
2 0.7902476780185759 0.7426829268292683 0.041795665634674926 0.013414634146341463
2 0.6965944272445821 0.7707317073170732 0.04643962848297214 0.01951219512195122
2 0.7422600619195047 0.7713414634146342 0.03869969040247678 0.013414634146341463
2 0.7964396284829722 0.7896341463414634 0.04489164086687307 0.015853658536585366
2 0.8165634674922602 0.8027439024390244 0.03560371517027864 0.012804878048780487
2 0.7120743034055728 0.7914634146341464 0.03715170278637771 0.015853658536585366
2 0.7445820433436533 0.8079268292682927 0.027863777089783284 0.00975609756097561
2 0.6377708978328174 0.7853658536585366 0.03715170278637771 0.012195121951219513
2 0.5673374613003096 0.8042682926829269 0.03869969040247678 0.012195121951219513
2 0.4404024767801858 0.7823170731707317 0.041795665634674926 0.014634146341463414
2 0.4775541795665635 0.801829268292683 0.041795665634674926 0.013414634146341463
2 0.2964396284829722 0.7798780487804878 0.04489164086687307 0.01707317073170732
2 0.33978328173374617 0.7777439024390244 0.029411764705882356 0.012804878048780487
2 0.22910216718266255 0.7795731707317073 0.03405572755417957 0.012804878048780487
2 0.18343653250773995 0.7789634146341463 0.041795665634674926 0.016463414634146342
2 0.20123839009287928 0.7981707317073171 0.04953560371517028 0.018292682926829267
2 0.24380804953560373 0.8085365853658537 0.03869969040247678 0.015853658536585366
2 0.19891640866873067 0.8134146341463414 0.03869969040247678 0.01097560975609756
2 0.14628482972136223 0.7966463414634146 0.04489164086687307 0.01402439024390244
2 0.11455108359133127 0.8067073170731708 0.04024767801857585 0.014634146341463414
2 0.11145510835913314 0.7887195121951219 0.02476780185758514 0.010365853658536586
2 0.4404024767801858 0.8140243902439024 0.032507739938080496 0.01097560975609756
2 0.3846749226006192 0.8179878048780488 0.029411764705882356 0.011585365853658536
2 0.4040247678018576 0.823780487804878 0.03715170278637771 0.01097560975609756
2 0.4582043343653251 0.8341463414634146 0.03715170278637771 0.014634146341463414
2 0.5046439628482973 0.8344512195121951 0.03715170278637771 0.012804878048780487
2 0.5472136222910217 0.8185975609756098 0.032507739938080496 0.01402439024390244
2 0.5363777089783283 0.8371951219512195 0.032507739938080496 0.013414634146341463
2 0.653250773993808 0.8192073170731707 0.03405572755417957 0.01402439024390244
2 0.825077399380805 0.8292682926829268 0.04024767801857585 0.015853658536585366
2 0.9202786377708979 0.8009146341463415 0.05417956656346749 0.018902439024390243
2 0.8521671826625388 0.7384146341463415 0.04798761609907121 0.014634146341463414
2 0.9202786377708979 0.7045731707317073 0.03869969040247678 0.016463414634146342
2 0.9419504643962849 0.4246951219512195 0.04489164086687307 0.016463414634146342
2 0.9837461300309598 0.39939024390243905 0.032507739938080496 0.013414634146341463
2 0.9140866873065016 0.02774390243902439 0.05417956656346749 0.020121951219512196
2 0.8630030959752323 0.034451219512195125 0.032507739938080496 0.012804878048780487
2 0.9674922600619196 0.007621951219512195 0.03405572755417957 0.012804878048780487
2 0.9628482972136223 0.032926829268292684 0.04024767801857585 0.014634146341463414
2 0.9133126934984521 0.04420731707317073 0.04024767801857585 0.011585365853658536
2 0.858359133126935 0.0576219512195122 0.041795665634674926 0.01402439024390244
2 0.9287925696594428 0.10213414634146341 0.03715170278637771 0.01524390243902439
2 0.955108359133127 0.09451219512195122 0.03405572755417957 0.013414634146341463
2 0.9876160990712075 0.09024390243902439 0.02476780185758514 0.014634146341463414
2 0.8599071207430341 0.13689024390243903 0.03869969040247678 0.01524390243902439
2 0.9272445820433437 0.13719512195121952 0.03405572755417957 0.014634146341463414
2 0.9434984520123839 0.1746951219512195 0.03560371517027864 0.012804878048780487
2 0.9047987616099071 0.19054878048780488 0.04489164086687307 0.01524390243902439
2 0.9109907120743035 0.24024390243902438 0.041795665634674926 0.018292682926829267
2 0.9659442724458205 0.2326219512195122 0.04953560371517028 0.01768292682926829
2 0.9558823529411765 0.2725609756097561 0.04489164086687307 0.01707317073170732
2 0.9195046439628484 0.27957317073170734 0.03715170278637771 0.01524390243902439
2 0.8390092879256966 0.2841463414634146 0.03715170278637771 0.014634146341463414
2 0.8668730650154799 0.30365853658536585 0.03715170278637771 0.015853658536585366
2 0.6811145510835914 0.299390243902439 0.03715170278637771 0.014634146341463414
2 0.9729102167182663 0.3079268292682927 0.041795665634674926 0.018292682926829267
2 0.9055727554179567 0.32347560975609757 0.03715170278637771 0.01402439024390244
2 0.8513931888544892 0.3271341463414634 0.03405572755417957 0.01402439024390244
2 0.890092879256966 0.3439024390243902 0.04643962848297214 0.01707317073170732
2 0.9373065015479877 0.3469512195121951 0.03560371517027864 0.012195121951219513
2 0.8947368421052632 0.3603658536585366 0.03715170278637771 0.012195121951219513
2 0.8273993808049536 0.34817073170731705 0.03560371517027864 0.013414634146341463
2 0.9187306501547988 0.3701219512195122 0.03869969040247678 0.015853658536585366
2 0.9164086687306502 0.4009146341463415 0.043343653250773995 0.01524390243902439
2 0.8382352941176471 0.4240853658536585 0.032507739938080496 0.012804878048780487
2 0.8761609907120743 0.4240853658536585 0.04024767801857585 0.01402439024390244
2 0.8715170278637772 0.43658536585365854 0.03405572755417957 0.012195121951219513
2 0.9164086687306502 0.44420731707317074 0.03405572755417957 0.01524390243902439
2 0.9775541795665635 0.43902439024390244 0.03560371517027864 0.013414634146341463
2 0.9109907120743035 0.45945121951219514 0.03560371517027864 0.01402439024390244
2 0.8459752321981424 0.4548780487804878 0.03869969040247678 0.014634146341463414
2 0.8328173374613004 0.4850609756097561 0.04643962848297214 0.01524390243902439
2 0.848297213622291 0.47560975609756095 0.03405572755417957 0.013414634146341463
2 0.9458204334365325 0.47591463414634144 0.04024767801857585 0.01524390243902439
2 0.9071207430340558 0.49664634146341463 0.03405572755417957 0.012804878048780487
2 0.868421052631579 0.5009146341463414 0.043343653250773995 0.01524390243902439
2 0.9140866873065016 0.5292682926829269 0.03560371517027864 0.014634146341463414
2 0.9605263157894738 0.510060975609756 0.05108359133126935 0.02378048780487805
2 0.9574303405572756 0.5286585365853659 0.03869969040247678 0.013414634146341463
2 0.8421052631578948 0.5292682926829269 0.061919504643962855 0.01951219512195122
2 0.8297213622291022 0.510060975609756 0.030959752321981428 0.012804878048780487
2 0.858359133126935 0.5448170731707317 0.03869969040247678 0.012804878048780487
2 0.8993808049535604 0.5567073170731708 0.04953560371517028 0.01707317073170732
2 0.8506191950464397 0.5670731707317073 0.041795665634674926 0.015853658536585366
2 0.9342105263157895 0.5722560975609756 0.041795665634674926 0.01524390243902439
2 0.9535603715170279 0.5487804878048781 0.02476780185758514 0.015853658536585366
2 0.976780185758514 0.5439024390243903 0.027863777089783284 0.015853658536585366
2 0.8970588235294118 0.6003048780487805 0.05108359133126935 0.016463414634146342
2 0.7074303405572756 0.5615853658536586 0.030959752321981428 0.00975609756097561
2 0.738390092879257 0.5463414634146342 0.03715170278637771 0.014634146341463414
2 0.8715170278637772 0.6420731707317073 0.04024767801857585 0.015853658536585366
2 0.9024767801857586 0.6414634146341464 0.030959752321981428 0.013414634146341463
2 0.8962848297213623 0.6640243902439025 0.027863777089783284 0.012195121951219513
2 0.8212074303405573 0.6814024390243902 0.041795665634674926 0.012804878048780487
2 0.8970588235294118 0.7585365853658537 0.041795665634674926 0.015853658536585366
2 0.8746130030959753 0.6786585365853659 0.04953560371517028 0.018292682926829267
2 0.923374613003096 0.6804878048780488 0.032507739938080496 0.012195121951219513
2 0.8746130030959753 0.6932926829268292 0.027863777089783284 0.01097560975609756
2 0.7205882352941176 0.849390243902439 0.04489164086687307 0.013414634146341463
2 0.8513931888544892 0.8509146341463415 0.030959752321981428 0.011585365853658536
2 0.9388544891640868 0.8557926829268293 0.03560371517027864 0.01524390243902439
2 0.9473684210526316 0.8817073170731707 0.04024767801857585 0.014634146341463414
2 0.813467492260062 0.8902439024390244 0.03560371517027864 0.013414634146341463
2 0.4419504643962849 0.8560975609756097 0.03869969040247678 0.015853658536585366
2 0.4930340557275542 0.8554878048780488 0.032507739938080496 0.013414634146341463
2 0.3088235294117647 0.8332317073170732 0.03560371517027864 0.012804878048780487
2 0.19814241486068113 0.8460365853658537 0.04953560371517028 0.016463414634146342
2 0.23993808049535606 0.8533536585365854 0.03405572755417957 0.011585365853658536
2 0.3057275541795666 0.8536585365853658 0.05108359133126935 0.014634146341463414
2 0.27321981424148606 0.8658536585365854 0.03560371517027864 0.01097560975609756
2 0.11996904024767803 0.8512195121951219 0.04798761609907121 0.01707317073170732
2 0.15325077399380807 0.8884146341463415 0.043343653250773995 0.018292682926829267
2 0.293343653250774 0.8817073170731707 0.032507739938080496 0.012195121951219513
2 0.2647058823529412 0.8923780487804878 0.03405572755417957 0.012804878048780487
2 0.21826625386996906 0.9054878048780488 0.04024767801857585 0.014634146341463414
2 0.1695046439628483 0.9530487804878048 0.04798761609907121 0.018292682926829267
2 0.40944272445820434 0.9621951219512195 0.05108359133126935 0.01707317073170732
2 0.4914860681114551 0.9667682926829269 0.04798761609907121 0.016463414634146342
2 0.6640866873065016 0.9457317073170731 0.04024767801857585 0.018292682926829267
2 0.7244582043343654 0.9445121951219512 0.043343653250773995 0.015853658536585366
2 0.8560371517027864 0.9359756097560976 0.043343653250773995 0.01707317073170732
2 0.9256965944272446 0.9335365853658537 0.03715170278637771 0.015853658536585366
2 0.9419504643962849 0.9472560975609756 0.029411764705882356 0.01402439024390244
2 0.9821981424148607 0.9512195121951219 0.03560371517027864 0.015853658536585366
2 0.7848297213622292 0.949390243902439 0.03715170278637771 0.01707317073170732
2 0.7801857585139319 0.9728658536585366 0.04953560371517028 0.01768292682926829
2 0.8065015479876162 0.9868902439024391 0.030959752321981428 0.01402439024390244
2 0.738390092879257 0.9774390243902439 0.03405572755417957 0.014634146341463414
2 0.5913312693498453 0.925 0.03715170278637771 0.013414634146341463
2 0.36609907120743035 0.8350609756097561 0.03869969040247678 0.016463414634146342
2 0.3537151702786378 0.8652439024390244 0.03560371517027864 0.00975609756097561
2 0.13080495356037153 0.938109756097561 0.032507739938080496 0.016463414634146342
2 0.08281733746130031 0.8201219512195121 0.032507739938080496 0.013414634146341463
2 0.06269349845201239 0.7716463414634146 0.029411764705882356 0.011585365853658536
2 0.8622291021671827 0.6557926829268292 0.02476780185758514 0.010365853658536586
2 0.6517027863777091 0.3573170731707317 0.03405572755417957 0.015853658536585366
2 0.04489164086687307 0.30823170731707317 0.04953560371517028 0.01524390243902439
2 0.9744582043343654 0.6737804878048781 0.04489164086687307 0.020731707317073172
2 0.020897832817337463 0.926219512195122 0.03869969040247678 0.015853658536585366
2 0.03173374613003096 0.9515243902439025 0.05108359133126935 0.016463414634146342
2 0.2058823529411765 0.6573170731707317 0.052631578947368425 0.01707317073170732
2 0.2623839009287926 0.6576219512195122 0.03560371517027864 0.011585365853658536
2 0.5743034055727555 0.849390243902439 0.030959752321981428 0.012195121951219513
2 0.4303405572755418 0.8798780487804878 0.03405572755417957 0.012195121951219513
2 0.31114551083591335 0.9115853658536586 0.03715170278637771 0.014634146341463414
2 0.18188854489164089 0.7140243902439024 0.026315789473684213 0.00975609756097561
2 0.8606811145510836 0.9603658536585366 0.030959752321981428 0.014634146341463414
2 0.3645510835913313 0.27682926829268295 0.04489164086687307 0.013414634146341463
2 0.2801857585139319 0.07134146341463414 0.03405572755417957 0.00853658536585366
2 0.01238390092879257 0.2817073170731707 0.021671826625386997 0.01951219512195122
2 0.1393188854489164 0.2990853658536585 0.03405572755417957 0.01768292682926829
2 0.20046439628482973 0.3195121951219512 0.041795665634674926 0.012195121951219513
2 0.8668730650154799 0.31615853658536586 0.03715170278637771 0.010365853658536586
2 0.6702786377708979 0.3301829268292683 0.021671826625386997 0.01524390243902439
2 0.9210526315789475 0.3826219512195122 0.030959752321981428 0.011585365853658536
2 0.8591331269349846 0.375609756097561 0.04643962848297214 0.014634146341463414
2 0.8103715170278638 0.3957317073170732 0.03560371517027864 0.01097560975609756
2 0.6509287925696595 0.38932926829268294 0.026315789473684213 0.016463414634146342
2 0.7066563467492261 0.3777439024390244 0.032507739938080496 0.012804878048780487
2 0.29566563467492263 0.31158536585365854 0.03715170278637771 0.015853658536585366
2 0.19659442724458207 0.3908536585365854 0.030959752321981428 0.012195121951219513
2 0.22291021671826627 0.38871951219512196 0.027863777089783284 0.010365853658536586
2 0.9628482972136223 0.48810975609756097 0.027863777089783284 0.012804878048780487
2 0.33049535603715174 0.411280487804878 0.029411764705882356 0.01402439024390244
2 0.26393188854489164 0.438109756097561 0.029411764705882356 0.01524390243902439
2 0.22910216718266255 0.47591463414634144 0.043343653250773995 0.01402439024390244
2 0.3188854489164087 0.49054878048780487 0.030959752321981428 0.01402439024390244
2 0.12461300309597524 0.5204268292682926 0.03560371517027864 0.01524390243902439
2 0.06888544891640867 0.3728658536585366 0.03560371517027864 0.009146341463414634
2 0.7662538699690403 0.5253048780487805 0.03405572755417957 0.01402439024390244
2 0.6578947368421053 0.5085365853658537 0.043343653250773995 0.01707317073170732
2 0.6199690402476781 0.5024390243902439 0.026315789473684213 0.013414634146341463
2 0.7569659442724459 0.5804878048780487 0.03405572755417957 0.01097560975609756
2 0.0804953560371517 0.6585365853658537 0.043343653250773995 0.01097560975609756
2 0.014705882352941178 0.7347560975609756 0.026315789473684213 0.014634146341463414
2 0.11532507739938082 0.7701219512195122 0.026315789473684213 0.01097560975609756
2 0.13777089783281735 0.7780487804878049 0.027863777089783284 0.01097560975609756
2 0.26857585139318885 0.8371951219512195 0.03869969040247678 0.014634146341463414
2 0.9806501547987617 0.9213414634146342 0.03869969040247678 0.02195121951219512
2 0.1888544891640867 0.9728658536585366 0.04024767801857585 0.016463414634146342
2 0.01780185758513932 0.9057926829268292 0.032507739938080496 0.018902439024390243
2 0.12538699690402477 0.9603658536585366 0.03405572755417957 0.013414634146341463
2 0.21749226006191952 0.9536585365853658 0.020123839009287926 0.014634146341463414
