2 0.16225165562913907 0.00726832222895215 0.039735099337748346 0.010902483343428224
2 0.33278145695364236 0.011205330102967898 0.033112582781456956 0.01029678982434888
2 0.3650662251655629 0.019382192610539067 0.0347682119205298 0.013325257419745608
2 0.0347682119205298 0.054815263476680795 0.039735099337748346 0.01150817686250757
2 0.08278145695364239 0.07086614173228346 0.06291390728476821 0.018170805572380374
2 0.023178807947019868 0.08903694730466384 0.04304635761589404 0.015748031496062992
2 0.043874172185430466 0.10327074500302846 0.057947019867549666 0.015142337976983646
2 0.03890728476821192 0.12265293761356753 0.07450331125827815 0.01877649909145972
2 0.14652317880794702 0.0872198667474258 0.05132450331125828 0.015748031496062992
2 0.5306291390728477 0.08752271350696547 0.048013245033112585 0.017565112053301028
2 0.548841059602649 0.07359176256814053 0.048013245033112585 0.01150817686250757
2 0.6423841059602649 0.06390066626287098 0.04966887417218543 0.022410660205935795
2 0.7011589403973509 0.0748031496062992 0.057947019867549666 0.021199273167777106
2 0.7864238410596026 0.05542095699576014 0.052980132450331126 0.017565112053301028
2 0.9801324503311258 0.056329497274379164 0.039735099337748346 0.018170805572380374
2 0.8857615894039735 0.09327680193821926 0.056291390728476824 0.02059357964869776
2 0.8956953642384106 0.10993337371290127 0.04966887417218543 0.013930950938824955
2 0.9213576158940397 0.12719563900666261 0.04470198675496689 0.016959418534221685
2 0.9793046357615894 0.14930345245305876 0.028145695364238412 0.01150817686250757
2 0.9536423841059603 0.16474863718958208 0.0728476821192053 0.018170805572380374
2 0.8841059602649006 0.1577831617201696 0.052980132450331126 0.021199273167777106
2 0.8245033112582781 0.144457904300424 0.046357615894039736 0.01877649909145972
2 0.7789735099337748 0.12386432465172623 0.048013245033112585 0.017565112053301028
2 0.6854304635761589 0.11477892186553604 0.0695364238410596 0.012719563900666262
2 0.6283112582781457 0.10629921259842519 0.07781456953642384 0.015142337976983646
2 0.6498344370860927 0.08752271350696547 0.057947019867549666 0.01635372501514234
2 0.037251655629139076 0.16807995154451846 0.07119205298013245 0.021199273167777106
2 0.09685430463576158 0.18201090248334342 0.041390728476821195 0.015142337976983646
2 0.04966887417218543 0.20169594185342216 0.056291390728476824 0.018170805572380374
2 0.41225165562913907 0.1577831617201696 0.046357615894039736 0.019987886129618413
2 0.8890728476821192 0.18625075711689884 0.059602649006622516 0.01877649909145972
2 0.3220198675496689 0.20623864324651725 0.041390728476821195 0.01877649909145972
2 0.4379139072847682 0.23046638400969108 0.054635761589403975 0.021199273167777106
2 0.42549668874172186 0.20593579648697757 0.046357615894039736 0.018170805572380374
2 0.4768211920529801 0.20533010296789825 0.046357615894039736 0.0145366444579043
2 0.5521523178807947 0.23500908540278617 0.07119205298013245 0.02301635372501514
2 0.6490066225165563 0.2159297395517868 0.052980132450331126 0.017565112053301028
2 0.7276490066225165 0.2450030284675954 0.048013245033112585 0.017565112053301028
2 0.8129139072847682 0.27135069654754695 0.059602649006622516 0.02059357964869776
2 0.9370860927152318 0.24803149606299213 0.03642384105960265 0.01877649909145972
2 0.9701986754966887 0.3037552998182919 0.03642384105960265 0.01635372501514234
2 0.8783112582781457 0.3170805572380375 0.057947019867549666 0.015142337976983646
2 0.8642384105960265 0.33161720169594183 0.052980132450331126 0.015142337976983646
2 0.8832781456953642 0.3455481526347668 0.054635761589403975 0.017565112053301028
2 0.9759933774834437 0.34161114476075105 0.0380794701986755 0.0145366444579043
2 0.7822847682119205 0.33585705632949725 0.041390728476821195 0.017565112053301028
2 0.7201986754966887 0.337976983646275 0.03642384105960265 0.0145366444579043
2 0.7028145695364238 0.30254391278013326 0.03145695364238411 0.013930950938824955
2 0.49751655629139074 0.3264688067837674 0.041390728476821195 0.015748031496062992
2 0.5057947019867549 0.3443367655966081 0.041390728476821195 0.015142337976983646
2 0.5322847682119205 0.36281041792852814 0.04470198675496689 0.018170805572380374
2 0.5943708609271523 0.36371895820714717 0.046357615894039736 0.017565112053301028
2 0.23509933774834438 0.3128407026044821 0.04304635761589404 0.015142337976983646
2 0.3576158940397351 0.33706844336765596 0.06291390728476821 0.019987886129618413
2 0.1837748344370861 0.33858267716535434 0.04966887417218543 0.016959418534221685
2 0.04718543046357616 0.2992125984251968 0.024834437086092714 0.013325257419745608
2 0.04552980132450331 0.22864930345245305 0.054635761589403975 0.01877649909145972
2 0.21937086092715233 0.23712901271956388 0.05132450331125828 0.01635372501514234
2 0.08278145695364239 0.32980012113870383 0.039735099337748346 0.01635372501514234
2 0.06539735099337748 0.36371895820714717 0.057947019867549666 0.021199273167777106
2 0.15894039735099338 0.3846153846153846 0.059602649006622516 0.02180496668685645
2 0.19370860927152317 0.36553603876438523 0.03642384105960265 0.015142337976983646
2 0.6266556291390728 0.3885523924894004 0.0380794701986755 0.015142337976983646
2 0.6928807947019867 0.36735311932162323 0.05132450331125828 0.023622047244094488
2 0.7872516556291391 0.36735311932162323 0.048013245033112585 0.01635372501514234
2 0.7566225165562914 0.3709872804360993 0.039735099337748346 0.012719563900666262
2 0.7475165562913907 0.3827983040581466 0.05132450331125828 0.015748031496062992
2 0.8220198675496688 0.3858267716535433 0.04470198675496689 0.0145366444579043
2 0.8634105960264901 0.3821926105390672 0.048013245033112585 0.0145366444579043
2 0.9403973509933775 0.3746214415505754 0.039735099337748346 0.015142337976983646
2 0.972682119205298 0.3882495457298607 0.048013245033112585 0.016959418534221685
2 0.8857615894039735 0.39642640823743186 0.059602649006622516 0.01635372501514234
2 0.9677152317880795 0.40399757722592367 0.054635761589403975 0.016959418534221685
2 0.9288079470198676 0.4215626892792247 0.0695364238410596 0.024227740763173834
2 0.8625827814569537 0.41550575408843127 0.046357615894039736 0.02301635372501514
2 0.8137417218543046 0.4127801332525742 0.054635761589403975 0.015142337976983646
2 0.7673841059602649 0.40308903694730464 0.048013245033112585 0.01635372501514234
2 0.7061258278145696 0.404603270745003 0.061258278145695365 0.024227740763173834
2 0.7913907284768212 0.45184736523319197 0.052980132450331126 0.02180496668685645
2 0.8004966887417219 0.42671108419139914 0.048013245033112585 0.015142337976983646
2 0.7077814569536424 0.44457904300423984 0.06456953642384106 0.02180496668685645
2 0.625 0.4306480920654149 0.05132450331125828 0.018170805572380374
2 0.5165562913907285 0.41459721380981224 0.04304635761589404 0.01635372501514234
2 0.33278145695364236 0.42459115687462146 0.046357615894039736 0.019382192610539067
2 0.1316225165562914 0.4179285281647486 0.054635761589403975 0.02059357964869776
2 0.024006622516556293 0.35645063597819504 0.04470198675496689 0.021199273167777106
2 0.057947019867549666 0.44336765596608113 0.04304635761589404 0.018170805572380374
2 0.14072847682119205 0.45215021199273164 0.046357615894039736 0.01877649909145972
2 0.17218543046357615 0.46093276801938216 0.029801324503311258 0.012113870381586917
2 0.12086092715231789 0.4709267110841914 0.039735099337748346 0.017565112053301028
2 0.23178807947019867 0.4497274379164143 0.039735099337748346 0.02483343428225318
2 0.25 0.4179285281647486 0.052980132450331126 0.0145366444579043
2 0.49337748344370863 0.44579043004239854 0.039735099337748346 0.015748031496062992
2 0.5364238410596026 0.467595396729255 0.039735099337748346 0.018170805572380374
2 0.5802980132450332 0.4733494851605088 0.048013245033112585 0.017565112053301028
2 0.6274834437086093 0.48304058146577833 0.056291390728476824 0.02483343428225318
2 0.7160596026490066 0.47365233192004846 0.04470198675496689 0.02059357964869776
2 0.7466887417218543 0.49182313749242884 0.052980132450331126 0.016959418534221685
2 0.7152317880794702 0.5051483949121744 0.039735099337748346 0.018170805572380374
2 0.7624172185430463 0.5169594185342217 0.041390728476821195 0.01877649909145972
2 0.8733443708609272 0.4797092671108419 0.057947019867549666 0.02301635372501514
2 0.9586092715231788 0.503634161114476 0.059602649006622516 0.022410660205935795
2 0.9677152317880795 0.4875832828588734 0.05132450331125828 0.013325257419745608
2 0.04304635761589404 0.4836462749848576 0.04966887417218543 0.01635372501514234
2 0.058774834437086095 0.5006056935190794 0.041390728476821195 0.015142337976983646
2 0.05132450331125828 0.5142337976983646 0.06291390728476821 0.013325257419745608
2 0.12996688741721854 0.5130224106602059 0.054635761589403975 0.02059357964869776
2 0.19701986754966888 0.5133252574197456 0.04966887417218543 0.019987886129618413
2 0.23758278145695363 0.49030890369473046 0.057947019867549666 0.022410660205935795
2 0.1912251655629139 0.485160508782556 0.0347682119205298 0.018170805572380374
2 0.4470198675496689 0.49939430648092065 0.046357615894039736 0.017565112053301028
2 0.5066225165562914 0.5339188370684433 0.052980132450331126 0.019987886129618413
2 0.5587748344370861 0.5321017565112053 0.048013245033112585 0.01877649909145972
2 0.6341059602649006 0.5545124167171411 0.04966887417218543 0.01635372501514234
2 0.7276490066225165 0.5451241671714112 0.054635761589403975 0.024227740763173834
2 0.8741721854304636 0.5366444579043004 0.052980132450331126 0.02301635372501514
2 0.9370860927152318 0.5393700787401574 0.056291390728476824 0.023622047244094488
2 0.9321192052980133 0.5602665051483949 0.052980132450331126 0.016959418534221685
2 0.8832781456953642 0.5608721986674743 0.0347682119205298 0.0145366444579043
2 0.9089403973509934 0.58328285887341 0.046357615894039736 0.02180496668685645
2 0.8054635761589404 0.5975166565717747 0.06788079470198675 0.022410660205935795
2 0.7094370860927153 0.5651120533010296 0.041390728476821195 0.0145366444579043
2 0.7127483443708609 0.5790430042398547 0.048013245033112585 0.015748031496062992
2 0.7127483443708609 0.5966081162931557 0.04470198675496689 0.019382192610539067
2 0.5918874172185431 0.5717746820109024 0.0380794701986755 0.013325257419745608
2 0.5579470198675497 0.5829800121138704 0.056291390728476824 0.023622047244094488
2 0.4163907284768212 0.5763173834039975 0.04470198675496689 0.01635372501514234
2 0.20281456953642385 0.5660205935796487 0.041390728476821195 0.021199273167777106
2 0.1456953642384106 0.5590551181102362 0.06291390728476821 0.02059357964869776
2 0.1490066225165563 0.5811629315566323 0.04966887417218543 0.01877649909145972
2 0.1076158940397351 0.5726832222895215 0.029801324503311258 0.012719563900666262
2 0.0869205298013245 0.5639006662628709 0.041390728476821195 0.0145366444579043
2 0.01903973509933775 0.5575408843125378 0.0347682119205298 0.017565112053301028
2 0.03228476821192053 0.5726832222895215 0.05132450331125828 0.01877649909145972
2 0.023178807947019868 0.6005451241671714 0.03642384105960265 0.01877649909145972
2 0.06788079470198675 0.6411265899454875 0.06622516556291391 0.023622047244094488
2 0.16887417218543047 0.6471835251362811 0.056291390728476824 0.023622047244094488
2 0.7284768211920529 0.6432465172622652 0.046357615894039736 0.02180496668685645
2 0.9254966887417219 0.627801332525742 0.046357615894039736 0.01877649909145972
2 0.5248344370860927 0.6441550575408843 0.046357615894039736 0.017565112053301028
2 0.5513245033112583 0.6547546941247728 0.033112582781456956 0.012113870381586917
2 0.7317880794701986 0.6750454270139309 0.06622516556291391 0.02604482132041187
2 0.7938741721854304 0.6835251362810417 0.041390728476821195 0.027256208358570563
2 0.8534768211920529 0.6801938219261053 0.048013245033112585 0.016959418534221685
2 0.8286423841059603 0.6686856450635978 0.04470198675496689 0.018170805572380374
2 0.9312913907284768 0.676862507571169 0.054635761589403975 0.021199273167777106
2 0.8890728476821192 0.7059357964869776 0.029801324503311258 0.012719563900666262
2 0.9610927152317881 0.7132041187159297 0.06788079470198675 0.022410660205935795
2 0.9288079470198676 0.7283464566929133 0.04304635761589404 0.01635372501514234
2 0.8832781456953642 0.7377347062386432 0.06456953642384106 0.019382192610539067
2 0.8427152317880795 0.7274379164142943 0.046357615894039736 0.0145366444579043
2 0.7102649006622517 0.7150211992731678 0.04304635761589404 0.017565112053301028
2 0.6754966887417219 0.7365233192004845 0.039735099337748346 0.018170805572380374
2 0.6374172185430463 0.7035130224106602 0.046357615894039736 0.021199273167777106
2 0.5877483443708609 0.7019987886129618 0.046357615894039736 0.02180496668685645
2 0.8211920529801324 0.7047244094488189 0.052980132450331126 0.021199273167777106
2 0.5927152317880795 0.7380375529981829 0.0695364238410596 0.019987886129618413
2 0.43129139072847683 0.7038158691701999 0.0347682119205298 0.015748031496062992
2 0.4610927152317881 0.6853422168382798 0.0347682119205298 0.013930950938824955
2 0.3990066225165563 0.6762568140520896 0.029801324503311258 0.012719563900666262
2 0.46357615894039733 0.6480920654149 0.033112582781456956 0.015748031496062992
2 0.40480132450331124 0.6384009691096305 0.041390728476821195 0.019382192610539067
2 0.3824503311258278 0.6596002422774077 0.04304635761589404 0.018170805572380374
2 0.25 0.7047244094488189 0.04304635761589404 0.01877649909145972
2 0.07947019867549669 0.7104784978800727 0.04966887417218543 0.018170805572380374
2 0.1945364238410596 0.7271350696547547 0.054635761589403975 0.019987886129618413
2 0.0836092715231788 0.7404603270745003 0.054635761589403975 0.019987886129618413
2 0.17135761589403972 0.7510599636583888 0.04470198675496689 0.016959418534221685
2 0.21688741721854304 0.7431859479103573 0.039735099337748346 0.009691096305269533
2 0.2367549668874172 0.7580254391278013 0.059602649006622516 0.019987886129618413
2 0.2185430463576159 0.7786190187764991 0.056291390728476824 0.021199273167777106
2 0.09188741721854304 0.7837674136886735 0.04470198675496689 0.015748031496062992
2 0.3220198675496689 0.7640823743185947 0.05132450331125828 0.021199273167777106
2 0.31374172185430466 0.7395517867958813 0.0380794701986755 0.0145366444579043
2 0.277317880794702 0.725923682616596 0.0380794701986755 0.012719563900666262
2 0.5091059602649006 0.7559055118110236 0.054635761589403975 0.02059357964869776
2 0.5438741721854304 0.7210781344639612 0.08112582781456953 0.022410660205935795
2 0.9735099337748344 0.7680193821926106 0.039735099337748346 0.0145366444579043
2 0.9197019867549668 0.7562083585705632 0.041390728476821195 0.01635372501514234
2 0.8816225165562914 0.7640823743185947 0.04470198675496689 0.015142337976983646
2 0.8402317880794702 0.7543912780133253 0.0347682119205298 0.012719563900666262
2 0.7963576158940397 0.7507571168988492 0.033112582781456956 0.013930950938824955
2 0.7127483443708609 0.7568140520896426 0.057947019867549666 0.015142337976983646
2 0.8609271523178808 0.7852816474863719 0.046357615894039736 0.01877649909145972
2 0.8236754966887417 0.8001211387038158 0.0380794701986755 0.015748031496062992
2 0.7947019867549668 0.7834645669291338 0.039735099337748346 0.015142337976983646
2 0.7466887417218543 0.7746820109024833 0.03642384105960265 0.015748031496062992
2 0.7193708609271523 0.7861901877649909 0.0347682119205298 0.016959418534221685
2 0.6730132450331126 0.7819503331314355 0.03145695364238411 0.012113870381586917
2 0.5711920529801324 0.7837674136886735 0.04966887417218543 0.015748031496062992
2 0.49420529801324503 0.7728649303452453 0.04470198675496689 0.0145366444579043
2 0.40066225165562913 0.774984857662023 0.046357615894039736 0.013930950938824955
2 0.45281456953642385 0.7595396729254997 0.024834437086092714 0.0145366444579043
2 0.3923841059602649 0.8082980012113871 0.04966887417218543 0.019987886129618413
2 0.27897350993377484 0.7983040581465778 0.0347682119205298 0.02059357964869776
2 0.3543046357615894 0.8167777104784979 0.029801324503311258 0.01150817686250757
2 0.1183774834437086 0.8207147183525136 0.04470198675496689 0.015748031496062992
2 0.055463576158940396 0.8410054512416717 0.04470198675496689 0.021199273167777106
2 0.03890728476821192 0.8740157480314961 0.041390728476821195 0.0145366444579043
2 0.09685430463576158 0.87038158691702 0.054635761589403975 0.02180496668685645
2 0.10016556291390728 0.8949121744397335 0.06456953642384106 0.01877649909145972
2 0.052980132450331126 0.9091459721380981 0.026490066225165563 0.00726832222895215
2 0.07367549668874172 0.9327680193821926 0.041390728476821195 0.018170805572380374
2 0.17218543046357615 0.9033918837068443 0.056291390728476824 0.01877649909145972
2 0.12417218543046357 0.9127801332525741 0.033112582781456956 0.015748031496062992
2 0.12417218543046357 0.9551786795881284 0.059602649006622516 0.02180496668685645
2 0.3294701986754967 0.9797092671108419 0.059602649006622516 0.029678982434887945
2 0.2740066225165563 0.986069049061175 0.03145695364238411 0.0145366444579043
2 0.17963576158940397 0.9354936402180496 0.04470198675496689 0.015142337976983646
2 0.3468543046357616 0.9515445184736523 0.0380794701986755 0.026650514839491216
2 0.39486754966887416 0.9606299212598425 0.05132450331125828 0.019382192610539067
2 0.4014900662251656 0.9760751059963658 0.048013245033112585 0.01635372501514234
2 0.46357615894039733 0.9569957601453665 0.06622516556291391 0.02059357964869776
2 0.23013245033112584 0.8864324651726226 0.03642384105960265 0.013930950938824955
2 0.4139072847682119 0.8446396123561478 0.046357615894039736 0.01877649909145972
2 0.48096026490066224 0.8661417322834646 0.0380794701986755 0.019382192610539067
2 0.4304635761589404 0.9206541490006057 0.04966887417218543 0.02180496668685645
2 0.5057947019867549 0.9439733494851604 0.0347682119205298 0.017565112053301028
2 0.4230132450331126 0.9427619624470018 0.057947019867549666 0.015142337976983646
2 0.6084437086092715 0.9560872198667474 0.0380794701986755 0.019987886129618413
2 0.6614238410596026 0.9545729860690491 0.06456953642384106 0.019382192610539067
2 0.7011589403973509 0.9642640823743186 0.04470198675496689 0.010902483343428224
2 0.7408940397350994 0.9736523319200484 0.048013245033112585 0.019987886129618413
2 0.6995033112582781 0.986069049061175 0.041390728476821195 0.013325257419745608
2 0.7814569536423841 0.9624470018170805 0.039735099337748346 0.013325257419745608
2 0.793046357615894 0.9751665657177468 0.033112582781456956 0.012113870381586917
2 0.7855960264900662 0.9376135675348274 0.04470198675496689 0.016959418534221685
2 0.9081125827814569 0.9433676559660812 0.06456953642384106 0.023622047244094488
2 0.9288079470198676 0.9273167777104785 0.07947019867549669 0.0145366444579043
2 0.9263245033112583 0.9145972138098122 0.05132450331125828 0.018170805572380374
2 0.8344370860927153 0.9115687462144155 0.046357615894039736 0.016959418534221685
2 0.8849337748344371 0.8979406420351302 0.048013245033112585 0.019987886129618413
2 0.8981788079470199 0.8827983040581465 0.061258278145695365 0.012719563900666262
2 0.9602649006622517 0.8834039975772259 0.039735099337748346 0.01635372501514234
2 0.9693708609271523 0.8985463355542096 0.041390728476821195 0.01150817686250757
2 0.9403973509933775 0.8625075711689885 0.052980132450331126 0.015748031496062992
2 0.8774834437086093 0.860084797092671 0.04304635761589404 0.0145366444579043
2 0.8352649006622517 0.8525136281041793 0.05132450331125828 0.015142337976983646
2 0.7947019867549668 0.8597819503331314 0.026490066225165563 0.01029678982434888
2 0.7433774834437086 0.8821926105390672 0.052980132450331126 0.015142337976983646
2 0.7061258278145696 0.8946093276801937 0.04470198675496689 0.015748031496062992
2 0.6705298013245033 0.8831011508176863 0.04966887417218543 0.015748031496062992
2 0.5852649006622517 0.8903694730466384 0.048013245033112585 0.015748031496062992
2 0.5099337748344371 0.8958207147183525 0.052980132450331126 0.016959418534221685
2 0.5927152317880795 0.8582677165354331 0.06291390728476821 0.019382192610539067
2 0.5298013245033113 0.8661417322834646 0.04304635761589404 0.018170805572380374
2 0.49337748344370863 0.8173834039975773 0.04304635761589404 0.022410660205935795
2 0.5662251655629139 0.8113264688067837 0.056291390728476824 0.019987886129618413
2 0.6945364238410596 0.8149606299212598 0.048013245033112585 0.019987886129618413
2 0.7375827814569537 0.8143549364021805 0.041390728476821195 0.01635372501514234
2 0.9246688741721855 0.824954572986069 0.07450331125827815 0.025439127801332524
2 0.9668874172185431 0.8028467595396729 0.04966887417218543 0.015142337976983646
2 0.25579470198675497 0.9212598425196851 0.0380794701986755 0.012113870381586917
2 0.6564569536423841 0.9248940036341611 0.0380794701986755 0.008479709267110842
2 0.4793046357615894 0.9736523319200484 0.061258278145695365 0.01029678982434888
2 0.26158940397350994 0.6659600242277407 0.046357615894039736 0.01150817686250757
2 0.38658940397350994 0.5317989097516657 0.041390728476821195 0.015748031496062992
2 0.28311258278145696 0.5363416111447608 0.04304635761589404 0.01635372501514234
2 0.15811258278145696 0.6956390066626287 0.054635761589403975 0.021199273167777106
2 0.2541390728476821 0.1674742580254391 0.041390728476821195 0.01635372501514234
2 0.20860927152317882 0.14021804966686857 0.046357615894039736 0.013930950938824955
2 0.1837748344370861 0.291641429436705 0.04304635761589404 0.015142337976983646
2 0.6605960264900662 0.32798304058146577 0.04304635761589404 0.017565112053301028
2 0.7574503311258278 0.3119321623258631 0.048013245033112585 0.018170805572380374
2 0.8178807947019867 0.3346456692913386 0.029801324503311258 0.019987886129618413
2 0.31539735099337746 0.38037552998182916 0.0347682119205298 0.018170805572380374
2 0.47433774834437087 0.6144760751059963 0.028145695364238412 0.015142337976983646
2 0.5720198675496688 0.7586311326468806 0.03145695364238411 0.01029678982434888
2 0.13327814569536423 0.1465778316172017 0.054635761589403975 0.019382192610539067
2 0.8145695364238411 0.18382798304058146 0.026490066225165563 0.015142337976983646
2 0.9867549668874173 0.3086008479709267 0.026490066225165563 0.013930950938824955
2 0.9826158940397351 0.3276801938219261 0.0347682119205298 0.013325257419745608
2 0.023178807947019868 0.24984857662023016 0.039735099337748346 0.013930950938824955
2 0.9826158940397351 0.5523924894003635 0.0347682119205298 0.015748031496062992
2 0.8410596026490066 0.6247728649303452 0.06291390728476821 0.021199273167777106
2 0.7475165562913907 0.7180496668685645 0.0347682119205298 0.01635372501514234
2 0.7831125827814569 0.7222895215021199 0.039735099337748346 0.015142337976983646
2 0.9793046357615894 0.7834645669291338 0.0380794701986755 0.01635372501514234
2 0.7508278145695364 0.8497880072683222 0.05132450331125828 0.019382192610539067
2 0.9809602649006622 0.8679588128407025 0.0380794701986755 0.016959418534221685
2 0.9884105960264901 0.8837068443367656 0.023178807947019868 0.013325257419745608
2 0.9826158940397351 0.9297395517867959 0.0347682119205298 0.02301635372501514
