2 0.08279742765273312 0.12994522215459525 0.05627009646302251 0.02130249543517955
2 0.02090032154340836 0.1506390748630554 0.03536977491961415 0.013998782714546562
2 0.03858520900321544 0.11381618989653074 0.02572347266881029 0.010955569080949483
2 0.08842443729903537 0.11381618989653074 0.02572347266881029 0.00852099817407182
2 0.07797427652733119 0.09160073037127206 0.04662379421221865 0.016433353621424226
2 0.18488745980707394 0.07912355447352404 0.04823151125401929 0.01704199634814364
2 0.14871382636655947 0.14211807668898357 0.027331189710610933 0.015216068167985392
2 0.14389067524115756 0.12690200852099817 0.03697749196141479 0.010346926354230066
2 0.23311897106109325 0.1475958612294583 0.04501607717041801 0.017650639074863056
2 0.29019292604501606 0.128119293974437 0.04019292604501608 0.018867924528301886
2 0.5056270096463023 0.15003043213633596 0.03697749196141479 0.017650639074863056
2 0.5844051446945338 0.16007303712720633 0.03054662379421222 0.01704199634814364
2 0.7620578778135049 0.08581862446743761 0.04501607717041801 0.020693852708460133
2 0.8866559485530546 0.04382227632379793 0.04019292604501608 0.013390139987827145
2 0.7114147909967845 0.15003043213633596 0.04019292604501608 0.015216068167985392
2 0.8295819935691319 0.1509433962264151 0.04823151125401929 0.01704199634814364
2 0.7781350482315113 0.17224589166159465 0.04501607717041801 0.01582471089470481
2 0.8721864951768489 0.17133292757151553 0.04340836012861736 0.016433353621424226
2 0.9533762057877814 0.17711503347535 0.05144694533762058 0.01704199634814364
2 0.7596463022508039 0.2084601339013999 0.0594855305466238 0.023737066342057214
2 0.907556270096463 0.22945830797321973 0.05305466237942122 0.023128423615337797
2 0.9437299035369775 0.21637248934875228 0.028938906752411574 0.013998782714546562
2 0.7548231511254019 0.23463177115033476 0.04662379421221865 0.013998782714546562
2 0.5610932475884244 0.24984783931832016 0.04501607717041801 0.018867924528301886
2 0.4067524115755627 0.22367620206938527 0.03215434083601286 0.01278149726110773
2 0.3384244372990354 0.2325015216068168 0.04340836012861736 0.014607425441265977
2 0.23713826366559485 0.20419963481436398 0.06591639871382636 0.02130249543517955
2 0.2717041800643087 0.18015824710894704 0.03536977491961415 0.009738283627510651
2 0.1607717041800643 0.18776628119293975 0.03858520900321544 0.023737066342057214
2 0.08118971061093247 0.1813755325623859 0.04019292604501608 0.009738283627510651
2 0.12459807073954984 0.20389531345100426 0.027331189710610933 0.014607425441265977
2 0.03376205787781351 0.20237370663420573 0.04180064308681672 0.017650639074863056
2 0.07797427652733119 0.21424223980523432 0.06270096463022508 0.021911138161898967
2 0.09646302250803858 0.2355447352404139 0.04501607717041801 0.019476567255021303
2 0.14389067524115756 0.22337188070602557 0.04340836012861736 0.009738283627510651
2 0.1535369774919614 0.24528301886792453 0.06591639871382636 0.02434570906877663
2 0.2604501607717042 0.243761412051126 0.03858520900321544 0.015216068167985392
2 0.04581993569131833 0.23189287888009738 0.03054662379421222 0.014607425441265977
2 0.9453376205787781 0.263542300669507 0.04823151125401929 0.020693852708460133
2 0.8504823151125401 0.2827145465611686 0.04501607717041801 0.018867924528301886
2 0.7636655948553055 0.2818015824710895 0.04180064308681672 0.01704199634814364
2 0.9413183279742765 0.2866707242848448 0.024115755627009645 0.014607425441265977
2 0.954983922829582 0.2982349360925137 0.03536977491961415 0.009738283627510651
2 0.9581993569131833 0.31588557516737675 0.05466237942122187 0.020693852708460133
2 0.934887459807074 0.3292757151552039 0.03054662379421222 0.00852099817407182
2 0.8143086816720257 0.315581253804017 0.04340836012861736 0.018867924528301886
2 0.7588424437299035 0.337492391965916 0.03858520900321544 0.016433353621424226
2 0.7918006430868167 0.35818624467437615 0.04019292604501608 0.016433353621424226
2 0.6969453376205788 0.31253804017042 0.03697749196141479 0.015216068167985392
2 0.45819935691318325 0.30949482653682286 0.04501607717041801 0.016433353621424226
2 0.28938906752411575 0.3253195374315277 0.03215434083601286 0.011564211807668898
2 0.04742765273311897 0.3113207547169811 0.03376205787781351 0.013998782714546562
2 0.06270096463022508 0.3457090687766281 0.04823151125401929 0.020693852708460133
2 0.10932475884244373 0.3274497869750457 0.04501607717041801 0.01704199634814364
2 0.19935691318327975 0.3417528910529519 0.04823151125401929 0.018867924528301886
2 0.11736334405144694 0.3639683505782106 0.04823151125401929 0.01582471089470481
2 0.023311897106109324 0.3895313451004261 0.04340836012861736 0.020693852708460133
2 0.03135048231511254 0.37005477784540475 0.027331189710610933 0.01582471089470481
2 0.06672025723472669 0.3998782714546561 0.04340836012861736 0.012172854534388315
2 0.09565916398713827 0.4105295191722459 0.05305466237942122 0.018867924528301886
2 0.14710610932475884 0.3953134510042605 0.03697749196141479 0.015216068167985392
2 0.1937299035369775 0.38557516737674985 0.05627009646302251 0.018867924528301886
2 0.25241157556270094 0.3712720632988436 0.05787781350482315 0.021911138161898967
2 0.3207395498392283 0.38161898965307367 0.03697749196141479 0.014607425441265977
2 0.592443729903537 0.36305538648813146 0.03376205787781351 0.013998782714546562
2 0.5892282958199356 0.391661594643944 0.04662379421221865 0.015216068167985392
2 0.6543408360128617 0.3995739500912964 0.04823151125401929 0.018867924528301886
2 0.6728295819935691 0.38496652465003045 0.04983922829581994 0.013998782714546562
2 0.7186495176848875 0.386488131466829 0.04180064308681672 0.020693852708460133
2 0.7644694533762058 0.393791844187462 0.04983922829581994 0.013390139987827145
2 0.842443729903537 0.38496652465003045 0.04180064308681672 0.016433353621424226
2 0.9405144694533762 0.3782714546561169 0.05466237942122187 0.024954351795496044
2 0.885048231511254 0.36731588557516737 0.03054662379421222 0.011564211807668898
2 0.9654340836012861 0.39409616555082166 0.03054662379421222 0.013998782714546562
2 0.9147909967845659 0.4108338405356056 0.04501607717041801 0.01704199634814364
2 0.8545016077170418 0.42787583688374925 0.0594855305466238 0.019476567255021303
2 0.7668810289389068 0.43183201460742543 0.05466237942122187 0.017650639074863056
2 0.7138263665594855 0.4379184418746196 0.03536977491961415 0.017650639074863056
2 0.70016077170418 0.4120511259890444 0.03697749196141479 0.023128423615337797
2 0.5040192926045016 0.4266585514303104 0.04340836012861736 0.018259281801582473
2 0.43810289389067525 0.46013390139987825 0.0594855305466238 0.019476567255021303
2 0.2620578778135048 0.4500912964090079 0.05787781350482315 0.016433353621424226
2 0.20819935691318328 0.4576993304930006 0.04019292604501608 0.013390139987827145
2 0.15112540192926044 0.4586122945830797 0.0707395498392283 0.02130249543517955
2 0.159967845659164 0.4153986609860012 0.04983922829581994 0.018867924528301886
2 0.12861736334405144 0.4336579427875837 0.05466237942122187 0.017650639074863056
2 0.04421221864951769 0.44674376141205113 0.04983922829581994 0.018259281801582473
2 0.05546623794212219 0.47565429093122336 0.05305466237942122 0.023737066342057214
2 0.024115755627009645 0.4972611077297626 0.04501607717041801 0.020693852708460133
2 0.08279742765273312 0.5033475349969568 0.05305466237942122 0.019476567255021303
2 0.10610932475884244 0.4872185027388923 0.05466237942122187 0.016433353621424226
2 0.13183279742765272 0.5012172854534388 0.03858520900321544 0.010346926354230066
2 0.16639871382636656 0.4984783931832015 0.04019292604501608 0.013390139987827145
2 0.2098070739549839 0.485392574558734 0.04662379421221865 0.01278149726110773
2 0.14790996784565916 0.516737674984784 0.04823151125401929 0.012172854534388315
2 0.15514469453376206 0.5304321363359707 0.03054662379421222 0.009129640900791236
2 0.21221864951768488 0.532258064516129 0.05787781350482315 0.018867924528301886
2 0.7861736334405145 0.4543517954960438 0.03536977491961415 0.01278149726110773
2 0.7893890675241158 0.4686548995739501 0.06109324758842444 0.01704199634814364
2 0.930064308681672 0.44826536822884966 0.03376205787781351 0.009129640900791236
2 0.9807073954983923 0.4485696895922094 0.03536977491961415 0.010955569080949483
2 0.9565916398713826 0.4598295800365186 0.04501607717041801 0.009129640900791236
2 0.9469453376205788 0.47078514911746805 0.05144694533762058 0.013998782714546562
2 0.9782958199356913 0.48265368228849664 0.027331189710610933 0.010955569080949483
2 0.9212218649517685 0.4850882531953743 0.04823151125401929 0.01582471089470481
2 0.8754019292604501 0.4817407181984175 0.04340836012861736 0.016433353621424226
2 0.8778135048231511 0.49756542909312235 0.04501607717041801 0.015216068167985392
2 0.7491961414790996 0.4984783931832015 0.04180064308681672 0.019476567255021303
2 0.8231511254019293 0.5130858186244674 0.04501607717041801 0.01582471089470481
2 0.7998392282958199 0.5419963481436397 0.06913183279742766 0.02251978088861838
2 0.860128617363344 0.527084601339014 0.05466237942122187 0.020693852708460133
2 0.9268488745980707 0.5182592818015824 0.05305466237942122 0.015216068167985392
2 0.934887459807074 0.5413877054169203 0.04983922829581994 0.02130249543517955
2 0.8794212218649518 0.5444309190505173 0.05787781350482315 0.02008520998174072
2 0.8303858520900321 0.5809494826536823 0.05627009646302251 0.017650639074863056
2 0.04662379421221865 0.5654290931223372 0.05787781350482315 0.021911138161898967
2 0.09646302250803858 0.5523432744978698 0.04823151125401929 0.018867924528301886
2 0.20659163987138263 0.5511259890444309 0.05627009646302251 0.015216068167985392
2 0.24517684887459806 0.5690809494826536 0.0594855305466238 0.018259281801582473
2 0.4590032154340836 0.5785149117468046 0.03376205787781351 0.016433353621424226
2 0.12540192926045016 0.5955569080949483 0.04823151125401929 0.013998782714546562
2 0.12299035369774919 0.6110772976262934 0.03376205787781351 0.013390139987827145
2 0.016881028938906754 0.6272063298843579 0.03054662379421222 0.015216068167985392
2 0.01607717041800643 0.6497261107729763 0.028938906752411574 0.01278149726110773
2 0.09807073954983923 0.6555082166768107 0.05144694533762058 0.01582471089470481
2 0.07556270096463022 0.6713329275715155 0.03858520900321544 0.013390139987827145
2 0.16237942122186494 0.6765063907486306 0.05787781350482315 0.02251978088861838
2 0.2379421221864952 0.6345100426049909 0.03858520900321544 0.016433353621424226
2 0.2282958199356913 0.6494217894096166 0.03215434083601286 0.01582471089470481
2 0.27009646302250806 0.6585514303104077 0.06109324758842444 0.01704199634814364
2 0.2942122186495177 0.67711503347535 0.04501607717041801 0.013998782714546562
2 0.3745980707395498 0.6555082166768107 0.03536977491961415 0.010955569080949483
2 0.39389067524115756 0.6716372489348752 0.08360128617363344 0.01278149726110773
2 0.4429260450160772 0.6862446743761412 0.04983922829581994 0.017650639074863056
2 0.4654340836012862 0.652160681679854 0.04019292604501608 0.015216068167985392
2 0.4927652733118971 0.6701156421180767 0.04983922829581994 0.014607425441265977
2 0.5297427652733119 0.6813755325623859 0.04983922829581994 0.017650639074863056
2 0.5932475884244373 0.6886792452830188 0.05466237942122187 0.015216068167985392
2 0.6053054662379421 0.6205112598904443 0.04340836012861736 0.016433353621424226
2 0.7861736334405145 0.6059038344491784 0.03858520900321544 0.016433353621424226
2 0.7395498392282958 0.6159464394400487 0.03536977491961415 0.014607425441265977
2 0.680064308681672 0.6253804017041996 0.028938906752411574 0.011564211807668898
2 0.8472668810289389 0.6348143639683506 0.04180064308681672 0.01704199634814364
2 0.9541800643086816 0.6272063298843579 0.04019292604501608 0.016433353621424226
2 0.8858520900321544 0.6783323189287889 0.05466237942122187 0.023737066342057214
2 0.7998392282958199 0.6768107121119903 0.04662379421221865 0.018259281801582473
2 0.75 0.6762020693852708 0.05305466237942122 0.020693852708460133
2 0.704983922829582 0.7057212416311626 0.04662379421221865 0.018867924528301886
2 0.7387459807073955 0.7233718807060255 0.07234726688102894 0.02008520998174072
2 0.7998392282958199 0.7118076688983567 0.03697749196141479 0.015216068167985392
2 0.8311897106109325 0.7045039561777237 0.03215434083601286 0.010346926354230066
2 0.8818327974276527 0.6984175289105296 0.03376205787781351 0.01278149726110773
2 0.9091639871382636 0.7236762020693853 0.0594855305466238 0.020693852708460133
2 0.9260450160771704 0.7522824102251978 0.05466237942122187 0.021911138161898967
2 0.8577170418006431 0.7580645161290323 0.05627009646302251 0.016433353621424226
2 0.7934083601286174 0.7367620206938528 0.04340836012861736 0.02130249543517955
2 0.795016077170418 0.7665855143031041 0.04662379421221865 0.02008520998174072
2 0.7347266881028939 0.7541083384053561 0.04501607717041801 0.019476567255021303
2 0.6254019292604501 0.7306755934266586 0.03215434083601286 0.01278149726110773
2 0.5490353697749196 0.7504564820450396 0.04340836012861736 0.019476567255021303
2 0.5956591639871383 0.7541083384053561 0.03376205787781351 0.01582471089470481
2 0.5088424437299035 0.7486305538648813 0.03697749196141479 0.019476567255021303
2 0.43810289389067525 0.7349360925136945 0.04983922829581994 0.018867924528301886
2 0.5233118971061094 0.7288496652465003 0.05305466237942122 0.018867924528301886
2 0.5852090032154341 0.7142422398052344 0.04501607717041801 0.02008520998174072
2 0.5257234726688103 0.7035909920876445 0.05466237942122187 0.021911138161898967
2 0.45739549839228294 0.707242848447961 0.04983922829581994 0.01704199634814364
2 0.3954983922829582 0.7020693852708461 0.05466237942122187 0.016433353621424226
2 0.2869774919614148 0.6984175289105296 0.0594855305466238 0.02130249543517955
2 0.2282958199356913 0.699939135727328 0.04501607717041801 0.010955569080949483
2 0.14469453376205788 0.7078514911746805 0.04501607717041801 0.01704199634814364
2 0.7202572347266881 0.7808886183810103 0.03536977491961415 0.018259281801582473
2 0.40353697749196143 0.7638466220328667 0.03215434083601286 0.014607425441265977
2 0.29983922829581994 0.7674984783931832 0.03697749196141479 0.014607425441265977
2 0.2210610932475884 0.7325015216068168 0.04019292604501608 0.02008520998174072
2 0.06752411575562701 0.8040170419963482 0.06109324758842444 0.021911138161898967
2 0.16157556270096463 0.7985392574558734 0.0594855305466238 0.020693852708460133
2 0.12057877813504823 0.8368837492391966 0.05144694533762058 0.018259281801582473
2 0.5329581993569131 0.8167985392574559 0.06591639871382636 0.02434570906877663
2 0.7990353697749196 0.8088861838101035 0.05787781350482315 0.023128423615337797
2 0.8754019292604501 0.8018867924528302 0.04340836012861736 0.02008520998174072
2 0.9686495176848875 0.8265368228849665 0.05305466237942122 0.023128423615337797
2 0.8545016077170418 0.8514911746804625 0.04983922829581994 0.01704199634814364
2 0.7604501607717041 0.8295800365185636 0.04180064308681672 0.013390139987827145
2 0.6117363344051446 0.8581862446743762 0.05627009646302251 0.01704199634814364
2 0.5072347266881029 0.8514911746804625 0.04019292604501608 0.01704199634814364
2 0.5811897106109325 0.876141205112599 0.04662379421221865 0.018867924528301886
2 0.5088424437299035 0.8837492391965917 0.0594855305466238 0.018259281801582473
2 0.43729903536977494 0.8846622032866708 0.05787781350482315 0.02008520998174072
2 0.3882636655948553 0.8874010955569082 0.04662379421221865 0.020693852708460133
2 0.26607717041800644 0.8940961655508217 0.04662379421221865 0.01704199634814364
2 0.159967845659164 0.8819233110164334 0.04340836012861736 0.01582471089470481
2 0.6366559485530546 0.8892270237370664 0.04823151125401929 0.019476567255021303
2 0.7170418006430868 0.8828362751065125 0.04501607717041801 0.017650639074863056
2 0.8673633440514469 0.9032258064516129 0.04983922829581994 0.020693852708460133
2 0.9509646302250804 0.9144856968959221 0.05627009646302251 0.024954351795496044
2 0.9147909967845659 0.9263542300669507 0.03536977491961415 0.013390139987827145
2 0.8553054662379421 0.9351795496043822 0.05144694533762058 0.018867924528301886
2 0.7893890675241158 0.9388314059646987 0.04180064308681672 0.017650639074863056
2 0.7684887459807074 0.9163116250760803 0.04823151125401929 0.01278149726110773
2 0.702572347266881 0.9351795496043822 0.04180064308681672 0.015216068167985392
2 0.6688102893890675 0.9105295191722459 0.05466237942122187 0.020693852708460133
2 0.5852090032154341 0.8986609860012174 0.04823151125401929 0.016433353621424226
2 0.5345659163987139 0.9129640900791236 0.04662379421221865 0.019476567255021303
2 0.569935691318328 0.9242239805234328 0.03376205787781351 0.016433353621424226
2 0.6077170418006431 0.9266585514303104 0.04180064308681672 0.018867924528301886
2 0.5707395498392283 0.9449178332318929 0.05787781350482315 0.02008520998174072
2 0.5233118971061094 0.9516129032258065 0.03054662379421222 0.013998782714546562
2 0.7371382636655949 0.9561777236762021 0.06270096463022508 0.01704199634814364
2 0.8794212218649518 0.9607425441265977 0.05466237942122187 0.017650639074863056
2 0.7918006430868167 0.9814363968350578 0.05305466237942122 0.017650639074863056
2 0.8159163987138264 0.9589166159464395 0.05305466237942122 0.02251978088861838
2 0.4180064308681672 0.9266585514303104 0.05787781350482315 0.02130249543517955
2 0.4734726688102894 0.9068776628119294 0.04662379421221865 0.018259281801582473
2 0.30787781350482313 0.9500912964090079 0.04019292604501608 0.01704199634814364
2 0.22990353697749197 0.9467437614120512 0.06109324758842444 0.02008520998174072
2 0.07234726688102894 0.9397443700547778 0.05787781350482315 0.021911138161898967
2 0.13745980707395497 0.9315276932440657 0.04983922829581994 0.016433353621424226
2 0.028938906752411574 0.911442483262325 0.04501607717041801 0.015216068167985392
2 0.17684887459807075 0.9339622641509434 0.02572347266881029 0.013998782714546562
2 0.17443729903536978 0.9494826536822886 0.03376205787781351 0.013390139987827145
2 0.18488745980707394 0.9586122945830797 0.04180064308681672 0.00852099817407182
2 0.6438906752411575 0.943700547778454 0.027331189710610933 0.013998782714546562
2 0.7186495176848875 0.8454047474132684 0.04180064308681672 0.013390139987827145
2 0.2757234726688103 0.9211807668898356 0.03697749196141479 0.011564211807668898
2 0.2620578778135048 0.9945222154595252 0.03536977491961415 0.009738283627510651
2 0.9533762057877814 0.8947048082775411 0.03215434083601286 0.009738283627510651
2 0.8834405144694534 0.8883140596469873 0.03054662379421222 0.007912355447352405
2 0.8215434083601286 0.9050517346317711 0.01929260450160772 0.013390139987827145
2 0.9292604501607717 0.8146682897139379 0.04180064308681672 0.013998782714546562
2 0.5546623794212219 0.7702373706634206 0.05144694533762058 0.017650639074863056
2 0.7363344051446945 0.644856968959221 0.03858520900321544 0.013998782714546562
2 0.5192926045016077 0.6515520389531345 0.028938906752411574 0.013998782714546562
2 0.09646302250803858 0.6366402921485088 0.04180064308681672 0.021911138161898967
2 0.3159163987138264 0.5678636640292148 0.03376205787781351 0.019476567255021303
2 0.4646302250803859 0.1774193548387097 0.03536977491961415 0.013998782714546562
2 0.6463022508038585 0.174984783931832 0.03536977491961415 0.015216068167985392
2 0.9429260450160771 0.35514303104077904 0.03697749196141479 0.016433353621424226
2 0.882636655948553 0.46013390139987825 0.028938906752411574 0.012172854534388315
2 0.48392282958199356 0.5283018867924528 0.05466237942122187 0.01704199634814364
2 0.6479099678456591 0.6049908703590993 0.05144694533762058 0.014607425441265977
2 0.2797427652733119 0.6144248326232502 0.03215434083601286 0.011564211807668898
2 0.837620578778135 0.2087644552647596 0.03215434083601286 0.013390139987827145
2 0.8593247588424437 0.2328058429701765 0.03376205787781351 0.01278149726110773
2 0.48070739549839225 0.7227632379793062 0.04180064308681672 0.017650639074863056
2 0.028135048231511254 0.9488740109555691 0.03697749196141479 0.01582471089470481
2 0.013665594855305467 0.940657334144857 0.02090032154340836 0.02008520998174072
