2 0.03687821612349914 0.060376213592233004 0.04288164665523156 0.017597087378640776
2 0.2195540308747856 0.0424757281553398 0.041166380789022294 0.013349514563106795
2 0.26758147512864494 0.09041262135922329 0.03773584905660377 0.014563106796116504
2 0.4922813036020583 0.09344660194174756 0.0548885077186964 0.019417475728155338
2 0.7941680960548885 0.0849514563106796 0.044596912521440824 0.019417475728155338
2 0.8704974271012007 0.07463592233009708 0.04631217838765009 0.01699029126213592
2 0.8962264150943396 0.05491504854368932 0.04974271012006861 0.017597087378640776
2 0.9502572898799314 0.03337378640776699 0.041166380789022294 0.01699029126213592
2 0.951114922813036 0.05157766990291262 0.04631217838765009 0.019417475728155338
2 0.9313893653516295 0.06796116504854369 0.044596912521440824 0.01699029126213592
2 0.9579759862778731 0.08919902912621358 0.05660377358490566 0.01820388349514563
2 0.9468267581475128 0.13895631067961164 0.05831903945111492 0.019417475728155338
2 0.7735849056603773 0.14957524271844658 0.0686106346483705 0.0212378640776699
2 0.5205831903945112 0.18143203883495143 0.05317324185248713 0.021844660194174755
2 0.4571183533447684 0.1953883495145631 0.04631217838765009 0.015776699029126214
2 0.22126929674099485 0.1720266990291262 0.051457975986277875 0.016383495145631068
2 0.09433962264150943 0.16262135922330095 0.0274442538593482 0.009708737864077669
2 0.11749571183533447 0.185376213592233 0.025728987993138937 0.011529126213592231
2 0.05831903945111492 0.19781553398058252 0.030874785591766724 0.009708737864077669
2 0.0634648370497427 0.17566747572815533 0.06174957118353345 0.020024271844660192
2 0.012864493996569469 0.17718446601941745 0.022298456260720412 0.012135922330097085
2 0.06432246998284734 0.12378640776699028 0.02915951972555746 0.014563106796116504
2 0.1312178387650086 0.23695388349514562 0.05660377358490566 0.0212378640776699
2 0.7272727272727273 0.23665048543689318 0.048027444253859346 0.019417475728155338
2 0.8713550600343053 0.23209951456310676 0.041166380789022294 0.018810679611650484
2 0.8276157804459691 0.19811893203883493 0.03602058319039451 0.016383495145631068
2 0.9425385934819897 0.2311893203883495 0.032590051457975985 0.01699029126213592
2 0.9116638078902229 0.28792475728155337 0.03945111492281304 0.017597087378640776
2 0.11492281303602059 0.3097694174757281 0.048027444253859346 0.017597087378640776
2 0.0797598627787307 0.3401092233009708 0.04631217838765009 0.016383495145631068
2 0.20411663807890223 0.34466019417475724 0.051457975986277875 0.01820388349514563
2 0.2864493996569468 0.339502427184466 0.044596912521440824 0.020024271844660192
2 0.8018867924528301 0.33343446601941745 0.05660377358490566 0.0212378640776699
2 0.9056603773584906 0.341626213592233 0.048027444253859346 0.01820388349514563
2 0.8619210977701544 0.34466019417475724 0.04631217838765009 0.019417475728155338
2 0.9588336192109777 0.3859223300970873 0.041166380789022294 0.01699029126213592
2 0.8044596912521441 0.39290048543689315 0.03430531732418525 0.017597087378640776
2 0.8310463121783876 0.387135922330097 0.032590051457975985 0.01699029126213592
2 0.9468267581475128 0.4177791262135922 0.03773584905660377 0.020024271844660192
2 0.8584905660377359 0.4368932038834951 0.04631217838765009 0.01820388349514563
2 0.0634648370497427 0.3719660194174757 0.048027444253859346 0.01699029126213592
2 0.137221269296741 0.3907766990291262 0.03430531732418525 0.010922330097087377
2 0.08833619210977701 0.40867718446601936 0.025728987993138937 0.012742718446601941
2 0.1423670668953688 0.4199029126213592 0.0686106346483705 0.021844660194174755
2 0.18867924528301885 0.40898058252427183 0.03773584905660377 0.012135922330097085
2 0.19296740994854203 0.42627427184466016 0.03945111492281304 0.018810679611650484
2 0.09090909090909091 0.42627427184466016 0.03430531732418525 0.010315533980582523
2 0.12435677530017153 0.4347694174757281 0.03945111492281304 0.012742718446601941
2 0.048027444253859346 0.4287014563106796 0.044596912521440824 0.018810679611650484
2 0.08061749571183534 0.4475121359223301 0.05831903945111492 0.018810679611650484
2 0.03945111492281304 0.4772451456310679 0.044596912521440824 0.020024271844660192
2 0.13979416809605488 0.47754854368932037 0.03602058319039451 0.014563106796116504
2 0.1835334476843911 0.47208737864077666 0.044596912521440824 0.01699029126213592
2 0.5943396226415094 0.449635922330097 0.032590051457975985 0.015776699029126214
2 0.9759862778730704 0.4502427184466019 0.041166380789022294 0.01820388349514563
2 0.7246998284734134 0.4799757281553398 0.04288164665523156 0.014563106796116504
2 0.7495711835334476 0.48695388349514557 0.041166380789022294 0.015169902912621358
2 0.8584905660377359 0.48968446601941745 0.05660377358490566 0.021844660194174755
2 0.8061749571183533 0.5045509708737863 0.048027444253859346 0.017597087378640776
2 0.9622641509433962 0.49969660194174753 0.03773584905660377 0.009101941747572815
2 0.7032590051457975 0.5124393203883495 0.048027444253859346 0.01395631067961165
2 0.620926243567753 0.48665048543689315 0.03430531732418525 0.014563106796116504
2 0.5626072041166381 0.5364077669902912 0.03773584905660377 0.015776699029126214
2 0.1183533447684391 0.5130461165048543 0.051457975986277875 0.016383495145631068
2 0.22898799313893653 0.5148665048543689 0.04288164665523156 0.018810679611650484
2 0.2624356775300172 0.4963592233009708 0.0548885077186964 0.023058252427184463
2 0.7924528301886792 0.5342839805825242 0.051457975986277875 0.02245145631067961
2 0.8173241852487135 0.5628033980582524 0.04288164665523156 0.020024271844660192
2 0.967409948542024 0.5667475728155339 0.051457975986277875 0.015776699029126214
2 0.5411663807890222 0.5885922330097086 0.04974271012006861 0.01699029126213592
2 0.22727272727272727 0.6274271844660194 0.05317324185248713 0.01820388349514563
2 0.2607204116638079 0.5816140776699028 0.03430531732418525 0.01395631067961165
2 0.5317324185248713 0.625 0.051457975986277875 0.01699029126213592
2 0.6192109777015438 0.6362257281553397 0.05831903945111492 0.02245145631067961
2 0.7478559176672384 0.6149878640776698 0.0548885077186964 0.018810679611650484
2 0.7632933104631218 0.6450242718446602 0.0548885077186964 0.021844660194174755
2 0.902229845626072 0.6204490291262136 0.0686106346483705 0.0212378640776699
2 0.902229845626072 0.649878640776699 0.048027444253859346 0.014563106796116504
2 0.8301886792452831 0.6871966019417475 0.06174957118353345 0.02245145631067961
2 0.7384219554030874 0.6841626213592232 0.05660377358490566 0.0212378640776699
2 0.62778730703259 0.6723300970873786 0.048027444253859346 0.012135922330097085
2 0.10205831903945112 0.6677791262135921 0.060034305317324184 0.018810679611650484
2 0.17753001715265865 0.7217839805825242 0.04631217838765009 0.016383495145631068
2 0.28387650085763294 0.7041868932038834 0.0634648370497427 0.020024271844660192
2 0.4794168096054888 0.706007281553398 0.04288164665523156 0.009101941747572815
2 0.4631217838765008 0.6702063106796116 0.041166380789022294 0.016383495145631068
2 0.5994854202401372 0.703883495145631 0.05317324185248713 0.019417475728155338
2 0.7084048027444254 0.7075242718446602 0.048027444253859346 0.014563106796116504
2 0.7632933104631218 0.7117718446601942 0.044596912521440824 0.014563106796116504
2 0.839622641509434 0.7114684466019416 0.04974271012006861 0.01395631067961165
2 0.9631217838765008 0.7096480582524272 0.05660377358490566 0.017597087378640776
2 0.9056603773584906 0.733009708737864 0.048027444253859346 0.01820388349514563
2 0.6457975986277873 0.743628640776699 0.04974271012006861 0.012742718446601941
2 0.346483704974271 0.7521237864077669 0.03430531732418525 0.016383495145631068
2 0.48456260720411665 0.7657766990291262 0.04288164665523156 0.009708737864077669
2 0.12950257289879932 0.7591019417475727 0.04631217838765009 0.01699029126213592
2 0.21097770154373927 0.7630461165048543 0.03773584905660377 0.011529126213592231
2 0.2204116638078902 0.7718446601941746 0.022298456260720412 0.007281553398058252
2 0.5042881646655232 0.7888349514563107 0.0548885077186964 0.032766990291262135
2 0.5437392795883362 0.7897451456310679 0.020583190394511147 0.01395631067961165
2 0.9090909090909091 0.7694174757281552 0.051457975986277875 0.01699029126213592
2 0.8301886792452831 0.8112864077669902 0.048027444253859346 0.01820388349514563
2 0.9039451114922813 0.8158373786407767 0.044596912521440824 0.018810679611650484
2 0.22984562607204118 0.8285800970873786 0.044596912521440824 0.015169902912621358
2 0.045454545454545456 0.9314320388349514 0.04974271012006861 0.013349514563106795
2 0.08490566037735849 0.9159587378640776 0.0634648370497427 0.023665048543689317
2 0.05317324185248713 0.9016990291262135 0.041166380789022294 0.010922330097087377
2 0.10806174957118353 0.8929004854368932 0.044596912521440824 0.016383495145631068
2 0.14150943396226415 0.9120145631067961 0.04288164665523156 0.015776699029126214
2 0.1423670668953688 0.9299150485436892 0.048027444253859346 0.016383495145631068
2 0.1312178387650086 0.9432645631067961 0.04288164665523156 0.01395631067961165
2 0.1895368782161235 0.9302184466019416 0.04974271012006861 0.015776699029126214
2 0.1680960548885077 0.8974514563106796 0.024013722126929673 0.010922330097087377
2 0.20668953687821612 0.9502427184466019 0.060034305317324184 0.023058252427184463
2 0.18782161234991424 0.9666262135922329 0.04631217838765009 0.010922330097087377
2 0.2641509433962264 0.9505461165048543 0.051457975986277875 0.018810679611650484
2 0.2478559176672384 0.9277912621359222 0.03945111492281304 0.014563106796116504
2 0.274442538593482 0.8965412621359222 0.030874785591766724 0.01395631067961165
2 0.33876500857632935 0.9423543689320387 0.04288164665523156 0.009708737864077669
2 0.44168096054888506 0.9296116504854368 0.05317324185248713 0.014563106796116504
2 0.9408233276157805 0.9168689320388349 0.05317324185248713 0.015776699029126214
2 0.8404802744425386 0.9223300970873786 0.048027444253859346 0.013349514563106795
2 0.7521440823327615 0.9502427184466019 0.05660377358490566 0.019417475728155338
2 0.6886792452830188 0.9487257281553397 0.03945111492281304 0.020024271844660192
2 0.8096054888507719 0.45418689320388345 0.03430531732418525 0.012742718446601941
2 0.20754716981132076 0.9117111650485437 0.03430531732418525 0.010315533980582523
2 0.35334476843910806 0.5652305825242718 0.051457975986277875 0.01395631067961165
2 0.1509433962264151 0.06067961165048543 0.041166380789022294 0.015776699029126214
2 0.5934819897084048 0.39411407766990286 0.03773584905660377 0.016383495145631068
2 0.5934819897084048 0.42354368932038833 0.041166380789022294 0.010922330097087377
2 0.5343053173241853 0.5618932038834951 0.03945111492281304 0.012135922330097085
2 0.9777015437392795 0.8188713592233009 0.0274442538593482 0.012742718446601941
2 0.01457975986277873 0.9001820388349514 0.025728987993138937 0.016383495145631068
2 0.9768439108061749 0.9350728155339805 0.04631217838765009 0.01820388349514563
