2 0.06562054208273894 0.034388314059646985 0.04850213980028531 0.018867924528301886
2 0.04778887303851641 0.012172854534388315 0.03281027104136947 0.014607425441265977
2 0.09771754636233952 0.019172245891661596 0.03281027104136947 0.010346926354230066
2 0.13623395149786022 0.030432136335970784 0.03566333808844508 0.013390139987827145
2 0.1797432239657632 0.03256238587948874 0.05420827389443652 0.02130249543517955
2 0.29600570613409416 0.01704199634814364 0.03281027104136947 0.014607425441265977
2 0.4557774607703281 0.03530127814972611 0.04136947218259629 0.012172854534388315
2 0.4450784593437946 0.01704199634814364 0.028530670470756064 0.014607425441265977
2 0.42938659058487877 0.006086427267194158 0.02282453637660485 0.00852099817407182
2 0.4871611982881598 0.04838709677419355 0.03851640513552069 0.016433353621424226
2 0.615549215406562 0.02282410225197809 0.047075606276747506 0.017650639074863056
2 0.6369472182596291 0.01004260499087036 0.0442225392296719 0.016433353621424226
2 0.6690442225392297 0.006390748630553865 0.028530670470756064 0.011564211807668898
2 0.6790299572039943 0.02434570906877663 0.037089871611982884 0.018259281801582473
2 0.6997146932952925 0.036518563603164945 0.04136947218259629 0.013390139987827145
2 0.7838801711840229 0.030432136335970784 0.03281027104136947 0.010955569080949483
2 0.7817403708987162 0.04321363359707851 0.034236804564907276 0.012172854534388315
2 0.7146932952924394 0.05995130858186245 0.019971469329529243 0.016433353621424226
2 0.7831669044222539 0.06816798539257456 0.05135520684736092 0.020693852708460133
2 0.7453637660485022 0.08399269628727937 0.02710413694721826 0.01704199634814364
2 0.8038516405135521 0.08977480219111382 0.03851640513552069 0.017650639074863056
2 0.5370898716119828 0.09616555082166768 0.052781740370898715 0.02556299452221546
2 0.41868758915834525 0.08064516129032258 0.04136947218259629 0.02008520998174072
2 0.29885877318116977 0.08490566037735849 0.047075606276747506 0.016433353621424226
2 0.10841654778887304 0.0693852708460134 0.037089871611982884 0.014607425441265977
2 0.11982881597717547 0.12051125989044431 0.02567760342368046 0.02434570906877663
2 0.15121255349500715 0.12111990261716372 0.02567760342368046 0.02434570906877663
2 0.2760342368045649 0.1275106512477176 0.03281027104136947 0.015216068167985392
2 0.3231098430813124 0.14576993304930005 0.03281027104136947 0.015216068167985392
2 0.3466476462196862 0.1351186853317103 0.039942938659058486 0.01582471089470481
2 0.48573466476462196 0.11503347534996956 0.04136947218259629 0.01582471089470481
2 0.6683309557774608 0.10590383444917834 0.04136947218259629 0.018259281801582473
2 0.9029957203994294 0.13816189896530737 0.034236804564907276 0.021911138161898967
2 0.06990014265335236 0.17589774802191113 0.039942938659058486 0.01704199634814364
2 0.07275320970042796 0.14881314668289713 0.037089871611982884 0.015216068167985392
2 0.14407988587731813 0.14424832623250153 0.028530670470756064 0.013390139987827145
2 0.1733238231098431 0.1631162507608034 0.029957203994293868 0.009738283627510651
2 0.10413694721825963 0.19628727936701157 0.02282453637660485 0.02008520998174072
2 0.1355206847360913 0.18472306755934267 0.02282453637660485 0.013998782714546562
2 0.15121255349500715 0.20998174071819842 0.037089871611982884 0.01582471089470481
2 0.18188302425106992 0.19111381618989653 0.05848787446504993 0.02434570906877663
2 0.21683309557774608 0.17650639074863056 0.03138373751783167 0.013390139987827145
2 0.20042796005706134 0.21211199026171637 0.03566333808844508 0.015216068167985392
2 0.23965763195435094 0.20693852708460134 0.039942938659058486 0.018259281801582473
2 0.27246790299572043 0.19567863664029214 0.034236804564907276 0.018867924528301886
2 0.24393723252496435 0.16555082166768106 0.02282453637660485 0.013390139987827145
2 0.30385164051355207 0.16402921485088254 0.037089871611982884 0.017650639074863056
2 0.4579172610556348 0.17772367620206939 0.04850213980028531 0.014607425441265977
2 0.5813124108416547 0.20328667072428486 0.04136947218259629 0.018259281801582473
2 0.5820256776034237 0.22945830797321973 0.037089871611982884 0.01704199634814364
2 0.6219686162624822 0.147900182592818 0.042796005706134094 0.010955569080949483
2 0.652639087018545 0.20785149117468046 0.029957203994293868 0.02008520998174072
2 0.6918687589158345 0.21150334753499697 0.042796005706134094 0.02130249543517955
2 0.776034236804565 0.21393791844187462 0.0456490727532097 0.02130249543517955
2 0.6875891583452212 0.16402921485088254 0.028530670470756064 0.015216068167985392
2 0.7004279600570613 0.1786366402921485 0.02567760342368046 0.013998782714546562
2 0.776034236804565 0.17559342665855143 0.042796005706134094 0.016433353621424226
2 0.8373751783166905 0.19902617163724895 0.039942938659058486 0.01582471089470481
2 0.8131241084165478 0.2090687766281193 0.019971469329529243 0.01278149726110773
2 0.9793152639087019 0.18502738892270237 0.03566333808844508 0.020693852708460133
2 0.9258202567760343 0.20419963481436398 0.034236804564907276 0.015216068167985392
2 0.9793152639087019 0.21059038344491784 0.02710413694721826 0.00852099817407182
2 0.8516405135520685 0.05995130858186245 0.017118402282453638 0.006695069993913573
2 0.7275320970042797 0.23463177115033476 0.03138373751783167 0.01278149726110773
2 0.7617689015691869 0.23371880706025563 0.028530670470756064 0.012172854534388315
2 0.7831669044222539 0.25441265976871574 0.04850213980028531 0.021911138161898967
2 0.8445078459343794 0.2647595861229458 0.028530670470756064 0.023128423615337797
2 0.8994293865905849 0.26141205112598903 0.05563480741797432 0.02130249543517955
2 0.9300998573466477 0.27997565429093124 0.04850213980028531 0.01582471089470481
2 0.7282453637660485 0.27358490566037735 0.04136947218259629 0.015216068167985392
2 0.8195435092724679 0.2988435788192331 0.06419400855920114 0.020693852708460133
2 0.20613409415121256 0.23341448569689593 0.052781740370898715 0.02130249543517955
2 0.02211126961483595 0.2550213024954352 0.03851640513552069 0.02556299452221546
2 0.056348074179743225 0.2641509433962264 0.05848787446504993 0.021911138161898967
2 0.10912981455064194 0.26141205112598903 0.047075606276747506 0.02251978088861838
2 0.09557774607703282 0.28210590383444917 0.042796005706134094 0.013998782714546562
2 0.047075606276747506 0.28119293974437004 0.03138373751783167 0.010955569080949483
2 0.1291012838801712 0.310407790626902 0.049928673323823114 0.020693852708460133
2 0.21326676176890158 0.26141205112598903 0.052781740370898715 0.027388922702373707
2 0.23109843081312412 0.2936701156421181 0.039942938659058486 0.017650639074863056
2 0.19186875891583452 0.2930614729153987 0.0442225392296719 0.017650639074863056
2 0.1833095577746077 0.3101034692635423 0.0442225392296719 0.01278149726110773
2 0.2653352353780314 0.2589774802191114 0.039942938659058486 0.02130249543517955
2 0.2674750356633381 0.2784540474741327 0.021398002853067047 0.011564211807668898
2 0.3052781740370899 0.27997565429093124 0.034236804564907276 0.014607425441265977
2 0.34807417974322397 0.2839318320146074 0.037089871611982884 0.016433353621424226
2 0.3095577746077033 0.25380401704199634 0.039942938659058486 0.01704199634814364
2 0.29029957203994294 0.30097382836275105 0.029957203994293868 0.018867924528301886
2 0.20114122681883026 0.337492391965916 0.037089871611982884 0.016433353621424226
2 0.2289586305278174 0.32318928788800977 0.047075606276747506 0.02434570906877663
2 0.2696148359486448 0.3174071819841753 0.037089871611982884 0.018867924528301886
2 0.30884450784593437 0.32440657334144857 0.03566333808844508 0.01582471089470481
2 0.3359486447931527 0.31101643335362145 0.03851640513552069 0.019476567255021303
2 0.4529243937232525 0.3219720024345709 0.0442225392296719 0.018259281801582473
2 0.5734664764621968 0.31923311016433353 0.042796005706134094 0.02130249543517955
2 0.6633380884450785 0.32014607425441266 0.05135520684736092 0.01582471089470481
2 0.8502139800285307 0.33566646378575776 0.0456490727532097 0.02008520998174072
2 0.8052781740370899 0.34966524650030434 0.05563480741797432 0.018867924528301886
2 0.7524964336661912 0.33505782105903836 0.02710413694721826 0.01278149726110773
2 0.9472182596291013 0.3441874619598296 0.08273894436519258 0.02130249543517955
2 0.9229671897289586 0.36670724284844797 0.05420827389443652 0.018867924528301886
2 0.8865905848787446 0.379184418746196 0.04136947218259629 0.01582471089470481
2 0.644793152639087 0.3417528910529519 0.0456490727532097 0.017650639074863056
2 0.579172610556348 0.3493609251369446 0.05135520684736092 0.019476567255021303
2 0.46790299572039945 0.33870967741935487 0.034236804564907276 0.01278149726110773
2 0.4850213980028531 0.3584905660377359 0.039942938659058486 0.01704199634814364
2 0.5185449358059915 0.3703590992087645 0.047075606276747506 0.017650639074863056
2 0.37375178316690444 0.3874010955569081 0.03138373751783167 0.016433353621424226
2 0.3095577746077033 0.3767498478393183 0.039942938659058486 0.01704199634814364
2 0.261055634807418 0.36092513694461353 0.028530670470756064 0.013390139987827145
2 0.03067047075606277 0.3794887401095557 0.0442225392296719 0.02008520998174072
2 0.09771754636233952 0.3834449178332319 0.049928673323823114 0.02434570906877663
2 0.19614835948644793 0.4001825928180158 0.05848787446504993 0.024954351795496044
2 0.12696148359486448 0.4418746195982958 0.037089871611982884 0.020693852708460133
2 0.1861626248216833 0.44613511868533173 0.0442225392296719 0.01704199634814364
2 0.23609129814550642 0.4290931223371881 0.0442225392296719 0.021911138161898967
2 0.1890156918687589 0.42422398052343274 0.02710413694721826 0.010955569080949483
2 0.30599144079885876 0.42026780279975656 0.03281027104136947 0.011564211807668898
2 0.3980028530670471 0.4147900182592818 0.034236804564907276 0.017650639074863056
2 0.42938659058487877 0.4290931223371881 0.05135520684736092 0.019476567255021303
2 0.42296718972895864 0.44278758368837495 0.047075606276747506 0.01278149726110773
2 0.43081312410841655 0.40444309190505173 0.019971469329529243 0.006695069993913573
2 0.4693295292439372 0.41174680462568475 0.0912981455064194 0.016433353621424226
2 0.6212553495007133 0.38770541692026783 0.049928673323823114 0.019476567255021303
2 0.5449358059914409 0.4108338405356056 0.039942938659058486 0.019476567255021303
2 0.5934379457917262 0.42057212416311623 0.0456490727532097 0.021911138161898967
2 0.6098430813124108 0.4029214850882532 0.03281027104136947 0.012172854534388315
2 0.6704707560627675 0.40748630553864884 0.034236804564907276 0.017650639074863056
2 0.7068473609129815 0.39683505782105905 0.03851640513552069 0.01582471089470481
2 0.8302425106990015 0.3992696287279367 0.042796005706134094 0.019476567255021303
2 0.9122681883024252 0.4297017650639075 0.03851640513552069 0.019476567255021303
2 0.8537803138373752 0.4351795496043822 0.0442225392296719 0.020693852708460133
2 0.7803138373751783 0.4549604382227632 0.0456490727532097 0.02130249543517955
2 0.8131241084165478 0.4710894704808278 0.037089871611982884 0.01704199634814364
2 0.7603423680456491 0.47017650639074865 0.039942938659058486 0.02008520998174072
2 0.9265335235378032 0.4698721850273889 0.049928673323823114 0.023128423615337797
2 0.949358059914408 0.4945222154595253 0.047075606276747506 0.023737066342057214
2 0.8787446504992867 0.5258673158855752 0.05706134094151213 0.021911138161898967
2 0.6875891583452212 0.43578819233110166 0.039942938659058486 0.01582471089470481
2 0.6126961483594865 0.480219111381619 0.03851640513552069 0.01704199634814364
2 0.4322396576319544 0.49330493000608644 0.05420827389443652 0.018867924528301886
2 0.28601997146932956 0.48843578819233113 0.04136947218259629 0.016433353621424226
2 0.2346647646219686 0.49360925136944617 0.04136947218259629 0.01582471089470481
2 0.19614835948644793 0.5048691418137553 0.0442225392296719 0.017650639074863056
2 0.15049928673323823 0.5097382836275106 0.029957203994293868 0.01278149726110773
2 0.09985734664764623 0.5444309190505173 0.04850213980028531 0.02251978088861838
2 0.1433666191155492 0.5508216676810712 0.024251069900142655 0.014607425441265977
2 0.20684736091298145 0.5617772367620207 0.05420827389443652 0.023128423615337797
2 0.2631954350927247 0.5611685940353013 0.021398002853067047 0.009738283627510651
2 0.2674750356633381 0.5295191722458916 0.03281027104136947 0.013390139987827145
2 0.325962910128388 0.5170419963481436 0.029957203994293868 0.011564211807668898
2 0.32738944365192585 0.5426049908703591 0.04136947218259629 0.015216068167985392
2 0.42368045649072755 0.532258064516129 0.042796005706134094 0.016433353621424226
2 0.3958630527817404 0.5486914181375533 0.0442225392296719 0.02008520998174072
2 0.4821683309557775 0.5222154595252587 0.039942938659058486 0.018259281801582473
2 0.5634807417974322 0.5283018867924528 0.039942938659058486 0.019476567255021303
2 0.5285306704707561 0.5465611685940354 0.049928673323823114 0.020693852708460133
2 0.47503566333808844 0.5526475958612295 0.05135520684736092 0.020693852708460133
2 0.5135520684736091 0.5642118076688983 0.039942938659058486 0.01582471089470481
2 0.5442225392296719 0.5785149117468046 0.0442225392296719 0.01278149726110773
2 0.579172610556348 0.5517346317711503 0.039942938659058486 0.017650639074863056
2 0.609129814550642 0.543822276323798 0.028530670470756064 0.017650639074863056
2 0.7674750356633381 0.5222154595252587 0.042796005706134094 0.019476567255021303
2 0.797432239657632 0.5368228849665246 0.028530670470756064 0.012172854534388315
2 0.8587731811697575 0.5486914181375533 0.037089871611982884 0.013998782714546562
2 0.9407988587731811 0.5517346317711503 0.04136947218259629 0.015216068167985392
2 0.8423680456490727 0.5699939135727328 0.049928673323823114 0.02008520998174072
2 0.7667617689015692 0.5724284844796105 0.03851640513552069 0.02008520998174072
2 0.7203994293865906 0.5690809494826536 0.04850213980028531 0.018259281801582473
2 0.6255349500713266 0.5806451612903226 0.047075606276747506 0.018259281801582473
2 0.9657631954350927 0.595861229458308 0.039942938659058486 0.01582471089470481
2 0.8544935805991442 0.5912964090079124 0.03138373751783167 0.015216068167985392
2 0.8651925820256776 0.6092513694461351 0.04136947218259629 0.019476567255021303
2 0.927246790299572 0.6308581862446744 0.05135520684736092 0.02008520998174072
2 0.9607703281027105 0.6159464394400487 0.018544935805991442 0.009738283627510651
2 0.8302425106990015 0.6308581862446744 0.03138373751783167 0.01278149726110773
2 0.8794579172610557 0.6509433962264151 0.04136947218259629 0.02130249543517955
2 0.8195435092724679 0.6609860012172855 0.052781740370898715 0.014607425441265977
2 0.8059914407988588 0.6168594035301278 0.017118402282453638 0.011564211807668898
2 0.7589158345221113 0.611381618989653 0.05420827389443652 0.018867924528301886
2 0.7146932952924394 0.6162507608034085 0.03138373751783167 0.010346926354230066
2 0.6640513552068473 0.6360316494217895 0.029957203994293868 0.013390139987827145
2 0.6212553495007133 0.6165550821667681 0.029957203994293868 0.012172854534388315
2 0.6027104136947219 0.6049908703590993 0.018544935805991442 0.009738283627510651
2 0.5741797432239658 0.6065124771758977 0.047075606276747506 0.018867924528301886
2 0.5335235378031384 0.595861229458308 0.05420827389443652 0.01582471089470481
2 0.5142653352353781 0.611381618989653 0.021398002853067047 0.011564211807668898
2 0.47574893009985736 0.5906877662811929 0.0442225392296719 0.016433353621424226
2 0.4379457917261056 0.6004260499087036 0.042796005706134094 0.013998782714546562
2 0.3509272467902996 0.5870359099208765 0.039942938659058486 0.013998782714546562
2 0.28744650499286734 0.5903834449178332 0.049928673323823114 0.01704199634814364
2 0.2218259629101284 0.6013390139987828 0.04136947218259629 0.019476567255021303
2 0.1761768901569187 0.6153377967133293 0.047075606276747506 0.013390139987827145
2 0.10057061340941513 0.5626902008520999 0.03566333808844508 0.010346926354230066
2 0.10699001426533523 0.5751673767498479 0.04850213980028531 0.013390139987827145
2 0.07203994293865906 0.6092513694461351 0.049928673323823114 0.019476567255021303
2 0.11554921540656206 0.6335970785149118 0.02567760342368046 0.013390139987827145
2 0.1383737517831669 0.6247717589774803 0.03138373751783167 0.015216068167985392
2 0.25606276747503565 0.6256847230675594 0.03566333808844508 0.014607425441265977
2 0.34022824536376606 0.6217285453438831 0.047075606276747506 0.02008520998174072
2 0.39443651925820256 0.6287279367011565 0.0442225392296719 0.018259281801582473
2 0.47503566333808844 0.6232501521606817 0.034236804564907276 0.014607425441265977
2 0.4593437945791726 0.6445526475958613 0.042796005706134094 0.01704199634814364
2 0.5235378031383737 0.6256847230675594 0.042796005706134094 0.01704199634814364
2 0.5263908701854494 0.6472915398660987 0.039942938659058486 0.01278149726110773
2 0.5606276747503567 0.6418137553256239 0.037089871611982884 0.013998782714546562
2 0.5920114122681883 0.6418137553256239 0.028530670470756064 0.013998782714546562
2 0.6269614835948645 0.6436396835057822 0.04136947218259629 0.013998782714546562
2 0.6069900142653353 0.660377358490566 0.02710413694721826 0.012172854534388315
2 0.6661911554921541 0.6564211807668898 0.034236804564907276 0.011564211807668898
2 0.6362339514978602 0.664637857577602 0.03138373751783167 0.01582471089470481
2 0.7025677603423681 0.6631162507608034 0.03566333808844508 0.018867924528301886
2 0.7489300998573467 0.6418137553256239 0.037089871611982884 0.01278149726110773
2 0.5627674750356634 0.6658551430310408 0.04136947218259629 0.01704199634814364
2 0.4472182596291013 0.6722458916615947 0.0442225392296719 0.017650639074863056
2 0.4065620542082739 0.6503347534996957 0.042796005706134094 0.011564211807668898
2 0.23965763195435094 0.6555082166768107 0.04850213980028531 0.013390139987827145
2 0.3102710413694722 0.6975045648204504 0.0442225392296719 0.01704199634814364
2 0.25606276747503565 0.6877662811929398 0.04136947218259629 0.012172854534388315
2 0.21469329529243938 0.674984783931832 0.03851640513552069 0.014607425441265977
2 0.3024251069900143 0.6485088253195375 0.042796005706134094 0.015216068167985392
2 0.2574893009985735 0.671941570298235 0.03566333808844508 0.01582471089470481
2 0.12339514978601998 0.6588557516737675 0.06419400855920114 0.02008520998174072
2 0.09486447931526391 0.7011564211807669 0.049928673323823114 0.019476567255021303
2 0.07703281027104138 0.7285453438831406 0.037089871611982884 0.01704199634814364
2 0.20756062767475036 0.7127206329884358 0.04136947218259629 0.018259281801582473
2 0.36590584878744653 0.7218502738892271 0.03281027104136947 0.01704199634814364
2 0.5121255349500713 0.716676810712112 0.042796005706134094 0.017650639074863056
2 0.5442225392296719 0.7008520998174071 0.015691868758915834 0.009129640900791236
2 0.6348074179743224 0.6889835666463786 0.039942938659058486 0.014607425441265977
2 0.6854493580599145 0.6987218502738892 0.047075606276747506 0.018259281801582473
2 0.6562054208273894 0.7023737066342057 0.02282453637660485 0.014607425441265977
2 0.7289586305278174 0.7108947048082775 0.034236804564907276 0.00852099817407182
2 0.7888730385164051 0.7139379184418746 0.039942938659058486 0.014607425441265977
2 0.6647646219686163 0.7306755934266586 0.017118402282453638 0.013998782714546562
2 0.9115549215406562 0.7002434570906878 0.017118402282453638 0.01278149726110773
2 0.9736091298145507 0.704199634814364 0.0442225392296719 0.020693852708460133
2 0.9372325249643367 0.7172854534388314 0.04850213980028531 0.015216068167985392
2 0.8894436519258203 0.7157638466220329 0.02710413694721826 0.00852099817407182
2 0.8723252496433667 0.727023737066342 0.04136947218259629 0.016433353621424226
2 0.9144079885877319 0.7373706634205721 0.04850213980028531 0.018867924528301886
2 0.9550641940085592 0.7391965916007304 0.018544935805991442 0.013998782714546562
2 0.8716119828815977 0.7449786975045648 0.03138373751783167 0.009738283627510651
2 0.8787446504992867 0.76049908703591 0.028530670470756064 0.013998782714546562
2 0.9379457917261056 0.7744978697504565 0.04136947218259629 0.017650639074863056
2 0.7410841654778888 0.7413268411442483 0.05848787446504993 0.02556299452221546
2 0.7667617689015692 0.7586731588557517 0.03566333808844508 0.01278149726110773
2 0.8017118402282454 0.7601947656725502 0.039942938659058486 0.014607425441265977
2 0.7817403708987162 0.7738892270237371 0.05135520684736092 0.018867924528301886
2 0.8202567760342369 0.7860620815581254 0.039942938659058486 0.018867924528301886
2 0.884450784593438 0.7948874010955569 0.04850213980028531 0.021911138161898967
2 0.7660485021398004 0.800060864272672 0.05135520684736092 0.018867924528301886
2 0.7154065620542083 0.778149726110773 0.04136947218259629 0.018867924528301886
2 0.7146932952924394 0.7608034083992696 0.04850213980028531 0.012172854534388315
2 0.6661911554921541 0.7662811929397444 0.042796005706134094 0.01704199634814364
2 0.62339514978602 0.7772367620206939 0.0456490727532097 0.018259281801582473
2 0.5556348074179743 0.7684114424832623 0.052781740370898715 0.02130249543517955
2 0.6062767475035663 0.7611077297626293 0.042796005706134094 0.01278149726110773
2 0.42796005706134094 0.7556299452221547 0.0456490727532097 0.02251978088861838
2 0.340941512125535 0.7507608034083992 0.042796005706134094 0.016433353621424226
2 0.3081312410841655 0.76049908703591 0.028530670470756064 0.015216068167985392
2 0.2703281027104137 0.7681071211199026 0.03851640513552069 0.020693852708460133
2 0.25392296718972895 0.7483262325015216 0.02282453637660485 0.015216068167985392
2 0.19900142653352354 0.7504564820450396 0.049928673323823114 0.019476567255021303
2 0.07774607703281028 0.7717589774802192 0.04136947218259629 0.014607425441265977
2 0.11697574893009986 0.772976262933658 0.042796005706134094 0.013390139987827145
2 0.05706134094151213 0.7894096165550821 0.05135520684736092 0.019476567255021303
2 0.11269614835948645 0.7945830797321972 0.05135520684736092 0.018867924528301886
2 0.1718972895863053 0.7647595861229458 0.024251069900142655 0.01278149726110773
2 0.2239657631954351 0.7690200852099818 0.02567760342368046 0.013998782714546562
2 0.2503566333808845 0.7839318320146075 0.047075606276747506 0.014607425441265977
2 0.2639087018544936 0.7991479001825929 0.042796005706134094 0.01582471089470481
2 0.3181169757489301 0.780279975654291 0.039942938659058486 0.013390139987827145
2 0.35021398002853066 0.7869750456482045 0.047075606276747506 0.018259281801582473
2 0.521398002853067 0.7915398660986002 0.03566333808844508 0.011564211807668898
2 0.5920114122681883 0.7939744370054778 0.0456490727532097 0.015216068167985392
2 0.5927246790299572 0.8131466828971394 0.047075606276747506 0.019476567255021303
2 0.4814550641940086 0.825015216068168 0.03851640513552069 0.018867924528301886
2 0.42653352353780316 0.8317102860620815 0.0456490727532097 0.02130249543517955
2 0.5670470756062768 0.8429701765063907 0.04136947218259629 0.012172854534388315
2 0.8830242510699001 0.825015216068168 0.039942938659058486 0.015216068167985392
2 0.7738944365192583 0.8910529519172246 0.049928673323823114 0.020693852708460133
2 0.5599144079885877 0.9053560559951309 0.047075606276747506 0.02008520998174072
2 0.2967189728958631 0.8536214242239806 0.042796005706134094 0.018867924528301886
2 0.23609129814550642 0.8429701765063907 0.03851640513552069 0.01704199634814364
2 0.15049928673323823 0.8377967133292757 0.0442225392296719 0.016433353621424226
2 0.02781740370898716 0.8189287888009739 0.049928673323823114 0.018867924528301886
2 0.06205420827389444 0.8283627510651248 0.018544935805991442 0.013390139987827145
2 0.02282453637660485 0.842665855143031 0.037089871611982884 0.018867924528301886
2 0.026390870185449358 0.904138770541692 0.03566333808844508 0.017650639074863056
2 0.06348074179743224 0.8776628119293974 0.04136947218259629 0.01704199634814364
2 0.04850213980028531 0.8633597078514912 0.02282453637660485 0.006695069993913573
2 0.11982881597717547 0.8737066342057213 0.03138373751783167 0.023737066342057214
2 0.15977175463623394 0.8694461351186854 0.0456490727532097 0.018867924528301886
2 0.25677603423680456 0.8810103469263543 0.039942938659058486 0.017650639074863056
2 0.1890156918687589 0.8922702373706635 0.03566333808844508 0.018259281801582473
2 0.14407988587731813 0.9059646987218503 0.034236804564907276 0.017650639074863056
2 0.0891583452211127 0.9178332318928789 0.0442225392296719 0.01582471089470481
2 0.06990014265335236 0.9330493000608643 0.028530670470756064 0.010955569080949483
2 0.11055634807417974 0.9306147291539866 0.03566333808844508 0.009738283627510651
2 0.19258202567760344 0.9403530127814973 0.02567760342368046 0.009738283627510651
2 0.21041369472182597 0.9284844796104686 0.03566333808844508 0.017650639074863056
2 0.25606276747503565 0.9141813755325624 0.047075606276747506 0.014607425441265977
2 0.25106990014265335 0.9336579427875837 0.0456490727532097 0.018259281801582473
2 0.30099857346647646 0.9315276932440657 0.042796005706134094 0.018867924528301886
2 0.4094151212553495 0.9275715155203895 0.04850213980028531 0.018259281801582473
2 0.4693295292439372 0.9403530127814973 0.0456490727532097 0.01704199634814364
2 0.5320970042796006 0.9491783323189288 0.042796005706134094 0.016433353621424226
2 0.43509272467903 0.967741935483871 0.042796005706134094 0.019476567255021303
2 0.6077032810271041 0.9488740109555691 0.037089871611982884 0.013390139987827145
2 0.652639087018545 0.9427875836883749 0.03566333808844508 0.012172854534388315
2 0.6925820256776034 0.9278758368837493 0.05563480741797432 0.02130249543517955
2 0.6897289586305279 0.9473524041387705 0.02710413694721826 0.016433353621424226
2 0.7211126961483595 0.9589166159464395 0.03851640513552069 0.016433353621424226
2 0.768188302425107 0.9476567255021303 0.03281027104136947 0.01704199634814364
2 0.8152639087018545 0.9525258673158856 0.05848787446504993 0.023128423615337797
2 0.7988587731811698 0.9713937918441875 0.037089871611982884 0.018259281801582473
2 0.8537803138373752 0.9388314059646987 0.03281027104136947 0.01278149726110773
2 0.8009985734664765 0.9233110164333537 0.03281027104136947 0.013390139987827145
2 0.7696148359486448 0.9065733414485697 0.021398002853067047 0.006695069993913573
2 0.8972895863052782 0.9297017650639076 0.039942938659058486 0.015216068167985392
2 0.9750356633380884 0.9248326232501521 0.047075606276747506 0.018867924528301886
2 0.8730385164051355 0.9643944004869142 0.034236804564907276 0.02251978088861838
2 0.8601997146932954 0.9829580036518564 0.028530670470756064 0.013390139987827145
2 0.9322396576319544 0.9561777236762021 0.049928673323823114 0.02556299452221546
2 0.9236804564907276 0.9866098600121729 0.0442225392296719 0.020693852708460133
2 0.9728958630527818 0.9841752891052952 0.042796005706134094 0.01582471089470481
2 0.978601997146933 0.9646987218502739 0.039942938659058486 0.023128423615337797
2 0.24322396576319544 0.9589166159464395 0.03851640513552069 0.015216068167985392
2 0.2689015691868759 0.9692635423006696 0.018544935805991442 0.01278149726110773
2 0.19115549215406563 0.9555690809494827 0.037089871611982884 0.01704199634814364
2 0.0456490727532097 0.9576993304930006 0.039942938659058486 0.02251978088861838
2 0.08559201141226819 0.9549604382227632 0.037089871611982884 0.018259281801582473
2 0.07631954350927247 0.9790018259281802 0.03851640513552069 0.017650639074863056
2 0.12482168330955778 0.9698721850273889 0.05563480741797432 0.013998782714546562
2 0.12981455064194009 0.9890444309190506 0.042796005706134094 0.018259281801582473
2 0.18687589158345222 0.9774802191113816 0.0456490727532097 0.018259281801582473
2 0.17118402282453637 0.9869141813755326 0.03138373751783167 0.013998782714546562
2 0.25392296718972895 0.8265368228849665 0.042796005706134094 0.013390139987827145
2 0.7261055634807418 0.8992696287279367 0.017118402282453638 0.010346926354230066
2 0.6726105563480742 0.9077906269020085 0.029957203994293868 0.007912355447352405
2 0.33452211126961484 0.44765672550213026 0.05848787446504993 0.017650639074863056
2 0.3459343794579173 0.34540474741326843 0.03566333808844508 0.011564211807668898
2 0.3174037089871612 0.006999391357273281 0.05563480741797432 0.01278149726110773
2 0.06562054208273894 0.053256238587948874 0.034236804564907276 0.013998782714546562
2 0.7097004279600571 0.005477784540474742 0.052781740370898715 0.009738283627510651
2 0.1747503566333809 0.6342057212416312 0.03851640513552069 0.01704199634814364
2 0.8295292439372326 0.6789409616555082 0.03566333808844508 0.011564211807668898
2 0.6362339514978602 0.7936701156421181 0.03138373751783167 0.013390139987827145
2 0.6647646219686163 0.7860620815581254 0.03138373751783167 0.013998782714546562
2 0.43366619115549215 0.9945222154595252 0.042796005706134094 0.010955569080949483
2 0.21540656205420827 0.9930006086427268 0.059914407988587735 0.013998782714546562
2 0.01355206847360913 0.9710894704808277 0.024251069900142655 0.013998782714546562
2 0.014978601997146934 0.9500912964090079 0.02710413694721826 0.013390139987827145
