2 0.17696160267111855 0.007921419518377692 0.06010016694490818 0.014575411913814954
2 0.1285475792988314 0.05671736375158428 0.05008347245409015 0.018377693282636248
2 0.3747913188647746 0.05798479087452471 0.05843071786310518 0.02217997465145754
2 0.6377295492487479 0.060202788339670466 0.04006677796327212 0.017743979721166033
2 0.6477462437395659 0.07604562737642585 0.03005008347245409 0.011406844106463877
2 0.6026711185308848 0.10012674271229403 0.06010016694490818 0.021546261089987324
2 0.4532554257095159 0.10139416983523447 0.035058430717863104 0.020278833967046894
2 0.5534223706176962 0.10361216730038023 0.038397328881469114 0.02091254752851711
2 0.7303839732888147 0.04055766793409379 0.06176961602671119 0.022813688212927754
2 0.8180300500834725 0.030735107731305448 0.04006677796327212 0.018377693282636248
2 0.9056761268781303 0.02503168567807351 0.041736227045075125 0.014575411913814954
2 0.9465776293823038 0.06463878326996197 0.05676126878130217 0.020278833967046894
2 0.10767946577629382 0.11311787072243346 0.048414023372287146 0.017110266159695818
2 0.027545909849749584 0.15272496831432192 0.048414023372287146 0.021546261089987324
2 0.12437395659432388 0.1720532319391635 0.041736227045075125 0.014575411913814954
2 0.18196994991652754 0.17839036755386564 0.04340567612687813 0.014575411913814954
2 0.29549248747913187 0.19201520912547526 0.04674457429048414 0.017743979721166033
2 0.4257095158597663 0.21070975918884663 0.04340567612687813 0.017110266159695818
2 0.43656093489148584 0.15557667934093788 0.05175292153589316 0.018377693282636248
2 0.5434056761268782 0.15050697084917616 0.05509181969949917 0.02091254752851711
2 0.5951585976627713 0.12294043092522179 0.048414023372287146 0.013941698352344739
2 0.7562604340567612 0.11723700887198986 0.04674457429048414 0.0164765525982256
2 0.666110183639399 0.11311787072243346 0.0333889816360601 0.010773130544993662
2 0.7253756260434057 0.07667934093789606 0.041736227045075125 0.01520912547528517
2 0.8864774624373957 0.14163498098859315 0.04340567612687813 0.012040557667934094
2 0.9632721202003339 0.15272496831432192 0.05008347245409015 0.0164765525982256
2 0.7838063439065108 0.14670468948035487 0.048414023372287146 0.013307984790874524
2 0.7270450751252087 0.167617237008872 0.041736227045075125 0.017110266159695818
2 0.7813021702838063 0.16983523447401774 0.04340567612687813 0.013941698352344739
2 0.9040066777963273 0.18409378960709757 0.05843071786310518 0.01964512040557668
2 0.8864774624373957 0.2018377693282636 0.04006677796327212 0.017110266159695818
2 0.8564273789649416 0.17902408111533585 0.03672787979966611 0.014575411913814954
2 0.9424040066777963 0.17490494296577946 0.03171953255425709 0.011406844106463877
2 0.9624373956594324 0.18852978453738908 0.025041736227045076 0.010773130544993662
2 0.7303839732888147 0.19138149556400505 0.03171953255425709 0.013941698352344739
2 0.7687813021702838 0.19169835234474017 0.05175292153589316 0.02217997465145754
2 0.7804674457429048 0.21102661596958175 0.038397328881469114 0.01520912547528517
2 0.6043405676126878 0.18631178707224333 0.05676126878130217 0.011406844106463877
2 0.6018363939899833 0.19613434727503168 0.045075125208681135 0.012040557667934094
2 0.506677796327212 0.1761723700887199 0.038397328881469114 0.012674271229404309
2 0.5 0.1638149556400507 0.025041736227045076 0.009505703422053232
2 0.06844741235392321 0.21134347275031684 0.03672787979966611 0.017110266159695818
2 0.07762938230383974 0.2012040557667934 0.03171953255425709 0.012040557667934094
2 0.1001669449081803 0.19550063371356147 0.02671118530884808 0.013307984790874524
2 0.17696160267111855 0.21197718631178705 0.05008347245409015 0.017110266159695818
2 0.2362270450751252 0.20785804816223066 0.03171953255425709 0.011406844106463877
2 0.1285475792988314 0.23669201520912547 0.03005008347245409 0.02344740177439797
2 0.15609348914858098 0.23764258555133078 0.028380634390651086 0.013941698352344739
2 0.2328881469115192 0.2385931558935361 0.06844741235392321 0.02091254752851711
2 0.44490818030050083 0.2522179974651457 0.045075125208681135 0.019011406844106463
2 0.47996661101836396 0.238276299112801 0.05509181969949917 0.020278833967046894
2 0.5601001669449082 0.21673003802281368 0.045075125208681135 0.020278833967046894
2 0.6460767946577629 0.2591888466413181 0.05342237061769616 0.021546261089987324
2 0.6018363939899833 0.2712294043092522 0.041736227045075125 0.013941698352344739
2 0.6944908180300501 0.2667934093789607 0.03672787979966611 0.019011406844106463
2 0.7479131886477463 0.2591888466413181 0.04340567612687813 0.020278833967046894
2 0.7512520868113522 0.29150823827629907 0.05342237061769616 0.017743979721166033
2 0.820534223706177 0.24017743979721165 0.041736227045075125 0.017743979721166033
2 0.8622704507512521 0.24904942965779467 0.035058430717863104 0.010139416983523447
2 0.9131886477462438 0.24904942965779467 0.05342237061769616 0.022813688212927754
2 0.8021702838063439 0.314638783269962 0.05175292153589316 0.02091254752851711
2 0.8681135225375626 0.33365019011406843 0.05342237061769616 0.017110266159695818
2 0.6961602671118531 0.3162230671736375 0.04340567612687813 0.019011406844106463
2 0.6035058430717863 0.31939163498098855 0.045075125208681135 0.01520912547528517
2 0.6076794657762938 0.3374524714828897 0.02337228714524207 0.009505703422053232
2 0.5676126878130218 0.34664131812420784 0.06010016694490818 0.022813688212927754
2 0.32053422370617696 0.28833967046894804 0.05342237061769616 0.017743979721166033
2 0.35141903171953254 0.2724968314321926 0.03171953255425709 0.013941698352344739
2 0.27295492487479134 0.26901140684410646 0.05509181969949917 0.017110266159695818
2 0.2353923205342237 0.26996197718631176 0.02003338898163606 0.012674271229404309
2 0.2003338898163606 0.28136882129277563 0.05676126878130217 0.019011406844106463
2 0.15692821368948248 0.2724968314321926 0.03672787979966611 0.0164765525982256
2 0.09348914858096828 0.26425855513307983 0.04674457429048414 0.017743979721166033
2 0.05759599332220367 0.2873891001267427 0.041736227045075125 0.012040557667934094
2 0.05676126878130217 0.30164765525982257 0.04674457429048414 0.013941698352344739
2 0.12437395659432388 0.3070342205323194 0.03171953255425709 0.015842839036755384
2 0.14607679465776294 0.2962610899873257 0.045075125208681135 0.014575411913814954
2 0.164440734557596 0.28960709759188846 0.035058430717863104 0.012674271229404309
2 0.1969949916527546 0.282319391634981 0.05342237061769616 0.017110266159695818
2 0.2679465776293823 0.3083016476552598 0.05175292153589316 0.018377693282636248
2 0.05676126878130217 0.3247782002534854 0.04674457429048414 0.017110266159695818
2 0.04924874791318865 0.3406210392902408 0.041736227045075125 0.012040557667934094
2 0.07345575959933222 0.3523447401774398 0.04674457429048414 0.011406844106463877
2 0.11686143572621036 0.3387198986058301 0.04006677796327212 0.02091254752851711
2 0.166110183639399 0.32509505703422054 0.041736227045075125 0.013941698352344739
2 0.15859766277128548 0.3396704689480355 0.04674457429048414 0.01520912547528517
2 0.19616026711185308 0.3485424588086185 0.048414023372287146 0.017743979721166033
2 0.24540901502504175 0.36850443599493027 0.06343906510851419 0.02091254752851711
2 0.2595993322203673 0.32160963244613433 0.035058430717863104 0.009505703422053232
2 0.325542570951586 0.30640050697084914 0.04006677796327212 0.017110266159695818
2 0.11101836393989983 0.3742078580481622 0.038397328881469114 0.015842839036755384
2 0.2003338898163606 0.3729404309252218 0.02671118530884808 0.015842839036755384
2 0.22203672787979967 0.3982889733840304 0.05676126878130217 0.01964512040557668
2 0.2671118530884808 0.38434727503168564 0.04340567612687813 0.012040557667934094
2 0.27128547579298834 0.39638783269961975 0.045075125208681135 0.010773130544993662
2 0.31302170283806346 0.41698352344740175 0.06176961602671119 0.024081115335868188
2 0.3789649415692821 0.4144486692015209 0.02671118530884808 0.0164765525982256
2 0.40901502504173626 0.4141318124207858 0.03005008347245409 0.014575411913814954
2 0.3080133555926544 0.36501901140684406 0.048414023372287146 0.013941698352344739
2 0.34974958263772954 0.36280101394169834 0.038397328881469114 0.015842839036755384
2 0.33806343906510855 0.38466413181242076 0.03171953255425709 0.011406844106463877
2 0.27629382303839733 0.34790874524714827 0.025041736227045076 0.008871989860583017
2 0.5500834724540902 0.3697718631178707 0.05175292153589316 0.013307984790874524
2 0.6769616026711186 0.3602661596958175 0.0651085141903172 0.024714828897338403
2 0.6861435726210351 0.3821292775665399 0.04340567612687813 0.0164765525982256
2 0.8247078464106845 0.3780101394169835 0.04340567612687813 0.013307984790874524
2 0.9415692821368948 0.36406844106463876 0.03005008347245409 0.014575411913814954
2 0.6402337228714524 0.3989226869455006 0.035058430717863104 0.014575411913814954
2 0.6844741235392321 0.4217363751584284 0.03672787979966611 0.014575411913814954
2 0.7462437395659433 0.38371356147021546 0.03672787979966611 0.013307984790874524
2 0.6936560934891486 0.40399239543726234 0.03171953255425709 0.012040557667934094
2 0.5642737896494157 0.40525982256020276 0.0333889816360601 0.012040557667934094
2 0.506677796327212 0.3960709759188846 0.025041736227045076 0.008871989860583017
2 0.9716193656093489 0.2880228136882129 0.02671118530884808 0.013307984790874524
2 0.8873121869782972 0.4565906210392902 0.05175292153589316 0.018377693282636248
2 0.7454090150250418 0.4512040557667934 0.045075125208681135 0.01520912547528517
2 0.649415692821369 0.449936628643853 0.0333889816360601 0.013941698352344739
2 0.4607679465776294 0.44074778200253484 0.04340567612687813 0.013307984790874524
2 0.4724540901502504 0.45468948035487955 0.04006677796327212 0.015842839036755384
2 0.5233722871452421 0.45468948035487955 0.041736227045075125 0.014575411913814954
2 0.5542570951585977 0.45722433460076045 0.02671118530884808 0.02217997465145754
2 0.4674457429048414 0.47528517110266155 0.05676126878130217 0.020278833967046894
2 0.5141903171953256 0.47084917617237004 0.04674457429048414 0.019011406844106463
2 0.5292153589315526 0.4816223067173637 0.04006677796327212 0.019011406844106463
2 0.7278797996661102 0.4879594423320659 0.05008347245409015 0.020278833967046894
2 0.8939899833055092 0.4879594423320659 0.06176961602671119 0.022813688212927754
2 0.9507512520868113 0.48384030418250945 0.03171953255425709 0.014575411913814954
2 0.8589315525876461 0.5038022813688212 0.035058430717863104 0.012674271229404309
2 0.9190317195325542 0.5243979721166032 0.06176961602671119 0.02217997465145754
2 0.9791318864774625 0.5348542458808618 0.035058430717863104 0.022813688212927754
2 0.9674457429048414 0.5503802281368821 0.03171953255425709 0.010773130544993662
2 0.9181969949916527 0.5586185044359949 0.02003338898163606 0.0057034220532319385
2 0.8130217028380634 0.5487959442332065 0.04674457429048414 0.017743979721166033
2 0.7270450751252087 0.5288339670468948 0.05175292153589316 0.02091254752851711
2 0.5525876460767947 0.5430925221799746 0.04674457429048414 0.021546261089987324
2 0.43656093489148584 0.5171102661596958 0.045075125208681135 0.012674271229404309
2 0.3789649415692821 0.47845373891001264 0.05008347245409015 0.0164765525982256
2 0.27295492487479134 0.4876425855513308 0.05175292153589316 0.017110266159695818
2 0.1669449081803005 0.485424588086185 0.05008347245409015 0.017743979721166033
2 0.14941569282136896 0.45278833967046894 0.041736227045075125 0.014575411913814954
2 0.09098497495826377 0.4600760456273764 0.045075125208681135 0.019011406844106463
2 0.2846410684474124 0.5186945500633713 0.038397328881469114 0.018377693282636248
2 0.19532554257095158 0.5199619771863118 0.05008347245409015 0.017110266159695818
2 0.12604340567612687 0.517743979721166 0.041736227045075125 0.013941698352344739
2 0.10350584307178631 0.5465779467680608 0.04340567612687813 0.02217997465145754
2 0.12604340567612687 0.5817490494296578 0.048414023372287146 0.0164765525982256
2 0.15692821368948248 0.5931558935361216 0.03672787979966611 0.0164765525982256
2 0.21035058430717865 0.5906210392902408 0.05342237061769616 0.021546261089987324
2 0.27128547579298834 0.6083650190114068 0.05509181969949917 0.021546261089987324
2 0.32387312186978295 0.6223067173637515 0.05676126878130217 0.0164765525982256
2 0.2996661101836394 0.6343472750316856 0.03171953255425709 0.010139416983523447
2 0.13939899833055092 0.6346641318124208 0.035058430717863104 0.012040557667934094
2 0.10350584307178631 0.6166032953105196 0.03672787979966611 0.0164765525982256
2 0.36894824707846413 0.638149556400507 0.04006677796327212 0.013941698352344739
2 0.48414023372287146 0.5839670468948035 0.04006677796327212 0.01964512040557668
2 0.5308848080133556 0.5826996197718631 0.04674457429048414 0.014575411913814954
2 0.5984974958263773 0.5785804816223067 0.035058430717863104 0.013941698352344739
2 0.6469115191986644 0.5814321926489227 0.05509181969949917 0.01964512040557668
2 0.6519198664440735 0.5934727503168568 0.035058430717863104 0.009505703422053232
2 0.5876460767946577 0.6007604562737642 0.05008347245409015 0.020278833967046894
2 0.5425709515859767 0.6074144486692015 0.03672787979966611 0.018377693282636248
2 0.496661101836394 0.6397338403041825 0.0651085141903172 0.01964512040557668
2 0.6360601001669449 0.6460709759188846 0.05676126878130217 0.02091254752851711
2 0.6168614357262103 0.6181875792141951 0.035058430717863104 0.017110266159695818
2 0.7787979966611018 0.6438529784537389 0.05175292153589316 0.0164765525982256
2 0.7587646076794659 0.6267427122940431 0.05509181969949917 0.017743979721166033
2 0.7387312186978298 0.6102661596958174 0.035058430717863104 0.010139416983523447
2 0.7028380634390651 0.6007604562737642 0.03005008347245409 0.011406844106463877
2 0.7470784641068448 0.5963244613434727 0.048414023372287146 0.021546261089987324
2 0.7153589315525877 0.5839670468948035 0.028380634390651086 0.012040557667934094
2 0.7762938230383973 0.5754119138149556 0.04674457429048414 0.013941698352344739
2 0.8021702838063439 0.5814321926489227 0.041736227045075125 0.015842839036755384
2 0.7913188647746244 0.5953738910012674 0.03672787979966611 0.015842839036755384
2 0.8681135225375626 0.6032953105196451 0.0333889816360601 0.0164765525982256
2 0.9073455759599333 0.5884030418250951 0.041736227045075125 0.02217997465145754
2 0.9524207011686144 0.5896704689480354 0.03171953255425709 0.012040557667934094
2 0.9691151919866444 0.5785804816223067 0.025041736227045076 0.012674271229404309
2 0.988313856427379 0.5877693282636248 0.01669449081803005 0.013307984790874524
2 0.9507512520868113 0.6055133079847909 0.038397328881469114 0.012040557667934094
2 0.8923205342237062 0.6486058301647655 0.048414023372287146 0.01964512040557668
2 0.828881469115192 0.676489226869455 0.035058430717863104 0.014575411913814954
2 0.7404006677796328 0.679340937896071 0.06176961602671119 0.022813688212927754
2 0.6410684474123539 0.6929657794676806 0.04674457429048414 0.018377693282636248
2 0.7011686143572621 0.7214828897338402 0.0333889816360601 0.01964512040557668
2 0.47662771285475797 0.7164131812420785 0.03171953255425709 0.017110266159695818
2 0.41068447412353926 0.7031051964512041 0.05008347245409015 0.018377693282636248
2 0.4015025041736227 0.653041825095057 0.045075125208681135 0.014575411913814954
2 0.35141903171953254 0.6539923954372623 0.05509181969949917 0.01520912547528517
2 0.3005008347245409 0.6555766793409379 0.05008347245409015 0.013307984790874524
2 0.2888146911519199 0.6698352344740177 0.05008347245409015 0.0164765525982256
2 0.27212020033388984 0.6961343472750317 0.05008347245409015 0.015842839036755384
2 0.21368948247078465 0.6714195183776932 0.04674457429048414 0.013307984790874524
2 0.14774624373956594 0.6628643852978453 0.045075125208681135 0.013941698352344739
2 0.07345575959933222 0.6574778200253485 0.05008347245409015 0.017110266159695818
2 0.04340567612687813 0.7141951837769328 0.03005008347245409 0.011406844106463877
2 0.16193656093489148 0.7043726235741444 0.04340567612687813 0.015842839036755384
2 0.08096828046744574 0.7408111533586819 0.038397328881469114 0.01520912547528517
2 0.15776293823038398 0.7373257287705957 0.045075125208681135 0.014575411913814954
2 0.20784641068447413 0.7278200253485424 0.03171953255425709 0.015842839036755384
2 0.37061769616026713 0.6669835234474017 0.03672787979966611 0.012040557667934094
2 0.41068447412353926 0.6197718631178707 0.03005008347245409 0.011406844106463877
2 0.3948247078464107 0.5890367553865652 0.03171953255425709 0.010773130544993662
2 0.9682804674457429 0.6321292775665399 0.0333889816360601 0.014575411913814954
2 0.9006677796327213 0.6185044359949302 0.045075125208681135 0.01520912547528517
2 0.8973288814691153 0.7351077313054499 0.045075125208681135 0.019011406844106463
2 0.8631051752921536 0.776615969581749 0.05008347245409015 0.01964512040557668
2 0.7520868113522537 0.7804182509505703 0.041736227045075125 0.017110266159695818
2 0.5759599332220368 0.7762991128010139 0.03672787979966611 0.017743979721166033
2 0.4582637729549249 0.7810519645120405 0.03171953255425709 0.014575411913814954
2 0.47662771285475797 0.7728136882129277 0.038397328881469114 0.014575411913814954
2 0.4490818030050084 0.7515842839036755 0.02671118530884808 0.011406844106463877
2 0.36894824707846413 0.7877059569074778 0.04674457429048414 0.024081115335868188
2 0.3647746243739566 0.8083016476552598 0.018363939899833055 0.0082382762991128
2 0.41151919866444076 0.8013307984790874 0.03171953255425709 0.009505703422053232
2 0.4048414023372287 0.782636248415716 0.025041736227045076 0.021546261089987324
2 0.4265442404006678 0.8311153358681875 0.041736227045075125 0.015842839036755384
2 0.4599332220367279 0.8260456273764258 0.025041736227045076 0.015842839036755384
2 0.4908180300500835 0.8260456273764258 0.04340567612687813 0.02217997465145754
2 0.5450751252086812 0.8010139416983523 0.03171953255425709 0.01520912547528517
2 0.7754590984974958 0.8133713561470215 0.06176961602671119 0.02091254752851711
2 0.8330550918196995 0.8165399239543726 0.04674457429048414 0.015842839036755384
2 0.8989983305509183 0.8114702154626109 0.038397328881469114 0.0082382762991128
2 0.9090150250417363 0.8225602027883396 0.045075125208681135 0.012674271229404309
2 0.9223706176961602 0.8346007604562737 0.045075125208681135 0.011406844106463877
2 0.9315525876460768 0.8434727503168568 0.05008347245409015 0.010139416983523447
2 0.9373956594323873 0.8510773130544993 0.035058430717863104 0.008871989860583017
2 0.6160267111853088 0.7157794676806083 0.03672787979966611 0.009505703422053232
2 0.7278797996661102 0.8377693282636248 0.05008347245409015 0.01520912547528517
2 0.6761268781302171 0.8574144486692015 0.05342237061769616 0.01520912547528517
2 0.9273789649415694 0.8719898605830164 0.035058430717863104 0.01520912547528517
2 0.9632721202003339 0.8612167300380228 0.04674457429048414 0.019011406844106463
2 0.8722871452420702 0.8932192648922687 0.05175292153589316 0.02091254752851711
2 0.5267111853088481 0.8789607097591888 0.028380634390651086 0.013941698352344739
2 0.2629382303839733 0.8637515842839036 0.05175292153589316 0.019011406844106463
2 0.31969949916527546 0.856147021546261 0.025041736227045076 0.0164765525982256
2 0.20784641068447413 0.8425221799746514 0.035058430717863104 0.014575411913814954
2 0.19616026711185308 0.8273130544993662 0.028380634390651086 0.009505703422053232
2 0.13939899833055092 0.8044993662864385 0.025041736227045076 0.009505703422053232
2 0.18196994991652754 0.8013307984790874 0.05008347245409015 0.015842839036755384
2 0.1310517529215359 0.8295310519645119 0.05509181969949917 0.020278833967046894
2 0.06093489148580968 0.8390367553865652 0.045075125208681135 0.01520912547528517
2 0.03171953255425709 0.9211026615969581 0.02671118530884808 0.014575411913814954
2 0.15358931552587646 0.906210392902408 0.04674457429048414 0.017743979721166033
2 0.02671118530884808 0.965145754119138 0.04674457429048414 0.025348542458808618
2 0.02587646076794658 0.9854245880861849 0.025041736227045076 0.010139416983523447
2 0.08764607679465776 0.9467680608365019 0.05175292153589316 0.019011406844106463
2 0.1302170283806344 0.935678073510773 0.0333889816360601 0.014575411913814954
2 0.1669449081803005 0.9280735107731305 0.02671118530884808 0.013307984790874524
2 0.2270450751252087 0.923954372623574 0.04674457429048414 0.0164765525982256
2 0.335559265442404 0.9125475285171102 0.05008347245409015 0.017743979721166033
2 0.38564273789649417 0.9093789607097591 0.04006677796327212 0.0164765525982256
2 0.43989983305509184 0.9236375158428389 0.048414023372287146 0.01964512040557668
2 0.5283806343906511 0.9489860583016476 0.048414023372287146 0.02217997465145754
2 0.5550918196994992 0.9280735107731305 0.021702838063439065 0.009505703422053232
2 0.6636060100166945 0.9363117870722433 0.05843071786310518 0.01964512040557668
2 0.7220367278797997 0.9420152091254752 0.05175292153589316 0.018377693282636248
2 0.7754590984974958 0.932509505703422 0.028380634390651086 0.014575411913814954
2 0.7971619365609349 0.935678073510773 0.011686143572621035 0.0082382762991128
2 0.815525876460768 0.9081115335868187 0.05509181969949917 0.021546261089987324
2 0.8313856427378965 0.9423320659062103 0.06343906510851419 0.022813688212927754
2 0.8055091819699499 0.9584917617237009 0.045075125208681135 0.014575411913814954
2 0.8864774624373957 0.9280735107731305 0.04006677796327212 0.015842839036755384
2 0.9340567612687813 0.9274397972116603 0.038397328881469114 0.018377693282636248
2 0.9749582637729549 0.9261723700887199 0.0333889816360601 0.017110266159695818
2 0.8964941569282138 0.9534220532319391 0.0333889816360601 0.010773130544993662
2 0.9398998330550918 0.9458174904942965 0.0333889816360601 0.017110266159695818
2 0.5434056761268782 0.9695817490494296 0.021702838063439065 0.012674271229404309
2 0.35058430717863104 0.9607097591888466 0.05342237061769616 0.019011406844106463
2 0.34808013355592654 0.9832065906210392 0.05175292153589316 0.02344740177439797
2 0.27629382303839733 0.9873257287705957 0.041736227045075125 0.017743979721166033
2 0.2971619365609349 0.9705323193916349 0.05008347245409015 0.012040557667934094
2 0.21953255425709517 0.9575411913814955 0.035058430717863104 0.011406844106463877
2 0.24958263772954925 0.9638783269961977 0.038397328881469114 0.0164765525982256
2 0.3063439065108514 0.9435994930291508 0.048414023372287146 0.021546261089987324
2 0.3539232053422371 0.9353612167300379 0.04006677796327212 0.020278833967046894
2 0.8739565943238732 0.7053231939163498 0.021702838063439065 0.017743979721166033
2 0.9207011686143572 0.6574778200253485 0.021702838063439065 0.0069708491761723695
2 0.09098497495826377 0.48954372623574144 0.038397328881469114 0.015842839036755384
2 0.6043405676126878 0.44581749049429653 0.03005008347245409 0.012040557667934094
2 0.23956594323873123 0.4565906210392902 0.05175292153589316 0.018377693282636248
2 0.21285475792988315 0.43092522179974646 0.045075125208681135 0.019011406844106463
2 0.2604340567612688 0.42553865652724965 0.04340567612687813 0.017110266159695818
2 0.3280467445742905 0.4369455006337135 0.038397328881469114 0.012040557667934094
2 0.32387312186978295 0.4518377693282636 0.04340567612687813 0.0164765525982256
2 0.1285475792988314 0.40082382762991126 0.04006677796327212 0.014575411913814954
2 0.817195325542571 0.33935361216730037 0.041736227045075125 0.015842839036755384
2 0.6978297161936561 0.3374524714828897 0.03672787979966611 0.010773130544993662
2 0.24958263772954925 0.036438529784537384 0.038397328881469114 0.015842839036755384
2 0.2913188647746244 0.12008871989860583 0.015025041736227046 0.009505703422053232
2 0.18280467445742907 0.16223067173637515 0.035058430717863104 0.011406844106463877
2 0.5651085141903172 0.030101394169835233 0.041736227045075125 0.012040557667934094
2 0.9424040066777963 0.33143219264892265 0.028380634390651086 0.01520912547528517
2 0.8722871452420702 0.2842205323193916 0.035058430717863104 0.013307984790874524
2 0.44073455759599334 0.323510773130545 0.02671118530884808 0.0069708491761723695
2 0.40818030050083476 0.3171736375158428 0.021702838063439065 0.009505703422053232
2 0.34223706176961605 0.3276299112801014 0.02003338898163606 0.010139416983523447
2 0.6936560934891486 0.6482889733840304 0.038397328881469114 0.012674271229404309
2 0.5342237061769616 0.6584283903675539 0.02337228714524207 0.007604562737642585
2 0.8639398998330551 0.9933460076045627 0.038397328881469114 0.010773130544993662
2 0.5509181969949917 0.6444866920152091 0.04340567612687813 0.011406844106463877
2 0.014190317195325543 0.31844106463878324 0.025041736227045076 0.02344740177439797
2 0.015025041736227046 0.579531051964512 0.02671118530884808 0.01964512040557668
2 0.9841402337228715 0.7103929024081115 0.03171953255425709 0.017743979721166033
2 0.981636060100167 0.7699619771863118 0.03672787979966611 0.017743979721166033
