2 0.0858433734939759 0.039048200122025624 0.04819277108433735 0.013422818791946308
2 0.14006024096385544 0.06070774862721171 0.045180722891566265 0.020134228187919462
2 0.24623493975903615 0.04636973764490543 0.04066265060240964 0.01586333129957291
2 0.3170180722891566 0.0363026235509457 0.043674698795180725 0.022574740695546065
2 0.39006024096385544 0.03050640634533252 0.045180722891566265 0.01586333129957291
2 0.5158132530120482 0.06406345332519829 0.03765060240963856 0.01708358755338621
2 0.6340361445783133 0.07352043929225137 0.045180722891566265 0.018913971934106162
2 0.723644578313253 0.04423428920073215 0.04668674698795181 0.017693715680292862
2 0.9329819277108434 0.017693715680292862 0.06174698795180723 0.019524100061012812
2 0.8734939759036146 0.05186089078706528 0.042168674698795185 0.018303843807199512
2 0.8125 0.04758999389871873 0.028614457831325303 0.010982306284319707
2 0.8373493975903615 0.06589383770591824 0.03614457831325302 0.01708358755338621
2 0.8712349397590362 0.07901159243441122 0.043674698795180725 0.020134228187919462
2 0.9118975903614458 0.07291031116534472 0.03162650602409639 0.01525320317266626
2 0.9420180722891567 0.075045759609518 0.03162650602409639 0.01708358755338621
2 0.809487951807229 0.09426479560707748 0.03765060240963856 0.02135448444173276
2 0.8855421686746988 0.09792556436851739 0.03614457831325302 0.01525320317266626
2 0.8561746987951808 0.1089078706528371 0.03463855421686747 0.012812690665039659
2 0.9375 0.09609517998779743 0.03162650602409639 0.018913971934106162
2 0.9811746987951808 0.1089078706528371 0.028614457831325303 0.012812690665039659
2 0.9269578313253013 0.13300793166564978 0.04969879518072289 0.023184868822452714
2 0.8140060240963856 0.12202562538133008 0.03162650602409639 0.01464307504575961
2 0.8697289156626506 0.15375228798047588 0.04969879518072289 0.023184868822452714
2 0.7379518072289157 0.12782184258694326 0.045180722891566265 0.018913971934106162
2 0.6641566265060241 0.14002440512507627 0.042168674698795185 0.01647345942647956
2 0.6137048192771085 0.1549725442342892 0.04066265060240964 0.01708358755338621
2 0.5451807228915663 0.1259914582062233 0.04819277108433735 0.017693715680292862
2 0.5542168674698795 0.1455155582672361 0.045180722891566265 0.017693715680292862
2 0.4246987951807229 0.09090909090909091 0.030120481927710843 0.01708358755338621
2 0.38403614457831325 0.0701647345942648 0.03313253012048193 0.01708358755338621
2 0.3170180722891566 0.087248322147651 0.03463855421686747 0.01464307504575961
2 0.35918674698795183 0.11348383160463697 0.028614457831325303 0.012202562538133007
2 0.3253012048192771 0.12385600976205002 0.03614457831325302 0.02074435631482611
2 0.3493975903614458 0.1406345332519829 0.03313253012048193 0.014032946918852958
2 0.292921686746988 0.13880414887126297 0.04066265060240964 0.01525320317266626
2 0.2507530120481928 0.12446613788895668 0.055722891566265066 0.021964612568639415
2 0.27033132530120485 0.10067114093959731 0.04969879518072289 0.021964612568639415
2 0.266566265060241 0.06528370957901158 0.03614457831325302 0.01586333129957291
2 0.2191265060240964 0.08297742525930445 0.01957831325301205 0.01586333129957291
2 0.16867469879518074 0.0860280658938377 0.0391566265060241 0.01464307504575961
2 0.15135542168674698 0.10921293471629041 0.04066265060240964 0.012202562538133007
2 0.060240963855421686 0.12172056131787674 0.0391566265060241 0.017693715680292862
2 0.16566265060240964 0.12324588163514337 0.04819277108433735 0.01708358755338621
2 0.09186746987951808 0.14856619890176936 0.045180722891566265 0.020134228187919462
2 0.1460843373493976 0.16625991458206224 0.0391566265060241 0.01647345942647956
2 0.27033132530120485 0.17358145210494202 0.055722891566265066 0.023794996949359364
2 0.30948795180722893 0.18547895057962172 0.02560240963855422 0.012202562538133007
2 0.348644578313253 0.18944478340451495 0.03765060240963856 0.018913971934106162
2 0.38930722891566266 0.16870042708968883 0.03463855421686747 0.014032946918852958
2 0.4171686746987952 0.2010372178157413 0.02710843373493976 0.010372178157413056
2 0.4856927710843374 0.1781574130567419 0.03765060240963856 0.01464307504575961
2 0.5933734939759037 0.18181818181818182 0.0391566265060241 0.02074435631482611
2 0.6332831325301205 0.20896888346552775 0.03463855421686747 0.012812690665039659
2 0.7033132530120483 0.18852959121415497 0.04819277108433735 0.01586333129957291
2 0.7266566265060241 0.1769371568029286 0.02560240963855422 0.01464307504575961
2 0.759789156626506 0.1696156192800488 0.04668674698795181 0.021964612568639415
2 0.8034638554216867 0.16503965832824893 0.03162650602409639 0.011592434411226357
2 0.819277108433735 0.17724222086638194 0.02710843373493976 0.010372178157413056
2 0.795933734939759 0.1863941427699817 0.022590361445783132 0.010372178157413056
2 0.8772590361445783 0.19158023184868822 0.04969879518072289 0.018303843807199512
2 0.9390060240963856 0.17510677242220865 0.043674698795180725 0.01708358755338621
2 0.8840361445783133 0.16748017083587552 0.02710843373493976 0.010372178157413056
2 0.9103915662650602 0.20866381940207443 0.03162650602409639 0.01464307504575961
2 0.8493975903614458 0.2083587553386211 0.042168674698795185 0.023794996949359364
2 0.8403614457831325 0.23215375228798046 0.0391566265060241 0.02135448444173276
2 0.759789156626506 0.20622330689444782 0.04066265060240964 0.013422818791946308
2 0.5030120481927711 0.2156802928615009 0.042168674698795185 0.014032946918852958
2 0.4487951807228916 0.22056131787675412 0.05120481927710844 0.018913971934106162
2 0.48268072289156627 0.23733984136668698 0.03463855421686747 0.019524100061012812
2 0.41566265060240964 0.23428920073215376 0.045180722891566265 0.01464307504575961
2 0.40060240963855426 0.25381330079316655 0.045180722891566265 0.018303843807199512
2 0.2740963855421687 0.21476510067114093 0.04819277108433735 0.019524100061012812
2 0.28237951807228917 0.23215375228798046 0.022590361445783132 0.011592434411226357
2 0.19954819277108435 0.199816961561928 0.05271084337349398 0.018913971934106162
2 0.11746987951807229 0.19920683343502135 0.0391566265060241 0.012812690665039659
2 0.07454819277108433 0.19432580841976815 0.04969879518072289 0.01647345942647956
2 0.030873493975903617 0.2010372178157413 0.022590361445783132 0.01525320317266626
2 0.08810240963855422 0.18059792556436852 0.03765060240963856 0.012202562538133007
2 0.12951807228915663 0.2178157413056742 0.05120481927710844 0.019524100061012812
2 0.10843373493975904 0.2339841366687004 0.03313253012048193 0.01525320317266626
2 0.16716867469879518 0.225137278828554 0.03614457831325302 0.012202562538133007
2 0.1566265060240964 0.23459426479560708 0.03614457831325302 0.012812690665039659
2 0.3207831325301205 0.28523489932885904 0.03313253012048193 0.012812690665039659
2 0.32228915662650603 0.2727272727272727 0.03614457831325302 0.012202562538133007
2 0.2846385542168675 0.26723611958511284 0.042168674698795185 0.018303843807199512
2 0.24322289156626506 0.27211714460036607 0.028614457831325303 0.010982306284319707
2 0.16641566265060243 0.27394752898108604 0.043674698795180725 0.01586333129957291
2 0.1438253012048193 0.25503355704697983 0.04066265060240964 0.02074435631482611
2 0.17545180722891568 0.24954240390482 0.022590361445783132 0.01586333129957291
2 0.22590361445783133 0.24618669920683342 0.04819277108433735 0.017693715680292862
2 0.19954819277108435 0.25838926174496646 0.022590361445783132 0.010372178157413056
2 0.10391566265060241 0.2519829164124466 0.03614457831325302 0.010982306284319707
2 0.10542168674698796 0.2669310555216595 0.02710843373493976 0.017693715680292862
2 0.048945783132530125 0.26937156802928613 0.04668674698795181 0.022574740695546065
2 0.09713855421686747 0.2907260524710189 0.03765060240963856 0.017693715680292862
2 0.1460843373493976 0.3090298962782184 0.03313253012048193 0.014032946918852958
2 0.27259036144578314 0.29164124466137886 0.0391566265060241 0.012202562538133007
2 0.18298192771084337 0.3325198291641245 0.03162650602409639 0.012202562538133007
2 0.20783132530120482 0.32275777913361803 0.024096385542168676 0.013422818791946308
2 0.24322289156626506 0.3145210494203783 0.06174698795180723 0.020134228187919462
2 0.3057228915662651 0.3319097010372178 0.042168674698795185 0.01586333129957291
2 0.34036144578313254 0.3062843197071385 0.03614457831325302 0.018303843807199512
2 0.2748493975903615 0.3261134838316046 0.022590361445783132 0.006711409395973154
2 0.6009036144578314 0.2702867602196461 0.0391566265060241 0.018303843807199512
2 0.6731927710843374 0.2687614399023795 0.03313253012048193 0.017693715680292862
2 0.7100903614457832 0.2782184258694326 0.05271084337349398 0.02074435631482611
2 0.7289156626506025 0.2940817571690055 0.03313253012048193 0.013422818791946308
2 0.7628012048192772 0.2843197071384991 0.04066265060240964 0.018303843807199512
2 0.8411144578313253 0.29377669310555216 0.043674698795180725 0.018913971934106162
2 0.9073795180722892 0.2705918242830994 0.043674698795180725 0.017693715680292862
2 0.875 0.3047589993898719 0.030120481927710843 0.012812690665039659
2 0.9126506024096386 0.3053691275167785 0.0391566265060241 0.01647345942647956
2 0.8810240963855422 0.28645515558267237 0.02710843373493976 0.01647345942647956
2 0.9487951807228916 0.31208053691275167 0.0391566265060241 0.018913971934106162
2 0.9540662650602411 0.29621720561317877 0.043674698795180725 0.01647345942647956
2 0.9563253012048193 0.2766931055521659 0.04819277108433735 0.01647345942647956
2 0.7808734939759037 0.32123245881635143 0.03765060240963856 0.017693715680292862
2 0.8320783132530121 0.3258084197681513 0.022590361445783132 0.010982306284319707
2 0.8975903614457832 0.32733374008541793 0.03313253012048193 0.01525320317266626
2 0.9743975903614458 0.3404514948139109 0.030120481927710843 0.013422818791946308
2 0.9329819277108434 0.3587553386211104 0.03162650602409639 0.01586333129957291
2 0.8433734939759037 0.3438071995118975 0.05421686746987952 0.020134228187919462
2 0.7326807228915663 0.3450274557657108 0.02560240963855422 0.009151921903599756
2 0.7341867469879518 0.32519829164124464 0.022590361445783132 0.01586333129957291
2 0.6490963855421688 0.3535692495424039 0.042168674698795185 0.017693715680292862
2 0.5865963855421688 0.3197071384990848 0.03463855421686747 0.021964612568639415
2 0.8177710843373495 0.36150091519219035 0.02710843373493976 0.010372178157413056
2 0.8463855421686748 0.3596705308114704 0.02710843373493976 0.014032946918852958
2 0.8531626506024097 0.37156802928615007 0.02560240963855422 0.012202562538133007
2 0.8893072289156627 0.37431360585723 0.043674698795180725 0.020134228187919462
2 0.9322289156626506 0.3862111043319097 0.024096385542168676 0.01464307504575961
2 0.9329819277108434 0.3703477730323368 0.03162650602409639 0.007321537522879805
2 0.8426204819277109 0.388346552776083 0.028614457831325303 0.012812690665039659
2 0.8765060240963856 0.399633923123856 0.02710843373493976 0.018303843807199512
2 0.9156626506024097 0.3944478340451495 0.030120481927710843 0.014032946918852958
2 0.7439759036144579 0.400549115314216 0.05421686746987952 0.020134228187919462
2 0.8049698795180723 0.41915802318486883 0.03765060240963856 0.01708358755338621
2 0.8365963855421688 0.4106162294081757 0.03463855421686747 0.012202562538133007
2 0.7266566265060241 0.4276998169615619 0.03765060240963856 0.01586333129957291
2 0.7356927710843374 0.41366687004270897 0.04969879518072289 0.012202562538133007
2 0.6656626506024097 0.438071995118975 0.030120481927710843 0.018303843807199512
2 0.6204819277108434 0.4261744966442953 0.04819277108433735 0.018913971934106162
2 0.585843373493976 0.39139719341061624 0.045180722891566265 0.017693715680292862
2 0.5579819277108434 0.3694325808419768 0.03765060240963856 0.01647345942647956
2 0.5082831325301205 0.37736424649176326 0.03162650602409639 0.012812690665039659
2 0.5060240963855422 0.3642464917632703 0.02710843373493976 0.010982306284319707
2 0.4661144578313253 0.3605857230018304 0.04066265060240964 0.021964612568639415
2 0.4254518072289157 0.37431360585723 0.04066265060240964 0.01647345942647956
2 0.36897590361445787 0.3694325808419768 0.0391566265060241 0.01647345942647956
2 0.3260542168674699 0.3788895668090299 0.055722891566265066 0.02074435631482611
2 0.21009036144578314 0.3721781574130567 0.05271084337349398 0.018303843807199512
2 0.23644578313253015 0.3538743136058572 0.042168674698795185 0.018303843807199512
2 0.1430722891566265 0.3599755948749237 0.042168674698795185 0.01586333129957291
2 0.1799698795180723 0.349908480780964 0.04668674698795181 0.022574740695546065
2 0.04668674698795181 0.33740085417937765 0.03614457831325302 0.019524100061012812
2 0.05421686746987952 0.30780964002440514 0.0391566265060241 0.010372178157413056
2 0.12575301204819278 0.33496034167175104 0.022590361445783132 0.010982306284319707
2 0.02560240963855422 0.3837705918242831 0.042168674698795185 0.024405125076266014
2 0.055722891566265066 0.398718730933496 0.0391566265060241 0.011592434411226357
2 0.10768072289156627 0.38102501525320315 0.04668674698795181 0.01525320317266626
2 0.0655120481927711 0.3782794386821232 0.02560240963855422 0.01586333129957291
2 0.10542168674698796 0.41244661378889563 0.04819277108433735 0.018303843807199512
2 0.15060240963855423 0.4008541793776693 0.042168674698795185 0.01708358755338621
2 0.1438253012048193 0.41519219035997557 0.028614457831325303 0.012812690665039659
2 0.18674698795180725 0.40909090909090906 0.045180722891566265 0.018913971934106162
2 0.23343373493975905 0.3984136668700427 0.03614457831325302 0.013422818791946308
2 0.24924698795180725 0.41519219035997557 0.03765060240963856 0.011592434411226357
2 0.3305722891566265 0.40482001220256253 0.043674698795180725 0.017693715680292862
2 0.36445783132530124 0.41366687004270897 0.042168674698795185 0.01586333129957291
2 0.30647590361445787 0.4273947528981086 0.03765060240963856 0.01647345942647956
2 0.33207831325301207 0.41915802318486883 0.01957831325301205 0.010982306284319707
2 0.3441265060240964 0.4280048810250152 0.01957831325301205 0.012812690665039659
2 0.3667168674698795 0.4313605857230018 0.02560240963855422 0.01464307504575961
2 0.391566265060241 0.4298352654057352 0.021084337349397592 0.01525320317266626
2 0.4375 0.40909090909090906 0.03463855421686747 0.018913971934106162
2 0.38253012048192775 0.39505796217205613 0.030120481927710843 0.014032946918852958
2 0.5587349397590362 0.45881635143380106 0.045180722891566265 0.01586333129957291
2 0.5128012048192772 0.4795607077486272 0.04969879518072289 0.018303843807199512
2 0.5933734939759037 0.4905430140329469 0.042168674698795185 0.01586333129957291
2 0.6995481927710844 0.4575960951799878 0.043674698795180725 0.018303843807199512
2 0.8019578313253013 0.43898718730933495 0.03765060240963856 0.018913971934106162
2 0.8509036144578314 0.44478340451494813 0.0391566265060241 0.012202562538133007
2 0.9585843373493976 0.4322757779133618 0.04969879518072289 0.020134228187919462
2 0.8938253012048193 0.41305674191580233 0.03765060240963856 0.012202562538133007
2 0.934487951807229 0.4591214154972544 0.04668674698795181 0.018913971934106162
2 0.9623493975903615 0.449359365466748 0.03614457831325302 0.012812690665039659
2 0.8870481927710844 0.4783404514948139 0.0391566265060241 0.018303843807199512
2 0.9503012048192772 0.48871262965222695 0.03313253012048193 0.013422818791946308
2 0.9337349397590362 0.5015253203172666 0.045180722891566265 0.01586333129957291
2 0.8840361445783133 0.5088468578401464 0.042168674698795185 0.01586333129957291
2 0.8268072289156627 0.4820012202562538 0.045180722891566265 0.013422818791946308
2 0.8057228915662651 0.4902379499694936 0.04819277108433735 0.011592434411226357
2 0.756777108433735 0.49633923123856005 0.04969879518072289 0.026235509456985967
2 0.7153614457831325 0.4920683343502135 0.030120481927710843 0.01525320317266626
2 0.704066265060241 0.47681513117754726 0.02560240963855422 0.01525320317266626
2 0.7048192771084337 0.5064063453325198 0.03614457831325302 0.01464307504575961
2 0.694277108433735 0.5201342281879194 0.030120481927710843 0.012812690665039659
2 0.7424698795180723 0.5305064063453325 0.03614457831325302 0.014032946918852958
2 0.7936746987951807 0.5408785845027455 0.04819277108433735 0.01647345942647956
2 0.8215361445783133 0.5198291641244661 0.04066265060240964 0.013422818791946308
2 0.8968373493975904 0.5369127516778524 0.043674698795180725 0.02074435631482611
2 0.9555722891566265 0.5268456375838926 0.04668674698795181 0.017693715680292862
2 0.9329819277108434 0.5381330079316656 0.022590361445783132 0.01708358755338621
2 0.8629518072289157 0.5552165954850519 0.03313253012048193 0.013422818791946308
2 0.9126506024096386 0.5555216595485052 0.05120481927710844 0.020134228187919462
2 0.9623493975903615 0.5622330689444783 0.0391566265060241 0.014032946918852958
2 0.6626506024096386 0.5268456375838926 0.045180722891566265 0.01525320317266626
2 0.6174698795180723 0.5164734594264795 0.021084337349397592 0.012812690665039659
2 0.6829819277108434 0.5408785845027455 0.03765060240963856 0.010372178157413056
2 0.6265060240963856 0.5329469188529591 0.03313253012048193 0.009151921903599756
2 0.559487951807229 0.5030506406345332 0.04668674698795181 0.02135448444173276
2 0.5203313253012049 0.5195241000610128 0.043674698795180725 0.017693715680292862
2 0.4548192771084338 0.5317266625991458 0.030120481927710843 0.014032946918852958
2 0.48117469879518077 0.4938987187309335 0.043674698795180725 0.01525320317266626
2 0.46460843373493976 0.4710189139719341 0.03765060240963856 0.012202562538133007
2 0.40210843373493976 0.47315436241610737 0.042168674698795185 0.01525320317266626
2 0.41490963855421686 0.4975594874923734 0.03765060240963856 0.01525320317266626
2 0.34487951807228917 0.5085417937766931 0.04819277108433735 0.017693715680292862
2 0.3207831325301205 0.46308724832214765 0.04819277108433735 0.01708358755338621
2 0.2635542168674699 0.44478340451494813 0.042168674698795185 0.01708358755338621
2 0.23042168674698796 0.4356314826113484 0.030120481927710843 0.012202562538133007
2 0.21234939759036145 0.424039048200122 0.060240963855421686 0.01464307504575961
2 0.1897590361445783 0.4347162904209884 0.03614457831325302 0.014032946918852958
2 0.13930722891566266 0.42830994508846854 0.043674698795180725 0.012202562538133007
2 0.10316265060240964 0.4298352654057352 0.028614457831325303 0.014032946918852958
2 0.07003012048192772 0.42678462477120194 0.03463855421686747 0.01525320317266626
2 0.0391566265060241 0.43502135448444174 0.02710843373493976 0.01586333129957291
2 0.0858433734939759 0.44264795607077484 0.03614457831325302 0.01647345942647956
2 0.14156626506024098 0.44478340451494813 0.045180722891566265 0.012202562538133007
2 0.07981927710843374 0.4557657107992678 0.03313253012048193 0.01464307504575961
2 0.10843373493975904 0.4575960951799878 0.03313253012048193 0.01586333129957291
2 0.043674698795180725 0.4725442342892007 0.03313253012048193 0.017693715680292862
2 0.0858433734939759 0.48078096400244047 0.04819277108433735 0.024405125076266014
2 0.15060240963855423 0.4740695546064673 0.02710843373493976 0.013422818791946308
2 0.16566265060240964 0.461561928004881 0.045180722891566265 0.020134228187919462
2 0.22289156626506026 0.4661378889566809 0.05421686746987952 0.02074435631482611
2 0.27108433734939763 0.4762050030506406 0.045180722891566265 0.02135448444173276
2 0.19804216867469882 0.4975594874923734 0.055722891566265066 0.020134228187919462
2 0.21611445783132532 0.4823062843197071 0.043674698795180725 0.014032946918852958
2 0.18825301204819278 0.4758999389871873 0.03614457831325302 0.010982306284319707
2 0.2816265060240964 0.4993898718730933 0.04819277108433735 0.017693715680292862
2 0.06174698795180723 0.5076266015863331 0.0391566265060241 0.023184868822452714
2 0.13855421686746988 0.5167785234899329 0.04819277108433735 0.021964612568639415
2 0.09111445783132531 0.5259304453935326 0.058734939759036146 0.013422818791946308
2 0.13629518072289157 0.536607687614399 0.03765060240963856 0.017693715680292862
2 0.18147590361445784 0.5201342281879194 0.028614457831325303 0.014032946918852958
2 0.2191265060240964 0.5320317266625991 0.04668674698795181 0.021964612568639415
2 0.27183734939759036 0.5247101891397193 0.03463855421686747 0.018303843807199512
2 0.401355421686747 0.5430140329469189 0.04066265060240964 0.01708358755338621
2 0.028614457831325303 0.5454545454545454 0.01807228915662651 0.01464307504575961
2 0.05496987951807229 0.5482001220256254 0.03463855421686747 0.01525320317266626
2 0.09337349397590362 0.5564368517388651 0.04819277108433735 0.019524100061012812
2 0.13780120481927713 0.5576571079926784 0.03162650602409639 0.01586333129957291
2 0.19879518072289157 0.5561317876754118 0.03313253012048193 0.022574740695546065
2 0.24698795180722893 0.5546064673581452 0.03614457831325302 0.019524100061012812
2 0.28313253012048195 0.5631482611348383 0.0391566265060241 0.019524100061012812
2 0.32228915662650603 0.5726052471018914 0.04819277108433735 0.017693715680292862
2 0.37198795180722893 0.561928004881025 0.042168674698795185 0.01708358755338621
2 0.4405120481927711 0.583587553386211 0.043674698795180725 0.017693715680292862
2 0.5542168674698795 0.5924344112263575 0.04819277108433735 0.019524100061012812
2 0.4954819277108434 0.6058572300183038 0.0391566265060241 0.012202562538133007
2 0.6573795180722892 0.5857230018303844 0.04066265060240964 0.01586333129957291
2 0.7387048192771085 0.562843197071385 0.028614457831325303 0.017693715680292862
2 0.8004518072289157 0.5686394142769982 0.04066265060240964 0.01464307504575961
2 0.8411144578313253 0.5826723611958511 0.04969879518072289 0.019524100061012812
2 0.8990963855421688 0.5732153752287981 0.05120481927710844 0.01525320317266626
2 0.9555722891566265 0.5960951799877974 0.05271084337349398 0.018303843807199512
2 0.8697289156626506 0.5948749237339841 0.028614457831325303 0.012202562538133007
2 0.8968373493975904 0.5915192190359976 0.03765060240963856 0.014032946918852958
2 0.8079819277108434 0.5921293471629042 0.028614457831325303 0.012812690665039659
2 0.8840361445783133 0.6098230628431971 0.05120481927710844 0.014032946918852958
2 0.8772590361445783 0.6226357535082367 0.03463855421686747 0.014032946918852958
2 0.6987951807228916 0.6171446003660769 0.04819277108433735 0.01525320317266626
2 0.7243975903614458 0.6336180597925564 0.0391566265060241 0.011592434411226357
2 0.783132530120482 0.6305674191580232 0.024096385542168676 0.009151921903599756
2 0.838855421686747 0.6287370347773032 0.03614457831325302 0.012812690665039659
2 0.8426204819277109 0.6381940207443563 0.01957831325301205 0.008541793776693105
2 0.983433734939759 0.6363636363636364 0.030120481927710843 0.01586333129957291
2 0.9819277108433735 0.6507016473459426 0.03614457831325302 0.014032946918852958
2 0.9510542168674699 0.670835875533862 0.03162650602409639 0.012812690665039659
2 0.9405120481927711 0.6534472239170226 0.04668674698795181 0.01586333129957291
2 0.9314759036144579 0.6336180597925564 0.03463855421686747 0.014032946918852958
2 0.8900602409638555 0.6384990848078096 0.0391566265060241 0.01647345942647956
2 0.848644578313253 0.6522269676632092 0.05271084337349398 0.019524100061012812
2 0.8825301204819278 0.6659548505186089 0.024096385542168676 0.014032946918852958
2 0.8539156626506025 0.6702257474069554 0.030120481927710843 0.012812690665039659
2 0.8268072289156627 0.6741915802318487 0.05120481927710844 0.018303843807199512
2 0.7221385542168675 0.6516168395363026 0.028614457831325303 0.012202562538133007
2 0.7612951807228916 0.6516168395363026 0.043674698795180725 0.018303843807199512
2 0.7951807228915663 0.6531421598535693 0.03614457831325302 0.02135448444173276
2 0.48945783132530124 0.6296522269676632 0.03614457831325302 0.01464307504575961
2 0.411144578313253 0.6122635753508237 0.03614457831325302 0.014032946918852958
2 0.3539156626506024 0.6079926784624771 0.0391566265060241 0.01525320317266626
2 0.2733433734939759 0.6086028065893837 0.04668674698795181 0.020134228187919462
2 0.2243975903614458 0.612568639414277 0.05120481927710844 0.01586333129957291
2 0.1905120481927711 0.6009762050030506 0.043674698795180725 0.01708358755338621
2 0.21686746987951808 0.5906040268456375 0.042168674698795185 0.01464307504575961
2 0.18599397590361447 0.5762660158633313 0.04969879518072289 0.018913971934106162
2 0.14759036144578314 0.5802318486882245 0.030120481927710843 0.010982306284319707
2 0.09412650602409639 0.5875533862111043 0.03162650602409639 0.012202562538133007
2 0.10768072289156627 0.5808419768151312 0.03463855421686747 0.010982306284319707
2 0.0783132530120482 0.5707748627211714 0.030120481927710843 0.011592434411226357
2 0.030873493975903617 0.5643685173886516 0.02560240963855422 0.012202562538133007
2 0.05271084337349398 0.5784014643075046 0.030120481927710843 0.012202562538133007
2 0.027861445783132533 0.5829774252593044 0.03463855421686747 0.012812690665039659
2 0.01355421686746988 0.5942647956070775 0.024096385542168676 0.01586333129957291
2 0.05647590361445783 0.6037217815741306 0.03765060240963856 0.011592434411226357
2 0.021837349397590362 0.6168395363026236 0.03765060240963856 0.013422818791946308
2 0.04969879518072289 0.6403294691885296 0.057228915662650606 0.022574740695546065
2 0.10391566265060241 0.6439902379499695 0.04819277108433735 0.018913971934106162
2 0.08734939759036145 0.6122635753508237 0.030120481927710843 0.011592434411226357
2 0.15060240963855423 0.6384990848078096 0.02710843373493976 0.014032946918852958
2 0.22590361445783133 0.6430750457596095 0.042168674698795185 0.01708358755338621
2 0.24472891566265062 0.6320927394752898 0.03765060240963856 0.01708358755338621
2 0.2876506024096386 0.6357535082367297 0.045180722891566265 0.019524100061012812
2 0.31927710843373497 0.6201952410006101 0.0391566265060241 0.01525320317266626
2 0.3230421686746988 0.6455155582672361 0.03162650602409639 0.012202562538133007
2 0.29593373493975905 0.6589383770591825 0.03162650602409639 0.019524100061012812
2 0.27033132530120485 0.6549725442342892 0.03463855421686747 0.011592434411226357
2 0.44578313253012053 0.6659548505186089 0.03614457831325302 0.017693715680292862
2 0.6332831325301205 0.6543624161073825 0.03162650602409639 0.01525320317266626
2 0.6935240963855422 0.6763270286760219 0.05271084337349398 0.01647345942647956
2 0.6950301204819277 0.6897498474679683 0.04969879518072289 0.014032946918852958
2 0.7665662650602411 0.6726662599145821 0.060240963855421686 0.011592434411226357
2 0.746987951807229 0.6818181818181818 0.024096385542168676 0.010372178157413056
2 0.7771084337349398 0.6888346552776082 0.024096385542168676 0.01586333129957291
2 0.8185240963855422 0.6955460646735814 0.04969879518072289 0.018303843807199512
2 0.8682228915662651 0.6949359365466747 0.04969879518072289 0.019524100061012812
2 0.9171686746987953 0.7089688834655278 0.030120481927710843 0.012202562538133007
2 0.9390060240963856 0.7034777303233679 0.03463855421686747 0.01464307504575961
2 0.9171686746987953 0.6781574130567419 0.030120481927710843 0.012812690665039659
2 0.9728915662650602 0.7226967663209274 0.03614457831325302 0.014032946918852958
2 0.9277108433734941 0.7400854179377669 0.042168674698795185 0.01708358755338621
2 0.8900602409638555 0.7223917022574741 0.024096385542168676 0.009762050030506406
2 0.8667168674698795 0.7361195851128737 0.028614457831325303 0.009151921903599756
2 0.822289156626506 0.7187309334960341 0.03614457831325302 0.01586333129957291
2 0.7748493975903615 0.7141549725442342 0.043674698795180725 0.017693715680292862
2 0.45256024096385544 0.7056131787675411 0.043674698795180725 0.020134228187919462
2 0.3125 0.7050030506406345 0.03463855421686747 0.01525320317266626
2 0.37650602409638556 0.6824283099450884 0.0391566265060241 0.014032946918852958
2 0.3501506024096386 0.6921903599755949 0.02560240963855422 0.007931665649786455
2 0.34036144578313254 0.6723611958511287 0.042168674698795185 0.010982306284319707
2 0.30346385542168675 0.6802928615009152 0.04668674698795181 0.01708358755338621
2 0.2846385542168675 0.6955460646735814 0.030120481927710843 0.010982306284319707
2 0.25978915662650603 0.6842586943258084 0.02560240963855422 0.01525320317266626
2 0.24096385542168675 0.7071384990848077 0.0391566265060241 0.01708358755338621
2 0.20030120481927713 0.6952410006101281 0.057228915662650606 0.018913971934106162
2 0.20783132530120482 0.6687004270896888 0.03614457831325302 0.010982306284319707
2 0.1641566265060241 0.6601586333129957 0.03614457831325302 0.012202562538133007
2 0.11822289156626507 0.665039658328249 0.05271084337349398 0.01708358755338621
2 0.035391566265060244 0.6558877364246491 0.03463855421686747 0.010982306284319707
2 0.024849397590361446 0.6674801708358755 0.03765060240963856 0.01708358755338621
2 0.07605421686746988 0.6625991458206223 0.03162650602409639 0.01586333129957291
2 0.12424698795180723 0.6848688224527151 0.02560240963855422 0.010372178157413056
2 0.1280120481927711 0.7053081147040878 0.030120481927710843 0.01464307504575961
2 0.15210843373493976 0.6992068334350213 0.030120481927710843 0.013422818791946308
2 0.07379518072289157 0.7312385600976204 0.05120481927710844 0.01525320317266626
2 0.02560240963855422 0.7135448444173276 0.04819277108433735 0.02135448444173276
2 0.15737951807228917 0.7278828553996339 0.043674698795180725 0.01464307504575961
2 0.21686746987951808 0.7306284319707138 0.03614457831325302 0.014032946918852958
2 0.08734939759036145 0.7760829774252592 0.042168674698795185 0.01708358755338621
2 0.16265060240963855 0.7705918242830995 0.05120481927710844 0.021964612568639415
2 0.13629518072289157 0.7858450274557657 0.043674698795180725 0.01464307504575961
2 0.17394578313253012 0.7528981086028066 0.028614457831325303 0.008541793776693105
2 0.22289156626506026 0.7654057352043929 0.0391566265060241 0.014032946918852958
2 0.2846385542168675 0.7596095179987797 0.05421686746987952 0.019524100061012812
2 0.3990963855421687 0.7657107992678462 0.04819277108433735 0.023184868822452714
2 0.5030120481927711 0.74954240390482 0.04819277108433735 0.02135448444173276
2 0.5015060240963856 0.7690665039658328 0.030120481927710843 0.012812690665039659
2 0.5128012048192772 0.7812690665039658 0.043674698795180725 0.01525320317266626
2 0.5617469879518072 0.7751677852348993 0.04819277108433735 0.018913971934106162
2 0.6031626506024097 0.7480170835875534 0.04066265060240964 0.01708358755338621
2 0.5602409638554218 0.7553386211104332 0.01807228915662651 0.01708358755338621
2 0.4774096385542169 0.7330689444783405 0.024096385542168676 0.011592434411226357
2 0.5256024096385542 0.7352043929225137 0.02710843373493976 0.010982306284319707
2 0.6716867469879518 0.7483221476510067 0.042168674698795185 0.01647345942647956
2 0.6355421686746988 0.7794386821232459 0.0391566265060241 0.020134228187919462
2 0.7153614457831325 0.7806589383770591 0.042168674698795185 0.018913971934106162
2 0.802710843373494 0.7593044539353264 0.045180722891566265 0.018913971934106162
2 0.7575301204819278 0.7574740695546064 0.042168674698795185 0.01525320317266626
2 0.963855421686747 0.7528981086028066 0.024096385542168676 0.009762050030506406
2 0.9194277108433735 0.7562538133007931 0.03463855421686747 0.014032946918852958
2 0.8516566265060241 0.7651006711409396 0.03765060240963856 0.01586333129957291
2 0.8727409638554218 0.7742525930445393 0.03463855421686747 0.013422818791946308
2 0.8313253012048193 0.7776082977425259 0.045180722891566265 0.017693715680292862
2 0.7899096385542169 0.776693105552166 0.03765060240963856 0.01586333129957291
2 0.8147590361445783 0.7919463087248322 0.03614457831325302 0.013422818791946308
2 0.8757530120481928 0.7910311165344722 0.04066265060240964 0.012812690665039659
2 0.9036144578313253 0.799267846247712 0.042168674698795185 0.01464307504575961
2 0.786144578313253 0.8218425869432581 0.0391566265060241 0.01586333129957291
2 0.7612951807228916 0.798352654057352 0.028614457831325303 0.012812690665039659
2 0.6272590361445783 0.8294691885295912 0.04066265060240964 0.01647345942647956
2 0.5 0.8294691885295912 0.0391566265060241 0.017693715680292862
2 0.41415662650602414 0.8078096400244051 0.045180722891566265 0.01464307504575961
2 0.3433734939759036 0.8129957291031116 0.02710843373493976 0.012812690665039659
2 0.3049698795180723 0.8065893837705918 0.03463855421686747 0.012202562538133007
2 0.2620481927710844 0.8102501525320317 0.030120481927710843 0.01708358755338621
2 0.3057228915662651 0.7757779133618059 0.02710843373493976 0.011592434411226357
2 0.20406626506024098 0.7971323978035387 0.03765060240963856 0.01525320317266626
2 0.2274096385542169 0.788895668090299 0.01807228915662651 0.008541793776693105
2 0.19126506024096387 0.8090298962782184 0.030120481927710843 0.008541793776693105
2 0.1272590361445783 0.8047589993898718 0.04969879518072289 0.01464307504575961
2 0.02560240963855422 0.8184868822452714 0.04819277108433735 0.020134228187919462
2 0.015813253012048195 0.8377059182428309 0.02560240963855422 0.01586333129957291
2 0.03162650602409639 0.8587553386211104 0.03313253012048193 0.020134228187919462
2 0.03162650602409639 0.8764490543014033 0.042168674698795185 0.01525320317266626
2 0.06325301204819278 0.8520439292251373 0.03614457831325302 0.01525320317266626
2 0.08960843373493976 0.8328248932275778 0.04066265060240964 0.01464307504575961
2 0.15813253012048192 0.8425869432580841 0.05120481927710844 0.019524100061012812
2 0.16039156626506024 0.824588163514338 0.03162650602409639 0.014032946918852958
2 0.11370481927710845 0.8605857230018303 0.02560240963855422 0.01647345942647956
2 0.13855421686746988 0.8578401464307505 0.024096385542168676 0.01464307504575961
2 0.21460843373493976 0.8374008541793776 0.02560240963855422 0.012812690665039659
2 0.2507530120481928 0.8535692495424039 0.04969879518072289 0.021964612568639415
2 0.35316265060240964 0.8413666870042709 0.04066265060240964 0.018303843807199512
2 0.3155120481927711 0.8737034777303233 0.028614457831325303 0.01464307504575961
2 0.2996987951807229 0.863026235509457 0.030120481927710843 0.012812690665039659
2 0.23418674698795183 0.8721781574130567 0.03765060240963856 0.012812690665039659
2 0.18599397590361447 0.87614399023795 0.05271084337349398 0.02074435631482611
2 0.17093373493975905 0.9035997559487492 0.043674698795180725 0.019524100061012812
2 0.22816265060240964 0.8956680902989628 0.03463855421686747 0.012202562538133007
2 0.2921686746987952 0.8923123856009761 0.0391566265060241 0.01647345942647956
2 0.46385542168674704 0.885600976205003 0.042168674698795185 0.014032946918852958
2 0.6468373493975904 0.8816351433801098 0.028614457831325303 0.012202562538133007
2 0.8667168674698795 0.8615009151921903 0.04066265060240964 0.01586333129957291
2 0.9525602409638555 0.8791946308724832 0.04668674698795181 0.01708358755338621
2 0.848644578313253 0.8959731543624161 0.05271084337349398 0.02135448444173276
2 0.8968373493975904 0.8874313605857229 0.01957831325301205 0.012812690665039659
2 0.8667168674698795 0.9145820622330689 0.043674698795180725 0.01586333129957291
2 0.7921686746987953 0.924039048200122 0.042168674698795185 0.017693715680292862
2 0.9533132530120483 0.9280048810250152 0.060240963855421686 0.01708358755338621
2 0.9751506024096386 0.9429530201342281 0.03162650602409639 0.012812690665039659
2 0.934487951807229 0.9551555826723611 0.04668674698795181 0.017693715680292862
2 0.8772590361445783 0.9478340451494813 0.043674698795180725 0.017693715680292862
2 0.819277108433735 0.9481391092129346 0.057228915662650606 0.01586333129957291
2 0.6912650602409639 0.9536302623550945 0.045180722891566265 0.019524100061012812
2 0.5240963855421688 0.938987187309335 0.045180722891566265 0.02074435631482611
2 0.4480421686746988 0.9505796217205613 0.03463855421686747 0.01586333129957291
2 0.4849397590361446 0.9447834045149481 0.024096385542168676 0.014032946918852958
2 0.3990963855421687 0.9316656497864552 0.05120481927710844 0.018303843807199512
2 0.2921686746987952 0.9618669920683343 0.04819277108433735 0.02135448444173276
2 0.16039156626506024 0.9655277608297742 0.04668674698795181 0.017693715680292862
2 0.11746987951807229 0.9636973764490543 0.02710843373493976 0.010372178157413056
2 0.027861445783132533 0.9600366076876143 0.043674698795180725 0.017693715680292862
2 0.02710843373493976 0.935326418547895 0.05120481927710844 0.01708358755338621
2 0.0625 0.9176327028676021 0.03463855421686747 0.012202562538133007
2 0.10316265060240964 0.9392922513727883 0.02560240963855422 0.012812690665039659
2 0.1332831325301205 0.934411226357535 0.03463855421686747 0.012812690665039659
2 0.14231927710843376 0.9487492373398413 0.028614457831325303 0.010982306284319707
2 0.1799698795180723 0.9789505796217205 0.03162650602409639 0.01525320317266626
2 0.5903614457831325 0.9490543014032946 0.03614457831325302 0.01525320317266626
2 0.6460843373493976 0.9847467968273337 0.045180722891566265 0.018303843807199512
2 0.7989457831325302 0.9716290420988407 0.028614457831325303 0.01647345942647956
2 0.8365963855421688 0.9673581452104941 0.04066265060240964 0.01525320317266626
2 0.9224397590361446 0.9743746186699207 0.043674698795180725 0.01464307504575961
2 0.9796686746987953 0.9743746186699207 0.03765060240963856 0.018303843807199512
2 0.19126506024096387 0.9399023794996949 0.030120481927710843 0.014032946918852958
2 0.29668674698795183 0.9194630872483222 0.030120481927710843 0.012202562538133007
2 0.4924698795180723 0.6571079926784624 0.0391566265060241 0.01464307504575961
2 0.6490963855421688 0.09548505186089078 0.0391566265060241 0.017693715680292862
2 0.7680722891566265 0.06955460646735814 0.02710843373493976 0.01464307504575961
2 0.3727409638554217 0.09609517998779743 0.03162650602409639 0.017693715680292862
2 0.7221385542168675 0.2300183038438072 0.043674698795180725 0.01708358755338621
2 0.7921686746987953 0.2385600976205003 0.042168674698795185 0.01708358755338621
2 0.5 0.2602196461256864 0.03614457831325302 0.014032946918852958
2 0.8396084337349398 0.26937156802928613 0.03765060240963856 0.014032946918852958
2 0.04292168674698795 0.28615009151921905 0.028614457831325303 0.008541793776693105
2 0.4118975903614458 0.3340451494813911 0.03162650602409639 0.012812690665039659
2 0.6280120481927711 0.11714460036607688 0.0391566265060241 0.01464307504575961
2 0.2914156626506024 0.7916412446613789 0.04066265060240964 0.012812690665039659
2 0.11445783132530121 0.7614399023794997 0.0391566265060241 0.013422818791946308
2 0.5677710843373495 0.9359365466748016 0.042168674698795185 0.013422818791946308
2 0.20707831325301207 0.9627821842586943 0.03765060240963856 0.01586333129957291
2 0.7710843373493976 0.9853569249542403 0.02710843373493976 0.012202562538133007
2 0.8132530120481928 0.9856619890176936 0.024096385542168676 0.011592434411226357
2 0.9201807228915663 0.23703477730323366 0.045180722891566265 0.018913971934106162
2 0.12274096385542169 0.4932885906040268 0.04066265060240964 0.018913971934106162
2 0.021084337349397592 0.7394752898108603 0.0391566265060241 0.02074435631482611
2 0.015813253012048195 0.7699816961561927 0.028614457831325303 0.018303843807199512
