2 0.05465949820788531 0.09861248761149653 0.05555555555555555 0.03270564915758176
2 0.13799283154121864 0.08225966303270565 0.05017921146953405 0.02576808721506442
2 0.18906810035842295 0.09464816650148662 0.05913978494623656 0.03468780971258672
2 0.2482078853046595 0.10109018830525272 0.06272401433691756 0.031714568880079286
2 0.40232974910394265 0.10257680872150644 0.04838709677419355 0.022794846382556987
2 0.2589605734767025 0.14271555996035679 0.05555555555555555 0.027750247770069375
2 0.32974910394265233 0.08622398414271557 0.06093189964157706 0.023785926660059464
2 0.2114695340501792 0.06095143706640238 0.025089605734767026 0.010901883052527254
2 0.4668458781362007 0.10901883052527254 0.03763440860215054 0.019821605550049554
2 0.3288530465949821 0.1699702675916749 0.05555555555555555 0.028741328047571853
2 0.8270609318996416 0.12091179385530228 0.03046594982078853 0.02973240832507433
2 0.7974910394265233 0.16253716551040634 0.043010752688172046 0.02576808721506442
2 0.7275985663082437 0.17145688800792863 0.05017921146953405 0.031714568880079286
2 0.6317204301075269 0.1823587710604559 0.04121863799283154 0.02180376610505451
2 0.5815412186379928 0.17839444995044598 0.03046594982078853 0.03369672943508424
2 0.5098566308243727 0.19672943508424182 0.044802867383512544 0.022794846382556987
2 0.42562724014336917 0.20069375619425173 0.05197132616487455 0.024777006937561942
2 0.3826164874551971 0.19078295341922696 0.04838709677419355 0.030723488602576808
2 0.24283154121863798 0.188800792864222 0.03763440860215054 0.022794846382556987
2 0.15770609318996415 0.17046580773042616 0.05734767025089606 0.027750247770069375
2 0.14157706093189965 0.20614469772051536 0.05017921146953405 0.027750247770069375
2 0.260752688172043 0.21456888007928643 0.044802867383512544 0.022794846382556987
2 0.47939068100358423 0.15411298315163527 0.03763440860215054 0.022794846382556987
2 0.5152329749103942 0.1669970267591675 0.04838709677419355 0.018830525272547076
2 0.9274193548387096 0.19871159563924679 0.04838709677419355 0.02081268582755203
2 0.8763440860215054 0.21456888007928643 0.06093189964157706 0.024777006937561942
2 0.8163082437275986 0.2066402378592666 0.05197132616487455 0.02081268582755203
2 0.6774193548387096 0.22646184340931616 0.05017921146953405 0.026759167492566897
2 0.6129032258064516 0.255203171456888 0.04659498207885305 0.026759167492566897
2 0.5564516129032258 0.26214073339940536 0.034050179211469536 0.01684836471754212
2 0.5842293906810035 0.2710604558969276 0.03225806451612903 0.018830525272547076
2 0.49551971326164873 0.267591674925669 0.044802867383512544 0.02180376610505451
2 0.40949820788530467 0.2705649157581764 0.04121863799283154 0.023785926660059464
2 0.32437275985663083 0.28543111992071357 0.04659498207885305 0.02576808721506442
2 0.26523297491039427 0.2983151635282458 0.035842293906810034 0.019821605550049554
2 0.2724014336917563 0.2690782953419227 0.04659498207885305 0.022794846382556987
2 0.19802867383512546 0.26957383548067393 0.03763440860215054 0.02180376610505451
2 0.12455197132616487 0.2556987115956392 0.04838709677419355 0.02576808721506442
2 0.1935483870967742 0.30079286422200197 0.03942652329749104 0.01684836471754212
2 0.0913978494623656 0.3027750247770069 0.03942652329749104 0.022794846382556987
2 0.044802867383512544 0.31714568880079286 0.03225806451612903 0.017839444995044598
2 0.03853046594982079 0.34638255698711595 0.05555555555555555 0.028741328047571853
2 0.08691756272401434 0.3597621407333994 0.04838709677419355 0.027750247770069375
2 0.11290322580645161 0.39197224975222994 0.043010752688172046 0.022794846382556987
2 0.1603942652329749 0.3741328047571853 0.05197132616487455 0.024777006937561942
2 0.2553763440860215 0.38701684836471756 0.04838709677419355 0.026759167492566897
2 0.35663082437275984 0.3622398414271556 0.043010752688172046 0.022794846382556987
2 0.19086021505376344 0.3587710604558969 0.04121863799283154 0.02576808721506442
2 0.44086021505376344 0.35034687809712584 0.04659498207885305 0.028741328047571853
2 0.557347670250896 0.38057482656095143 0.03225806451612903 0.015857284440039643
2 0.6021505376344086 0.3741328047571853 0.043010752688172046 0.02081268582755203
2 0.568100358422939 0.32457879088206143 0.03942652329749104 0.02081268582755203
2 0.5456989247311828 0.28543111992071357 0.026881720430107527 0.013875123885034688
2 0.6388888888888888 0.2814667988107037 0.044802867383512544 0.023785926660059464
2 0.6469534050179212 0.367195242814668 0.03942652329749104 0.024777006937561942
2 0.771505376344086 0.25074331020812685 0.04121863799283154 0.017839444995044598
2 0.6890681003584229 0.26461843409316155 0.04838709677419355 0.027750247770069375
2 0.764336917562724 0.35926660059464816 0.04121863799283154 0.024777006937561942
2 0.8207885304659498 0.35926660059464816 0.035842293906810034 0.022794846382556987
2 0.300179211469534 0.3969276511397423 0.026881720430107527 0.018830525272547076
2 0.06899641577060932 0.4514370664023786 0.05197132616487455 0.026759167492566897
2 0.1586021505376344 0.47274529236868185 0.044802867383512544 0.02180376610505451
2 0.19444444444444445 0.45639246778989095 0.044802867383512544 0.026759167492566897
2 0.18369175627240145 0.49355797819623387 0.04121863799283154 0.027750247770069375
2 0.3279569892473118 0.5441030723488602 0.03942652329749104 0.023785926660059464
2 0.21057347670250895 0.5530227948463825 0.05913978494623656 0.031714568880079286
2 0.1603942652329749 0.5594648166501487 0.05555555555555555 0.028741328047571853
2 0.40232974910394265 0.46878097125867196 0.044802867383512544 0.015857284440039643
2 0.45161290322580644 0.45986124876114964 0.035842293906810034 0.017839444995044598
2 0.5098566308243727 0.4747274529236868 0.044802867383512544 0.019821605550049554
2 0.6836917562724014 0.45589692765113976 0.05555555555555555 0.027750247770069375
2 0.7768817204301075 0.4861248761149653 0.05913978494623656 0.026759167492566897
2 0.7894265232974911 0.4514370664023786 0.044802867383512544 0.024777006937561942
2 0.8055555555555556 0.2933597621407334 0.034050179211469536 0.017839444995044598
2 0.8593189964157706 0.2735381565906838 0.026881720430107527 0.02180376610505451
2 0.7455197132616488 0.5584737363726462 0.043010752688172046 0.030723488602576808
2 0.7804659498207885 0.5530227948463825 0.034050179211469536 0.027750247770069375
2 0.9471326164874552 0.5272547076313181 0.044802867383512544 0.019821605550049554
2 0.8790322580645161 0.5307234886025768 0.03046594982078853 0.022794846382556987
2 0.42383512544802865 0.5916749256689792 0.04838709677419355 0.02576808721506442
2 0.5645161290322581 0.5693756194251735 0.05017921146953405 0.022794846382556987
2 0.2302867383512545 0.6570862239841427 0.03763440860215054 0.02180376610505451
2 0.1424731182795699 0.6367690782953419 0.04121863799283154 0.02081268582755203
2 0.29301075268817206 0.6337958374628345 0.04121863799283154 0.022794846382556987
2 0.44265232974910396 0.6744301288404361 0.04659498207885305 0.030723488602576808
2 0.48476702508960573 0.6461843409316155 0.05197132616487455 0.027750247770069375
2 0.5376344086021505 0.6313181367690783 0.035842293906810034 0.02180376610505451
2 0.6182795698924731 0.6585728444003964 0.03942652329749104 0.018830525272547076
2 0.6917562724014337 0.6729435084241824 0.05017921146953405 0.023785926660059464
2 0.746415770609319 0.7309217046580773 0.044802867383512544 0.022794846382556987
2 0.7956989247311828 0.7581764122893955 0.05017921146953405 0.02180376610505451
2 0.5241935483870968 0.7150644202180376 0.05555555555555555 0.028741328047571853
2 0.6917562724014337 0.7388503468780971 0.03942652329749104 0.022794846382556987
2 0.6379928315412187 0.7229930624380575 0.02867383512544803 0.02081268582755203
2 0.8772401433691757 0.7403369672943508 0.04121863799283154 0.03369672943508424
2 0.14336917562724014 0.7403369672943508 0.035842293906810034 0.023785926660059464
2 0.25268817204301075 0.722001982160555 0.03942652329749104 0.024777006937561942
2 0.33512544802867383 0.7294350842418236 0.043010752688172046 0.023785926660059464
2 0.3906810035842294 0.757185332011893 0.04659498207885305 0.023785926660059464
2 0.4489247311827957 0.7423191278493558 0.044802867383512544 0.02576808721506442
2 0.48655913978494625 0.7675916749256689 0.05197132616487455 0.026759167492566897
2 0.6057347670250897 0.7651139742319127 0.04659498207885305 0.02576808721506442
2 0.7688172043010753 0.8141724479682854 0.043010752688172046 0.02081268582755203
2 0.8682795698924731 0.8240832507433102 0.03763440860215054 0.02081268582755203
2 0.7482078853046595 0.844400396432111 0.03763440860215054 0.017839444995044598
2 0.6747311827956989 0.8384539147670961 0.04838709677419355 0.023785926660059464
2 0.6738351254480287 0.8161546085232904 0.035842293906810034 0.01684836471754212
2 0.7992831541218638 0.869177403369673 0.053763440860215055 0.02576808721506442
2 0.8620071684587813 0.9112983151635282 0.043010752688172046 0.022794846382556987
2 0.24283154121863798 0.8458870168483646 0.04838709677419355 0.026759167492566897
2 0.2867383512544803 0.8221010901883052 0.043010752688172046 0.026759167492566897
2 0.25 0.8151635282457879 0.034050179211469536 0.01684836471754212
2 0.3449820788530466 0.8315163528245788 0.044802867383512544 0.02576808721506442
2 0.4050179211469534 0.8201189296333002 0.043010752688172046 0.026759167492566897
2 0.44265232974910396 0.8116947472745292 0.043010752688172046 0.023785926660059464
2 0.4838709677419355 0.8359762140733399 0.03225806451612903 0.01684836471754212
2 0.553763440860215 0.8275520317145688 0.03942652329749104 0.023785926660059464
2 0.5474910394265233 0.8503468780971258 0.04121863799283154 0.019821605550049554
2 0.5940860215053764 0.8384539147670961 0.04121863799283154 0.02576808721506442
2 0.6245519713261649 0.83201189296333 0.03763440860215054 0.02081268582755203
2 0.6164874551971327 0.8954410307234886 0.043010752688172046 0.024777006937561942
2 0.7293906810035842 0.9127849355797819 0.03942652329749104 0.013875123885034688
2 0.6272401433691757 0.9345887016848364 0.04659498207885305 0.02576808721506442
2 0.23118279569892472 0.8974231912784936 0.025089605734767026 0.02081268582755203
2 0.2025089605734767 0.9142715559960357 0.035842293906810034 0.02081268582755203
2 0.3593189964157706 0.8994053518334985 0.044802867383512544 0.022794846382556987
2 0.46236559139784944 0.9063429137760158 0.035842293906810034 0.018830525272547076
2 0.5394265232974911 0.9053518334985133 0.035842293906810034 0.018830525272547076
2 0.08960573476702509 0.8235877106045589 0.03225806451612903 0.019821605550049554
2 0.32437275985663083 0.8939544103072349 0.035842293906810034 0.02180376610505451
2 0.29838709677419356 0.9078295341922695 0.044802867383512544 0.023785926660059464
2 0.5609318996415771 0.9261645193260654 0.03942652329749104 0.014866204162537165
2 0.5152329749103942 0.9192269573835481 0.04121863799283154 0.01684836471754212
2 0.8127240143369175 0.9018830525272546 0.04121863799283154 0.019821605550049554
2 0.2921146953405018 0.7482656095143706 0.03225806451612903 0.019821605550049554
2 0.2616487455197133 0.761645193260654 0.02867383512544803 0.018830525272547076
2 0.3279569892473118 0.9672943508424182 0.035842293906810034 0.011892963330029732
2 0.34946236559139787 0.9335976214073339 0.03225806451612903 0.013875123885034688
2 0.2222222222222222 0.736372646184341 0.035842293906810034 0.019821605550049554
2 0.22939068100358423 0.9365708622398414 0.035842293906810034 0.009910802775024777
2 0.4578853046594982 0.9539147670961348 0.044802867383512544 0.02081268582755203
2 0.41308243727598565 0.9152626362735381 0.034050179211469536 0.018830525272547076
2 0.17831541218637992 0.7497522299306244 0.04838709677419355 0.028741328047571853
2 0.5833333333333334 0.477205153617443 0.026881720430107527 0.014866204162537165
2 0.6200716845878136 0.49008919722497524 0.021505376344086023 0.010901883052527254
2 0.6783154121863799 0.48414271555996036 0.023297491039426525 0.01288404360753221
2 0.6075268817204301 0.43557978196233893 0.025089605734767026 0.01288404360753221
2 0.7544802867383512 0.5099108027750248 0.021505376344086023 0.008919722497522299
2 0.839605734767025 0.5094152626362736 0.03046594982078853 0.011892963330029732
2 0.7759856630824373 0.6199207135777998 0.03225806451612903 0.018830525272547076
2 0.6666666666666666 0.6417244796828543 0.02867383512544803 0.01684836471754212
2 0.7383512544802867 0.6823587710604558 0.021505376344086023 0.010901883052527254
2 0.6944444444444444 0.7180376610505451 0.01971326164874552 0.010901883052527254
2 0.8682795698924731 0.7120911793855302 0.023297491039426525 0.018830525272547076
2 0.8279569892473119 0.8255698711595639 0.02867383512544803 0.013875123885034688
2 0.9596774193548387 0.765609514370664 0.023297491039426525 0.028741328047571853
2 0.9327956989247311 0.7388503468780971 0.01971326164874552 0.018830525272547076
2 0.9121863799283154 0.5693756194251735 0.021505376344086023 0.014866204162537165
2 0.742831541218638 0.46134786917740334 0.044802867383512544 0.01288404360753221
2 0.8378136200716846 0.42120911793855303 0.016129032258064516 0.011892963330029732
2 0.4121863799283154 0.3290386521308226 0.025089605734767026 0.009910802775024777
2 0.1335125448028674 0.10555004955401387 0.026881720430107527 0.010901883052527254
2 0.12813620071684587 0.11992071357779979 0.01971326164874552 0.011892963330029732
2 0.08602150537634409 0.13181367690782952 0.025089605734767026 0.009910802775024777
2 0.2616487455197133 0.12537165510406342 0.03225806451612903 0.008919722497522299
2 0.3154121863799283 0.10951437066402378 0.025089605734767026 0.010901883052527254
2 0.5833333333333334 0.7879088206144698 0.03046594982078853 0.019821605550049554
2 0.7078853046594982 0.7631318136769079 0.021505376344086023 0.011892963330029732
2 0.7419354838709677 0.8731417244796829 0.02867383512544803 0.015857284440039643
2 0.6451612903225806 0.8612487611496531 0.021505376344086023 0.009910802775024777
2 0.5761648745519713 0.5926660059464817 0.023297491039426525 0.009910802775024777
2 0.7302867383512545 0.5109018830525273 0.01971326164874552 0.010901883052527254
2 0.5394265232974911 0.9841427155599604 0.02867383512544803 0.009910802775024777
2 0.6236559139784946 0.9742319127849356 0.02867383512544803 0.009910802775024777
2 0.41487455197132617 0.9831516352824579 0.026881720430107527 0.015857284440039643
2 0.4578853046594982 0.9717542120911794 0.016129032258064516 0.006937561942517344
2 0.5313620071684588 0.7864222001982161 0.01971326164874552 0.008919722497522299
2 0.16308243727598568 0.232408325074331 0.021505376344086023 0.010901883052527254
2 0.11559139784946236 0.22943508424182357 0.023297491039426525 0.010901883052527254
2 0.11290322580645161 0.3240832507433102 0.025089605734767026 0.011892963330029732
2 0.06182795698924731 0.4147670961347869 0.026881720430107527 0.014866204162537165
2 0.4103942652329749 0.38701684836471756 0.021505376344086023 0.01288404360753221
2 0.23745519713261648 0.48166501486620417 0.034050179211469536 0.013875123885034688
2 0.2885304659498208 0.4643211100099108 0.02867383512544803 0.01288404360753221
2 0.3234767025089606 0.6650148662041625 0.026881720430107527 0.015857284440039643
2 0.21774193548387097 0.813181367690783 0.023297491039426525 0.014866204162537165
2 0.12903225806451613 0.8538156590683845 0.021505376344086023 0.010901883052527254
2 0.16308243727598568 0.9033696729435085 0.025089605734767026 0.010901883052527254
2 0.6442652329749103 0.34390485629335976 0.044802867383512544 0.02576808721506442
2 0.18548387096774194 0.979187314172448 0.03763440860215054 0.011892963330029732
2 0.35304659498207885 0.267591674925669 0.025089605734767026 0.013875123885034688
2 0.3763440860215054 0.26858275520317143 0.025089605734767026 0.019821605550049554
2 0.942652329749104 0.3597621407333994 0.03225806451612903 0.015857284440039643
2 0.12903225806451613 0.46233894945490583 0.03942652329749104 0.014866204162537165
2 0.033154121863799284 0.4871159563924678 0.04838709677419355 0.02081268582755203
2 0.771505376344086 0.42666005946481667 0.026881720430107527 0.014866204162537165
2 0.9489247311827957 0.60802775024777 0.03763440860215054 0.018830525272547076
2 0.18458781362007168 0.6595639246778989 0.043010752688172046 0.024777006937561942
2 0.01881720430107527 0.9122893954410307 0.034050179211469536 0.036669970267591674
2 0.9775985663082437 0.9370664023785926 0.044802867383512544 0.026759167492566897
2 0.07168458781362007 0.8810703666997026 0.03225806451612903 0.019821605550049554
