2 0.8560126582278481 0.9185934489402697 0.056962025316455694 0.031791907514450865
2 0.7824367088607594 0.9330443159922929 0.04588607594936709 0.02601156069364162
2 0.7104430379746836 0.8901734104046243 0.05379746835443038 0.023121387283236993
2 0.7389240506329113 0.8651252408477842 0.0379746835443038 0.023121387283236993
2 0.8227848101265822 0.831888246628131 0.04430379746835443 0.02601156069364162
2 0.8908227848101266 0.8270712909441233 0.0379746835443038 0.029865125240847785
2 0.7041139240506329 0.8155105973025049 0.0379746835443038 0.022157996146435453
2 0.6400316455696202 0.9152215799614644 0.03639240506329114 0.023121387283236993
2 0.569620253164557 0.9210019267822736 0.04113924050632911 0.023121387283236993
2 0.5846518987341772 0.9007707129094412 0.03955696202531646 0.025048169556840076
2 0.5450949367088608 0.8757225433526011 0.03322784810126582 0.017341040462427744
2 0.4889240506329114 0.9185934489402697 0.04746835443037974 0.02601156069364162
2 0.4375 0.8872832369942196 0.03322784810126582 0.019267822736030827
2 0.4612341772151899 0.8901734104046243 0.03322784810126582 0.02119460500963391
2 0.37816455696202533 0.9455684007707129 0.04430379746835443 0.027938342967244702
2 0.3322784810126582 0.9296724470134875 0.04430379746835443 0.025048169556840076
2 0.2412974683544304 0.934971098265896 0.04588607594936709 0.022157996146435453
2 0.2800632911392405 0.899325626204239 0.04430379746835443 0.02601156069364162
2 0.17721518987341772 0.8978805394990366 0.05063291139240506 0.02697495183044316
2 0.09968354430379747 0.9296724470134875 0.028481012658227847 0.015414258188824663
2 0.12183544303797468 0.9104046242774566 0.028481012658227847 0.017341040462427744
2 0.20174050632911392 0.8511560693641619 0.03322784810126582 0.02023121387283237
2 0.23496835443037975 0.8342967244701348 0.03639240506329114 0.019267822736030827
2 0.23813291139240506 0.8179190751445087 0.03322784810126582 0.017341040462427744
2 0.2555379746835443 0.8097302504816956 0.03639240506329114 0.022157996146435453
2 0.16139240506329114 0.8082851637764933 0.0379746835443038 0.02119460500963391
2 0.10205696202531646 0.8159922928709056 0.02689873417721519 0.017341040462427744
2 0.0893987341772152 0.808766859344894 0.02689873417721519 0.016377649325626204
2 0.30300632911392406 0.825626204238921 0.03955696202531646 0.025048169556840076
2 0.3560126582278481 0.8304431599229287 0.05063291139240506 0.03275529865125241
2 0.40664556962025317 0.8275529865125241 0.0379746835443038 0.023121387283236993
2 0.37658227848101267 0.7972061657032755 0.03481012658227848 0.024084778420038536
2 0.4825949367088608 0.8294797687861272 0.03481012658227848 0.02119460500963391
2 0.5245253164556962 0.8429672447013488 0.03322784810126582 0.019267822736030827
2 0.5371835443037974 0.8015414258188824 0.03955696202531646 0.02697495183044316
2 0.6147151898734177 0.815028901734104 0.03955696202531646 0.025048169556840076
2 0.2713607594936709 0.7557803468208092 0.04272151898734177 0.024084778420038536
2 0.16218354430379747 0.7427745664739884 0.04272151898734177 0.02697495183044316
2 0.19778481012658228 0.75626204238921 0.0379746835443038 0.015414258188824663
2 0.3227848101265823 0.7557803468208092 0.04746835443037974 0.02023121387283237
2 0.37341772151898733 0.7422928709055877 0.0379746835443038 0.022157996146435453
2 0.4200949367088608 0.7398843930635838 0.04272151898734177 0.025048169556840076
2 0.49683544303797467 0.7427745664739884 0.04113924050632911 0.028901734104046242
2 0.4897151898734177 0.720616570327553 0.03955696202531646 0.019267822736030827
2 0.5300632911392404 0.7220616570327553 0.03164556962025317 0.024084778420038536
2 0.555379746835443 0.7398843930635838 0.04430379746835443 0.019267822736030827
2 0.7001582278481012 0.7548169556840078 0.04272151898734177 0.022157996146435453
2 0.6621835443037974 0.7283236994219653 0.03322784810126582 0.023121387283236993
2 0.6518987341772152 0.7157996146435452 0.0379746835443038 0.023121387283236993
2 0.6764240506329113 0.6888246628131021 0.04588607594936709 0.023121387283236993
2 0.75 0.7201348747591522 0.03164556962025317 0.022157996146435453
2 0.7784810126582279 0.7413294797687862 0.04113924050632911 0.024084778420038536
2 0.8560126582278481 0.7533718689788054 0.0379746835443038 0.023121387283236993
2 0.8433544303797468 0.708092485549133 0.04430379746835443 0.025048169556840076
2 0.31408227848101267 0.7249518304431599 0.04272151898734177 0.027938342967244702
2 0.3536392405063291 0.7239884393063584 0.03639240506329114 0.02023121387283237
2 0.4612341772151899 0.7066473988439306 0.030063291139240507 0.018304431599229287
2 0.23180379746835442 0.7129094412331406 0.04272151898734177 0.02119460500963391
2 0.08544303797468354 0.7191714836223506 0.04430379746835443 0.02601156069364162
2 0.16455696202531644 0.6811175337186898 0.03481012658227848 0.023121387283236993
2 0.12974683544303797 0.8574181117533719 0.03164556962025317 0.01348747591522158
2 0.15031645569620253 0.8733140655105973 0.022151898734177215 0.024084778420038536
2 0.2800632911392405 0.6950867052023121 0.04113924050632911 0.031791907514450865
2 0.5917721518987342 0.708092485549133 0.0379746835443038 0.02119460500963391
2 0.7911392405063291 0.6921965317919075 0.028481012658227847 0.018304431599229287
2 0.8362341772151899 0.6835260115606936 0.05221518987341772 0.018304431599229287
2 0.9018987341772152 0.670038535645472 0.04746835443037974 0.029865125240847785
2 0.9462025316455696 0.6840077071290944 0.05063291139240506 0.028901734104046242
2 0.9200949367088608 0.6315028901734104 0.03955696202531646 0.024084778420038536
2 0.8275316455696202 0.6560693641618497 0.04746835443037974 0.030828516377649325
2 0.7674050632911392 0.646917148362235 0.05063291139240506 0.027938342967244702
2 0.6859177215189873 0.6522157996146435 0.04272151898734177 0.023121387283236993
2 0.5957278481012658 0.6368015414258189 0.04272151898734177 0.025048169556840076
2 0.6360759493670886 0.6522157996146435 0.03164556962025317 0.02119460500963391
2 0.5158227848101266 0.6579961464354528 0.03164556962025317 0.015414258188824663
2 0.4620253164556962 0.6392100192678227 0.04113924050632911 0.027938342967244702
2 0.49604430379746833 0.6392100192678227 0.03955696202531646 0.022157996146435453
2 0.4240506329113924 0.668111753371869 0.04746835443037974 0.03371868978805395
2 0.439873417721519 0.6868978805394991 0.0189873417721519 0.011560693641618497
2 0.3481012658227848 0.6835260115606936 0.04430379746835443 0.027938342967244702
2 0.31566455696202533 0.6864161849710982 0.02373417721518987 0.014450867052023121
2 0.307753164556962 0.6623314065510597 0.04588607594936709 0.029865125240847785
2 0.23338607594936708 0.674373795761079 0.03322784810126582 0.011560693641618497
2 0.09889240506329114 0.6652215799614644 0.030063291139240507 0.02023121387283237
2 0.14003164556962025 0.651252408477842 0.03955696202531646 0.023121387283236993
2 0.16139240506329114 0.6233140655105973 0.04430379746835443 0.025048169556840076
2 0.19462025316455697 0.6353564547206165 0.04430379746835443 0.024084778420038536
2 0.23575949367088608 0.6536608863198459 0.04430379746835443 0.024084778420038536
2 0.3014240506329114 0.6194605009633911 0.03322784810126582 0.02697495183044316
2 0.35680379746835444 0.6131984585741811 0.03639240506329114 0.018304431599229287
2 0.3670886075949367 0.6295761078998073 0.0379746835443038 0.02023121387283237
2 0.3504746835443038 0.651252408477842 0.03639240506329114 0.03275529865125241
2 0.12895569620253164 0.5953757225433526 0.03955696202531646 0.028901734104046242
2 0.11471518987341772 0.5635838150289018 0.05221518987341772 0.028901734104046242
2 0.16693037974683544 0.5698458574181118 0.04588607594936709 0.02601156069364162
2 0.21123417721518986 0.5606936416184971 0.03639240506329114 0.025048169556840076
2 0.24287974683544303 0.5606936416184971 0.03955696202531646 0.028901734104046242
2 0.2958860759493671 0.5717726396917149 0.0379746835443038 0.022157996146435453
2 0.24050632911392406 0.5197495183044316 0.028481012658227847 0.022157996146435453
2 0.30300632911392406 0.5120423892100192 0.02689873417721519 0.018304431599229287
2 0.36075949367088606 0.5452793834296724 0.04113924050632911 0.02697495183044316
2 0.36787974683544306 0.5746628131021194 0.03639240506329114 0.024084778420038536
2 0.4216772151898734 0.5664739884393063 0.04272151898734177 0.02697495183044316
2 0.48813291139240506 0.5582851637764933 0.04272151898734177 0.02601156069364162
2 0.5087025316455697 0.5260115606936416 0.04588607594936709 0.030828516377649325
2 0.5704113924050633 0.5481695568400771 0.03639240506329114 0.02119460500963391
2 0.6028481012658228 0.5640655105973025 0.03481012658227848 0.02601156069364162
2 0.7333860759493671 0.5688824662813102 0.04588607594936709 0.022157996146435453
2 0.8259493670886076 0.5635838150289018 0.04746835443037974 0.028901734104046242
2 0.5981012658227848 0.7302504816955684 0.028481012658227847 0.01348747591522158
2 0.6289556962025317 0.7456647398843931 0.02373417721518987 0.015414258188824663
2 0.877373417721519 0.6045279383429673 0.03955696202531646 0.02601156069364162
2 0.935126582278481 0.5592485549132948 0.05379746835443038 0.03564547206165703
2 0.9620253164556962 0.5741811175337187 0.03481012658227848 0.023121387283236993
2 0.6281645569620253 0.41570327552986513 0.04430379746835443 0.029865125240847785
2 0.5379746835443038 0.424373795761079 0.04430379746835443 0.031791907514450865
2 0.4841772151898734 0.430635838150289 0.04430379746835443 0.03275529865125241
2 0.5593354430379747 0.47157996146435455 0.030063291139240507 0.016377649325626204
2 0.7507911392405063 0.4850674373795761 0.030063291139240507 0.016377649325626204
2 0.8014240506329113 0.407514450867052 0.04272151898734177 0.028901734104046242
2 0.7033227848101266 0.3646435452793834 0.04272151898734177 0.024084778420038536
2 0.8386075949367089 0.3569364161849711 0.04746835443037974 0.02601156069364162
2 0.5087025316455697 0.37235067437379576 0.0490506329113924 0.02601156069364162
2 0.058544303797468354 0.4523121387283237 0.04746835443037974 0.027938342967244702
2 0.21360759493670886 0.47880539499036606 0.04113924050632911 0.02119460500963391
2 0.43354430379746833 0.3911368015414258 0.04430379746835443 0.030828516377649325
2 0.5324367088607594 0.44701348747591524 0.030063291139240507 0.01348747591522158
2 0.5545886075949367 0.3338150289017341 0.030063291139240507 0.02023121387283237
2 0.6447784810126582 0.2976878612716763 0.04272151898734177 0.023121387283236993
2 0.7009493670886076 0.2972061657032755 0.04113924050632911 0.027938342967244702
2 0.4810126582278481 0.28998073217726394 0.0379746835443038 0.025048169556840076
2 0.5814873417721519 0.28227360308285165 0.03639240506329114 0.023121387283236993
2 0.0814873417721519 0.628131021194605 0.03639240506329114 0.025048169556840076
2 0.060126582278481014 0.5799614643545279 0.04430379746835443 0.019267822736030827
2 0.08860759493670886 0.541907514450867 0.04746835443037974 0.022157996146435453
2 0.1495253164556962 0.529383429672447 0.03639240506329114 0.02023121387283237
2 0.22705696202531644 0.6348747591522158 0.02689873417721519 0.015414258188824663
2 0.1574367088607595 0.3848747591522158 0.05221518987341772 0.031791907514450865
2 0.08544303797468354 0.4123314065510597 0.05063291139240506 0.028901734104046242
2 0.12658227848101267 0.43786127167630057 0.03481012658227848 0.02023121387283237
2 0.17246835443037975 0.430635838150289 0.0379746835443038 0.025048169556840076
2 0.20569620253164556 0.4214836223506744 0.04113924050632911 0.024084778420038536
2 0.24604430379746836 0.4373795761078998 0.04588607594936709 0.028901734104046242
2 0.3022151898734177 0.4190751445086705 0.04113924050632911 0.02697495183044316
2 0.35680379746835444 0.4234104046242774 0.055379746835443035 0.027938342967244702
2 0.4462025316455696 0.4624277456647399 0.03164556962025317 0.017341040462427744
2 0.42563291139240506 0.4730250481695568 0.03164556962025317 0.017341040462427744
2 0.3852848101265823 0.39547206165703275 0.04588607594936709 0.02601156069364162
2 0.41693037974683544 0.4142581888246628 0.03639240506329114 0.019267822736030827
2 0.7832278481012658 0.3020231213872832 0.04430379746835443 0.02601156069364162
2 0.8520569620253164 0.28034682080924855 0.05221518987341772 0.028901734104046242
2 0.7183544303797468 0.6368015414258189 0.03164556962025317 0.017341040462427744
2 0.3180379746835443 0.37042389210019266 0.04430379746835443 0.02601156069364162
2 0.247626582278481 0.36801541425818884 0.0490506329113924 0.030828516377649325
2 0.2579113924050633 0.3969171483622351 0.0379746835443038 0.017341040462427744
2 0.29825949367088606 0.3058766859344894 0.03639240506329114 0.02601156069364162
2 0.4074367088607595 0.319364161849711 0.03639240506329114 0.016377649325626204
2 0.27610759493670883 0.34344894026974954 0.02373417721518987 0.02023121387283237
2 0.2120253164556962 0.33670520231213874 0.02531645569620253 0.018304431599229287
2 0.20332278481012658 0.37427745664739887 0.02373417721518987 0.024084778420038536
2 0.20015822784810125 0.4031791907514451 0.03955696202531646 0.018304431599229287
2 0.1305379746835443 0.40028901734104044 0.02689873417721519 0.02023121387283237
2 0.02610759493670886 0.3969171483622351 0.03322784810126582 0.02119460500963391
2 0.07199367088607594 0.3578998073217726 0.03639240506329114 0.018304431599229287
2 0.049841772151898736 0.33140655105973027 0.04272151898734177 0.025048169556840076
2 0.09651898734177215 0.3800578034682081 0.05063291139240506 0.02023121387283237
2 0.13844936708860758 0.30539499036608864 0.0490506329113924 0.02697495183044316
2 0.21360759493670886 0.2991329479768786 0.04746835443037974 0.029865125240847785
2 0.2674050632911392 0.2591522157996146 0.0379746835443038 0.025048169556840076
2 0.37895569620253167 0.2866088631984586 0.03322784810126582 0.022157996146435453
2 0.4287974683544304 0.27552986512524086 0.04113924050632911 0.023121387283236993
2 0.4248417721518987 0.2957610789980732 0.03955696202531646 0.017341040462427744
2 0.6653481012658228 0.38439306358381503 0.02689873417721519 0.02119460500963391
2 0.46439873417721517 0.23410404624277456 0.0490506329113924 0.02697495183044316
2 0.5292721518987342 0.2528901734104046 0.03955696202531646 0.018304431599229287
2 0.5901898734177216 0.2321772639691715 0.05063291139240506 0.030828516377649325
2 0.6352848101265822 0.19653179190751444 0.03322784810126582 0.023121387283236993
2 0.6748417721518988 0.20086705202312138 0.03639240506329114 0.024084778420038536
2 0.7357594936708861 0.1989402697495183 0.04430379746835443 0.02601156069364162
2 0.752373417721519 0.22447013487475914 0.030063291139240507 0.017341040462427744
2 0.692246835443038 0.2610789980732177 0.030063291139240507 0.017341040462427744
2 0.8219936708860759 0.2186897880539499 0.04588607594936709 0.030828516377649325
2 0.8314873417721519 0.1363198458574181 0.0490506329113924 0.027938342967244702
2 0.6930379746835443 0.14402697495183045 0.05063291139240506 0.027938342967244702
2 0.6882911392405063 0.1724470134874759 0.03481012658227848 0.02119460500963391
2 0.7958860759493671 0.16184971098265896 0.04113924050632911 0.025048169556840076
2 0.7658227848101266 0.1565510597302505 0.02531645569620253 0.022157996146435453
2 0.7325949367088608 0.15414258188824662 0.0379746835443038 0.019267822736030827
2 0.8908227848101266 0.11801541425818882 0.04430379746835443 0.022157996146435453
2 0.8686708860759493 0.14547206165703275 0.03481012658227848 0.017341040462427744
2 0.08860759493670886 0.24614643545279383 0.056962025316455694 0.03564547206165703
2 0.1930379746835443 0.1989402697495183 0.0379746835443038 0.022157996146435453
2 0.25474683544303794 0.19990366088631983 0.0379746835443038 0.022157996146435453
2 0.32199367088607594 0.19653179190751444 0.04588607594936709 0.028901734104046242
2 0.40348101265822783 0.2071290944123314 0.04113924050632911 0.025048169556840076
2 0.49841772151898733 0.21290944123314065 0.0379746835443038 0.01348747591522158
2 0.15110759493670886 0.08285163776493257 0.03955696202531646 0.02119460500963391
2 0.34651898734177217 0.11464354527938343 0.04746835443037974 0.030828516377649325
2 0.43670886075949367 0.098747591522158 0.0379746835443038 0.024084778420038536
2 0.1795886075949367 0.1396917148362235 0.03639240506329114 0.030828516377649325
2 0.1115506329113924 0.10838150289017341 0.03955696202531646 0.024084778420038536
2 0.8299050632911392 0.1103082851637765 0.055379746835443035 0.02023121387283237
2 0.75 0.09489402697495183 0.04746835443037974 0.02023121387283237
2 0.6748417721518988 0.11801541425818882 0.03639240506329114 0.022157996146435453
2 0.629746835443038 0.14210019267822735 0.04113924050632911 0.02023121387283237
2 0.632120253164557 0.09441233140655106 0.04272151898734177 0.02119460500963391
2 0.5759493670886076 0.07225433526011561 0.0379746835443038 0.01348747591522158
2 0.5213607594936709 0.098747591522158 0.03955696202531646 0.027938342967244702
2 0.3916139240506329 0.07851637764932562 0.03639240506329114 0.018304431599229287
2 0.560126582278481 0.20183044315992293 0.03164556962025317 0.02023121387283237
2 0.18275316455696203 0.16329479768786126 0.030063291139240507 0.012524084778420038
2 0.27927215189873417 0.1199421965317919 0.03639240506329114 0.022157996146435453
2 0.09651898734177215 0.20279383429672446 0.05379746835443038 0.02023121387283237
2 0.20727848101265822 0.45183044315992293 0.0379746835443038 0.023121387283236993
2 0.28164556962025317 0.44797687861271673 0.028481012658227847 0.02697495183044316
2 0.9770569620253164 0.6575144508670521 0.04588607594936709 0.029865125240847785
