2 0.28662420382165604 0.2355996222851747 0.0445859872611465 0.027384324834749764
2 0.33917197452229303 0.22190745986779983 0.03503184713375796 0.0169971671388102
2 0.4140127388535032 0.2322946175637394 0.038216560509554146 0.024551463644948066
2 0.5469745222929937 0.22662889518413598 0.03662420382165605 0.0226628895184136
2 0.7826433121019108 0.10339943342776205 0.03662420382165605 0.019830028328611898
2 0.7038216560509555 0.09301227573182248 0.03184713375796178 0.0254957507082153
2 0.9570063694267517 0.11142587346553352 0.03184713375796178 0.024551463644948066
2 0.9363057324840764 0.0736543909348442 0.038216560509554146 0.0169971671388102
2 0.75 0.05901794145420208 0.03503184713375796 0.014164305949008499
2 0.8288216560509555 0.20538243626062325 0.04936305732484077 0.027384324834749764
2 0.17754777070063696 0.31964117091595845 0.04936305732484077 0.0254957507082153
2 0.36863057324840764 0.28470254957507085 0.03662420382165605 0.019830028328611898
2 0.4570063694267516 0.27903682719546746 0.0445859872611465 0.021718602455146365
2 0.4299363057324841 0.29414542020774315 0.03503184713375796 0.019830028328611898
2 0.2571656050955414 0.3097261567516525 0.039808917197452234 0.0226628895184136
2 0.2802547770700637 0.3319169027384325 0.038216560509554146 0.023607176581680833
2 0.3710191082802548 0.3234183191690274 0.0445859872611465 0.023607176581680833
2 0.3152866242038217 0.29650613786591123 0.03503184713375796 0.018885741265344667
2 0.4697452229299363 0.32152974504249293 0.038216560509554146 0.021718602455146365
2 0.5652866242038217 0.28281397544853637 0.03503184713375796 0.019830028328611898
2 0.6377388535031847 0.23937677053824363 0.03662420382165605 0.021718602455146365
2 0.7245222929936306 0.23135033050047216 0.054140127388535034 0.028328611898016998
2 0.7977707006369427 0.2332389046270066 0.03503184713375796 0.02077431539187913
2 0.8654458598726115 0.23984891406987727 0.05573248407643312 0.024551463644948066
2 0.9052547770700637 0.2714825306893296 0.04617834394904459 0.023607176581680833
2 0.8487261146496816 0.29650613786591123 0.0445859872611465 0.028328611898016998
2 0.7921974522292994 0.2809254013220019 0.03343949044585987 0.019830028328611898
2 0.7205414012738854 0.2757318224740321 0.03662420382165605 0.02077431539187913
2 0.7221337579617835 0.3035882908404155 0.03662420382165605 0.019830028328611898
2 0.6616242038216561 0.30736543909348446 0.04299363057324841 0.019830028328611898
2 0.6457006369426752 0.28470254957507085 0.03343949044585987 0.019830028328611898
2 0.6226114649681529 0.2667610953729934 0.028662420382165606 0.016052880075542966
2 0.17754777070063696 0.37913125590179414 0.03662420382165605 0.019830028328611898
2 0.20939490445859874 0.36921624173748824 0.04299363057324841 0.0226628895184136
2 0.25079617834394907 0.37535410764872523 0.03343949044585987 0.021718602455146365
2 0.3001592356687898 0.37535410764872523 0.04617834394904459 0.021718602455146365
2 0.36305732484076436 0.37063267233238906 0.04140127388535032 0.021718602455146365
2 0.3893312101910828 0.3824362606232295 0.027070063694267517 0.0169971671388102
2 0.43073248407643316 0.3824362606232295 0.027070063694267517 0.018885741265344667
2 0.4840764331210191 0.37110481586402266 0.038216560509554146 0.0226628895184136
2 0.4171974522292994 0.35080264400377714 0.03184713375796178 0.017941454202077434
2 0.5557324840764332 0.3555240793201133 0.03503184713375796 0.019830028328611898
2 0.6457006369426752 0.3550519357884797 0.03662420382165605 0.018885741265344667
2 0.5939490445859873 0.38715769593956567 0.03503184713375796 0.02077431539187913
2 0.64171974522293 0.3862134088762984 0.03503184713375796 0.02077431539187913
2 0.7038216560509555 0.3942398489140699 0.03184713375796178 0.016052880075542966
2 0.7348726114649682 0.4055712936732767 0.039808917197452234 0.019830028328611898
2 0.7627388535031847 0.3833805476864967 0.03503184713375796 0.02077431539187913
2 0.8128980891719746 0.40179414542020775 0.04617834394904459 0.021718602455146365
2 0.8694267515923567 0.3942398489140699 0.05732484076433121 0.02927289896128423
2 0.8582802547770702 0.41879131255901797 0.038216560509554146 0.023607176581680833
2 0.9020700636942676 0.3626062322946176 0.03343949044585987 0.02077431539187913
2 0.9522292993630573 0.3569405099150142 0.04140127388535032 0.024551463644948066
2 0.9402866242038217 0.3895184135977337 0.039808917197452234 0.021718602455146365
2 0.9044585987261147 0.42681775259678945 0.04140127388535032 0.0226628895184136
2 0.07643312101910829 0.4711992445703494 0.04140127388535032 0.0226628895184136
2 0.12738853503184713 0.4419263456090652 0.03184713375796178 0.02077431539187913
2 0.16162420382165607 0.4768649669499528 0.039808917197452234 0.0226628895184136
2 0.20780254777070065 0.47214353163361666 0.039808917197452234 0.0226628895184136
2 0.25079617834394907 0.4740321057601511 0.039808917197452234 0.02644003777148253
2 0.30732484076433125 0.45561850802644005 0.038216560509554146 0.023607176581680833
2 0.3495222929936306 0.46128423040604344 0.030254777070063694 0.017941454202077434
2 0.3638535031847134 0.43012275731822475 0.03662420382165605 0.021718602455146365
2 0.39729299363057324 0.4414542020774316 0.03662420382165605 0.019830028328611898
2 0.4578025477707007 0.46128423040604344 0.03662420382165605 0.019830028328611898
2 0.49203821656050956 0.4414542020774316 0.03184713375796178 0.017941454202077434
2 0.5421974522292994 0.4740321057601511 0.039808917197452234 0.02077431539187913
2 0.5628980891719746 0.45231350330500475 0.03662420382165605 0.02077431539187913
2 0.5907643312101911 0.4395656279508971 0.03503184713375796 0.019830028328611898
2 0.6656050955414013 0.47544853635505196 0.038216560509554146 0.023607176581680833
2 0.7070063694267517 0.487724268177526 0.04140127388535032 0.021718602455146365
2 0.7953821656050956 0.4660056657223796 0.0589171974522293 0.0311614730878187
2 0.8519108280254778 0.4910292728989613 0.04140127388535032 0.02644003777148253
2 0.7754777070063694 0.5042492917847026 0.03503184713375796 0.0226628895184136
2 0.9140127388535032 0.5089707271010387 0.038216560509554146 0.02077431539187913
2 0.8001592356687899 0.5311614730878187 0.030254777070063694 0.019830028328611898
2 0.7722929936305732 0.5462700661000944 0.03503184713375796 0.019830028328611898
2 0.9060509554140128 0.5509915014164306 0.03184713375796178 0.019830028328611898
2 0.8773885350318472 0.48016997167138814 0.025477707006369428 0.017941454202077434
2 0.9028662420382166 0.4763928234183192 0.03184713375796178 0.021718602455146365
2 0.946656050955414 0.47214353163361666 0.04299363057324841 0.0169971671388102
2 0.7173566878980893 0.5387157695939566 0.039808917197452234 0.0254957507082153
2 0.6671974522292994 0.5632672332389047 0.038216560509554146 0.0254957507082153
2 0.6305732484076434 0.5264400377714825 0.03503184713375796 0.021718602455146365
2 0.5851910828025478 0.5472143531633616 0.03662420382165605 0.019830028328611898
2 0.5230891719745223 0.5420207743153919 0.04299363057324841 0.024551463644948066
2 0.45063694267515925 0.5396600566572238 0.04140127388535032 0.021718602455146365
2 0.410828025477707 0.5679886685552408 0.04777070063694268 0.0254957507082153
2 0.35111464968152867 0.5297450424929179 0.039808917197452234 0.02077431539187913
2 0.28423566878980894 0.5731822474032106 0.039808917197452234 0.024551463644948066
2 0.21337579617834396 0.5420207743153919 0.04140127388535032 0.024551463644948066
2 0.17356687898089174 0.5580736543909349 0.050955414012738856 0.028328611898016998
2 0.12818471337579618 0.5429650613786592 0.04617834394904459 0.0226628895184136
2 0.09792993630573249 0.5698772426817753 0.04936305732484077 0.023607176581680833
2 0.13296178343949044 0.6411709159584514 0.027070063694267517 0.02077431539187913
2 0.27945859872611467 0.6506137865911237 0.04617834394904459 0.02644003777148253
2 0.22213375796178345 0.6180358829084042 0.04936305732484077 0.027384324834749764
2 0.33757961783439494 0.601038715769594 0.03184713375796178 0.017941454202077434
2 0.4371019108280255 0.6166194523135033 0.03343949044585987 0.018885741265344667
2 0.46417197452229303 0.6284230406043437 0.030254777070063694 0.017941454202077434
2 0.5095541401273885 0.6317280453257791 0.04140127388535032 0.02644003777148253
2 0.6695859872611465 0.617091595845137 0.03343949044585987 0.019830028328611898
2 0.694267515923567 0.6062322946175638 0.038216560509554146 0.018885741265344667
2 0.7746815286624205 0.623229461756374 0.04617834394904459 0.030217186024551465
2 0.8447452229299364 0.6203966005665723 0.04299363057324841 0.028328611898016998
2 0.8781847133757962 0.6251180358829085 0.030254777070063694 0.024551463644948066
2 0.9116242038216561 0.6185080264400378 0.030254777070063694 0.018885741265344667
2 0.9570063694267517 0.613314447592068 0.03503184713375796 0.019830028328611898
2 0.8845541401273885 0.6619452313503306 0.03343949044585987 0.02644003777148253
2 0.855095541401274 0.6935788479697829 0.03503184713375796 0.023607176581680833
2 0.7890127388535032 0.6992445703493863 0.03662420382165605 0.023607176581680833
2 0.8136942675159236 0.6916902738432483 0.028662420382165606 0.017941454202077434
2 0.7531847133757962 0.6893295561850803 0.028662420382165606 0.0169971671388102
2 0.7555732484076434 0.7186024551463646 0.039808917197452234 0.028328611898016998
2 0.6735668789808917 0.7030217186024552 0.0445859872611465 0.027384324834749764
2 0.60828025477707 0.6742209631728046 0.0445859872611465 0.030217186024551465
2 0.6433121019108281 0.6543909348441926 0.038216560509554146 0.018885741265344667
2 0.589968152866242 0.6997167138810199 0.03662420382165605 0.028328611898016998
2 0.5732484076433121 0.7219074598677998 0.038216560509554146 0.019830028328611898
2 0.6050955414012739 0.7398489140698773 0.04140127388535032 0.023607176581680833
2 0.5207006369426752 0.7398489140698773 0.050955414012738856 0.0254957507082153
2 0.4546178343949045 0.7403210576015109 0.03343949044585987 0.02077431539187913
2 0.428343949044586 0.7478753541076487 0.03503184713375796 0.02077431539187913
2 0.374203821656051 0.7426817752596789 0.04140127388535032 0.021718602455146365
2 0.29538216560509556 0.7577903682719547 0.04617834394904459 0.027384324834749764
2 0.2412420382165605 0.7294617563739377 0.039808917197452234 0.027384324834749764
2 0.08280254777070065 0.7223796033994334 0.04777070063694268 0.028328611898016998
2 0.12420382165605096 0.7714825306893296 0.04140127388535032 0.02077431539187913
2 0.1464968152866242 0.7870632672332389 0.028662420382165606 0.014164305949008499
2 0.15286624203821658 0.6251180358829085 0.03503184713375796 0.024551463644948066
2 0.8335987261146497 0.3550519357884797 0.03662420382165605 0.018885741265344667
2 0.8065286624203822 0.36496694995278567 0.03662420382165605 0.017941454202077434
2 0.7619426751592357 0.3569405099150142 0.030254777070063694 0.02077431539187913
2 0.3550955414012739 0.6463644948064212 0.04777070063694268 0.023607176581680833
2 0.39570063694267515 0.6633616619452314 0.04617834394904459 0.021718602455146365
2 0.356687898089172 0.7006610009442871 0.03503184713375796 0.0169971671388102
2 0.12022292993630573 0.8347497639282342 0.03343949044585987 0.018885741265344667
2 0.3121019108280255 0.8191690273843248 0.0445859872611465 0.033050047214353166
2 0.38136942675159236 0.8149197355996223 0.04299363057324841 0.024551463644948066
2 0.4291401273885351 0.8040604343720491 0.03662420382165605 0.017941454202077434
2 0.4601910828025478 0.8101983002832862 0.03184713375796178 0.0169971671388102
2 0.5063694267515924 0.8035882908404155 0.038216560509554146 0.0226628895184136
2 0.5501592356687899 0.7974504249291785 0.03662420382165605 0.019830028328611898
2 0.5867834394904459 0.7865911237016053 0.039808917197452234 0.0226628895184136
2 0.6719745222929937 0.7795089707271011 0.03184713375796178 0.023607176581680833
2 0.6042993630573249 0.8087818696883853 0.03343949044585987 0.017941454202077434
2 0.4960191082802548 0.7842304060434372 0.027070063694267517 0.016052880075542966
2 0.8805732484076434 0.7337110481586403 0.0445859872611465 0.02644003777148253
2 0.7898089171974523 0.7691218130311616 0.03503184713375796 0.017941454202077434
2 0.8304140127388535 0.7620396600566572 0.039808917197452234 0.0226628895184136
2 0.8678343949044587 0.7880075542965062 0.03503184713375796 0.019830028328611898
2 0.9267515923566879 0.7743153918791313 0.03503184713375796 0.0226628895184136
2 0.9132165605095541 0.7573182247403211 0.03343949044585987 0.015108593012275733
2 0.9498407643312102 0.7148253068932956 0.0589171974522293 0.037771482530689335
2 0.9203821656050956 0.8130311614730878 0.04140127388535032 0.0226628895184136
2 0.8861464968152867 0.8248347497639282 0.04299363057324841 0.0254957507082153
2 0.7523885350318472 0.8305004721435316 0.04617834394904459 0.0254957507082153
2 0.8256369426751593 0.7903682719546743 0.039808917197452234 0.02644003777148253
2 0.6982484076433121 0.8583569405099151 0.030254777070063694 0.02077431539187913
2 0.7078025477707006 0.8824362606232296 0.030254777070063694 0.021718602455146365
2 0.6703821656050956 0.8626062322946176 0.03184713375796178 0.027384324834749764
2 0.8972929936305732 0.8833805476864968 0.06210191082802548 0.0311614730878187
2 0.8184713375796179 0.9084041548630785 0.04777070063694268 0.02644003777148253
2 0.7579617834394905 0.8833805476864968 0.038216560509554146 0.021718602455146365
2 0.7364649681528663 0.9079320113314449 0.039808917197452234 0.021718602455146365
2 0.6719745222929937 0.9145420207743155 0.038216560509554146 0.019830028328611898
2 0.6480891719745223 0.8989612842304061 0.0445859872611465 0.024551463644948066
2 0.7563694267515924 0.9315391879131256 0.0445859872611465 0.021718602455146365
2 0.6154458598726115 0.9575070821529745 0.03662420382165605 0.02077431539187913
2 0.8335987261146497 0.9560906515580737 0.04299363057324841 0.023607176581680833
2 0.8439490445859873 0.9343720491029274 0.06050955414012739 0.0254957507082153
2 0.9068471337579618 0.9277620396600567 0.030254777070063694 0.019830028328611898
2 0.8869426751592357 0.9480642115203022 0.038216560509554146 0.0226628895184136
2 0.5278662420382166 0.9324834749763928 0.039808917197452234 0.023607176581680833
2 0.4657643312101911 0.9230406043437205 0.03662420382165605 0.016052880075542966
2 0.45222929936305734 0.9041548630783759 0.04140127388535032 0.019830028328611898
2 0.4848726114649682 0.8800755429650614 0.039808917197452234 0.024551463644948066
2 0.41958598726114654 0.8796033994334278 0.03662420382165605 0.023607176581680833
2 0.37898089171974525 0.9008498583569405 0.038216560509554146 0.0226628895184136
2 0.34872611464968156 0.8753541076487252 0.038216560509554146 0.02077431539187913
2 0.29538216560509556 0.8819641170915958 0.039808917197452234 0.02644003777148253
2 0.25796178343949044 0.8932955618508027 0.038216560509554146 0.02077431539187913
2 0.18232484076433123 0.9060434372049103 0.039808917197452234 0.019830028328611898
2 0.20939490445859874 0.8701605288007555 0.03343949044585987 0.021718602455146365
2 0.11624203821656051 0.6161473087818697 0.028662420382165606 0.014164305949008499
2 0.3726114649681529 0.18035882908404155 0.03184713375796178 0.0226628895184136
2 0.1855095541401274 0.23040604343720492 0.039808917197452234 0.024551463644948066
2 0.14251592356687898 0.23607176581680833 0.03662420382165605 0.02077431539187913
2 0.2285031847133758 0.1954674220963173 0.03343949044585987 0.018885741265344667
2 0.21178343949044587 0.1161473087818697 0.03503184713375796 0.02077431539187913
2 0.14331210191082802 0.11142587346553352 0.04140127388535032 0.024551463644948066
2 0.5191082802547771 0.11709159584513693 0.04140127388535032 0.013220018885741265
2 0.5031847133757962 0.09915014164305949 0.050955414012738856 0.0169971671388102
2 0.6035031847133758 0.06373937677053824 0.04140127388535032 0.019830028328611898
2 0.7778662420382166 0.19735599622285174 0.04617834394904459 0.02077431539187913
2 0.9219745222929937 0.20821529745042494 0.038216560509554146 0.0254957507082153
2 0.5334394904458599 0.19641170915958453 0.0445859872611465 0.015108593012275733
2 0.08837579617834396 0.3045325779036827 0.030254777070063694 0.016052880075542966
2 0.1305732484076433 0.301699716713881 0.04777070063694268 0.033050047214353166
2 0.9562101910828026 0.28564683663833806 0.030254777070063694 0.023607176581680833
2 0.1727707006369427 0.4338999055712937 0.03343949044585987 0.019830028328611898
2 0.2786624203821656 0.5198300283286119 0.025477707006369428 0.017941454202077434
2 0.7937898089171975 0.8692162417374882 0.06210191082802548 0.0311614730878187
2 0.8574840764331211 0.8626062322946176 0.07802547770700638 0.027384324834749764
2 0.6695859872611465 0.8031161473087819 0.027070063694267517 0.012275731822474033
2 0.7595541401273885 0.7884796978281398 0.025477707006369428 0.02077431539187913
2 0.7953821656050956 0.8196411709159585 0.03343949044585987 0.018885741265344667
2 0.8248407643312102 0.8427762039660057 0.03184713375796178 0.014164305949008499
2 0.12261146496815287 0.8970727101038716 0.03503184713375796 0.015108593012275733
2 0.3280254777070064 0.8536355051935789 0.03503184713375796 0.018885741265344667
2 0.2730891719745223 0.8021718602455147 0.03343949044585987 0.017941454202077434
2 0.27945859872611467 0.7766761095372994 0.02388535031847134 0.017941454202077434
2 0.17515923566878983 0.7625118035882908 0.019108280254777073 0.014164305949008499
2 0.12977707006369427 0.7516525023607177 0.027070063694267517 0.018885741265344667
2 0.18312101910828027 0.7351274787535411 0.028662420382165606 0.017941454202077434
2 0.8670382165605096 0.17988668555240794 0.03662420382165605 0.017941454202077434
2 0.8296178343949046 0.18555240793201133 0.04777070063694268 0.016052880075542966
2 0.8606687898089173 0.2186024551463645 0.03662420382165605 0.017941454202077434
2 0.8909235668789809 0.2181303116147309 0.02070063694267516 0.02077431539187913
2 0.4426751592356688 0.19924457034938622 0.038216560509554146 0.015108593012275733
2 0.06847133757961783 0.21340887629839472 0.03503184713375796 0.013220018885741265
2 0.4864649681528663 0.3914069877242682 0.03343949044585987 0.017941454202077434
2 0.9777070063694268 0.437204910292729 0.0445859872611465 0.024551463644948066
2 0.8638535031847134 0.5141643059490085 0.03343949044585987 0.016052880075542966
2 0.8065286624203822 0.5075542965061379 0.030254777070063694 0.019830028328611898
2 0.3718152866242038 0.5632672332389047 0.03343949044585987 0.017941454202077434
2 0.33837579617834396 0.560434372049103 0.03662420382165605 0.021718602455146365
2 0.07404458598726114 0.6142587346553352 0.039808917197452234 0.019830028328611898
2 0.9896496815286625 0.7124645892351276 0.02070063694267516 0.027384324834749764
2 0.4124203821656051 0.8191690273843248 0.025477707006369428 0.019830028328611898
