2 0.5248713550600344 0.9271844660194174 0.041166380789022294 0.019417475728155338
2 0.6072041166380789 0.9174757281553397 0.030874785591766724 0.015533980582524271
2 0.6629502572898799 0.9126213592233009 0.03602058319039451 0.017475728155339806
2 0.6500857632933105 0.9300970873786407 0.03773584905660377 0.02330097087378641
2 0.4588336192109777 0.9213592233009709 0.032590051457975985 0.021359223300970873
2 0.48713550600343053 0.9281553398058252 0.0274442538593482 0.015533980582524271
2 0.4262435677530017 0.904368932038835 0.03602058319039451 0.018446601941747572
2 0.3936535162950257 0.9242718446601942 0.03602058319039451 0.017475728155339806
2 0.05317324185248713 0.9849514563106796 0.051457975986277875 0.020388349514563107
2 0.032590051457975985 0.9684466019417476 0.048027444253859346 0.024271844660194174
2 0.03344768439108062 0.9402912621359223 0.04974271012006861 0.02233009708737864
2 0.07461406518010291 0.9436893203883495 0.04288164665523156 0.027184466019417475
2 0.1097770154373928 0.9543689320388349 0.03430531732418525 0.013592233009708738
2 0.14922813036020582 0.9504854368932039 0.041166380789022294 0.02330097087378641
2 0.1672384219554031 0.9213592233009709 0.060034305317324184 0.02524271844660194
2 0.17495711835334476 0.945631067961165 0.030874785591766724 0.019417475728155338
2 0.29245283018867924 0.9490291262135921 0.04288164665523156 0.026213592233009706
2 0.3421955403087478 0.8893203883495145 0.04288164665523156 0.02524271844660194
2 0.37993138936535165 0.8961165048543689 0.03602058319039451 0.021359223300970873
2 0.40909090909090906 0.8757281553398057 0.03945111492281304 0.02330097087378641
2 0.4099485420240137 0.8436893203883494 0.051457975986277875 0.027184466019417475
2 0.46397941680960547 0.8543689320388349 0.05317324185248713 0.02524271844660194
2 0.5728987993138936 0.8669902912621359 0.03773584905660377 0.019417475728155338
2 0.5874785591766724 0.8359223300970874 0.03602058319039451 0.021359223300970873
2 0.6166380789022299 0.8519417475728155 0.02915951972555746 0.018446601941747572
2 0.6586620926243567 0.8495145631067961 0.03430531732418525 0.017475728155339806
2 0.7349914236706689 0.8490291262135922 0.032590051457975985 0.020388349514563107
2 0.7924528301886792 0.8349514563106796 0.03773584905660377 0.017475728155339806
2 0.4468267581475129 0.8354368932038835 0.032590051457975985 0.02233009708737864
2 0.30445969125214406 0.8393203883495145 0.03602058319039451 0.020388349514563107
2 0.258147512864494 0.8179611650485437 0.03602058319039451 0.020388349514563107
2 0.2169811320754717 0.8184466019417476 0.032590051457975985 0.017475728155339806
2 0.20240137221269297 0.8330097087378641 0.03430531732418525 0.017475728155339806
2 0.1483704974271012 0.8315533980582523 0.03602058319039451 0.02233009708737864
2 0.8584905660377359 0.8689320388349514 0.02915951972555746 0.015533980582524271
2 0.09519725557461406 0.7417475728155339 0.04974271012006861 0.02524271844660194
2 0.17667238421955403 0.7587378640776699 0.03773584905660377 0.024271844660194174
2 0.24271012006861062 0.7679611650485436 0.04631217838765009 0.027184466019417475
2 0.3439108061749571 0.7674757281553398 0.060034305317324184 0.026213592233009706
2 0.4313893653516295 0.7417475728155339 0.03945111492281304 0.017475728155339806
2 0.37993138936535165 0.7155339805825243 0.03602058319039451 0.017475728155339806
2 0.4751286449399657 0.7072815533980582 0.03430531732418525 0.018446601941747572
2 0.4982847341337907 0.7441747572815534 0.03945111492281304 0.024271844660194174
2 0.5377358490566038 0.7548543689320388 0.04288164665523156 0.026213592233009706
2 0.6740994854202401 0.7621359223300971 0.044596912521440824 0.029126213592233007
2 0.7478559176672384 0.7402912621359223 0.03430531732418525 0.024271844660194174
2 0.7572898799313894 0.6470873786407767 0.04288164665523156 0.024271844660194174
2 0.8310463121783876 0.6383495145631067 0.03602058319039451 0.016504854368932037
2 0.6998284734133791 0.6514563106796116 0.030874785591766724 0.015533980582524271
2 0.6397941680960548 0.6451456310679612 0.03773584905660377 0.020388349514563107
2 0.6749571183533447 0.6203883495145631 0.04974271012006861 0.019417475728155338
2 0.5926243567753001 0.7621359223300971 0.032590051457975985 0.013592233009708738
2 0.48027444253859347 0.6514563106796116 0.03773584905660377 0.021359223300970873
2 0.4536878216123499 0.6422330097087379 0.04631217838765009 0.02815533980582524
2 0.258147512864494 0.6490291262135922 0.03602058319039451 0.018446601941747572
2 0.07547169811320754 0.6519417475728155 0.0274442538593482 0.020388349514563107
2 0.15437392795883362 0.5679611650485437 0.030874785591766724 0.02524271844660194
2 0.19210977701543738 0.5393203883495146 0.03430531732418525 0.018446601941747572
2 0.12006861063464837 0.5519417475728156 0.03430531732418525 0.018446601941747572
2 0.04631217838765009 0.5339805825242718 0.03773584905660377 0.02524271844660194
2 0.30874785591766724 0.5519417475728156 0.03773584905660377 0.020388349514563107
2 0.34991423670668953 0.5694174757281553 0.044596912521440824 0.018446601941747572
2 0.39193825042881647 0.5533980582524272 0.03945111492281304 0.019417475728155338
2 0.4125214408233276 0.5791262135922329 0.03602058319039451 0.024271844660194174
2 0.46054888507718694 0.5689320388349515 0.03602058319039451 0.019417475728155338
2 0.5034305317324185 0.5669902912621358 0.03602058319039451 0.02524271844660194
2 0.5960548885077187 0.5407766990291262 0.04631217838765009 0.029126213592233007
2 0.6003430531732419 0.5703883495145631 0.06174957118353345 0.018446601941747572
2 0.7101200686106346 0.5713592233009709 0.03430531732418525 0.018446601941747572
2 0.5420240137221269 0.4966019417475728 0.03773584905660377 0.020388349514563107
2 0.614065180102916 0.5014563106796116 0.041166380789022294 0.020388349514563107
2 0.7066895368782161 0.4728155339805825 0.0274442538593482 0.019417475728155338
2 0.6689536878216124 0.466504854368932 0.041166380789022294 0.024271844660194174
2 0.741852487135506 0.4907766990291262 0.03602058319039451 0.016504854368932037
2 0.9048027444253859 0.5058252427184465 0.02915951972555746 0.021359223300970873
2 0.7890222984562607 0.4844660194174757 0.041166380789022294 0.021359223300970873
2 0.7109777015437393 0.43106796116504853 0.03602058319039451 0.019417475728155338
2 0.6166380789022299 0.4533980582524272 0.03945111492281304 0.017475728155339806
2 0.5806174957118353 0.47135922330097085 0.032590051457975985 0.016504854368932037
2 0.4391080617495712 0.48300970873786403 0.0274442538593482 0.016504854368932037
2 0.4648370497427101 0.479126213592233 0.024013722126929673 0.018446601941747572
2 0.5171526586620926 0.46844660194174753 0.032590051457975985 0.014563106796116504
2 0.45969125214408235 0.45728155339805826 0.0274442538593482 0.015533980582524271
2 0.4099485420240137 0.458252427184466 0.03430531732418525 0.021359223300970873
2 0.3833619210977702 0.47087378640776695 0.03602058319039451 0.019417475728155338
2 0.3327615780445969 0.49805825242718443 0.03773584905660377 0.019417475728155338
2 0.3319039451114923 0.45242718446601937 0.03602058319039451 0.021359223300970873
2 0.2564322469982847 0.4805825242718446 0.03602058319039451 0.021359223300970873
2 0.19982847341337906 0.4514563106796116 0.03602058319039451 0.021359223300970873
2 0.18267581475128644 0.4878640776699029 0.03602058319039451 0.018446601941747572
2 0.137221269296741 0.495631067961165 0.03773584905660377 0.024271844660194174
2 0.08662092624356775 0.48592233009708735 0.04631217838765009 0.026213592233009706
2 0.09519725557461406 0.4436893203883495 0.04288164665523156 0.021359223300970873
2 0.7572898799313894 0.4087378640776699 0.032590051457975985 0.019417475728155338
2 0.7024013722126929 0.3883495145631068 0.03602058319039451 0.019417475728155338
2 0.6320754716981132 0.39126213592233006 0.032590051457975985 0.019417475728155338
2 0.5540308747855918 0.41310679611650486 0.041166380789022294 0.026213592233009706
2 0.5771869639794168 0.3820388349514563 0.032590051457975985 0.018446601941747572
2 0.5111492281303602 0.41504854368932037 0.03773584905660377 0.02233009708737864
2 0.5034305317324185 0.38106796116504854 0.03945111492281304 0.02233009708737864
2 0.46226415094339623 0.38543689320388347 0.03945111492281304 0.021359223300970873
2 0.44768439108061747 0.41504854368932037 0.051457975986277875 0.026213592233009706
2 0.3936535162950257 0.4199029126213592 0.02915951972555746 0.01262135922330097
2 0.3996569468267581 0.3839805825242718 0.051457975986277875 0.030097087378640777
2 0.3439108061749571 0.3995145631067961 0.03602058319039451 0.02233009708737864
2 0.3130360205831904 0.3699029126213592 0.03602058319039451 0.019417475728155338
2 0.27958833619210977 0.3946601941747573 0.051457975986277875 0.024271844660194174
2 0.22384219554030874 0.3694174757281553 0.04288164665523156 0.024271844660194174
2 0.20840480274442538 0.3936893203883495 0.03602058319039451 0.018446601941747572
2 0.17581475128644938 0.37233009708737863 0.03945111492281304 0.020388349514563107
2 0.1157804459691252 0.4014563106796116 0.04288164665523156 0.026213592233009706
2 0.10634648370497427 0.3631067961165048 0.03773584905660377 0.021359223300970873
2 0.14150943396226415 0.30339805825242716 0.04288164665523156 0.024271844660194174
2 0.11921097770154374 0.31359223300970873 0.032590051457975985 0.02524271844660194
2 0.20668953687821612 0.30145631067961165 0.03945111492281304 0.02233009708737864
2 0.22984562607204118 0.3029126213592233 0.030874785591766724 0.021359223300970873
2 0.28987993138936535 0.30970873786407765 0.03773584905660377 0.019417475728155338
2 0.32847341337907376 0.30145631067961165 0.03945111492281304 0.026213592233009706
2 0.3602058319039451 0.3174757281553398 0.048027444253859346 0.02330097087378641
2 0.4073756432246998 0.2980582524271845 0.03945111492281304 0.019417475728155338
2 0.4408233276157804 0.3150485436893204 0.03773584905660377 0.02233009708737864
2 0.48456260720411665 0.34466019417475724 0.04974271012006861 0.02524271844660194
2 0.5094339622641509 0.31844660194174756 0.048027444253859346 0.02330097087378641
2 0.5531732418524872 0.329126213592233 0.04974271012006861 0.021359223300970873
2 0.5797598627787307 0.30679611650485433 0.048027444253859346 0.02524271844660194
2 0.6552315608919382 0.29854368932038833 0.03773584905660377 0.018446601941747572
2 0.6680960548885078 0.32669902912621357 0.04288164665523156 0.024271844660194174
2 0.6955403087478559 0.30776699029126214 0.04288164665523156 0.02330097087378641
2 0.7041166380789022 0.33058252427184465 0.025728987993138937 0.020388349514563107
2 0.7298456260720412 0.3169902912621359 0.03945111492281304 0.026213592233009706
2 0.7761578044596913 0.32233009708737864 0.04288164665523156 0.021359223300970873
2 0.30874785591766724 0.27427184466019416 0.041166380789022294 0.02233009708737864
2 0.2684391080617496 0.2757281553398058 0.03602058319039451 0.019417475728155338
2 0.2307032590051458 0.2650485436893204 0.032590051457975985 0.017475728155339806
2 0.2718696397941681 0.22718446601941747 0.032590051457975985 0.021359223300970873
2 0.20754716981132076 0.22427184466019418 0.03430531732418525 0.019417475728155338
2 0.16295025728987994 0.2004854368932039 0.030874785591766724 0.018446601941747572
2 0.2950257289879931 0.17524271844660194 0.03773584905660377 0.018446601941747572
2 0.46226415094339623 0.1796116504854369 0.03602058319039451 0.021359223300970873
2 0.5626072041166381 0.19757281553398057 0.03430531732418525 0.018446601941747572
2 0.483704974271012 0.21990291262135922 0.041166380789022294 0.02233009708737864
2 0.5222984562607204 0.2320388349514563 0.03945111492281304 0.019417475728155338
2 0.5531732418524872 0.2203883495145631 0.03945111492281304 0.021359223300970873
2 0.5994854202401372 0.22378640776699027 0.04288164665523156 0.02233009708737864
2 0.6286449399656947 0.20922330097087377 0.03602058319039451 0.020388349514563107
2 0.6638078902229846 0.24223300970873785 0.03773584905660377 0.018446601941747572
2 0.6903945111492281 0.23883495145631067 0.03945111492281304 0.02330097087378641
2 0.6869639794168096 0.15097087378640775 0.03945111492281304 0.02233009708737864
2 0.6792452830188679 0.20194174757281552 0.03430531732418525 0.015533980582524271
2 0.7718696397941681 0.22378640776699027 0.03430531732418525 0.024271844660194174
2 0.8473413379073756 0.1354368932038835 0.0548885077186964 0.026213592233009706
2 0.7126929674099486 0.5262135922330097 0.04974271012006861 0.021359223300970873
2 0.33104631217838765 0.10194174757281553 0.03430531732418525 0.019417475728155338
2 0.36106346483704976 0.0970873786407767 0.032590051457975985 0.017475728155339806
2 0.24271012006861062 0.09563106796116505 0.032590051457975985 0.020388349514563107
2 0.06518010291595197 0.22233009708737864 0.048027444253859346 0.027184466019417475
2 0.026586620926243566 0.25097087378640776 0.04974271012006861 0.030097087378640777
2 0.10205831903945112 0.24757281553398058 0.05660377358490566 0.027184466019417475
2 0.02830188679245283 0.18592233009708736 0.04974271012006861 0.026213592233009706
2 0.04288164665523156 0.2975728155339806 0.041166380789022294 0.02233009708737864
2 0.49313893653516294 0.09417475728155339 0.03945111492281304 0.02330097087378641
2 0.08576329331046312 0.1699029126213592 0.030874785591766724 0.019417475728155338
2 0.08662092624356775 0.18834951456310678 0.04974271012006861 0.029126213592233007
2 0.11234991423670669 0.20097087378640777 0.032590051457975985 0.019417475728155338
2 0.024013722126929673 0.079126213592233 0.044596912521440824 0.02815533980582524
2 0.09862778730703259 0.07135922330097087 0.02915951972555746 0.016504854368932037
2 0.16295025728987994 0.09466019417475728 0.044596912521440824 0.016504854368932037
2 0.29245283018867924 0.07427184466019417 0.03602058319039451 0.01262135922330097
2 0.8276157804459691 0.23592233009708738 0.025728987993138937 0.019417475728155338
2 0.018010291595197254 0.14417475728155338 0.032590051457975985 0.016504854368932037
2 0.022298456260720412 0.12475728155339805 0.041166380789022294 0.016504854368932037
2 0.01457975986277873 0.30339805825242716 0.025728987993138937 0.026213592233009706
2 0.05317324185248713 0.2752427184466019 0.048027444253859346 0.02815533980582524
2 0.05917667238421955 0.2553398058252427 0.022298456260720412 0.013592233009708738
2 0.25900514579759865 0.3 0.024013722126929673 0.015533980582524271
2 0.8490566037735849 0.31796116504854366 0.0274442538593482 0.024271844660194174
2 0.011149228130360206 0.6606796116504854 0.018867924528301886 0.024271844660194174
2 0.02144082332761578 0.9111650485436893 0.03945111492281304 0.026213592233009706
2 0.02144082332761578 0.8776699029126214 0.03945111492281304 0.02524271844660194
2 0.5463121783876501 0.9024271844660193 0.025728987993138937 0.018446601941747572
2 0.016295025728987993 0.7417475728155339 0.02915951972555746 0.027184466019417475
