2 0.02530674846625767 0.046979865771812075 0.032208588957055216 0.01725790987535954
2 0.07975460122699386 0.07142857142857142 0.046012269938650305 0.031639501438159155
2 0.1142638036809816 0.08916586768935762 0.05061349693251534 0.023010546500479387
2 0.04141104294478528 0.07957813998082454 0.03680981595092025 0.02109300095877277
2 0.04524539877300614 0.09923298178331735 0.0352760736196319 0.012464046021093
2 0.09279141104294479 0.046021093000958774 0.03834355828220859 0.019175455417066153
2 0.25 0.06903163950143816 0.046012269938650305 0.02876318312559923
2 0.294478527607362 0.037392138063279 0.049079754601226995 0.02876318312559923
2 0.36733128834355827 0.06903163950143816 0.04754601226993865 0.02876318312559923
2 0.4654907975460123 0.032598274209012464 0.0352760736196319 0.026845637583892617
2 0.5015337423312883 0.05944391179290508 0.04294478527607362 0.026845637583892617
2 0.5728527607361963 0.029242569511025884 0.05674846625766871 0.03355704697986577
2 0.7131901840490797 0.037392138063279 0.04294478527607362 0.026845637583892617
2 0.7009202453987731 0.07430488974113135 0.03987730061349693 0.037392138063279
2 0.8650306748466258 0.07861936720997123 0.049079754601226995 0.024928092042186
2 0.3182515337423313 0.09683604985618408 0.0352760736196319 0.019175455417066153
2 0.9256134969325154 0.1514860977948226 0.0352760736196319 0.026845637583892617
2 0.8366564417177914 0.18648130393096835 0.03834355828220859 0.02588686481303931
2 0.7262269938650306 0.16682646212847554 0.0352760736196319 0.023010546500479387
2 0.6280674846625767 0.1682646212847555 0.05061349693251534 0.02588686481303931
2 0.5015337423312883 0.1486097794822627 0.03987730061349693 0.024928092042186
2 0.5774539877300614 0.17785234899328858 0.0352760736196319 0.020134228187919462
2 0.5337423312883436 0.17641418983700863 0.03987730061349693 0.02109300095877277
2 0.41641104294478526 0.1725790987535954 0.05061349693251534 0.026845637583892617
2 0.3558282208588957 0.16059443911792903 0.03067484662576687 0.023969319271332692
2 0.3006134969325153 0.17689357622243526 0.04294478527607362 0.023969319271332692
2 0.24386503067484663 0.14621284755512942 0.049079754601226995 0.02588686481303931
2 0.21242331288343558 0.16155321188878236 0.02914110429447853 0.02205177372962608
2 0.2308282208588957 0.1754554170661553 0.0352760736196319 0.02109300095877277
2 0.17331288343558282 0.1486097794822627 0.046012269938650305 0.030680728667305847
2 0.12193251533742332 0.16203259827420902 0.03834355828220859 0.026845637583892617
2 0.08588957055214724 0.13039309683604985 0.03067484662576687 0.02109300095877277
2 0.10506134969325154 0.24065196548418025 0.032208588957055216 0.02109300095877277
2 0.1418711656441718 0.21860019175455417 0.026073619631901843 0.01725790987535954
2 0.18481595092024541 0.23633748801534035 0.0352760736196319 0.02588686481303931
2 0.31671779141104295 0.2420901246404602 0.032208588957055216 0.023969319271332692
2 0.3535276073619632 0.2545541706615532 0.04141104294478528 0.02205177372962608
2 0.37576687116564417 0.23873441994247363 0.03987730061349693 0.024928092042186
2 0.4639570552147239 0.24832214765100669 0.0352760736196319 0.024928092042186
2 0.6065950920245399 0.2430488974113135 0.0352760736196319 0.023969319271332692
2 0.6610429447852761 0.2233940556088207 0.03987730061349693 0.024928092042186
2 0.7354294478527608 0.23154362416107382 0.03834355828220859 0.02588686481303931
2 0.781441717791411 0.26174496644295303 0.032208588957055216 0.02109300095877277
2 0.718558282208589 0.26605944391179287 0.032208588957055216 0.02205177372962608
2 0.8627300613496933 0.2430488974113135 0.02914110429447853 0.020134228187919462
2 0.8788343558282209 0.3302972195589645 0.03067484662576687 0.02588686481303931
2 0.6142638036809817 0.36337488015340363 0.04141104294478528 0.01725790987535954
2 0.3128834355828221 0.3537871524448705 0.04294478527607362 0.02876318312559923
2 0.24386503067484663 0.33317353787152443 0.03067484662576687 0.020134228187919462
2 0.1687116564417178 0.313039309683605 0.04294478527607362 0.02588686481303931
2 0.1365030674846626 0.34755512943432404 0.04294478527607362 0.023969319271332692
2 0.2200920245398773 0.4103547459252157 0.04447852760736196 0.026845637583892617
2 0.26993865030674846 0.41850431447746883 0.046012269938650305 0.02588686481303931
2 0.2983128834355828 0.39405560882070945 0.06901840490797546 0.030680728667305847
2 0.29524539877300615 0.43576222435282835 0.04754601226993865 0.023969319271332692
2 0.37346625766871167 0.4060402684563758 0.02914110429447853 0.020134228187919462
2 0.8604294478527608 0.39932885906040266 0.03680981595092025 0.016299137104506232
2 0.7799079754601227 0.4779482262703739 0.032208588957055216 0.02972195589645254
2 0.7047546012269938 0.5071907957813998 0.032208588957055216 0.02109300095877277
2 0.4976993865030675 0.4117929050814957 0.026073619631901843 0.018216682646212845
2 0.6648773006134969 0.4089165867689357 0.02914110429447853 0.016299137104506232
2 0.8688650306748467 0.5206136145733461 0.04754601226993865 0.032598274209012464
2 0.34432515337423314 0.48370086289549374 0.0352760736196319 0.023969319271332692
2 0.36963190184049083 0.5023969319271332 0.03987730061349693 0.023010546500479387
2 0.27837423312883436 0.4884947267497603 0.04141104294478528 0.02205177372962608
2 0.2446319018404908 0.48945349952061357 0.023006134969325152 0.014381591562799615
2 0.0843558282208589 0.5340364333652924 0.02147239263803681 0.015340364333652923
2 0.12193251533742332 0.5254074784276126 0.05061349693251534 0.030680728667305847
2 0.07668711656441718 0.5834132310642377 0.03680981595092025 0.027804410354745925
2 0.1111963190184049 0.5862895493767977 0.0352760736196319 0.02972195589645254
2 0.14340490797546013 0.5805369127516778 0.02914110429447853 0.020134228187919462
2 0.1794478527607362 0.5819750719079578 0.03374233128834356 0.024928092042186
2 0.23466257668711657 0.5685522531160114 0.03987730061349693 0.030680728667305847
2 0.2691717791411043 0.5944391179290508 0.03834355828220859 0.02876318312559923
2 0.321319018404908 0.5541706615532118 0.023006134969325152 0.019175455417066153
2 0.36809815950920244 0.5637583892617449 0.03374233128834356 0.023010546500479387
2 0.4003067484662577 0.5910834132310642 0.04294478527607362 0.027804410354745925
2 0.43941717791411045 0.5953978906999041 0.04141104294478528 0.032598274209012464
2 0.48542944785276076 0.6001917545541706 0.03834355828220859 0.026845637583892617
2 0.5184049079754601 0.5771812080536912 0.046012269938650305 0.030680728667305847
2 0.5391104294478528 0.610738255033557 0.0352760736196319 0.026845637583892617
2 0.6372699386503068 0.5824544582933845 0.03834355828220859 0.023969319271332692
2 0.6909509202453988 0.6011505273250239 0.05368098159509203 0.02876318312559923
2 0.7776073619631902 0.6102588686481304 0.04294478527607362 0.02588686481303931
2 0.8811349693251534 0.6035474592521572 0.04141104294478528 0.02588686481303931
2 0.8144171779141105 0.6529242569511026 0.03987730061349693 0.030680728667305847
2 0.7937116564417178 0.6797698945349951 0.04141104294478528 0.026845637583892617
2 0.8496932515337423 0.6821668264621285 0.03374233128834356 0.031639501438159155
2 0.7308282208588958 0.6720997123681687 0.0352760736196319 0.02109300095877277
2 0.7415644171779141 0.6927133269415148 0.05368098159509203 0.018216682646212845
2 0.7024539877300614 0.6514860977948226 0.03680981595092025 0.02205177372962608
2 0.6388036809815951 0.6912751677852349 0.04754601226993865 0.02876318312559923
2 0.6058282208588958 0.6764141898370086 0.03987730061349693 0.020134228187919462
2 0.5337423312883436 0.6768935762224353 0.03680981595092025 0.02876318312559923
2 0.5023006134969326 0.6821668264621285 0.026073619631901843 0.027804410354745925
2 0.36503067484662577 0.6706615532118887 0.03680981595092025 0.02588686481303931
2 0.3029141104294479 0.6558005752636624 0.032208588957055216 0.01725790987535954
2 0.25460122699386506 0.6558005752636624 0.04294478527607362 0.019175455417066153
2 0.2691717791411043 0.634228187919463 0.032208588957055216 0.023969319271332692
2 0.20475460122699388 0.6390220517737296 0.0352760736196319 0.023969319271332692
2 0.14877300613496933 0.6553211888782359 0.03374233128834356 0.016299137104506232
2 0.09125766871165644 0.6433365292425695 0.026073619631901843 0.02109300095877277
2 0.8128834355828221 0.7128475551294343 0.018404907975460124 0.027804410354745925
2 0.7929447852760736 0.7526366251198465 0.03067484662576687 0.01725790987535954
2 0.8949386503067485 0.8192713326941514 0.04141104294478528 0.027804410354745925
2 0.6679447852760736 0.7823585810162991 0.02914110429447853 0.02109300095877277
2 0.6004601226993865 0.7761265580057526 0.0352760736196319 0.023969319271332692
2 0.5697852760736196 0.7895493767976989 0.04141104294478528 0.027804410354745925
2 0.5283742331288344 0.7809204218600191 0.04141104294478528 0.020134228187919462
2 0.3343558282208589 0.7454458293384467 0.03374233128834356 0.020134228187919462
2 0.16564417177914112 0.7511984659635665 0.03067484662576687 0.02205177372962608
2 0.35199386503067487 0.7713326941514861 0.032208588957055216 0.018216682646212845
2 0.3512269938650307 0.7905081495685522 0.024539877300613498 0.014381591562799615
2 0.09892638036809816 0.8302972195589645 0.05368098159509203 0.02876318312559923
2 0.037576687116564415 0.8398849472674975 0.04754601226993865 0.02109300095877277
2 0.23466257668711657 0.8576222435282838 0.049079754601226995 0.02972195589645254
2 0.17638036809815952 0.9060402684563758 0.03680981595092025 0.024928092042186
2 0.21549079754601227 0.9022051773729626 0.04447852760736196 0.026845637583892617
2 0.25153374233128833 0.9180249280920422 0.049079754601226995 0.031639501438159155
2 0.31901840490797545 0.898849472674976 0.03987730061349693 0.020134228187919462
2 0.29984662576687116 0.8763183125599232 0.04447852760736196 0.024928092042186
2 0.4210122699386503 0.8245445829338446 0.04141104294478528 0.024928092042186
2 0.48006134969325154 0.8427612655800575 0.03374233128834356 0.024928092042186
2 0.5774539877300614 0.9002876318312559 0.04447852760736196 0.026845637583892617
2 0.6357361963190185 0.8705656759348034 0.04141104294478528 0.019175455417066153
2 0.6641104294478528 0.8499520613614573 0.03374233128834356 0.02205177372962608
2 0.7806748466257669 0.8911792905081495 0.049079754601226995 0.031639501438159155
2 0.9026073619631902 0.9141898370086289 0.0352760736196319 0.020134228187919462
2 0.5736196319018405 0.9271332694151485 0.024539877300613498 0.009587727708533077
2 0.7200920245398773 0.9146692233940555 0.0352760736196319 0.01725790987535954
2 0.16947852760736196 0.8571428571428571 0.026073619631901843 0.013422818791946308
2 0.7262269938650306 0.5714285714285714 0.0352760736196319 0.015340364333652923
2 0.09125766871165644 0.5052732502396932 0.02914110429447853 0.013422818791946308
2 0.12960122699386503 0.40076701821668265 0.026073619631901843 0.024928092042186
2 0.07668711656441718 0.3307766059443912 0.046012269938650305 0.019175455417066153
2 0.13420245398773006 0.05848513902205177 0.03834355828220859 0.023010546500479387
2 0.5881901840490797 0.35282837967401726 0.032208588957055216 0.013422818791946308
2 0.48773006134969327 0.509587727708533 0.027607361963190184 0.02205177372962608
2 0.16564417177914112 0.5325982742090124 0.024539877300613498 0.018216682646212845
2 0.593558282208589 0.5450623202301055 0.018404907975460124 0.012464046021093
2 0.8366564417177914 0.8830297219558964 0.019938650306748466 0.015340364333652923
2 0.34969325153374237 0.5925215723873442 0.03067484662576687 0.019175455417066153
2 0.5789877300613497 0.0052732502396931925 0.023006134969325152 0.00862895493767977
2 0.174079754601227 0.4156279961649089 0.0352760736196319 0.02205177372962608
2 0.7392638036809817 0.8772770853307765 0.018404907975460124 0.011505273250239693
2 0.781441717791411 0.4161073825503355 0.026073619631901843 0.023010546500479387
2 0.02070552147239264 0.8518696069031639 0.03834355828220859 0.023969319271332692
