2 0.15372168284789645 0.00839091806515301 0.03883495145631068 0.014807502467917077
2 0.20307443365695793 0.020236920039486673 0.0372168284789644 0.018756169792694965
2 0.2411003236245955 0.017275419545903257 0.03883495145631068 0.026653504442250738
2 0.4110032362459547 0.04146100691016782 0.05501618122977347 0.02764067127344521
2 0.45226537216828483 0.06860809476801578 0.04045307443365696 0.02862783810463968
2 0.4085760517799353 0.06860809476801578 0.03398058252427184 0.02073050345508391
2 0.3220064724919094 0.0784797630799605 0.05177993527508091 0.02862783810463968
2 0.19741100323624597 0.08687068114511352 0.05177993527508091 0.02764067127344521
2 0.055825242718446605 0.06663376110562684 0.05016181229773463 0.034550839091806514
2 0.07281553398058253 0.10019743336623889 0.042071197411003236 0.018756169792694965
2 0.11084142394822007 0.1278381046396841 0.04045307443365696 0.02073050345508391
2 0.15776699029126215 0.13425468904244817 0.03074433656957929 0.01579466929911155
2 0.18284789644012947 0.14758144126357353 0.03559870550161812 0.02073050345508391
2 0.10517799352750809 0.1732477788746298 0.042071197411003236 0.024679170779861793
2 0.1593851132686084 0.1663376110562685 0.043689320388349516 0.022704837117472853
2 0.2184466019417476 0.18114511352418558 0.042071197411003236 0.02073050345508391
2 0.26294498381877024 0.1786771964461994 0.0372168284789644 0.025666337611056265
2 0.25 0.14610069101678183 0.0372168284789644 0.017769002961500493
2 0.3033980582524272 0.16584402764067127 0.0372168284789644 0.02171767028627838
2 0.3268608414239482 0.17966436327739388 0.03883495145631068 0.02171767028627838
2 0.33737864077669905 0.19891411648568608 0.03074433656957929 0.018756169792694965
2 0.3648867313915858 0.19891411648568608 0.03074433656957929 0.022704837117472853
2 0.38511326860841427 0.17423494570582426 0.05501618122977347 0.02073050345508391
2 0.39967637540453077 0.19151036525172752 0.03559870550161812 0.019743336623889437
2 0.4271844660194175 0.18608094768015793 0.03883495145631068 0.02073050345508391
2 0.45469255663430425 0.20582428430404737 0.03559870550161812 0.022704837117472853
2 0.5234627831715211 0.21618953603158933 0.043689320388349516 0.025666337611056265
2 0.5444983818770227 0.23889437314906217 0.0372168284789644 0.025666337611056265
2 0.45226537216828483 0.15004935834155972 0.043689320388349516 0.025666337611056265
2 0.5032362459546926 0.14363277393879564 0.045307443365695796 0.026653504442250738
2 0.3762135922330097 0.1377097729516288 0.04045307443365696 0.024679170779861793
2 0.0703883495145631 0.1910167818361303 0.027508090614886734 0.02073050345508391
2 0.4498381877022654 0.10513326752221125 0.03883495145631068 0.014807502467917077
2 0.4878640776699029 0.09328726554787758 0.03074433656957929 0.012833168805528133
2 0.5978964401294499 0.06712734452122408 0.05016181229773463 0.025666337611056265
2 0.6529126213592233 0.06663376110562684 0.0372168284789644 0.02073050345508391
2 0.6909385113268609 0.053307008884501475 0.045307443365695796 0.02369200394866732
2 0.7289644012944985 0.0784797630799605 0.04045307443365696 0.024679170779861793
2 0.8179611650485438 0.08341559723593286 0.05016181229773463 0.02862783810463968
2 0.848705501618123 0.06367226061204342 0.046925566343042076 0.02073050345508391
2 0.5250809061488674 0.06021717670286278 0.043689320388349516 0.025666337611056265
2 0.6893203883495146 0.14955577492596248 0.05177993527508091 0.022704837117472853
2 0.6173139158576052 0.14659427443237907 0.05339805825242719 0.024679170779861793
2 0.5461165048543689 0.1747285291214215 0.043689320388349516 0.02369200394866732
2 0.5954692556634305 0.1762092793682132 0.045307443365695796 0.02073050345508391
2 0.6375404530744336 0.18311944718657452 0.03236245954692557 0.022704837117472853
2 0.691747572815534 0.18114511352418558 0.05016181229773463 0.026653504442250738
2 0.7669902912621359 0.16831194471865743 0.04854368932038835 0.024679170779861793
2 0.8220064724919094 0.15202369200394866 0.03883495145631068 0.02369200394866732
2 0.14320388349514565 0.1954590325765054 0.04045307443365696 0.02171767028627838
2 0.1383495145631068 0.21421520236920039 0.05339805825242719 0.019743336623889437
2 0.11245954692556635 0.23889437314906217 0.05016181229773463 0.025666337611056265
2 0.12135922330097088 0.2650542941757157 0.042071197411003236 0.02073050345508391
2 0.1820388349514563 0.2833168805528134 0.05016181229773463 0.02764067127344521
2 0.25970873786407767 0.25222112537018754 0.043689320388349516 0.022704837117472853
2 0.30016181229773464 0.2541954590325765 0.04045307443365696 0.022704837117472853
2 0.34385113268608414 0.2680157946692991 0.0372168284789644 0.024679170779861793
2 0.3737864077669903 0.26456071076011844 0.042071197411003236 0.02171767028627838
2 0.42394822006472493 0.27443237907206314 0.045307443365695796 0.02764067127344521
2 0.49029126213592233 0.2625863770977295 0.04854368932038835 0.02764067127344521
2 0.4482200647249191 0.28677196446199404 0.042071197411003236 0.02073050345508391
2 0.6181229773462783 0.2487660414610069 0.05177993527508091 0.02369200394866732
2 0.5744336569579288 0.2764067127344521 0.03883495145631068 0.02171767028627838
2 0.5711974110032363 0.3050345508390918 0.05177993527508091 0.025666337611056265
2 0.622168284789644 0.2833168805528134 0.046925566343042076 0.02764067127344521
2 0.6585760517799353 0.271964461994077 0.03883495145631068 0.022704837117472853
2 0.7038834951456311 0.2472852912142152 0.04854368932038835 0.02862783810463968
2 0.7241100323624596 0.27147087857847974 0.04045307443365696 0.02171767028627838
2 0.8106796116504855 0.26653504442250736 0.05177993527508091 0.03356367226061204
2 0.8907766990291263 0.23741362290227047 0.04045307443365696 0.026653504442250738
2 0.7928802588996764 0.2986179664363277 0.03559870550161812 0.022704837117472853
2 0.8292880258899676 0.2976307996051332 0.04045307443365696 0.022704837117472853
2 0.9110032362459547 0.29615004935834155 0.03236245954692557 0.02171767028627838
2 0.8640776699029127 0.35932872655478776 0.03883495145631068 0.029615004935834154
2 0.8956310679611651 0.40572556762092793 0.05663430420711974 0.02764067127344521
2 0.8567961165048544 0.4264560710760118 0.05016181229773463 0.02764067127344521
2 0.8737864077669903 0.4521224086870681 0.03883495145631068 0.02369200394866732
2 0.8122977346278317 0.46150049358341555 0.05501618122977347 0.022704837117472853
2 0.7572815533980582 0.42991115498519245 0.04854368932038835 0.026653504442250738
2 0.772653721682848 0.4481737413622902 0.04045307443365696 0.019743336623889437
2 0.7152103559870551 0.45656465942744323 0.05501618122977347 0.024679170779861793
2 0.6488673139158576 0.4536031589338598 0.05825242718446602 0.026653504442250738
2 0.5889967637540453 0.4358341559723593 0.045307443365695796 0.026653504442250738
2 0.5161812297734628 0.42201382033563667 0.04854368932038835 0.024679170779861793
2 0.4741100323624596 0.45162882527147086 0.05177993527508091 0.02862783810463968
2 0.5088996763754046 0.4723593287265548 0.046925566343042076 0.026653504442250738
2 0.41828478964401294 0.4521224086870681 0.05016181229773463 0.02171767028627838
2 0.34546925566343045 0.45853899308983215 0.0598705501618123 0.030602171767028626
2 0.2354368932038835 0.4427443237907206 0.043689320388349516 0.0384995064165844
2 0.19741100323624597 0.39684106614017767 0.05825242718446602 0.025666337611056265
2 0.11893203883495146 0.4437314906219151 0.07928802588996764 0.022704837117472853
2 0.17313915857605178 0.46544916090819344 0.042071197411003236 0.022704837117472853
2 0.1156957928802589 0.3534057255676209 0.046925566343042076 0.02764067127344521
2 0.22411003236245955 0.33070088845014806 0.0598705501618123 0.025666337611056265
2 0.1941747572815534 0.3524185587364264 0.05177993527508091 0.025666337611056265
2 0.3187702265372168 0.324284304047384 0.05177993527508091 0.024679170779861793
2 0.3503236245954693 0.3504442250740375 0.043689320388349516 0.02764067127344521
2 0.39482200647249194 0.3474827245804541 0.045307443365695796 0.02764067127344521
2 0.44255663430420716 0.3573543928923988 0.04045307443365696 0.02764067127344521
2 0.43203883495145634 0.33464955577492594 0.03559870550161812 0.017769002961500493
2 0.482200647249191 0.3573543928923988 0.042071197411003236 0.02764067127344521
2 0.5016181229773463 0.3390918065153011 0.042071197411003236 0.026653504442250738
2 0.5315533980582524 0.36920039486673245 0.04045307443365696 0.02369200394866732
2 0.5655339805825244 0.3351431391905232 0.043689320388349516 0.026653504442250738
2 0.604368932038835 0.36821322803553796 0.046925566343042076 0.025666337611056265
2 0.6537216828478964 0.35389930898321814 0.04854368932038835 0.024679170779861793
2 0.6933656957928803 0.37216189536031585 0.05663430420711974 0.029615004935834154
2 0.7419093851132686 0.35784797630799603 0.04045307443365696 0.02073050345508391
2 0.7694174757281553 0.35291214215202366 0.043689320388349516 0.026653504442250738
2 0.801779935275081 0.34304047384007896 0.046925566343042076 0.02862783810463968
2 0.2928802588996764 0.45459032576505426 0.05177993527508091 0.02073050345508391
2 0.13106796116504854 0.5310957551826259 0.05177993527508091 0.02764067127344521
2 0.18608414239482202 0.5301085883514314 0.03883495145631068 0.02764067127344521
2 0.22734627831715212 0.5459032576505429 0.04045307443365696 0.02171767028627838
2 0.29449838187702265 0.5256663376110562 0.03559870550161812 0.02073050345508391
2 0.3608414239482201 0.5088845014807503 0.045307443365695796 0.022704837117472853
2 0.3899676375404531 0.5227048371174728 0.02912621359223301 0.02073050345508391
2 0.5016181229773463 0.5513326752221125 0.04854368932038835 0.026653504442250738
2 0.5889967637540453 0.5315893385982231 0.045307443365695796 0.026653504442250738
2 0.673948220064725 0.5103652517275419 0.05016181229773463 0.025666337611056265
2 0.6375404530744336 0.5449160908193484 0.045307443365695796 0.03356367226061204
2 0.6933656957928803 0.5493583415597235 0.05663430420711974 0.02862783810463968
2 0.7605177993527509 0.5197433366238894 0.042071197411003236 0.022704837117472853
2 0.8033980582524273 0.5454096742349457 0.046925566343042076 0.026653504442250738
2 0.8058252427184467 0.5029615004935833 0.03883495145631068 0.022704837117472853
2 0.8438511326860841 0.49999999999999994 0.04045307443365696 0.022704837117472853
2 0.8325242718446603 0.6184600197433365 0.0598705501618123 0.02862783810463968
2 0.7588996763754046 0.6090819348469891 0.05177993527508091 0.029615004935834154
2 0.7006472491909386 0.5918065153010859 0.03559870550161812 0.022704837117472853
2 0.7046925566343042 0.6169792694965449 0.03398058252427184 0.019743336623889437
2 0.6343042071197411 0.6016781836130306 0.045307443365695796 0.022704837117472853
2 0.6723300970873787 0.6076011846001974 0.0372168284789644 0.024679170779861793
2 0.5631067961165048 0.611056268509378 0.04854368932038835 0.025666337611056265
2 0.5760517799352751 0.585883514313919 0.04854368932038835 0.02073050345508391
2 0.4959546925566343 0.5824284304047384 0.05016181229773463 0.02764067127344521
2 0.5339805825242718 0.5681145113524185 0.03236245954692557 0.018756169792694965
2 0.5088996763754046 0.6253701875616979 0.046925566343042076 0.026653504442250738
2 0.3584142394822007 0.5972359328726554 0.05663430420711974 0.025666337611056265
2 0.42394822006472493 0.5730503455083908 0.045307443365695796 0.022704837117472853
2 0.29126213592233013 0.5715695952615991 0.045307443365695796 0.02369200394866732
2 0.21035598705501618 0.5868706811451135 0.03883495145631068 0.022704837117472853
2 0.17718446601941748 0.6080947680157947 0.043689320388349516 0.019743336623889437
2 0.1262135922330097 0.613030602171767 0.05177993527508091 0.025666337611056265
2 0.25970873786407767 0.6184600197433365 0.04045307443365696 0.02073050345508391
2 0.3042071197411003 0.6199407699901283 0.05177993527508091 0.02764067127344521
2 0.412621359223301 0.6125370187561697 0.03883495145631068 0.022704837117472853
2 0.436084142394822 0.6303060217176703 0.046925566343042076 0.024679170779861793
2 0.61084142394822 0.6224086870681145 0.03074433656957929 0.030602171767028626
2 0.17880258899676377 0.8953603158933859 0.05339805825242719 0.029615004935834154
2 0.18689320388349515 0.8711747285291214 0.046925566343042076 0.022704837117472853
2 0.09627831715210357 0.8775913129318854 0.05339805825242719 0.025666337611056265
2 0.06634304207119741 0.9032576505429417 0.03559870550161812 0.017769002961500493
2 0.23786407766990292 0.8790720631786771 0.042071197411003236 0.024679170779861793
2 0.29368932038834955 0.8845014807502467 0.05663430420711974 0.02171767028627838
2 0.26779935275080907 0.903751233958539 0.05016181229773463 0.022704837117472853
2 0.2224919093851133 0.9151036525172753 0.04045307443365696 0.02171767028627838
2 0.18932038834951456 0.9230009871668311 0.042071197411003236 0.019743336623889437
2 0.39158576051779936 0.8711747285291214 0.04854368932038835 0.024679170779861793
2 0.43284789644012944 0.8879565646594274 0.0372168284789644 0.02862783810463968
2 0.5008090614886732 0.899802566633761 0.05339805825242719 0.024679170779861793
2 0.47815533980582525 0.9353405725567621 0.046925566343042076 0.02073050345508391
2 0.3268608414239482 0.8534057255676208 0.04854368932038835 0.018756169792694965
2 0.2637540453074434 0.8538993089832181 0.04854368932038835 0.017769002961500493
2 0.14158576051779936 0.8060217176702862 0.0372168284789644 0.02073050345508391
2 0.1092233009708738 0.7808489634748272 0.046925566343042076 0.02171767028627838
2 0.16990291262135923 0.7872655478775913 0.03883495145631068 0.022704837117472853
2 0.20792880258899676 0.778381046396841 0.046925566343042076 0.024679170779861793
2 0.3260517799352751 0.7862783810463968 0.04045307443365696 0.022704837117472853
2 0.4021035598705502 0.7946692991115498 0.04045307443365696 0.019743336623889437
2 0.4846278317152104 0.8109575518262586 0.05016181229773463 0.026653504442250738
2 0.5574433656957929 0.8820335636722606 0.046925566343042076 0.026653504442250738
2 0.5525889967637541 0.9136229022704837 0.05016181229773463 0.02073050345508391
2 0.6302588996763754 0.9230009871668311 0.0598705501618123 0.025666337611056265
2 0.7516181229773463 0.9210266535044422 0.05663430420711974 0.02764067127344521
2 0.8349514563106797 0.8983218163869693 0.05825242718446602 0.0315893385982231
2 0.7758899676375405 0.8682132280355379 0.06310679611650485 0.022704837117472853
2 0.7087378640776699 0.8603158933859821 0.042071197411003236 0.024679170779861793
2 0.6982200647249192 0.8277393879565647 0.043689320388349516 0.026653504442250738
2 0.7427184466019418 0.8060217176702862 0.03883495145631068 0.022704837117472853
2 0.7677993527508091 0.7611056268509377 0.046925566343042076 0.02764067127344521
2 0.8584142394822006 0.7591312931885488 0.0372168284789644 0.02764067127344521
2 0.8317152103559871 0.8040473840078973 0.042071197411003236 0.02862783810463968
2 0.8470873786407768 0.8346495557749259 0.046925566343042076 0.03257650542941757
2 0.563915857605178 0.7986179664363277 0.05339805825242719 0.02369200394866732
2 0.46359223300970875 0.7541954590325765 0.05016181229773463 0.02369200394866732
2 0.5250809061488674 0.769990128331688 0.03398058252427184 0.019743336623889437
2 0.5736245954692557 0.7714708785784797 0.0372168284789644 0.01678183613030602
2 0.627831715210356 0.759624876604146 0.03236245954692557 0.024679170779861793
2 0.6432038834951457 0.7882527147087858 0.04045307443365696 0.02073050345508391
2 0.3503236245954693 0.7196446199407699 0.05016181229773463 0.035538005923000986
2 0.2783171521035599 0.7137216189536031 0.05501618122977347 0.029615004935834154
2 0.13511326860841424 0.690523198420533 0.06310679611650485 0.026653504442250738
2 0.22330097087378642 0.6767028627838104 0.045307443365695796 0.026653504442250738
2 0.279126213592233 0.6762092793682132 0.05663430420711974 0.02764067127344521
2 0.19983818770226539 0.7097729516288253 0.05016181229773463 0.025666337611056265
2 0.17233009708737865 0.7240868706811451 0.046925566343042076 0.022704837117472853
2 0.12378640776699029 0.7384007897334649 0.04045307443365696 0.019743336623889437
2 0.4231391585760518 0.6999012833168805 0.046925566343042076 0.019743336623889437
2 0.5323624595469256 0.7013820335636722 0.03883495145631068 0.022704837117472853
2 0.5671521035598706 0.7003948667324777 0.04045307443365696 0.026653504442250738
2 0.6569579288025891 0.6959526159921026 0.04854368932038835 0.02171767028627838
2 0.6877022653721683 0.6692991115498519 0.042071197411003236 0.02369200394866732
2 0.7273462783171522 0.6692991115498519 0.03398058252427184 0.02764067127344521
2 0.8131067961165049 0.6505429417571569 0.043689320388349516 0.02171767028627838
2 0.7645631067961165 0.7068114511352418 0.06957928802588997 0.03751233958538993
2 0.8988673139158576 0.698914116485686 0.043689320388349516 0.02764067127344521
2 0.8818770226537217 0.7369200394866732 0.042071197411003236 0.02073050345508391
2 0.48058252427184467 0.7206317867719644 0.03883495145631068 0.017769002961500493
2 0.49514563106796117 0.6752221125370187 0.045307443365695796 0.019743336623889437
2 0.6019417475728156 0.6697926949654491 0.042071197411003236 0.022704837117472853
2 0.6286407766990292 0.6628825271470878 0.03398058252427184 0.02073050345508391
2 0.9093851132686085 0.5755182625863771 0.03883495145631068 0.02171767028627838
2 0.81957928802589 0.5799605133267521 0.05663430420711974 0.022704837117472853
2 0.772653721682848 0.5853899308983218 0.03074433656957929 0.01579466929911155
2 0.16828478964401294 0.6535044422507403 0.045307443365695796 0.02171767028627838
2 0.5177993527508091 0.6510365251727541 0.042071197411003236 0.02073050345508391
2 0.33414239482200647 0.026653504442250738 0.046925566343042076 0.02171767028627838
2 0.3592233009708738 0.03899308983218164 0.022653721682847898 0.012833168805528133
2 0.47491909385113273 0.010365251727541954 0.03398058252427184 0.018756169792694965
2 0.5606796116504854 0.018756169792694965 0.05663430420711974 0.025666337611056265
2 0.6254045307443366 0.009871668311944718 0.04045307443365696 0.017769002961500493
2 0.7427184466019418 0.007897334649555774 0.045307443365695796 0.013820335636722605
2 0.8114886731391586 0.03356367226061204 0.04045307443365696 0.02369200394866732
2 0.8899676375404532 0.05626850937808489 0.03236245954692557 0.02369200394866732
2 0.7710355987055016 0.06120434353405725 0.03398058252427184 0.02171767028627838
2 0.48381877022653724 0.05626850937808489 0.03883495145631068 0.019743336623889437
2 0.24757281553398058 0.07996051332675222 0.03559870550161812 0.019743336623889437
2 0.7160194174757282 0.20434353405725567 0.04045307443365696 0.01579466929911155
2 0.21763754045307446 0.3050345508390918 0.043689320388349516 0.013820335636722605
2 0.30825242718446605 0.35093780848963474 0.05339805825242719 0.024679170779861793
2 0.3859223300970874 0.42546890424481737 0.04045307443365696 0.02171767028627838
2 0.10275080906148867 0.8311944718657452 0.03398058252427184 0.017769002961500493
2 0.06715210355987056 0.84106614017769 0.03074433656957929 0.013820335636722605
2 0.11084142394822007 0.9091806515301085 0.0372168284789644 0.019743336623889437
2 0.14563106796116507 0.9244817374136228 0.03236245954692557 0.014807502467917077
2 0.23220064724919096 0.8321816386969397 0.03074433656957929 0.013820335636722605
2 0.255663430420712 0.8213228035538005 0.025889967637540454 0.013820335636722605
2 0.3017799352750809 0.8208292201382033 0.043689320388349516 0.018756169792694965
2 0.3422330097087379 0.8272458045409674 0.03398058252427184 0.017769002961500493
2 0.4854368932038835 0.8667324777887463 0.03559870550161812 0.017769002961500493
2 0.5129449838187703 0.8543928923988153 0.06148867313915858 0.018756169792694965
2 0.580906148867314 0.8450148075024678 0.042071197411003236 0.025666337611056265
2 0.6367313915857605 0.8553800592300098 0.046925566343042076 0.026653504442250738
2 0.6755663430420712 0.8993089832181638 0.0372168284789644 0.025666337611056265
2 0.8527508090614887 0.656959526159921 0.05177993527508091 0.024679170779861793
2 0.7864077669902912 0.6786771964461994 0.06148867313915858 0.022704837117472853
2 0.854368932038835 0.6999012833168805 0.03559870550161812 0.019743336623889437
2 0.16585760517799353 0.24975320829220138 0.046925566343042076 0.02171767028627838
2 0.8203883495145632 0.48321816386969396 0.03883495145631068 0.014807502467917077
2 0.8462783171521036 0.4659427443237907 0.022653721682847898 0.019743336623889437
2 0.25647249190938515 0.5306021717670286 0.03398058252427184 0.01678183613030602
2 0.872168284789644 0.6150049358341559 0.025889967637540454 0.02764067127344521
2 0.45145631067961167 0.552319842053307 0.03883495145631068 0.018756169792694965
2 0.5558252427184466 0.5231984205330701 0.03074433656957929 0.025666337611056265
2 0.8341423948220065 0.5350444225074037 0.03074433656957929 0.02171767028627838
2 0.8584142394822006 0.5463968410661402 0.01779935275080906 0.02073050345508391
2 0.6852750809061489 0.7280355380059229 0.043689320388349516 0.018756169792694965
2 0.3818770226537217 0.7038499506416583 0.022653721682847898 0.02171767028627838
