2 0.07716049382716049 0.07286432160804021 0.05864197530864197 0.033165829145728645
2 0.16280864197530864 0.042211055276381915 0.047839506172839504 0.026130653266331662
2 0.25308641975308643 0.07839195979899498 0.043209876543209874 0.030150753768844223
2 0.3047839506172839 0.03517587939698493 0.041666666666666664 0.018090452261306535
2 0.3611111111111111 0.06884422110552764 0.046296296296296294 0.019095477386934675
2 0.43364197530864196 0.06582914572864322 0.033950617283950615 0.017085427135678392
2 0.5108024691358024 0.051256281407035184 0.04938271604938271 0.020100502512562818
2 0.2353395061728395 0.11608040201005027 0.044753086419753084 0.033165829145728645
2 0.24228395061728394 0.14974874371859298 0.043209876543209874 0.032160804020100506
2 0.19521604938271603 0.1577889447236181 0.035493827160493825 0.022110552763819097
2 0.16049382716049382 0.1733668341708543 0.046296296296296294 0.029145728643216084
2 0.283179012345679 0.17537688442211058 0.035493827160493825 0.02512562814070352
2 0.4567901234567901 0.13718592964824122 0.033950617283950615 0.021105527638190957
2 0.4012345679012346 0.15226130653266334 0.033950617283950615 0.019095477386934675
2 0.3310185185185185 0.14371859296482414 0.026234567901234566 0.020100502512562818
2 0.49382716049382713 0.13768844221105528 0.040123456790123455 0.022110552763819097
2 0.6057098765432098 0.09899497487437187 0.032407407407407406 0.0271356783919598
2 0.5887345679012346 0.11155778894472362 0.016975308641975308 0.016080402010050253
2 0.9182098765432098 0.13115577889447239 0.040123456790123455 0.02512562814070352
2 0.6566358024691358 0.07236180904522614 0.038580246913580245 0.022110552763819097
2 0.8418209876543209 0.1527638190954774 0.035493827160493825 0.022110552763819097
2 0.5925925925925926 0.16783919597989952 0.046296296296296294 0.02412060301507538
2 0.5578703703703703 0.15226130653266334 0.020061728395061727 0.017085427135678392
2 0.6867283950617283 0.2532663316582915 0.033950617283950615 0.020100502512562818
2 0.736111111111111 0.15025125628140706 0.030864197530864196 0.015075376884422112
2 0.2638888888888889 0.2276381909547739 0.040123456790123455 0.0271356783919598
2 0.30941358024691357 0.2447236180904523 0.038580246913580245 0.02512562814070352
2 0.38348765432098764 0.25678391959798996 0.035493827160493825 0.02311557788944724
2 0.038580246913580245 0.21256281407035177 0.033950617283950615 0.02512562814070352
2 0.034722222222222224 0.18140703517587942 0.038580246913580245 0.021105527638190957
2 0.44521604938271603 0.0492462311557789 0.035493827160493825 0.016080402010050253
2 0.7191358024691358 0.3276381909547739 0.043209876543209874 0.026130653266331662
2 0.4992283950617284 0.26633165829145733 0.06635802469135801 0.040201005025125636
2 0.8032407407407407 0.3743718592964824 0.05092592592592592 0.031155778894472366
2 0.9367283950617283 0.3904522613065327 0.040123456790123455 0.02512562814070352
2 0.8603395061728395 0.43216080402010054 0.041666666666666664 0.02814070351758794
2 0.7106481481481481 0.4241206030150754 0.047839506172839504 0.026130653266331662
2 0.6990740740740741 0.4482412060301508 0.037037037037037035 0.022110552763819097
2 0.7608024691358024 0.45879396984924625 0.027777777777777776 0.019095477386934675
2 0.7955246913580246 0.4532663316582915 0.047839506172839504 0.02814070351758794
2 0.5895061728395061 0.45025125628140705 0.040123456790123455 0.02814070351758794
2 0.5655864197530864 0.39597989949748746 0.035493827160493825 0.02412060301507538
2 0.2546296296296296 0.27236180904522617 0.043209876543209874 0.02412060301507538
2 0.19753086419753085 0.2532663316582915 0.040123456790123455 0.026130653266331662
2 0.14891975308641975 0.24522613065326634 0.038580246913580245 0.030150753768844223
2 0.10108024691358024 0.27487437185929653 0.038580246913580245 0.0271356783919598
2 0.6728395061728395 0.314070351758794 0.037037037037037035 0.021105527638190957
2 0.6180555555555555 0.35075376884422116 0.032407407407407406 0.020100502512562818
2 0.5871913580246914 0.35577889447236183 0.035493827160493825 0.026130653266331662
2 0.7677469135802468 0.38743718592964826 0.026234567901234566 0.021105527638190957
2 0.8217592592592592 0.31959798994974875 0.026234567901234566 0.018090452261306535
2 0.8032407407407407 0.33668341708542715 0.029320987654320986 0.018090452261306535
2 0.12114197530864197 0.33467336683417087 0.029320987654320986 0.026130653266331662
2 0.19907407407407407 0.3316582914572865 0.040123456790123455 0.026130653266331662
2 0.21064814814814814 0.35075376884422116 0.044753086419753084 0.020100502512562818
2 0.25848765432098764 0.36432160804020103 0.041666666666666664 0.02512562814070352
2 0.29166666666666663 0.3291457286432161 0.046296296296296294 0.033165829145728645
2 0.3464506172839506 0.3206030150753769 0.041666666666666664 0.02412060301507538
2 0.39120370370370366 0.3291457286432161 0.044753086419753084 0.033165829145728645
2 0.3672839506172839 0.3743718592964824 0.040123456790123455 0.02512562814070352
2 0.4135802469135802 0.3633165829145729 0.037037037037037035 0.02311557788944724
2 0.5007716049382716 0.3331658291457287 0.044753086419753084 0.029145728643216084
2 0.47530864197530864 0.37085427135678395 0.037037037037037035 0.020100502512562818
2 0.4506172839506173 0.3396984924623116 0.021604938271604937 0.020100502512562818
2 0.48070987654320985 0.3502512562814071 0.038580246913580245 0.019095477386934675
2 0.4629629629629629 0.40301507537688447 0.037037037037037035 0.018090452261306535
2 0.3341049382716049 0.37236180904522614 0.026234567901234566 0.017085427135678392
2 0.3302469135802469 0.35175879396984927 0.018518518518518517 0.016080402010050253
2 0.09259259259259259 0.41658291457286434 0.037037037037037035 0.02512562814070352
2 0.1427469135802469 0.4432160804020101 0.044753086419753084 0.030150753768844223
2 0.2554012345679012 0.42010050251256287 0.044753086419753084 0.02814070351758794
2 0.4915123456790123 0.43115577889447243 0.05401234567901234 0.02814070351758794
2 0.415895061728395 0.4432160804020101 0.05401234567901234 0.02814070351758794
2 0.7677469135802468 0.11758793969849247 0.029320987654320986 0.026130653266331662
2 0.6396604938271605 0.5090452261306533 0.032407407407407406 0.02311557788944724
2 0.6033950617283951 0.5366834170854272 0.040123456790123455 0.02814070351758794
2 0.5686728395061728 0.5120603015075378 0.035493827160493825 0.02311557788944724
2 0.5285493827160493 0.4788944723618091 0.041666666666666664 0.029145728643216084
2 0.46527777777777773 0.49949748743718597 0.047839506172839504 0.032160804020100506
2 0.3464506172839506 0.4824120603015076 0.038580246913580245 0.026130653266331662
2 0.2669753086419753 0.48442211055276385 0.033950617283950615 0.018090452261306535
2 0.15740740740740738 0.49296482412060305 0.037037037037037035 0.0271356783919598
2 0.19444444444444442 0.4532663316582915 0.04938271604938271 0.034170854271356785
2 0.1905864197530864 0.5296482412060302 0.044753086419753084 0.030150753768844223
2 0.23225308641975306 0.528140703517588 0.032407407407407406 0.02311557788944724
2 0.25308641975308643 0.5502512562814071 0.043209876543209874 0.02311557788944724
2 0.10956790123456789 0.5542713567839197 0.040123456790123455 0.029145728643216084
2 0.32407407407407407 0.5110552763819096 0.037037037037037035 0.021105527638190957
2 0.34182098765432095 0.528140703517588 0.041666666666666664 0.019095477386934675
2 0.3294753086419753 0.5507537688442211 0.035493827160493825 0.016080402010050253
2 0.38966049382716045 0.542713567839196 0.05092592592592592 0.02814070351758794
2 0.4506172839506173 0.5482412060301508 0.043209876543209874 0.029145728643216084
2 0.5416666666666666 0.5683417085427136 0.040123456790123455 0.029145728643216084
2 0.6674382716049382 0.5909547738693468 0.038580246913580245 0.02412060301507538
2 0.6118827160493827 0.6080402010050252 0.041666666666666664 0.02814070351758794
2 0.724537037037037 0.5904522613065327 0.041666666666666664 0.02512562814070352
2 0.7716049382716049 0.628140703517588 0.043209876543209874 0.02814070351758794
2 0.8726851851851851 0.421105527638191 0.026234567901234566 0.02412060301507538
2 0.8549382716049382 0.392462311557789 0.027777777777777776 0.019095477386934675
2 0.7746913580246914 0.5758793969849246 0.027777777777777776 0.018090452261306535
2 0.6604938271604938 0.6396984924623116 0.046296296296296294 0.029145728643216084
2 0.5856481481481481 0.6386934673366835 0.044753086419753084 0.033165829145728645
2 0.5169753086419753 0.649246231155779 0.037037037037037035 0.026130653266331662
2 0.1103395061728395 0.5939698492462312 0.029320987654320986 0.02412060301507538
2 0.13966049382716048 0.6100502512562814 0.044753086419753084 0.02412060301507538
2 0.1867283950617284 0.5904522613065327 0.037037037037037035 0.029145728643216084
2 0.2716049382716049 0.6201005025125629 0.046296296296296294 0.02814070351758794
2 0.283179012345679 0.6427135678391961 0.047839506172839504 0.021105527638190957
2 0.3271604938271605 0.628140703517588 0.027777777777777776 0.020100502512562818
2 0.3657407407407407 0.6321608040201006 0.046296296296296294 0.02814070351758794
2 0.33796296296296297 0.6030150753768845 0.046296296296296294 0.022110552763819097
2 0.41203703703703703 0.6386934673366835 0.033950617283950615 0.021105527638190957
2 0.42592592592592593 0.6512562814070353 0.033950617283950615 0.020100502512562818
2 0.48225308641975306 0.5964824120603016 0.038580246913580245 0.02311557788944724
2 0.9012345679012346 0.6145728643216081 0.037037037037037035 0.021105527638190957
2 0.8665123456790123 0.599497487437186 0.023148148148148147 0.021105527638190957
2 0.36959876543209874 0.6899497487437186 0.044753086419753084 0.0271356783919598
2 0.2847222222222222 0.6869346733668342 0.038580246913580245 0.02512562814070352
2 0.2037037037037037 0.706030150753769 0.040123456790123455 0.0271356783919598
2 0.29243827160493824 0.7266331658291458 0.041666666666666664 0.02814070351758794
2 0.5825617283950617 0.7035175879396985 0.029320987654320986 0.02412060301507538
2 0.5601851851851851 0.7190954773869348 0.037037037037037035 0.02311557788944724
2 0.6975308641975309 0.7291457286432161 0.043209876543209874 0.0271356783919598
2 0.7407407407407407 0.7175879396984925 0.037037037037037035 0.020100502512562818
2 0.7862654320987654 0.7301507537688443 0.035493827160493825 0.02512562814070352
2 0.6774691358024691 0.6884422110552765 0.027777777777777776 0.018090452261306535
2 0.6851851851851851 0.8115577889447237 0.037037037037037035 0.02311557788944724
2 0.7183641975308641 0.7984924623115579 0.035493827160493825 0.02311557788944724
2 0.6473765432098765 0.7889447236180905 0.044753086419753084 0.026130653266331662
2 0.5709876543209876 0.8175879396984925 0.040123456790123455 0.0271356783919598
2 0.51929012345679 0.7919597989949749 0.041666666666666664 0.030150753768844223
2 0.4645061728395061 0.7954773869346734 0.043209876543209874 0.031155778894472366
2 0.8263888888888888 0.8025125628140705 0.032407407407407406 0.02311557788944724
2 0.8603395061728395 0.7809045226130654 0.032407407407407406 0.018090452261306535
2 0.40432098765432095 0.8160804020100504 0.040123456790123455 0.030150753768844223
2 0.4436728395061728 0.8386934673366835 0.026234567901234566 0.015075376884422112
2 0.4899691358024691 0.8643216080402011 0.044753086419753084 0.030150753768844223
2 0.33796296296296297 0.8120603015075377 0.043209876543209874 0.02412060301507538
2 0.28935185185185186 0.8226130653266333 0.032407407407407406 0.017085427135678392
2 0.1882716049382716 0.8095477386934674 0.043209876543209874 0.033165829145728645
2 0.1280864197530864 0.7939698492462313 0.037037037037037035 0.02412060301507538
2 0.10030864197530864 0.6899497487437186 0.030864197530864196 0.019095477386934675
2 0.10725308641975308 0.7145728643216082 0.026234567901234566 0.022110552763819097
2 0.16126543209876543 0.7331658291457287 0.038580246913580245 0.031155778894472366
2 0.23148148148148145 0.7256281407035177 0.030864197530864196 0.02412060301507538
2 0.19984567901234568 0.6321608040201006 0.038580246913580245 0.02412060301507538
2 0.23302469135802467 0.6552763819095478 0.030864197530864196 0.02412060301507538
2 0.4629629629629629 0.7090452261306533 0.033950617283950615 0.021105527638190957
2 0.5470679012345678 0.7673366834170855 0.032407407407407406 0.015075376884422112
2 0.32870370370370366 0.8653266331658293 0.046296296296296294 0.02814070351758794
2 0.29398148148148145 0.8944723618090453 0.041666666666666664 0.02412060301507538
2 0.13503086419753085 0.8678391959798996 0.047839506172839504 0.02512562814070352
2 0.14583333333333331 0.8869346733668343 0.032407407407407406 0.021105527638190957
2 0.17978395061728394 0.8909547738693468 0.032407407407407406 0.02512562814070352
2 0.24691358024691357 0.8929648241206031 0.033950617283950615 0.0271356783919598
2 0.20987654320987653 0.9125628140703519 0.046296296296296294 0.026130653266331662
2 0.30246913580246915 0.9366834170854272 0.033950617283950615 0.020100502512562818
2 0.36959876543209874 0.9030150753768845 0.041666666666666664 0.0271356783919598
2 0.38657407407407407 0.9256281407035177 0.05092592592592592 0.02412060301507538
2 0.45293209876543206 0.8964824120603015 0.044753086419753084 0.030150753768844223
2 0.6118827160493827 0.8809045226130654 0.047839506172839504 0.0271356783919598
2 0.6574074074074073 0.8894472361809046 0.043209876543209874 0.02412060301507538
2 0.6936728395061728 0.9050251256281407 0.032407407407407406 0.013065326633165831
2 0.7638888888888888 0.9095477386934674 0.040123456790123455 0.020100502512562818
2 0.7168209876543209 0.8688442211055277 0.038580246913580245 0.02311557788944724
2 0.7476851851851851 0.8768844221105528 0.029320987654320986 0.017085427135678392
2 0.8449074074074073 0.7115577889447237 0.029320987654320986 0.018090452261306535
2 0.06018518518518518 0.8768844221105528 0.043209876543209874 0.02512562814070352
2 0.08410493827160494 0.8984924623115579 0.026234567901234566 0.02814070351758794
2 0.5640432098765432 0.4869346733668342 0.020061728395061727 0.011055276381909548
2 0.5987654320987654 0.47487437185929654 0.018518518518518517 0.009045226130653268
2 0.4760802469135802 0.4688442211055277 0.020061728395061727 0.009045226130653268
2 0.49459876543209874 0.4773869346733669 0.016975308641975308 0.016080402010050253
2 0.6628086419753086 0.14170854271356786 0.032407407407407406 0.018090452261306535
2 0.10339506172839505 0.5145728643216081 0.021604938271604937 0.01407035175879397
2 0.12962962962962962 0.5256281407035176 0.018518518518518517 0.008040201005025126
2 0.1743827160493827 0.9386934673366835 0.024691358024691357 0.010050251256281409
2 0.8078703703703703 0.5251256281407035 0.026234567901234566 0.019095477386934675
2 0.7685185185185185 0.520603015075377 0.018518518518518517 0.01407035175879397
2 0.8680555555555555 0.5085427135678392 0.032407407407407406 0.026130653266331662
2 0.9166666666666666 0.5341708542713568 0.027777777777777776 0.017085427135678392
2 0.6211419753086419 0.9145728643216081 0.032407407407407406 0.018090452261306535
2 0.5671296296296297 0.9256281407035177 0.038580246913580245 0.018090452261306535
2 0.15123456790123457 0.34221105527638196 0.033950617283950615 0.02512562814070352
2 0.9760802469135802 0.7261306532663317 0.023148148148148147 0.02311557788944724
