2 0.08229813664596272 0.09051724137931035 0.046583850931677016 0.02586206896551724
2 0.1312111801242236 0.07998084291187739 0.04503105590062111 0.020114942528735632
2 0.1777950310559006 0.11637931034482758 0.05124223602484472 0.02586206896551724
2 0.2515527950310559 0.09578544061302681 0.037267080745341616 0.021072796934865898
2 0.3012422360248447 0.10392720306513409 0.040372670807453416 0.022030651340996167
2 0.34549689440993786 0.08908045977011494 0.04503105590062111 0.019157088122605363
2 0.39829192546583847 0.12260536398467432 0.05434782608695652 0.02490421455938697
2 0.5892857142857142 0.09961685823754789 0.05124223602484472 0.02490421455938697
2 0.65527950310559 0.12164750957854406 0.03416149068322981 0.021072796934865898
2 0.8781055900621118 0.09913793103448275 0.05124223602484472 0.023946360153256702
2 0.9503105590062111 0.18534482758620688 0.05590062111801242 0.027777777777777776
2 0.8043478260869564 0.1997126436781609 0.049689440993788817 0.018199233716475093
2 0.8843167701863354 0.22174329501915707 0.05434782608695652 0.02969348659003831
2 0.811335403726708 0.24425287356321837 0.04192546583850931 0.019157088122605363
2 0.827639751552795 0.303639846743295 0.049689440993788817 0.022988505747126436
2 0.8843167701863354 0.29693486590038315 0.03881987577639751 0.019157088122605363
2 0.11878881987577639 0.20210727969348657 0.05745341614906832 0.032567049808429116
2 0.2329192546583851 0.1815134099616858 0.049689440993788817 0.027777777777777776
2 0.20729813664596272 0.20450191570881224 0.03260869565217391 0.020114942528735632
2 0.14208074534161488 0.17097701149425287 0.03260869565217391 0.018199233716475093
2 0.16304347826086957 0.20402298850574713 0.03105590062111801 0.02490421455938697
2 0.2826086956521739 0.19636015325670497 0.046583850931677016 0.026819923371647507
2 0.3043478260869565 0.22270114942528735 0.043478260869565216 0.022030651340996167
2 0.35947204968944096 0.21695402298850575 0.05124223602484472 0.022030651340996167
2 0.3913043478260869 0.1910919540229885 0.037267080745341616 0.02586206896551724
2 0.4572981366459627 0.19300766283524903 0.03881987577639751 0.023946360153256702
2 0.5232919254658385 0.20402298850574713 0.037267080745341616 0.021072796934865898
2 0.5908385093167702 0.17672413793103448 0.02950310559006211 0.016283524904214558
2 0.6203416149068323 0.22413793103448273 0.04503105590062111 0.028735632183908046
2 0.6809006211180124 0.18773946360153257 0.04813664596273291 0.022988505747126436
2 0.17003105590062112 0.2567049808429119 0.04813664596273291 0.02490421455938697
2 0.15217391304347824 0.2811302681992337 0.040372670807453416 0.023946360153256702
2 0.24844720496894407 0.28639846743295017 0.037267080745341616 0.026819923371647507
2 0.2903726708074534 0.2739463601532567 0.040372670807453416 0.02490421455938697
2 0.32608695652173914 0.2935823754789272 0.043478260869565216 0.023946360153256702
2 0.35403726708074534 0.26676245210727967 0.03416149068322981 0.022030651340996167
2 0.37267080745341613 0.2998084291187739 0.049689440993788817 0.03065134099616858
2 0.4107142857142857 0.31561302681992337 0.03260869565217391 0.020114942528735632
2 0.4821428571428571 0.2681992337164751 0.04192546583850931 0.021072796934865898
2 0.5551242236024845 0.29549808429118773 0.04192546583850931 0.027777777777777776
2 0.6180124223602484 0.29454022988505746 0.021739130434782608 0.018199233716475093
2 0.6770186335403726 0.2907088122605364 0.037267080745341616 0.022030651340996167
2 0.6467391304347826 0.27011494252873564 0.02950310559006211 0.013409961685823753
2 0.7663043478260869 0.29693486590038315 0.03881987577639751 0.026819923371647507
2 0.7197204968944099 0.28304597701149425 0.03881987577639751 0.020114942528735632
2 0.812888198757764 0.26676245210727967 0.04503105590062111 0.020114942528735632
2 0.8501552795031055 0.3850574712643678 0.04192546583850931 0.02490421455938697
2 0.7709627329192547 0.35488505747126436 0.04503105590062111 0.020114942528735632
2 0.732919254658385 0.3922413793103448 0.040372670807453416 0.018199233716475093
2 0.7158385093167702 0.37452107279693486 0.037267080745341616 0.01532567049808429
2 0.6273291925465838 0.367816091954023 0.037267080745341616 0.021072796934865898
2 0.6638198757763975 0.36637931034482757 0.03571428571428571 0.018199233716475093
2 0.5652173913043478 0.33716475095785436 0.02795031055900621 0.019157088122605363
2 0.49844720496894407 0.3783524904214559 0.07142857142857142 0.03065134099616858
2 0.49223602484472045 0.4022988505747126 0.043478260869565216 0.021072796934865898
2 0.45341614906832295 0.3496168582375479 0.03416149068322981 0.017241379310344827
2 0.390527950310559 0.3414750957854406 0.03881987577639751 0.018199233716475093
2 0.375 0.3793103448275862 0.03881987577639751 0.02490421455938697
2 0.2670807453416149 0.37164750957854403 0.046583850931677016 0.02490421455938697
2 0.18788819875776397 0.3587164750957854 0.040372670807453416 0.02586206896551724
2 0.11878881987577639 0.39032567049808425 0.05434782608695652 0.02586206896551724
2 0.11180124223602483 0.45067049808429116 0.040372670807453416 0.02586206896551724
2 0.2150621118012422 0.4300766283524904 0.04813664596273291 0.028735632183908046
2 0.281055900621118 0.4540229885057471 0.05279503105590062 0.021072796934865898
2 0.23447204968944096 0.47605363984674326 0.05279503105590062 0.022988505747126436
2 0.4798136645962733 0.44923371647509575 0.046583850931677016 0.026819923371647507
2 0.42080745341614906 0.4568965517241379 0.05900621118012422 0.032567049808429116
2 0.5333850931677018 0.4736590038314176 0.04813664596273291 0.022030651340996167
2 0.5830745341614907 0.460727969348659 0.04503105590062111 0.021072796934865898
2 0.6141304347826086 0.46886973180076624 0.02950310559006211 0.018199233716475093
2 0.687888198757764 0.4592911877394636 0.02795031055900621 0.016283524904214558
2 0.703416149068323 0.4233716475095785 0.037267080745341616 0.022988505747126436
2 0.7857142857142857 0.43199233716475094 0.040372670807453416 0.021072796934865898
2 0.8602484472049688 0.4386973180076628 0.043478260869565216 0.02490421455938697
2 0.9091614906832297 0.44061302681992337 0.04813664596273291 0.03065134099616858
2 0.8493788819875776 0.47461685823754785 0.046583850931677016 0.03160919540229885
2 0.5667701863354037 0.3931992337164751 0.03105590062111801 0.012452107279693486
2 0.11024844720496893 0.5665708812260536 0.05590062111801242 0.02969348659003831
2 0.7763975155279502 0.5488505747126436 0.05279503105590062 0.026819923371647507
2 0.1576086956521739 0.5589080459770115 0.03881987577639751 0.022030651340996167
2 0.19720496894409936 0.564176245210728 0.040372670807453416 0.026819923371647507
2 0.24378881987577639 0.5349616858237548 0.043478260869565216 0.027777777777777776
2 0.2942546583850931 0.5488505747126436 0.04503105590062111 0.022988505747126436
2 0.32531055900621114 0.5316091954022988 0.03571428571428571 0.022988505747126436
2 0.38354037267080743 0.5205938697318008 0.024844720496894408 0.020114942528735632
2 0.4495341614906832 0.5435823754789272 0.03260869565217391 0.014367816091954023
2 0.4604037267080745 0.5191570881226053 0.02950310559006211 0.017241379310344827
2 0.4852484472049689 0.5593869731800766 0.03571428571428571 0.02490421455938697
2 0.6381987577639752 0.5330459770114943 0.046583850931677016 0.023946360153256702
2 0.5838509316770186 0.5560344827586207 0.03416149068322981 0.018199233716475093
2 0.8843167701863354 0.5488505747126436 0.04813664596273291 0.021072796934865898
2 0.9464285714285714 0.5560344827586207 0.04192546583850931 0.02586206896551724
2 0.8866459627329192 0.6340996168582376 0.040372670807453416 0.02490421455938697
2 0.7965838509316769 0.6053639846743295 0.03105590062111801 0.017241379310344827
2 0.8020186335403726 0.632183908045977 0.03881987577639751 0.021072796934865898
2 0.6374223602484471 0.6283524904214559 0.03881987577639751 0.02490421455938697
2 0.5131987577639752 0.6340996168582376 0.03881987577639751 0.022988505747126436
2 0.3889751552795031 0.6403256704980843 0.03571428571428571 0.018199233716475093
2 0.3548136645962733 0.625 0.04503105590062111 0.023946360153256702
2 0.21040372670807453 0.6211685823754789 0.03881987577639751 0.022030651340996167
2 0.17857142857142855 0.6326628352490421 0.05279503105590062 0.022030651340996167
2 0.14596273291925466 0.6115900383141762 0.043478260869565216 0.018199233716475093
2 0.10093167701863354 0.6221264367816092 0.03416149068322981 0.023946360153256702
2 0.27406832298136646 0.5704022988505747 0.03571428571428571 0.018199233716475093
2 0.4293478260869565 0.6154214559386972 0.02950310559006211 0.022030651340996167
2 0.5442546583850931 0.6915708812260536 0.03571428571428571 0.021072796934865898
2 0.5791925465838509 0.5972222222222222 0.03416149068322981 0.016283524904214558
2 0.15372670807453415 0.6987547892720306 0.07142857142857142 0.035440613026819924
2 0.24378881987577639 0.7212643678160919 0.049689440993788817 0.026819923371647507
2 0.15372670807453415 0.7835249042145593 0.03416149068322981 0.021072796934865898
2 0.3059006211180124 0.807471264367816 0.040372670807453416 0.019157088122605363
2 0.4184782608695652 0.8175287356321839 0.03881987577639751 0.022030651340996167
2 0.5543478260869564 0.8113026819923371 0.05279503105590062 0.026819923371647507
2 0.6762422360248447 0.8376436781609194 0.04192546583850931 0.027777777777777776
2 0.6040372670807453 0.8635057471264367 0.03416149068322981 0.02586206896551724
2 0.7818322981366459 0.8103448275862069 0.04192546583850931 0.026819923371647507
2 0.7383540372670807 0.774904214559387 0.03571428571428571 0.02490421455938697
2 0.8959627329192545 0.7413793103448275 0.046583850931677016 0.02490421455938697
2 0.828416149068323 0.7064176245210727 0.04503105590062111 0.023946360153256702
2 0.951863354037267 0.6930076628352491 0.043478260869565216 0.027777777777777776
2 0.17391304347826086 0.9295977011494252 0.040372670807453416 0.022030651340996167
2 0.06288819875776397 0.8989463601532567 0.04192546583850931 0.018199233716475093
2 0.1638198757763975 0.8845785440613027 0.04192546583850931 0.020114942528735632
2 0.21894409937888198 0.8812260536398467 0.040372670807453416 0.02490421455938697
2 0.2919254658385093 0.8864942528735632 0.046583850931677016 0.020114942528735632
2 0.3462732919254658 0.8989463601532567 0.037267080745341616 0.02586206896551724
2 0.41149068322981364 0.9013409961685823 0.040372670807453416 0.022988505747126436
2 0.48602484472049684 0.9219348659003831 0.02795031055900621 0.02586206896551724
2 0.5186335403726707 0.9128352490421455 0.037267080745341616 0.026819923371647507
2 0.6281055900621118 0.9310344827586207 0.04503105590062111 0.022988505747126436
2 0.6917701863354037 0.9238505747126436 0.04503105590062111 0.02969348659003831
2 0.8245341614906831 0.9157088122605364 0.043478260869565216 0.028735632183908046
2 0.7942546583850931 0.9051724137931034 0.03260869565217391 0.021072796934865898
2 0.9153726708074533 0.9473180076628352 0.04192546583850931 0.028735632183908046
2 0.9743788819875776 0.9449233716475095 0.04192546583850931 0.023946360153256702
2 0.983695652173913 0.9803639846743295 0.03260869565217391 0.02586206896551724
2 0.9254658385093167 0.8817049808429118 0.040372670807453416 0.02586206896551724
2 0.953416149068323 0.8735632183908045 0.043478260869565216 0.022988505747126436
2 0.7368012422360248 0.8659003831417624 0.03571428571428571 0.019157088122605363
2 0.8571428571428571 0.8165708812260536 0.040372670807453416 0.023946360153256702
2 0.8377329192546583 0.8524904214559387 0.02950310559006211 0.017241379310344827
2 0.8152173913043478 0.8831417624521072 0.05590062111801242 0.017241379310344827
2 0.3548136645962733 0.7389846743295019 0.04503105590062111 0.02969348659003831
2 0.4440993788819875 0.739463601532567 0.037267080745341616 0.022988505747126436
2 0.5023291925465838 0.7294061302681992 0.03571428571428571 0.022030651340996167
2 0.5683229813664595 0.7442528735632183 0.037267080745341616 0.02490421455938697
2 0.7461180124223602 0.7174329501915708 0.03881987577639751 0.019157088122605363
2 0.3074534161490683 0.6403256704980843 0.03416149068322981 0.018199233716475093
2 0.4169254658385093 0.6925287356321839 0.03881987577639751 0.021072796934865898
2 0.4572981366459627 0.7021072796934865 0.03881987577639751 0.021072796934865898
2 0.46273291925465837 0.11063218390804597 0.043478260869565216 0.018199233716475093
2 0.30357142857142855 0.3553639846743295 0.03571428571428571 0.02490421455938697
2 0.14906832298136646 0.45306513409961685 0.043478260869565216 0.03065134099616858
2 0.8625776397515528 0.9291187739463601 0.03571428571428571 0.026819923371647507
2 0.8594720496894409 0.9022988505747126 0.03260869565217391 0.022988505747126436
2 0.6545031055900621 0.8831417624521072 0.03881987577639751 0.026819923371647507
