2 0.9166666666666667 0.06548175865294668 0.0372168284789644 0.022450888681010292
2 0.9668284789644014 0.028999064546304958 0.03398058252427184 0.022450888681010292
2 0.8754045307443367 0.011225444340505146 0.045307443365695796 0.0205799812909261
2 0.8422330097087379 0.027595884003741813 0.05339805825242719 0.02712815715622077
2 0.848705501618123 0.060336763330215155 0.0372168284789644 0.025257249766136577
2 0.8527508090614887 0.10757717492984098 0.042071197411003236 0.02432179607109448
2 0.9312297734627832 0.11880261927034612 0.046925566343042076 0.02432179607109448
2 0.9805825242718447 0.15247895229186156 0.03883495145631068 0.022450888681010292
2 0.755663430420712 0.16043030869971936 0.03883495145631068 0.019644527595884004
2 0.6682847896440129 0.1216089803554724 0.042071197411003236 0.018709073900841908
2 0.5598705501618123 0.09962581852198317 0.03883495145631068 0.015902712815715623
2 0.3980582524271845 0.1529466791393826 0.045307443365695796 0.021515434985968196
2 0.261326860841424 0.09869036482694107 0.03398058252427184 0.01777362020579981
2 0.1464401294498382 0.08419083255378859 0.0372168284789644 0.018709073900841908
2 0.22572815533980584 0.1323666978484565 0.0372168284789644 0.019644527595884004
2 0.23867313915857608 0.1627689429373246 0.03074433656957929 0.01683816651075772
2 0.2038834951456311 0.2118802619270346 0.022653721682847898 0.021515434985968196
2 0.15129449838187703 0.205799812909261 0.03398058252427184 0.01683816651075772
2 0.08009708737864078 0.1833489242282507 0.0372168284789644 0.01683816651075772
2 0.0744336569579288 0.23292797006548177 0.03883495145631068 0.0205799812909261
2 0.15210355987055016 0.2404115996258185 0.03559870550161812 0.0205799812909261
2 0.09385113268608415 0.3021515434985968 0.03236245954692557 0.0205799812909261
2 0.01699029126213592 0.3601496725912067 0.03074433656957929 0.02432179607109448
2 0.012135922330097087 0.402245088868101 0.021035598705501618 0.022450888681010292
2 0.06634304207119741 0.3877455565949486 0.016181229773462785 0.00841908325537886
2 0.22815533980582525 0.30121608980355474 0.03236245954692557 0.018709073900841908
2 0.4077669902912622 0.30823199251637046 0.02912621359223301 0.015902712815715623
2 0.5250809061488674 0.31524789522918617 0.03074433656957929 0.018709073900841908
2 0.5396440129449839 0.2951356407857811 0.024271844660194174 0.01403180542563143
2 0.7637540453074434 0.29279700654817586 0.03559870550161812 0.014967259120673527
2 0.830906148867314 0.2913938260056127 0.0372168284789644 0.019644527595884004
2 0.8284789644012945 0.36903648269410666 0.03559870550161812 0.019644527595884004
2 0.8802588996763755 0.36202057998129095 0.03559870550161812 0.018709073900841908
2 0.05339805825242719 0.911131898971001 0.04854368932038835 0.022450888681010292
2 0.08737864077669903 0.9087932647333957 0.03559870550161812 0.023386342376052385
2 0.09142394822006474 0.9317118802619271 0.03398058252427184 0.01683816651075772
2 0.1156957928802589 0.9340505144995322 0.027508090614886734 0.01777362020579981
2 0.17394822006472493 0.9078578110383536 0.0372168284789644 0.019644527595884004
2 0.15372168284789645 0.9008419083255379 0.045307443365695796 0.0205799812909261
2 0.26860841423948223 0.9326473339569692 0.03559870550161812 0.018709073900841908
2 0.08656957928802589 0.980355472404116 0.046925566343042076 0.026192703461178673
2 0.06877022653721683 0.9579045837231057 0.043689320388349516 0.018709073900841908
2 0.46359223300970875 0.9270346117867165 0.03398058252427184 0.02432179607109448
2 0.6844660194174758 0.8779232927970065 0.03883495145631068 0.015902712815715623
2 0.7524271844660194 0.8985032740879326 0.03236245954692557 0.021515434985968196
2 0.8349514563106797 0.8989710009354537 0.03236245954692557 0.013096351730589336
2 0.8810679611650486 0.8971000935453696 0.03074433656957929 0.018709073900841908
2 0.35194174757281554 0.8914873713751169 0.027508090614886734 0.0205799812909261
2 0.3357605177993528 0.7927970065481759 0.0372168284789644 0.01403180542563143
2 0.43770226537216833 0.7965388213283443 0.03074433656957929 0.01777362020579981
2 0.8276699029126214 0.7469597754911133 0.043689320388349516 0.021515434985968196
2 0.9182847896440129 0.7380729653882133 0.03398058252427184 0.018709073900841908
2 0.7443365695792881 0.7825070159027129 0.03559870550161812 0.01777362020579981
2 0.06877022653721683 0.8199251637043966 0.046925566343042076 0.025257249766136577
2 0.03478964401294499 0.8666978484565014 0.03398058252427184 0.01777362020579981
2 0.04611650485436893 0.8886810102899907 0.043689320388349516 0.014967259120673527
2 0.12864077669902912 0.8737137511693172 0.04045307443365696 0.022450888681010292
2 0.0412621359223301 0.9401309635173059 0.043689320388349516 0.022450888681010292
2 0.07686084142394822 0.7193638914873713 0.03398058252427184 0.014967259120673527
2 0.15129449838187703 0.7184284377923293 0.03074433656957929 0.011225444340505146
2 0.20550161812297735 0.7072029934518241 0.03236245954692557 0.014967259120673527
2 0.279126213592233 0.7319925163704397 0.03074433656957929 0.01403180542563143
2 0.47006472491909385 0.7305893358278766 0.0372168284789644 0.022450888681010292
2 0.6027508090614887 0.7207670720299345 0.027508090614886734 0.015902712815715623
2 0.6844660194174758 0.7413470533208606 0.02912621359223301 0.019644527595884004
2 0.7459546925566344 0.705799812909261 0.03559870550161812 0.01777362020579981
2 0.9166666666666667 0.6099158091674463 0.03398058252427184 0.0205799812909261
2 0.6877022653721683 0.6421889616463985 0.03559870550161812 0.019644527595884004
2 0.6674757281553398 0.6594948550046773 0.03398058252427184 0.01683816651075772
2 0.5177993527508091 0.6623012160898035 0.03559870550161812 0.014967259120673527
2 0.36812297734627836 0.6384471468662302 0.04045307443365696 0.01777362020579981
2 0.25080906148867316 0.6534144059869037 0.03559870550161812 0.021515434985968196
2 0.15857605177993528 0.6520112254443405 0.03236245954692557 0.01683816651075772
2 0.11650485436893204 0.6412535079513564 0.03559870550161812 0.019644527595884004
2 0.5550161812297735 0.7132834424695977 0.022653721682847898 0.01403180542563143
2 0.5550161812297735 0.637043966323667 0.03559870550161812 0.0205799812909261
2 0.482200647249191 0.6253507951356408 0.02912621359223301 0.019644527595884004
2 0.43203883495145634 0.647801683816651 0.03883495145631068 0.01216089803554724
2 0.49271844660194175 0.5608044901777363 0.03074433656957929 0.021515434985968196
2 0.4854368932038835 0.509822263797942 0.03559870550161812 0.022450888681010292
2 0.5711974110032363 0.48737137511693174 0.03883495145631068 0.0205799812909261
2 0.8131067961165049 0.49953227315247895 0.0372168284789644 0.0205799812909261
2 0.7944983818770227 0.5411599625818522 0.03883495145631068 0.015902712815715623
2 0.8381877022653722 0.6038353601496727 0.03236245954692557 0.01403180542563143
2 0.3859223300970874 0.6089803554724041 0.027508090614886734 0.01683816651075772
2 0.19255663430420714 0.6216089803554724 0.02912621359223301 0.019644527595884004
2 0.08090614886731393 0.568755846585594 0.03559870550161812 0.0205799812909261
2 0.2807443365695793 0.519644527595884 0.03074433656957929 0.021515434985968196
2 0.12864077669902912 0.4569691300280636 0.0372168284789644 0.01403180542563143
2 0.5663430420711975 0.42422825070159026 0.03559870550161812 0.021515434985968196
2 0.7386731391585761 0.39055191768007486 0.04045307443365696 0.01777362020579981
2 0.7993527508090615 0.4522918615528531 0.02912621359223301 0.021515434985968196
2 0.522653721682848 0.3484565014031806 0.02912621359223301 0.015902712815715623
2 0.17233009708737865 0.30028063610851263 0.024271844660194174 0.014967259120673527
2 0.08980582524271845 0.37979420018709076 0.03074433656957929 0.014967259120673527
2 0.1610032362459547 0.3695042095416277 0.03074433656957929 0.01683816651075772
2 0.47168284789644016 0.3891487371375117 0.027508090614886734 0.013096351730589336
2 0.6383495145631068 0.3615528531337699 0.0372168284789644 0.015902712815715623
2 0.45711974110032366 0.21983161833489243 0.0372168284789644 0.018709073900841908
2 0.3713592233009709 0.21749298409728718 0.03074433656957929 0.01777362020579981
2 0.6423948220064726 0.23246024321796072 0.03559870550161812 0.019644527595884004
2 0.947411003236246 0.18381665107577175 0.03074433656957929 0.01777362020579981
2 0.6456310679611651 0.5144995322731525 0.022653721682847898 0.0205799812909261
2 0.7079288025889968 0.5130963517305893 0.01779935275080906 0.01028999064546305
2 0.7702265372168285 0.5126286248830683 0.02912621359223301 0.018709073900841908
2 0.8527508090614887 0.8054256314312441 0.03883495145631068 0.0205799812909261
2 0.5299352750809062 0.7993451824134705 0.024271844660194174 0.01403180542563143
2 0.5865695792880259 0.793732460243218 0.027508090614886734 0.01216089803554724
2 0.6682847896440129 0.8049579045837231 0.025889967637540454 0.01028999064546305
2 0.22006472491909387 0.8741814780168382 0.03559870550161812 0.023386342376052385
2 0.27346278317152106 0.8713751169317119 0.03559870550161812 0.021515434985968196
2 0.4255663430420712 0.8985032740879326 0.02912621359223301 0.01777362020579981
2 0.5922330097087379 0.9275023386342376 0.022653721682847898 0.021515434985968196
2 0.7588996763754046 0.06828811973807297 0.042071197411003236 0.018709073900841908
2 0.3470873786407767 0.5636108512628625 0.03398058252427184 0.015902712815715623
2 0.3122977346278317 0.5739008419083256 0.02912621359223301 0.021515434985968196
2 0.33171521035598706 0.5827876520112254 0.03236245954692557 0.01683816651075772
2 0.7920711974110033 0.09635173058933583 0.03074433656957929 0.01683816651075772
2 0.3527508090614887 0.4125350795135641 0.03236245954692557 0.013096351730589336
2 0.3705501618122978 0.40271281571562206 0.03559870550161812 0.01403180542563143
2 0.13915857605177995 0.3058933582787652 0.02912621359223301 0.018709073900841908
2 0.156957928802589 0.5626753975678204 0.03883495145631068 0.01777362020579981
2 0.9757281553398058 0.08512628624883069 0.025889967637540454 0.018709073900841908
2 0.9377022653721683 0.0832553788587465 0.04045307443365696 0.018709073900841908
2 0.07605177993527508 0.254911131898971 0.02912621359223301 0.01403180542563143
2 0.47491909385113273 0.5406922357343311 0.0372168284789644 0.011225444340505146
2 0.02993527508090615 0.8540692235734332 0.03074433656957929 0.018709073900841908
2 0.02022653721682848 0.9106641721234799 0.027508090614886734 0.021515434985968196
