2 0.2376237623762376 0.10497737556561086 0.04620462046204621 0.01809954751131222
2 0.33085808580858084 0.10588235294117647 0.034653465346534656 0.01809954751131222
2 0.4075907590759076 0.09638009049773756 0.036303630363036306 0.020814479638009052
2 0.35313531353135313 0.08099547511312218 0.039603960396039604 0.011764705882352941
2 0.4513201320132013 0.07873303167420814 0.034653465346534656 0.014479638009049774
2 0.5033003300330033 0.06787330316742082 0.039603960396039604 0.014479638009049774
2 0.5635313531353136 0.07873303167420814 0.037953795379537955 0.01990950226244344
2 0.6757425742574258 0.07556561085972852 0.041254125412541254 0.01900452488687783
2 0.6006600660066007 0.10316742081447965 0.033003300330033 0.01990950226244344
2 0.6006600660066007 0.08959276018099548 0.0429042904290429 0.01809954751131222
2 0.7491749174917491 0.09004524886877828 0.039603960396039604 0.02262443438914027
2 0.7887788778877888 0.09773755656108597 0.023102310231023104 0.016289592760180997
2 0.8366336633663366 0.0660633484162896 0.0297029702970297 0.02171945701357466
2 0.8457095709570958 0.14343891402714934 0.028052805280528052 0.011764705882352941
2 0.8613861386138614 0.16470588235294117 0.036303630363036306 0.01990950226244344
2 0.7442244224422442 0.14298642533936654 0.039603960396039604 0.01809954751131222
2 0.735973597359736 0.17647058823529413 0.0429042904290429 0.02171945701357466
2 0.8094059405940595 0.16515837104072398 0.04455445544554455 0.020814479638009052
2 0.8886138613861386 0.17556561085972852 0.028052805280528052 0.016289592760180997
2 0.8052805280528053 0.1900452488687783 0.0429042904290429 0.023529411764705882
2 0.8201320132013201 0.21040723981900453 0.0297029702970297 0.017194570135746608
2 0.8523102310231023 0.18778280542986425 0.03135313531353135 0.017194570135746608
2 0.5734323432343235 0.15429864253393666 0.041254125412541254 0.024434389140271493
2 0.6353135313531353 0.17511312217194572 0.039603960396039604 0.020814479638009052
2 0.6823432343234324 0.18823529411764706 0.028052805280528052 0.01809954751131222
2 0.7095709570957096 0.1995475113122172 0.039603960396039604 0.020814479638009052
2 0.7632013201320133 0.20135746606334842 0.03135313531353135 0.01900452488687783
2 0.3671617161716172 0.16470588235294117 0.03135313531353135 0.01809954751131222
2 0.5181518151815182 0.16923076923076924 0.0429042904290429 0.01990950226244344
2 0.5891089108910891 0.18506787330316743 0.039603960396039604 0.01900452488687783
2 0.5618811881188119 0.20090497737556562 0.041254125412541254 0.01809954751131222
2 0.6212871287128713 0.18868778280542986 0.037953795379537955 0.017194570135746608
2 0.594059405940594 0.2239819004524887 0.0429042904290429 0.02262443438914027
2 0.6287128712871287 0.23031674208144798 0.033003300330033 0.02262443438914027
2 0.6476897689768977 0.21855203619909502 0.024752475247524754 0.01900452488687783
2 0.6947194719471947 0.2497737556561086 0.033003300330033 0.01990950226244344
2 0.7896039603960396 0.25927601809954753 0.03135313531353135 0.028054298642533938
2 0.7970297029702971 0.283710407239819 0.0429042904290429 0.020814479638009052
2 0.7326732673267327 0.2755656108597285 0.04620462046204621 0.024434389140271493
2 0.452970297029703 0.17782805429864254 0.054455445544554455 0.03529411764705882
2 0.40264026402640263 0.18371040723981902 0.033003300330033 0.02171945701357466
2 0.41914191419141916 0.17601809954751133 0.036303630363036306 0.026244343891402715
2 0.20297029702970298 0.1895927601809955 0.0297029702970297 0.017194570135746608
2 0.18316831683168316 0.1819004524886878 0.019801980198019802 0.01809954751131222
2 0.21534653465346534 0.2493212669683258 0.037953795379537955 0.015384615384615385
2 0.23432343234323433 0.2583710407239819 0.036303630363036306 0.017194570135746608
2 0.25825082508250824 0.2529411764705882 0.037953795379537955 0.008144796380090498
2 0.3085808580858086 0.26289592760180996 0.0297029702970297 0.013574660633484163
2 0.3655115511551155 0.2692307692307692 0.04455445544554455 0.020814479638009052
2 0.43564356435643564 0.2425339366515837 0.023102310231023104 0.023529411764705882
2 0.5 0.25384615384615383 0.039603960396039604 0.020814479638009052
2 0.551980198019802 0.24660633484162897 0.04785478547854786 0.020814479638009052
2 0.5594059405940595 0.2832579185520362 0.0627062706270627 0.027149321266968326
2 0.6575907590759076 0.30135746606334846 0.04455445544554455 0.023529411764705882
2 0.7054455445544554 0.2891402714932127 0.028052805280528052 0.01900452488687783
2 0.6138613861386139 0.2746606334841629 0.0297029702970297 0.017194570135746608
2 0.6155115511551155 0.2882352941176471 0.0297029702970297 0.01900452488687783
2 0.3118811881188119 0.17601809954751133 0.033003300330033 0.017194570135746608
2 0.15016501650165018 0.3556561085972851 0.04620462046204621 0.02171945701357466
2 0.20957095709570958 0.3606334841628959 0.023102310231023104 0.015384615384615385
2 0.25825082508250824 0.33574660633484166 0.041254125412541254 0.012669683257918552
2 0.33993399339933994 0.33348416289592764 0.04620462046204621 0.01900452488687783
2 0.38943894389438943 0.34479638009049773 0.033003300330033 0.023529411764705882
2 0.43151815181518155 0.32850678733031674 0.04785478547854786 0.025339366515837104
2 0.48184818481848185 0.34524886877828054 0.036303630363036306 0.017194570135746608
2 0.48184818481848185 0.3633484162895928 0.036303630363036306 0.01900452488687783
2 0.7764026402640264 0.33167420814479637 0.028052805280528052 0.024434389140271493
2 0.6996699669966997 0.31674208144796384 0.0297029702970297 0.016289592760180997
2 0.636963696369637 0.31990950226244347 0.033003300330033 0.013574660633484163
2 0.6674917491749175 0.3208144796380091 0.02145214521452145 0.011764705882352941
2 0.5816831683168316 0.30271493212669687 0.03135313531353135 0.013574660633484163
2 0.44636963696369636 0.27782805429864255 0.041254125412541254 0.02171945701357466
2 0.46947194719471946 0.2909502262443439 0.037953795379537955 0.020814479638009052
2 0.8259075907590759 0.2515837104072398 0.024752475247524754 0.01809954751131222
2 0.3102310231023102 0.9294117647058824 0.033003300330033 0.02171945701357466
2 0.19471947194719472 0.9389140271493213 0.039603960396039604 0.015384615384615385
2 0.22524752475247525 0.8461538461538461 0.041254125412541254 0.02171945701357466
2 0.17491749174917492 0.8298642533936652 0.033003300330033 0.023529411764705882
2 0.1476897689768977 0.832579185520362 0.018151815181518153 0.01085972850678733
2 0.367986798679868 0.8520361990950227 0.04620462046204621 0.02262443438914027
2 0.3844884488448845 0.8330316742081448 0.0429042904290429 0.01900452488687783
2 0.43151815181518155 0.8787330316742081 0.034653465346534656 0.01809954751131222
2 0.7557755775577558 0.8868778280542987 0.036303630363036306 0.01990950226244344
2 0.8028052805280528 0.914027149321267 0.041254125412541254 0.023529411764705882
2 0.9389438943894389 0.9330316742081448 0.039603960396039604 0.025339366515837104
2 0.9166666666666666 0.9429864253393666 0.05115511551155116 0.023529411764705882
2 0.8391089108910891 0.9447963800904978 0.05115511551155116 0.023529411764705882
2 0.8424092409240924 0.8380090497737557 0.04455445544554455 0.02171945701357466
2 0.8836633663366337 0.814027149321267 0.04455445544554455 0.017194570135746608
2 0.8712871287128713 0.746606334841629 0.04620462046204621 0.027149321266968326
2 0.19306930693069307 0.414027149321267 0.0429042904290429 0.026244343891402715
2 0.23927392739273928 0.4144796380090498 0.04620462046204621 0.025339366515837104
2 0.2871287128712871 0.40542986425339367 0.04620462046204621 0.02171945701357466
2 0.46782178217821785 0.4244343891402715 0.04455445544554455 0.027149321266968326
2 0.6039603960396039 0.41855203619909503 0.04950495049504951 0.02262443438914027
2 0.6641914191419142 0.43755656108597285 0.04455445544554455 0.02262443438914027
2 0.7120462046204621 0.44117647058823534 0.028052805280528052 0.02262443438914027
2 0.759075907590759 0.42624434389140275 0.026402640264026403 0.02171945701357466
2 0.5156765676567657 0.37058823529411766 0.037953795379537955 0.020814479638009052
2 0.4867986798679868 0.9533936651583711 0.04950495049504951 0.028054298642533938
2 0.6163366336633663 0.9733031674208146 0.037953795379537955 0.017194570135746608
2 0.5297029702970297 0.9782805429864254 0.0297029702970297 0.014479638009049774
2 0.5544554455445545 0.9773755656108598 0.036303630363036306 0.02895927601809955
2 0.5891089108910891 0.9782805429864254 0.036303630363036306 0.016289592760180997
2 0.7805280528052806 0.9429864253393666 0.0297029702970297 0.023529411764705882
2 0.7400990099009901 0.9321266968325792 0.041254125412541254 0.023529411764705882
2 0.6856435643564357 0.9013574660633484 0.06105610561056106 0.027149321266968326
2 0.7136963696369637 0.7615384615384616 0.041254125412541254 0.01900452488687783
2 0.7491749174917491 0.7438914027149321 0.04950495049504951 0.02895927601809955
2 0.8003300330033003 0.7375565610859729 0.036303630363036306 0.02171945701357466
2 0.8391089108910891 0.7927601809954752 0.034653465346534656 0.012669683257918552
2 0.8217821782178218 0.8099547511312217 0.033003300330033 0.016289592760180997
2 0.7788778877887789 0.8239819004524888 0.023102310231023104 0.0334841628959276
2 0.8061056105610561 0.8497737556561087 0.034653465346534656 0.014479638009049774
2 0.2665016501650165 0.9294117647058824 0.05115511551155116 0.016289592760180997
2 0.2731023102310231 0.944343891402715 0.041254125412541254 0.017194570135746608
2 0.16006600660066006 0.9162895927601811 0.04950495049504951 0.024434389140271493
2 0.30033003300330036 0.7696832579185521 0.023102310231023104 0.017194570135746608
2 0.32673267326732675 0.7751131221719457 0.0297029702970297 0.02262443438914027
2 0.25577557755775576 0.755656108597285 0.039603960396039604 0.023529411764705882
2 0.2202970297029703 0.7520361990950226 0.041254125412541254 0.02171945701357466
2 0.1716171617161716 0.7714932126696833 0.036303630363036306 0.015384615384615385
2 0.1353135313531353 0.7425339366515837 0.023102310231023104 0.026244343891402715
2 0.1476897689768977 0.7574660633484164 0.034653465346534656 0.01809954751131222
2 0.46782178217821785 0.7366515837104073 0.034653465346534656 0.02171945701357466
2 0.6501650165016502 0.7461538461538462 0.039603960396039604 0.01900452488687783
2 0.6476897689768977 0.9497737556561087 0.034653465346534656 0.026244343891402715
2 0.4628712871287129 0.8936651583710408 0.037953795379537955 0.020814479638009052
2 0.4793729372937294 0.9085972850678733 0.041254125412541254 0.02171945701357466
2 0.6196369636963697 0.9108597285067873 0.04455445544554455 0.015384615384615385
2 0.5693069306930694 0.9144796380090499 0.0429042904290429 0.013574660633484163
2 0.5717821782178217 0.9253393665158371 0.034653465346534656 0.011764705882352941
2 0.594059405940594 0.9416289592760181 0.026402640264026403 0.028054298642533938
2 0.5239273927392739 0.9389140271493213 0.041254125412541254 0.015384615384615385
2 0.46534653465346537 0.8384615384615385 0.039603960396039604 0.020814479638009052
2 0.35148514851485146 0.8882352941176471 0.026402640264026403 0.020814479638009052
2 0.24752475247524752 0.9076923076923077 0.033003300330033 0.016289592760180997
2 0.528052805280528 0.33076923076923076 0.052805280528052806 0.02262443438914027
2 0.5404290429042904 0.34479638009049773 0.037953795379537955 0.01990950226244344
2 0.5643564356435644 0.35339366515837106 0.036303630363036306 0.017194570135746608
2 0.5882838283828383 0.3402714932126697 0.03135313531353135 0.023529411764705882
2 0.6212871287128713 0.3583710407239819 0.037953795379537955 0.01809954751131222
2 0.41254125412541254 0.3638009049773756 0.039603960396039604 0.02171945701357466
2 0.34983498349834985 0.446606334841629 0.039603960396039604 0.01900452488687783
2 0.4438943894389439 0.46018099547511315 0.039603960396039604 0.02262443438914027
2 0.5115511551155115 0.45429864253393665 0.04620462046204621 0.023529411764705882
2 0.5833333333333334 0.45248868778280543 0.034653465346534656 0.023529411764705882
2 0.5420792079207921 0.4556561085972851 0.034653465346534656 0.03167420814479638
2 0.5981848184818482 0.5104072398190046 0.037953795379537955 0.01809954751131222
2 0.6303630363036303 0.530316742081448 0.0429042904290429 0.023529411764705882
2 0.6625412541254125 0.5040723981900452 0.041254125412541254 0.023529411764705882
2 0.698019801980198 0.5099547511312218 0.052805280528052806 0.024434389140271493
2 0.7326732673267327 0.5316742081447964 0.0297029702970297 0.020814479638009052
2 0.7244224422442245 0.5656108597285068 0.039603960396039604 0.01809954751131222
2 0.7112211221122112 0.5760180995475114 0.039603960396039604 0.017194570135746608
2 0.731023102310231 0.5891402714932127 0.0429042904290429 0.016289592760180997
2 0.8094059405940595 0.5981900452488688 0.037953795379537955 0.023529411764705882
2 0.48184818481848185 0.5190045248868779 0.039603960396039604 0.020814479638009052
2 0.44801980198019803 0.5262443438914027 0.034653465346534656 0.02262443438914027
2 0.4141914191419142 0.5153846153846154 0.0429042904290429 0.02262443438914027
2 0.3688118811881188 0.5122171945701358 0.041254125412541254 0.02171945701357466
2 0.36633663366336633 0.5276018099547511 0.033003300330033 0.01990950226244344
2 0.5998349834983498 0.5271493212669683 0.03135313531353135 0.01900452488687783
2 0.1608910891089109 0.43665158371040724 0.034653465346534656 0.01900452488687783
2 0.2070957095709571 0.12714932126696832 0.034653465346534656 0.015384615384615385
2 0.7351485148514851 0.36968325791855206 0.024752475247524754 0.015384615384615385
2 0.6254125412541254 0.36289592760180994 0.039603960396039604 0.01990950226244344
2 0.6361386138613861 0.3733031674208145 0.037953795379537955 0.015384615384615385
2 0.5833333333333334 0.38461538461538464 0.028052805280528052 0.014479638009049774
2 0.6782178217821783 0.38733031674208146 0.0429042904290429 0.016289592760180997
2 0.726897689768977 0.38597285067873305 0.041254125412541254 0.01900452488687783
2 0.7475247524752475 0.3941176470588236 0.033003300330033 0.015384615384615385
2 0.716996699669967 0.41085972850678737 0.037953795379537955 0.01809954751131222
2 0.7070957095709571 0.42217194570135747 0.03135313531353135 0.017194570135746608
2 0.3184818481848185 0.42760180995475117 0.0297029702970297 0.013574660633484163
2 0.4735973597359736 0.5809954751131222 0.0429042904290429 0.025339366515837104
2 0.6089108910891089 0.5841628959276018 0.0429042904290429 0.015384615384615385
2 0.7813531353135313 0.5764705882352942 0.034653465346534656 0.014479638009049774
2 0.7863036303630363 0.5149321266968326 0.04455445544554455 0.025339366515837104
2 0.7574257425742574 0.485972850678733 0.04620462046204621 0.016289592760180997
2 0.7962046204620462 0.49321266968325794 0.02145214521452145 0.014479638009049774
2 0.8481848184818482 0.7199095022624434 0.056105610561056105 0.015384615384615385
2 0.8481848184818482 0.865158371040724 0.04620462046204621 0.01990950226244344
2 0.8011551155115512 0.8723981900452489 0.041254125412541254 0.023529411764705882
2 0.34075907590759075 0.8407239819004525 0.018151815181518153 0.00904977375565611
2 0.5354785478547854 0.8800904977375565 0.041254125412541254 0.017194570135746608
2 0.5792079207920792 0.895475113122172 0.0429042904290429 0.02262443438914027
2 0.5759075907590759 0.730316742081448 0.04950495049504951 0.03076923076923077
2 0.38283828382838286 0.7493212669683258 0.04950495049504951 0.01809954751131222
2 0.19141914191419143 0.6515837104072398 0.04950495049504951 0.02171945701357466
2 0.16336633663366337 0.6846153846153846 0.039603960396039604 0.02262443438914027
2 0.36221122112211224 0.5846153846153846 0.037953795379537955 0.01990950226244344
2 0.32838283828382836 0.579185520361991 0.033003300330033 0.016289592760180997
2 0.2722772277227723 0.5755656108597286 0.039603960396039604 0.023529411764705882
2 0.2863036303630363 0.5959276018099547 0.037953795379537955 0.02262443438914027
2 0.24834983498349836 0.6248868778280543 0.041254125412541254 0.020814479638009052
2 0.20214521452145215 0.6054298642533937 0.03135313531353135 0.014479638009049774
2 0.14521452145214522 0.6371040723981901 0.039603960396039604 0.025339366515837104
2 0.29372937293729373 0.6846153846153846 0.026402640264026403 0.01900452488687783
2 0.14026402640264027 0.7212669683257918 0.0297029702970297 0.012669683257918552
2 0.18151815181518152 0.7226244343891403 0.019801980198019802 0.011764705882352941
2 0.3094059405940594 0.7221719457013575 0.02145214521452145 0.014479638009049774
2 0.2301980198019802 0.7339366515837105 0.028052805280528052 0.012669683257918552
2 0.26815181518151815 0.7361990950226245 0.03135313531353135 0.013574660633484163
2 0.14686468646864687 0.8918552036199096 0.036303630363036306 0.017194570135746608
2 0.1419141914191419 0.8687782805429864 0.026402640264026403 0.014479638009049774
2 0.18729372937293728 0.8787330316742081 0.028052805280528052 0.025339366515837104
2 0.17491749174917492 0.5194570135746607 0.026402640264026403 0.012669683257918552
2 0.21947194719471946 0.514027149321267 0.033003300330033 0.016289592760180997
2 0.3217821782178218 0.49592760180995477 0.026402640264026403 0.01809954751131222
2 0.41171617161716173 0.44434389140271496 0.028052805280528052 0.023529411764705882
2 0.3886138613861386 0.4561085972850679 0.03135313531353135 0.02171945701357466
2 0.5858085808580858 0.6610859728506787 0.026402640264026403 0.017194570135746608
2 0.6848184818481848 0.6809954751131222 0.026402640264026403 0.015384615384615385
2 0.7285478547854786 0.6574660633484163 0.028052805280528052 0.01900452488687783
2 0.768976897689769 0.6502262443438914 0.023102310231023104 0.015384615384615385
2 0.8960396039603961 0.5950226244343891 0.023102310231023104 0.013574660633484163
2 0.9001650165016502 0.7226244343891403 0.024752475247524754 0.02262443438914027
2 0.8481848184818482 0.7719457013574661 0.0297029702970297 0.025339366515837104
2 0.5495049504950495 0.5796380090497738 0.0429042904290429 0.01900452488687783
2 0.4249174917491749 0.597737556561086 0.024752475247524754 0.013574660633484163
2 0.6320132013201321 0.06289592760180995 0.033003300330033 0.013574660633484163
2 0.24587458745874588 0.08778280542986426 0.0165016501650165 0.01085972850678733
2 0.2665016501650165 0.08914027149321267 0.01485148514851485 0.013574660633484163
2 0.2037953795379538 0.10180995475113122 0.018151815181518153 0.015384615384615385
2 0.25742574257425743 0.11855203619909503 0.019801980198019802 0.01085972850678733
2 0.415016501650165 0.07104072398190045 0.03135313531353135 0.011764705882352941
2 0.37458745874587457 0.08959276018099548 0.023102310231023104 0.016289592760180997
2 0.6922442244224423 0.10361990950226245 0.018151815181518153 0.011764705882352941
2 0.7557755775577558 0.11357466063348416 0.033003300330033 0.013574660633484163
2 0.7136963696369637 0.09638009049773756 0.018151815181518153 0.011764705882352941
2 0.7516501650165016 0.07194570135746607 0.03135313531353135 0.013574660633484163
2 0.7161716171617162 0.08190045248868778 0.019801980198019802 0.013574660633484163
2 0.6303630363036303 0.10135746606334842 0.019801980198019802 0.02171945701357466
2 0.6460396039603961 0.12352941176470589 0.018151815181518153 0.00995475113122172
2 0.768976897689769 0.17013574660633485 0.0297029702970297 0.01990950226244344
2 0.6823432343234324 0.17013574660633485 0.034653465346534656 0.02171945701357466
2 0.6658415841584159 0.1416289592760181 0.024752475247524754 0.011764705882352941
2 0.6336633663366337 0.15203619909502264 0.033003300330033 0.007239819004524887
2 0.5957095709570958 0.15837104072398192 0.023102310231023104 0.012669683257918552
2 0.6765676567656765 0.2656108597285068 0.033003300330033 0.017194570135746608
2 0.7879537953795379 0.23846153846153847 0.028052805280528052 0.008144796380090498
2 0.36221122112211224 0.31493212669683257 0.034653465346534656 0.007239819004524887
2 0.38283828382838286 0.42081447963800905 0.019801980198019802 0.01085972850678733
2 0.40594059405940597 0.41945701357466064 0.019801980198019802 0.013574660633484163
2 0.46947194719471946 0.4 0.024752475247524754 0.012669683257918552
2 0.3292079207920792 0.46108597285067876 0.028052805280528052 0.01900452488687783
2 0.4381188118811881 0.4800904977375566 0.024752475247524754 0.00995475113122172
2 0.49339933993399343 0.47104072398190044 0.026402640264026403 0.015384615384615385
2 0.4777227722772277 0.4565610859728507 0.024752475247524754 0.01900452488687783
2 0.6353135313531353 0.414027149321267 0.0297029702970297 0.020814479638009052
2 0.7698019801980198 0.3787330316742082 0.037953795379537955 0.02262443438914027
2 0.7466996699669967 0.514027149321267 0.03135313531353135 0.01990950226244344
2 0.12706270627062707 0.6723981900452489 0.033003300330033 0.01809954751131222
2 0.2260726072607261 0.6628959276018099 0.0297029702970297 0.013574660633484163
2 0.1377887788778878 0.7425339366515837 0.024752475247524754 0.01900452488687783
2 0.17904290429042904 0.753393665158371 0.03135313531353135 0.020814479638009052
2 0.6674917491749175 0.728054298642534 0.041254125412541254 0.024434389140271493
2 0.2004950495049505 0.902262443438914 0.03135313531353135 0.012669683257918552
2 0.44884488448844884 0.6004524886877828 0.026402640264026403 0.015384615384615385
2 0.7945544554455446 0.5389140271493212 0.03135313531353135 0.026244343891402715
2 0.679042904290429 0.35294117647058826 0.028052805280528052 0.01809954751131222
2 0.514026402640264 0.2737556561085973 0.04455445544554455 0.01900452488687783
2 0.11798679867986799 0.5701357466063348 0.041254125412541254 0.025339366515837104
2 0.07013201320132013 0.6561085972850679 0.04455445544554455 0.023529411764705882
2 0.04455445544554455 0.6692307692307693 0.036303630363036306 0.013574660633484163
2 0.07590759075907591 0.7475113122171946 0.0297029702970297 0.025339366515837104
2 0.9645214521452146 0.9131221719457014 0.04785478547854786 0.023529411764705882
2 0.8803630363036303 0.8429864253393665 0.024752475247524754 0.02262443438914027
2 0.11056105610561057 0.9063348416289593 0.039603960396039604 0.02262443438914027
2 0.10478547854785479 0.8705882352941177 0.041254125412541254 0.014479638009049774
2 0.11221122112211221 0.8484162895927602 0.052805280528052806 0.024434389140271493
2 0.066006600660066 0.8380090497737557 0.023102310231023104 0.016289592760180997
2 0.07590759075907591 0.8226244343891403 0.026402640264026403 0.01085972850678733
