2 0.09854604200323103 0.06876227897838899 0.035541195476575124 0.02554027504911591
2 0.36995153473344106 0.08153241650294694 0.035541195476575124 0.019646365422396856
2 0.46526655896607433 0.10068762278978388 0.038772213247172865 0.01866404715127701
2 0.5064620355411955 0.05992141453831041 0.037156704361873995 0.015717092337917484
2 0.42326332794830374 0.05795677799607072 0.05815831987075929 0.01768172888015717
2 0.7294022617124395 0.11296660117878192 0.04038772213247173 0.023575638506876224
2 0.8101777059773829 0.08693516699410608 0.02746365105008078 0.022593320235756383
2 0.8990306946688207 0.0805500982318271 0.02746365105008078 0.019646365422396856
2 0.42326332794830374 0.20530451866404714 0.0420032310177706 0.023575638506876224
2 0.5484652665589661 0.1699410609037328 0.033925686591276254 0.019646365422396856
2 0.5920840064620356 0.19204322200392926 0.037156704361873995 0.022593320235756383
2 0.6155088852988692 0.17976424361493124 0.03231017770597738 0.023575638506876224
2 0.6510500807754444 0.1817288801571709 0.038772213247172865 0.023575638506876224
2 0.6728594507269791 0.16355599214145383 0.030694668820678516 0.020628683693516697
2 0.7294022617124395 0.18025540275049115 0.04361873990306947 0.022593320235756383
2 0.7730210016155089 0.17829076620825146 0.033925686591276254 0.020628683693516697
2 0.8465266558966075 0.17730844793713163 0.0420032310177706 0.016699410609037325
2 0.7996768982229403 0.2775049115913556 0.0420032310177706 0.026522593320235755
2 0.752827140549273 0.2907662082514735 0.035541195476575124 0.02554027504911591
2 0.7148626817447497 0.3035363457760314 0.04038772213247173 0.027504911591355596
2 0.5444264943457189 0.28880157170923376 0.05492730210016156 0.02554027504911591
2 0.6389337641357028 0.2922396856581532 0.033925686591276254 0.020628683693516697
2 0.6518578352180937 0.2730844793713163 0.037156704361873995 0.023575638506876224
2 0.8263327948303716 0.28781925343811393 0.04361873990306947 0.02554027504911591
2 0.5961227786752827 0.29715127701375244 0.025848142164781908 0.016699410609037325
2 0.5815831987075929 0.26129666011787817 0.029079159935379646 0.023575638506876224
2 0.47011308562197096 0.2961689587426326 0.04523424878836834 0.02848722986247544
2 0.36914378029079165 0.30648330058939094 0.050080775444264945 0.027504911591355596
2 0.3352180936995154 0.2725933202357564 0.04361873990306947 0.022593320235756383
2 0.3053311793214863 0.2868369351669941 0.035541195476575124 0.02554027504911591
2 0.2617124394184168 0.29715127701375244 0.0420032310177706 0.022593320235756383
2 0.22455573505654283 0.28585461689587427 0.048465266558966075 0.02554027504911591
2 0.16882067851373184 0.28585461689587427 0.037156704361873995 0.02554027504911591
2 0.12762520193861068 0.2691552062868369 0.04523424878836834 0.02554027504911591
2 0.09854604200323103 0.20137524557956776 0.051696284329563816 0.027504911591355596
2 0.18578352180936997 0.18664047151277013 0.035541195476575124 0.02554027504911591
2 0.1518578352180937 0.18467583497053044 0.04523424878836834 0.021611001964636542
2 0.15751211631663975 0.1335952848722986 0.04684975767366721 0.02554027504911591
2 0.19709208400646205 0.14636542239685657 0.025848142164781908 0.015717092337917484
2 0.25525040387722137 0.1611001964636542 0.04523424878836834 0.023575638506876224
2 0.14781906300484654 0.10117878192534381 0.030694668820678516 0.015717092337917484
2 0.21324717285945075 0.09577603143418467 0.025848142164781908 0.020628683693516697
2 0.23424878836833604 0.14145383104125736 0.025848142164781908 0.011787819253438112
2 0.05250403877221325 0.2578585461689587 0.037156704361873995 0.022593320235756383
2 0.2705977382875606 0.26031434184675833 0.04038772213247173 0.02554027504911591
2 0.33925686591276255 0.22102161100196463 0.04523424878836834 0.021611001964636542
2 0.38126009693053314 0.21611001964636542 0.0420032310177706 0.02554027504911591
2 0.40226171243941844 0.15029469548133595 0.035541195476575124 0.021611001964636542
2 0.4127625201938611 0.09774066797642436 0.04038772213247173 0.016699410609037325
2 0.5436187399030695 0.09823182711198428 0.030694668820678516 0.019646365422396856
2 0.46284329563812604 0.15373280943025538 0.04361873990306947 0.022593320235756383
2 0.512924071082391 0.19155206286836934 0.033925686591276254 0.019646365422396856
2 0.7132471728594507 0.20235756385068762 0.037156704361873995 0.019646365422396856
2 0.43053311793214866 0.24852652259332023 0.037156704361873995 0.023575638506876224
2 0.5064620355411955 0.21954813359528486 0.04038772213247173 0.026522593320235755
2 0.47495961227786754 0.20284872298624754 0.038772213247172865 0.020628683693516697
2 0.13974151857835218 0.7775049115913556 0.037156704361873995 0.020628683693516697
2 0.18820678513731826 0.7662082514734774 0.04684975767366721 0.027504911591355596
2 0.17124394184168015 0.8079567779960707 0.035541195476575124 0.022593320235756383
2 0.23263327948303716 0.805992141453831 0.038772213247172865 0.022593320235756383
2 0.30936995153473346 0.7883104125736738 0.033925686591276254 0.020628683693516697
2 0.2633279483037157 0.7843811394891944 0.038772213247172865 0.016699410609037325
2 0.34814216478190635 0.8064833005893909 0.04684975767366721 0.023575638506876224
2 0.41114701130856224 0.8094302554027505 0.04038772213247173 0.023575638506876224
2 0.5088852988691438 0.8133595284872298 0.038772213247172865 0.021611001964636542
2 0.4676898222940227 0.793713163064833 0.037156704361873995 0.019646365422396856
2 0.44426494345718903 0.7740667976424361 0.035541195476575124 0.019646365422396856
2 0.38126009693053314 0.7637524557956777 0.035541195476575124 0.014734774066797641
2 0.6954765751211632 0.7789783889980353 0.037156704361873995 0.01768172888015717
2 0.9014539579967691 0.7976424361493123 0.048465266558966075 0.02554027504911591
2 0.8206785137318255 0.912573673870334 0.029079159935379646 0.021611001964636542
2 0.7770597738287561 0.8963654223968566 0.029079159935379646 0.020628683693516697
2 0.6252019386106624 0.9091355599214145 0.035541195476575124 0.026522593320235755
2 0.494345718901454 0.8737721021611001 0.0420032310177706 0.022593320235756383
2 0.5702746365105008 0.9086444007858545 0.0420032310177706 0.019646365422396856
2 0.4781906300484653 0.9204322200392927 0.035541195476575124 0.019646365422396856
2 0.45072697899838454 0.9194499017681729 0.048465266558966075 0.02554027504911591
2 0.5331179321486269 0.9400785854616895 0.038772213247172865 0.01768172888015717
2 0.3844911147011309 0.9341846758349704 0.048465266558966075 0.023575638506876224
2 0.3311793214862682 0.9302554027504911 0.05492730210016156 0.023575638506876224
2 0.1655896607431341 0.9302554027504911 0.04684975767366721 0.027504911591355596
2 0.22132471728594508 0.8939096267190569 0.0420032310177706 0.02554027504911591
2 0.1308562197092084 0.8649312377210215 0.051696284329563816 0.022593320235756383
2 0.037156704361873995 0.8948919449901768 0.04523424878836834 0.023575638506876224
2 0.10177705977382877 0.9219056974459724 0.051696284329563816 0.02455795677799607
2 0.5516962843295639 0.7647347740667976 0.037156704361873995 0.02455795677799607
2 0.5912762520193862 0.7740667976424361 0.029079159935379646 0.021611001964636542
2 0.7374798061389338 0.7195481335952848 0.04038772213247173 0.01866404715127701
2 0.6801292407108239 0.7229862475442043 0.029079159935379646 0.011787819253438112
2 0.7132471728594507 0.730353634577603 0.0210016155088853 0.012770137524557955
2 0.7617124394184168 0.6606090373280943 0.04038772213247173 0.02455795677799607
2 0.851373182552504 0.6974459724950883 0.0420032310177706 0.023575638506876224
2 0.8861066235864298 0.7028487229862475 0.04038772213247173 0.022593320235756383
2 0.7746365105008078 0.7111984282907662 0.024232633279483037 0.01768172888015717
2 0.8182552504038773 0.7224950884086444 0.0210016155088853 0.016699410609037325
2 0.5872374798061389 0.7072691552062867 0.037156704361873995 0.01768172888015717
2 0.6284329563812602 0.7097249508840864 0.02261712439418417 0.016699410609037325
2 0.5193861066235864 0.7161100196463653 0.033925686591276254 0.023575638506876224
2 0.43134087237479807 0.7082514734774066 0.035541195476575124 0.019646365422396856
2 0.38852988691437806 0.7072691552062867 0.033925686591276254 0.021611001964636542
2 0.3424878836833603 0.7008840864440078 0.048465266558966075 0.022593320235756383
2 0.29967689822294025 0.6984282907662082 0.04361873990306947 0.023575638506876224
2 0.2681744749596123 0.7151277013752455 0.029079159935379646 0.019646365422396856
2 0.11147011308562198 0.7097249508840864 0.038772213247172865 0.026522593320235755
2 0.04119547657512117 0.7244597249508841 0.04038772213247173 0.02455795677799607
2 0.19709208400646205 0.7215127701375245 0.07108239095315025 0.02848722986247544
2 0.13893376413570274 0.7220039292730844 0.035541195476575124 0.02554027504911591
2 0.19709208400646205 0.6493123772102161 0.051696284329563816 0.03143418467583497
2 0.2431340872374798 0.6365422396856582 0.04361873990306947 0.027504911591355596
2 0.33279483037156704 0.6507858546168959 0.051696284329563816 0.034381139489194495
2 0.3949919224555735 0.6286836935166994 0.04684975767366721 0.023575638506876224
2 0.4676898222940227 0.6222986247544204 0.04684975767366721 0.022593320235756383
2 0.47980613893376417 0.6576620825147347 0.038772213247172865 0.02455795677799607
2 0.6510500807754444 0.631139489194499 0.0420032310177706 0.02848722986247544
2 0.6025848142164782 0.6601178781925343 0.0420032310177706 0.021611001964636542
2 0.8109854604200324 0.56237721021611 0.0420032310177706 0.026522593320235755
2 0.6873990306946689 0.5383104125736738 0.04361873990306947 0.023575638506876224
2 0.747172859450727 0.5550098231827112 0.05654281098546042 0.02554027504911591
2 0.8626817447495961 0.5500982318271119 0.03231017770597738 0.01768172888015717
2 0.5589660743134087 0.5820235756385068 0.035541195476575124 0.01866404715127701
2 0.5936995153473344 0.6041257367387033 0.033925686591276254 0.021611001964636542
2 0.4951534733441034 0.580550098231827 0.033925686591276254 0.015717092337917484
2 0.48384491114701134 0.5098231827111984 0.04361873990306947 0.02554027504911591
2 0.5775444264943458 0.4803536345776031 0.04038772213247173 0.023575638506876224
2 0.6663974151857835 0.4803536345776031 0.04684975767366721 0.023575638506876224
2 0.7649434571890146 0.47200392927308443 0.04684975767366721 0.02848722986247544
2 0.5807754442649435 0.39489194499017677 0.037156704361873995 0.027504911591355596
2 0.6696284329563813 0.38015717092337914 0.037156704361873995 0.021611001964636542
2 0.7382875605815833 0.3767190569744597 0.0420032310177706 0.020628683693516697
2 0.7035541195476576 0.44695481335952847 0.033925686591276254 0.01768172888015717
2 0.505654281098546 0.480844793713163 0.048465266558966075 0.026522593320235755
2 0.40710823909531507 0.48133595284872294 0.04523424878836834 0.029469548133595282
2 0.4038772213247173 0.5029469548133595 0.04523424878836834 0.019646365422396856
2 0.3562197092084007 0.480844793713163 0.037156704361873995 0.02455795677799607
2 0.3263327948303716 0.5491159135559921 0.048465266558966075 0.019646365422396856
2 0.38045234248788373 0.5638506876227898 0.04038772213247173 0.023575638506876224
2 0.48142164781906305 0.5412573673870333 0.035541195476575124 0.027504911591355596
2 0.5541195476575121 0.5343811394891944 0.03231017770597738 0.013752455795677798
2 0.5815831987075929 0.543713163064833 0.038772213247172865 0.026522593320235755
2 0.6147011308562198 0.5579567779960707 0.04038772213247173 0.02554027504911591
2 0.2932148626817448 0.6321218074656189 0.033925686591276254 0.02455795677799607
2 0.14378029079159937 0.5422396856581532 0.0420032310177706 0.029469548133595282
2 0.1841680129240711 0.5402750491159135 0.04523424878836834 0.02554027504911591
2 0.24555735056542813 0.5613948919449901 0.035541195476575124 0.020628683693516697
2 0.15024232633279483 0.47396856581532415 0.0420032310177706 0.026522593320235755
2 0.1930533117932149 0.45874263261296655 0.033925686591276254 0.019646365422396856
2 0.21163166397415187 0.47691552062868364 0.025848142164781908 0.02455795677799607
2 0.04684975767366721 0.5535363457760314 0.04523424878836834 0.026522593320235755
2 0.10904684975767368 0.5535363457760314 0.02746365105008078 0.020628683693516697
2 0.09935379644588045 0.6262278978388998 0.037156704361873995 0.01866404715127701
2 0.05654281098546042 0.6404715127701375 0.03231017770597738 0.019646365422396856
2 0.14620355411954766 0.643418467583497 0.04038772213247173 0.021611001964636542
2 0.5339256865912763 0.6404715127701375 0.037156704361873995 0.019646365422396856
2 0.19063004846526657 0.3693516699410609 0.0420032310177706 0.023575638506876224
2 0.12197092084006463 0.37770137524557956 0.04684975767366721 0.02455795677799607
2 0.15751211631663975 0.40864440078585457 0.04038772213247173 0.027504911591355596
2 0.35864297253634897 0.3929273084479371 0.0420032310177706 0.023575638506876224
2 0.4644588045234249 0.36247544204322196 0.033925686591276254 0.021611001964636542
2 0.5379644588045235 0.36247544204322196 0.0420032310177706 0.021611001964636542
2 0.4369951534733441 0.43565815324165025 0.033925686591276254 0.01866404715127701
2 0.5904684975767367 0.4410609037328094 0.030694668820678516 0.021611001964636542
2 0.265751211631664 0.3929273084479371 0.04038772213247173 0.023575638506876224
2 0.4991922455573506 0.3222003929273084 0.0420032310177706 0.029469548133595282
2 0.1987075928917609 0.39145383104125736 0.038772213247172865 0.016699410609037325
2 0.23021001615508888 0.38899803536345773 0.030694668820678516 0.021611001964636542
2 0.43134087237479807 0.4027504911591355 0.038772213247172865 0.019646365422396856
2 0.505654281098546 0.4012770137524558 0.038772213247172865 0.022593320235756383
2 0.5945072697899839 0.3511787819253438 0.038772213247172865 0.020628683693516697
2 0.09854604200323103 0.4931237721021611 0.025848142164781908 0.019646365422396856
2 0.06138933764135703 0.5014734774066797 0.038772213247172865 0.014734774066797641
2 0.02988691437802908 0.4395874263261296 0.033925686591276254 0.020628683693516697
2 0.05735056542810986 0.43172888015717087 0.0210016155088853 0.010805500982318271
2 0.2705977382875606 0.45530451866404714 0.024232633279483037 0.016699410609037325
2 0.34652665589660747 0.42190569744597245 0.033925686591276254 0.01866404715127701
2 0.15912762520193863 0.5044204322200393 0.030694668820678516 0.01866404715127701
2 0.09046849757673668 0.7779960707269155 0.038772213247172865 0.02554027504911591
2 0.08562197092084008 0.8010805500982318 0.038772213247172865 0.02455795677799607
2 0.23021001615508888 0.9508840864440078 0.050080775444264945 0.019646365422396856
2 0.377221324717286 0.6566797642436148 0.04038772213247173 0.014734774066797641
2 0.3917609046849758 0.5353634577603144 0.0210016155088853 0.01768172888015717
2 0.09369951534733442 0.4484282907662082 0.0420032310177706 0.036345776031434185
2 0.1680129240710824 0.43565815324165025 0.038772213247172865 0.016699410609037325
2 0.8069466882067852 0.4523575638506876 0.05977382875605816 0.020628683693516697
2 0.25928917609046853 0.41306483300589386 0.030694668820678516 0.020628683693516697
2 0.3061389337641357 0.4017681728880157 0.04684975767366721 0.019646365422396856
2 0.2940226171243942 0.36640471512770134 0.038772213247172865 0.02554027504911591
2 0.40064620355411956 0.3629666011787819 0.05815831987075929 0.01866404715127701
2 0.24151857835218096 0.21414538310412573 0.04361873990306947 0.023575638506876224
2 0.27948303715670436 0.19744597249508838 0.038772213247172865 0.027504911591355596
2 0.3780290791599354 0.1817288801571709 0.03231017770597738 0.015717092337917484
2 0.8085621970920841 0.6439096267190569 0.033925686591276254 0.02848722986247544
2 0.8578352180936996 0.6630648330058939 0.019386106623586433 0.01768172888015717
2 0.11873990306946688 0.5098231827111984 0.030694668820678516 0.019646365422396856
2 0.6066235864297254 0.4764243614931237 0.030694668820678516 0.023575638506876224
2 0.8675282714054928 0.38948919449901764 0.03231017770597738 0.010805500982318271
2 0.35864297253634897 0.44007858546168954 0.03231017770597738 0.007858546168958742
2 0.4273021001615509 0.3148330058939096 0.024232633279483037 0.014734774066797641
2 0.40468497576736673 0.2779960707269155 0.04038772213247173 0.023575638506876224
2 0.5961227786752827 0.07514734774066797 0.03231017770597738 0.020628683693516697
2 0.15024232633279483 0.062377210216110014 0.03231017770597738 0.012770137524557955
2 0.22859450726979 0.06876227897838899 0.02746365105008078 0.011787819253438112
2 0.8966074313408724 0.14145383104125736 0.019386106623586433 0.019646365422396856
2 0.9256865912762521 0.1723968565815324 0.029079159935379646 0.02455795677799607
2 0.11470113085621972 0.15667976424361493 0.035541195476575124 0.022593320235756383
2 0.08239095315024234 0.15766208251473476 0.019386106623586433 0.020628683693516697
2 0.4248788368336026 0.5923379174852652 0.02261712439418417 0.013752455795677798
2 0.3424878836833603 0.5771119842829077 0.019386106623586433 0.012770137524557955
2 0.5945072697899839 0.6277013752455796 0.03231017770597738 0.019646365422396856
2 0.21809369951534735 0.6940078585461689 0.038772213247172865 0.012770137524557955
2 0.0840064620355412 0.8251473477406679 0.03231017770597738 0.019646365422396856
2 0.08319870759289176 0.5938113948919449 0.033925686591276254 0.014734774066797641
2 0.1777059773828756 0.21905697445972494 0.025848142164781908 0.011787819253438112
2 0.5444264943457189 0.40815324165029465 0.038772213247172865 0.026522593320235755
2 0.5718901453957997 0.3742632612966601 0.025848142164781908 0.013752455795677798
2 0.6211631663974152 0.3816306483300589 0.02746365105008078 0.01866404715127701
2 0.512924071082391 0.5687622789783889 0.02746365105008078 0.013752455795677798
2 0.28594507269789987 0.655697445972495 0.048465266558966075 0.026522593320235755
2 0.34975767366720517 0.6291748526522593 0.04038772213247173 0.014734774066797641
2 0.6930533117932149 0.599705304518664 0.02261712439418417 0.014734774066797641
2 0.25767366720516965 0.8998035363457759 0.033925686591276254 0.023575638506876224
2 0.20193861066235866 0.9101178781925343 0.035541195476575124 0.02455795677799607
