2 0.2778688524590164 0.12680810028929604 0.03114754098360656 0.026036644165863067
2 0.42213114754098363 0.09643201542912247 0.047540983606557376 0.019286403085824494
2 0.4967213114754098 0.09498553519768564 0.04918032786885246 0.027965284474445518
2 0.3237704918032787 0.07280617164898746 0.040983606557377046 0.01832208293153327
2 0.7008196721311475 0.10462873674059789 0.04426229508196721 0.027965284474445518
2 0.780327868852459 0.09209257473481196 0.04262295081967213 0.02025072324011572
2 0.8524590163934426 0.09112825458052073 0.04918032786885246 0.024108003857280617
2 0.9614754098360656 0.08534233365477338 0.04426229508196721 0.022179363548698167
2 0.8549180327868853 0.12246865959498554 0.054098360655737705 0.02700096432015429
2 0.690983606557377 0.04001928640308582 0.027868852459016394 0.026036644165863067
2 0.6237704918032787 0.07473481195756991 0.03114754098360656 0.024108003857280617
2 0.46475409836065573 0.1248794599807136 0.02459016393442623 0.010607521697203472
2 0.7475409836065574 0.13355834136933462 0.04262295081967213 0.02025072324011572
2 0.7475409836065574 0.17695274831243973 0.05573770491803279 0.024108003857280617
2 0.6926229508196722 0.17598842815814852 0.04426229508196721 0.024108003857280617
2 0.8918032786885246 0.19961427193828352 0.04590163934426229 0.025072324011571844
2 0.7770491803278688 0.21263259402121504 0.05245901639344262 0.03182256509161042
2 0.6836065573770492 0.22806171648987464 0.05245901639344262 0.024108003857280617
2 0.6762295081967213 0.2700096432015429 0.047540983606557376 0.02892960462873674
2 0.7581967213114754 0.2757955641272903 0.03770491803278689 0.023143683702989394
2 0.26967213114754096 0.16923818707810995 0.027868852459016394 0.02025072324011572
2 0.30655737704918035 0.19479267116682739 0.039344262295081964 0.023143683702989394
2 0.3819672131147541 0.17261330761812924 0.04262295081967213 0.025072324011571844
2 0.4540983606557377 0.20925747348119578 0.05573770491803279 0.025072324011571844
2 0.5762295081967214 0.20781099324975894 0.04426229508196721 0.024108003857280617
2 0.5254098360655738 0.21118611378977822 0.05081967213114754 0.021215043394406944
2 0.5172131147540984 0.17984570877531342 0.047540983606557376 0.022179363548698167
2 0.19098360655737706 0.2719382835101254 0.054098360655737705 0.023143683702989394
2 0.09836065573770492 0.2878495660559306 0.04262295081967213 0.026036644165863067
2 0.2959016393442623 0.2777242044358727 0.05081967213114754 0.03085824493731919
2 0.2983606557377049 0.29845708775313406 0.05245901639344262 0.01639344262295082
2 0.38278688524590165 0.3114754098360656 0.040983606557377046 0.025072324011571844
2 0.3516393442622951 0.28688524590163933 0.040983606557377046 0.029893924783027968
2 0.32459016393442625 0.24349083895853424 0.05573770491803279 0.024108003857280617
2 0.25245901639344265 0.25458052073288334 0.04590163934426229 0.019286403085824494
2 0.26639344262295084 0.23143683702989393 0.02459016393442623 0.023143683702989394
2 0.16065573770491803 0.2772420443587271 0.019672131147540982 0.02025072324011572
2 0.3877049180327869 0.27242044358727097 0.08688524590163935 0.026036644165863067
2 0.46147540983606555 0.257473481195757 0.03770491803278689 0.03085824493731919
2 0.47295081967213115 0.29315332690453233 0.054098360655737705 0.02892960462873674
2 0.5295081967213114 0.2806171648987464 0.06229508196721312 0.025072324011571844
2 0.5795081967213115 0.28302796528447444 0.040983606557377046 0.029893924783027968
2 0.6180327868852459 0.3278688524590164 0.04262295081967213 0.019286403085824494
2 0.8696721311475409 0.29315332690453233 0.03770491803278689 0.02700096432015429
2 0.7975409836065573 0.28688524590163933 0.040983606557377046 0.03182256509161042
2 0.7950819672131147 0.3158148505303761 0.04918032786885246 0.027965284474445518
2 0.8622950819672132 0.3505303760848602 0.04918032786885246 0.022179363548698167
2 0.7778688524590164 0.3900675024108004 0.047540983606557376 0.022179363548698167
2 0.8377049180327869 0.3900675024108004 0.03278688524590164 0.01832208293153327
2 0.8377049180327869 0.43442622950819676 0.036065573770491806 0.024108003857280617
2 0.8795081967213114 0.4339440694310511 0.03114754098360656 0.021215043394406944
2 0.04590163934426229 0.890549662487946 0.05573770491803279 0.027965284474445518
2 0.08934426229508197 0.9493731918997107 0.05081967213114754 0.027965284474445518
2 0.11885245901639344 0.9112825458052074 0.04426229508196721 0.02700096432015429
2 0.1540983606557377 0.9334619093539055 0.039344262295081964 0.023143683702989394
2 0.1819672131147541 0.8944069431051109 0.04262295081967213 0.022179363548698167
2 0.19262295081967212 0.8649951783992286 0.04426229508196721 0.021215043394406944
2 0.21311475409836064 0.7970106075216973 0.04590163934426229 0.022179363548698167
2 0.33934426229508197 0.8698167791706847 0.039344262295081964 0.023143683702989394
2 0.2959016393442623 0.903085824493732 0.04426229508196721 0.026036644165863067
2 0.2360655737704918 0.9411764705882353 0.022950819672131147 0.025072324011571844
2 0.2836065573770492 0.9358727097396335 0.05573770491803279 0.02025072324011572
2 0.40409836065573773 0.9001928640308583 0.04426229508196721 0.022179363548698167
2 0.4057377049180328 0.9276759884281581 0.03442622950819672 0.023143683702989394
2 0.45819672131147543 0.9238187078109933 0.047540983606557376 0.019286403085824494
2 0.5385245901639344 0.8702989392478303 0.04426229508196721 0.027965284474445518
2 0.4934426229508197 0.896817743490839 0.036065573770491806 0.023143683702989394
2 0.5639344262295082 0.9281581485053038 0.04262295081967213 0.024108003857280617
2 0.6049180327868853 0.9382835101253616 0.036065573770491806 0.025072324011571844
2 0.6254098360655738 0.9079074252651881 0.03770491803278689 0.022179363548698167
2 0.6549180327868852 0.9247830279652846 0.04426229508196721 0.013500482160077145
2 0.6967213114754098 0.935390549662488 0.03278688524590164 0.013500482160077145
2 0.7827868852459017 0.8837994214079075 0.03770491803278689 0.026036644165863067
2 0.8368852459016394 0.903085824493732 0.05081967213114754 0.024108003857280617
2 0.7163934426229508 0.8833172613307618 0.04918032786885246 0.03085824493731919
2 0.6721311475409836 0.9026036644165863 0.039344262295081964 0.019286403085824494
2 0.6114754098360655 0.8143683702989393 0.04262295081967213 0.027965284474445518
2 0.6459016393442623 0.7839922854387656 0.04590163934426229 0.023143683702989394
2 0.7032786885245902 0.8114754098360656 0.04918032786885246 0.022179363548698167
2 0.7491803278688525 0.7941176470588236 0.04590163934426229 0.024108003857280617
2 0.740983606557377 0.8105110896817743 0.029508196721311476 0.01832208293153327
2 0.8221311475409836 0.8153326904532305 0.047540983606557376 0.026036644165863067
2 0.7950819672131147 0.772420443587271 0.04590163934426229 0.021215043394406944
2 0.8147540983606557 0.6967213114754098 0.05245901639344262 0.029893924783027968
2 0.7631147540983606 0.6986499517839924 0.04426229508196721 0.026036644165863067
2 0.6754098360655738 0.7261330761812922 0.04262295081967213 0.023143683702989394
2 0.6442622950819672 0.6861137897782064 0.04262295081967213 0.024108003857280617
2 0.5229508196721312 0.7213114754098361 0.04262295081967213 0.025072324011571844
2 0.44016393442622953 0.7372227579556413 0.047540983606557376 0.022179363548698167
2 0.4 0.7010607521697204 0.039344262295081964 0.02892960462873674
2 0.3 0.7111861137897783 0.04262295081967213 0.022179363548698167
2 0.3073770491803279 0.76374156219865 0.027868852459016394 0.025072324011571844
2 0.2721311475409836 0.8071359691417551 0.039344262295081964 0.023143683702989394
2 0.3598360655737705 0.8037608486017358 0.03442622950819672 0.022179363548698167
2 0.4418032786885246 0.8187078109932497 0.04426229508196721 0.02700096432015429
2 0.5024590163934426 0.8119575699132112 0.040983606557377046 0.023143683702989394
2 0.5573770491803278 0.8027965284474445 0.05245901639344262 0.027965284474445518
2 0.5327868852459017 0.7671166827386693 0.039344262295081964 0.022179363548698167
2 0.578688524590164 0.7116682738669239 0.036065573770491806 0.023143683702989394
2 0.4778688524590164 0.6962391513982642 0.040983606557377046 0.023143683702989394
2 0.32868852459016396 0.6335583413693346 0.047540983606557376 0.025072324011571844
2 0.2959016393442623 0.6224686595949855 0.03770491803278689 0.024108003857280617
2 0.4483606557377049 0.6282545805207329 0.04426229508196721 0.024108003857280617
2 0.5286885245901639 0.6147540983606558 0.040983606557377046 0.024108003857280617
2 0.519672131147541 0.6403085824493732 0.039344262295081964 0.025072324011571844
2 0.5745901639344262 0.6518804243008679 0.04426229508196721 0.023143683702989394
2 0.660655737704918 0.6123432979749277 0.04262295081967213 0.019286403085824494
2 0.7278688524590164 0.6200578592092575 0.04262295081967213 0.025072324011571844
2 0.7729508196721312 0.6002892960462873 0.04426229508196721 0.022179363548698167
2 0.8647540983606558 0.6176470588235294 0.040983606557377046 0.024108003857280617
2 0.8024590163934426 0.6456123432979749 0.040983606557377046 0.024108003857280617
2 0.8942622950819672 0.7921890067502411 0.027868852459016394 0.024108003857280617
2 0.7213114754098361 0.7049180327868853 0.04918032786885246 0.017357762777242044
2 0.8573770491803279 0.7232401157184185 0.04918032786885246 0.02700096432015429
2 0.8975409836065574 0.7145612343297976 0.027868852459016394 0.025072324011571844
2 0.9598360655737704 0.7820636451301832 0.03442622950819672 0.02700096432015429
2 0.44672131147540983 0.7714561234329798 0.040983606557377046 0.019286403085824494
2 0.3918032786885246 0.6200578592092575 0.04262295081967213 0.023143683702989394
2 0.4057377049180328 0.6494696239151398 0.03114754098360656 0.02025072324011572
2 0.3918032786885246 0.5511089681774349 0.036065573770491806 0.01832208293153327
2 0.32868852459016396 0.5433944069431051 0.03442622950819672 0.022179363548698167
2 0.2786885245901639 0.5568948891031823 0.04590163934426229 0.024108003857280617
2 0.28114754098360656 0.5838958534233366 0.040983606557377046 0.022179363548698167
2 0.18032786885245902 0.5578592092574735 0.04262295081967213 0.026036644165863067
2 0.22213114754098362 0.5737704918032787 0.03770491803278689 0.019286403085824494
2 0.24180327868852458 0.592092574734812 0.027868852459016394 0.019286403085824494
2 0.06311475409836066 0.71648987463838 0.040983606557377046 0.017357762777242044
2 0.022950819672131147 0.7121504339440694 0.036065573770491806 0.022179363548698167
2 0.10901639344262296 0.7868852459016393 0.027868852459016394 0.03278688524590164
2 0.06475409836065574 0.7468659594985535 0.02459016393442623 0.02025072324011572
2 0.22213114754098362 0.7063645130183221 0.03114754098360656 0.022179363548698167
2 0.17868852459016393 0.7420443587270974 0.04262295081967213 0.01832208293153327
2 0.20491803278688525 0.3674059787849566 0.03278688524590164 0.023143683702989394
2 0.16393442622950818 0.4136933461909354 0.04918032786885246 0.021215043394406944
2 0.11885245901639344 0.4252651880424301 0.018032786885245903 0.02700096432015429
2 0.23114754098360657 0.39922854387656703 0.04918032786885246 0.021215043394406944
2 0.2827868852459016 0.38428158148505304 0.047540983606557376 0.024108003857280617
2 0.3336065573770492 0.37174541947926715 0.03770491803278689 0.02025072324011572
2 0.3844262295081967 0.3707810993249759 0.040983606557377046 0.02025072324011572
2 0.46475409836065573 0.35390549662487947 0.04426229508196721 0.025072324011571844
2 0.4336065573770492 0.3852459016393443 0.060655737704918035 0.027965284474445518
2 0.5073770491803279 0.3789778206364513 0.040983606557377046 0.025072324011571844
2 0.5622950819672131 0.38765670202507235 0.05245901639344262 0.023143683702989394
2 0.5221311475409836 0.4218900675024108 0.047540983606557376 0.027965284474445518
2 0.5204918032786885 0.44985535197685633 0.05081967213114754 0.026036644165863067
2 0.5704918032786885 0.44696239151398265 0.039344262295081964 0.022179363548698167
2 0.6 0.4556412729026037 0.03278688524590164 0.024108003857280617
2 0.6213114754098361 0.4758919961427194 0.029508196721311476 0.026036644165863067
2 0.6754098360655738 0.45901639344262296 0.039344262295081964 0.025072324011571844
2 0.7204918032786886 0.46962391513982643 0.03442622950819672 0.025072324011571844
2 0.7172131147540983 0.4990356798457088 0.047540983606557376 0.027965284474445518
2 0.771311475409836 0.4334619093539055 0.03442622950819672 0.024108003857280617
2 0.26721311475409837 0.45853423336547733 0.039344262295081964 0.01832208293153327
2 0.18524590163934426 0.46624879459980717 0.036065573770491806 0.02025072324011572
2 0.2122950819672131 0.4652844744455159 0.04426229508196721 0.024108003857280617
2 0.28114754098360656 0.48071359691417553 0.04426229508196721 0.022179363548698167
2 0.37131147540983606 0.44599807135969144 0.04426229508196721 0.024108003857280617
2 0.30655737704918035 0.4488910318225651 0.039344262295081964 0.022179363548698167
2 0.3418032786885246 0.45467695274831244 0.03442622950819672 0.022179363548698167
2 0.3795081967213115 0.48649951783992285 0.04426229508196721 0.022179363548698167
2 0.4057377049180328 0.46576663452266154 0.04426229508196721 0.019286403085824494
2 0.44344262295081965 0.47444551591128253 0.03770491803278689 0.023143683702989394
2 0.4885245901639344 0.4652844744455159 0.04590163934426229 0.024108003857280617
2 0.8713114754098361 0.5405014464802315 0.040983606557377046 0.01832208293153327
2 0.8213114754098361 0.5477338476374156 0.036065573770491806 0.015429122468659595
2 0.6836065573770492 0.532304725168756 0.04590163934426229 0.02892960462873674
2 0.6377049180327868 0.5544840887174542 0.04590163934426229 0.023143683702989394
2 0.6204918032786885 0.5188042430086789 0.04426229508196721 0.025072324011571844
2 0.5770491803278689 0.5395371263259402 0.04262295081967213 0.02025072324011572
2 0.7885245901639344 0.5308582449373193 0.04262295081967213 0.01832208293153327
2 0.10081967213114754 0.5380906460945034 0.060655737704918035 0.025072324011571844
2 0.19754098360655736 0.6557377049180328 0.03114754098360656 0.023143683702989394
2 0.05245901639344262 0.6759884281581485 0.02622950819672131 0.017357762777242044
2 0.5581967213114755 0.6051108968177435 0.03114754098360656 0.01832208293153327
2 0.5040983606557377 0.5935390549662488 0.03442622950819672 0.02025072324011572
2 0.6860655737704918 0.5896817743490839 0.027868852459016394 0.024108003857280617
2 0.4901639344262295 0.789778206364513 0.036065573770491806 0.017357762777242044
2 0.4016393442622951 0.7965284474445516 0.036065573770491806 0.021215043394406944
2 0.22049180327868853 0.9373191899710704 0.047540983606557376 0.017357762777242044
2 0.2459016393442623 0.9141755062680811 0.039344262295081964 0.019286403085824494
2 0.3704918032786885 0.9035679845708776 0.036065573770491806 0.023143683702989394
2 0.10491803278688525 0.8423336547733848 0.029508196721311476 0.01446480231436837
2 0.5450819672131147 0.9006750241080039 0.05081967213114754 0.017357762777242044
2 0.610655737704918 0.8789778206364514 0.02459016393442623 0.01832208293153327
2 0.1581967213114754 0.7762777242044359 0.040983606557377046 0.019286403085824494
2 0.12377049180327869 0.7290260366441659 0.05737704918032787 0.017357762777242044
2 0.5622950819672131 0.6721311475409836 0.02622950819672131 0.017357762777242044
2 0.5278688524590164 0.6123432979749277 0.04262295081967213 0.025072324011571844
2 0.44672131147540983 0.5458052073288332 0.040983606557377046 0.021215043394406944
2 0.7163934426229508 0.5231436837029894 0.029508196721311476 0.024108003857280617
2 0.6229508196721312 0.4069431051108968 0.05245901639344262 0.025072324011571844
2 0.6868852459016394 0.4136933461909354 0.06557377049180328 0.03085824493731919
2 0.6180327868852459 0.3625843780135005 0.05245901639344262 0.02700096432015429
2 0.6885245901639344 0.3625843780135005 0.06229508196721312 0.023143683702989394
2 0.44016393442622953 0.31340405014464806 0.03114754098360656 0.02892960462873674
2 0.5098360655737705 0.31485053037608485 0.029508196721311476 0.022179363548698167
2 0.20901639344262296 0.3124397299903568 0.07377049180327869 0.023143683702989394
2 0.7221311475409836 0.26663452266152365 0.027868852459016394 0.022179363548698167
2 0.6114754098360655 0.18997107039537128 0.039344262295081964 0.021215043394406944
2 0.3877049180327869 0.2068466730954677 0.014754098360655738 0.01446480231436837
2 0.23278688524590163 0.18563162970106076 0.029508196721311476 0.01446480231436837
2 0.5704918032786885 0.16055930568948892 0.036065573770491806 0.02025072324011572
2 0.23114754098360657 0.281099324975892 0.04590163934426229 0.022179363548698167
2 0.20901639344262296 0.3302796528447445 0.03770491803278689 0.01832208293153327
2 0.9155737704918033 0.46094503375120544 0.03114754098360656 0.023143683702989394
2 0.8377049180327869 0.48071359691417553 0.04918032786885246 0.022179363548698167
2 0.7983606557377049 0.4922854387656702 0.04262295081967213 0.027965284474445518
2 0.728688524590164 0.44406943105110896 0.040983606557377046 0.026036644165863067
2 0.13934426229508196 0.47782063645130185 0.04918032786885246 0.01446480231436837
2 0.7180327868852459 0.5665380906460945 0.04262295081967213 0.027965284474445518
2 0.5688524590163935 0.6297010607521697 0.03278688524590164 0.019286403085824494
2 0.5655737704918032 0.7709739633558341 0.03278688524590164 0.010607521697203472
2 0.5286885245901639 0.27820636451301833 0.05081967213114754 0.026036644165863067
2 0.7311475409836066 0.34088717454194795 0.04262295081967213 0.022179363548698167
2 0.4745901639344262 0.3833172613307618 0.027868852459016394 0.01832208293153327
2 0.6270491803278688 0.4296046287367406 0.054098360655737705 0.01446480231436837
2 0.07950819672131147 0.420443587270974 0.02459016393442623 0.015429122468659595
2 0.3147540983606557 0.31099324975891995 0.039344262295081964 0.02025072324011572
