2 0.4329173166926677 0.06427870461236505 0.0358814352574103 0.02453385672227674
2 0.3993759750390016 0.09911678115799803 0.031201248049921998 0.02551521099116781
2 0.34789391575663026 0.12512266928361138 0.028081123244929798 0.02453385672227674
2 0.1170046801872075 0.09568204121687929 0.0436817472698908 0.016683022571148183
2 0.1684867394695788 0.12315996074582923 0.0374414976599064 0.02453385672227674
2 0.20202808112324494 0.12217860647693816 0.0202808112324493 0.014720314033366044
2 0.24960998439937598 0.10843964671246319 0.0374414976599064 0.016683022571148183
2 0.48673946957878317 0.09322865554465161 0.0343213728549142 0.02158979391560353
2 0.516380655226209 0.11530912659470068 0.031201248049921998 0.02060843964671246
2 0.5335413416536662 0.08783120706575073 0.0374414976599064 0.018645731108930322
2 0.5702028081123245 0.10304219823356231 0.0421216848673947 0.01962708537782139
2 0.641185647425897 0.07948969578017664 0.028081123244929798 0.015701668302257114
2 0.6700468018720749 0.10500490677134444 0.0358814352574103 0.017664376840039252
2 0.6606864274570983 0.11874386653581942 0.0234009360374415 0.015701668302257114
2 0.717628705148206 0.09960745829244357 0.031201248049921998 0.0225711481844946
2 0.7457098283931357 0.09126594700686948 0.031201248049921998 0.01962708537782139
2 0.7769110764430578 0.08096172718351324 0.0374414976599064 0.02649656526005888
2 0.8463338533541342 0.12168792934249263 0.0358814352574103 0.02158979391560353
2 0.9719188767550703 0.07311089303238469 0.0374414976599064 0.02453385672227674
2 0.8486739469578783 0.17860647693817466 0.0405616224648986 0.02551521099116781
2 0.9157566302652106 0.18596663395485769 0.028081123244929798 0.018645731108930322
2 0.5109204368174727 0.1604514229636899 0.0358814352574103 0.02060843964671246
2 0.5319812792511701 0.20068694798822373 0.0374414976599064 0.0225711481844946
2 0.4134165366614665 0.1947988223748773 0.0405616224648986 0.02060843964671246
2 0.1669266770670827 0.20853778213935228 0.0405616224648986 0.02649656526005888
2 0.22698907956318254 0.1987242394504416 0.029641185647425898 0.038272816486751716
2 0.483619344773791 0.2453385672227674 0.0405616224648986 0.03140333660451423
2 0.5873634945397816 0.18596663395485769 0.0358814352574103 0.02060843964671246
2 0.6349453978159126 0.16094210009813542 0.028081123244929798 0.01962708537782139
2 0.7090483619344774 0.17173699705593717 0.0452418096723869 0.023552502453385672
2 0.749609984399376 0.18253189401373895 0.0483619344773791 0.02551521099116781
2 0.8065522620904837 0.17369970559371933 0.031201248049921998 0.01962708537782139
2 0.7925117004680188 0.20853778213935228 0.031201248049921998 0.02649656526005888
2 0.8720748829953199 0.20068694798822373 0.0436817472698908 0.02649656526005888
2 0.6840873634945398 0.20264965652600586 0.0452418096723869 0.030421982335623158
2 0.6115444617784711 0.20902845927379782 0.0436817472698908 0.02158979391560353
2 0.08502340093603744 0.30127576054955835 0.0421216848673947 0.02158979391560353
2 0.2106084243369735 0.2948969578017664 0.0436817472698908 0.02649656526005888
2 0.2956318252730109 0.30372914622178604 0.0452418096723869 0.03434739941118744
2 0.31513260530421217 0.3155053974484789 0.028081123244929798 0.018645731108930322
2 0.4126365054602184 0.30569185475956817 0.0358814352574103 0.02453385672227674
2 0.48127925117004683 0.3155053974484789 0.0390015600624025 0.030421982335623158
2 0.5397815912636506 0.296368989205103 0.0499219968798752 0.02747791952894995
2 0.5655226209048362 0.2620215897939156 0.0358814352574103 0.02158979391560353
2 0.6162246489859594 0.29293424926398426 0.0343213728549142 0.02453385672227674
2 0.6216848673946959 0.2723258096172718 0.0327613104524181 0.018645731108930322
2 0.6505460218408736 0.267909715407262 0.0374414976599064 0.02551521099116781
2 0.7137285491419657 0.2733071638861629 0.0358814352574103 0.016683022571148183
2 0.7277691107644306 0.2904808635917566 0.0327613104524181 0.017664376840039252
2 0.874414976599064 0.2944062806673209 0.0327613104524181 0.02158979391560353
2 0.8728549141965679 0.3287536800785083 0.0390015600624025 0.02158979391560353
2 0.9180967238689548 0.2791952894995093 0.0358814352574103 0.02060843964671246
2 0.7971918876755071 0.28802747791952893 0.031201248049921998 0.02060843964671246
2 0.8229329173166927 0.30372914622178604 0.0358814352574103 0.018645731108930322
2 0.8127925117004681 0.2703631010794897 0.0405616224648986 0.018645731108930322
2 0.6357254290171607 0.34887144259077524 0.0390015600624025 0.02453385672227674
2 0.577223088923557 0.3552502453385672 0.0343213728549142 0.023552502453385672
2 0.5327613104524181 0.3842001962708537 0.0390015600624025 0.02060843964671246
2 0.5865834633385336 0.40677134445534835 0.0405616224648986 0.02453385672227674
2 0.6466458658346335 0.39597644749754657 0.0390015600624025 0.02649656526005888
2 0.718408736349454 0.3704612365063788 0.0327613104524181 0.02453385672227674
2 0.6981279251170047 0.373405299313052 0.0171606864274571 0.012757605495583905
2 0.81201248049922 0.3994111874386653 0.0390015600624025 0.02551521099116781
2 0.890015600624025 0.3684985279685966 0.0265210608424337 0.016683022571148183
2 0.8790951638065523 0.38861629048086355 0.0265210608424337 0.01962708537782139
2 0.8377535101404057 0.4681059862610402 0.031201248049921998 0.02158979391560353
2 0.8790951638065523 0.46712463199214915 0.0265210608424337 0.01962708537782139
2 0.37363494539781594 0.38567222767419035 0.0421216848673947 0.02158979391560353
2 0.4297971918876755 0.3763493621197252 0.0358814352574103 0.018645731108930322
2 0.46801872074883 0.37193326790971537 0.031201248049921998 0.01962708537782139
2 0.49765990639625585 0.3665358194308145 0.031201248049921998 0.0225711481844946
2 0.2464898595943838 0.3778213935230618 0.0436817472698908 0.02158979391560353
2 0.2917316692667707 0.3704612365063788 0.0374414976599064 0.02060843964671246
2 0.33229329173166927 0.3626104023552502 0.0343213728549142 0.018645731108930322
2 0.20748829953198128 0.36997055937193324 0.0436817472698908 0.01962708537782139
2 0.08346333853354135 0.36457311089303235 0.0421216848673947 0.02060843964671246
2 0.14274570982839313 0.3778213935230618 0.0452418096723869 0.017664376840039252
2 0.19032761310452417 0.3876349362119725 0.0249609984399376 0.011776251226692836
2 0.27847113884555386 0.4445534838076545 0.0358814352574103 0.02158979391560353
2 0.3494539781591264 0.45878312070657506 0.046801872074883 0.02845927379784102
2 0.4243369734789392 0.46467124631992146 0.0405616224648986 0.0225711481844946
2 0.4633385335413417 0.4558390578999018 0.0499219968798752 0.02060843964671246
2 0.5273010920436818 0.45142296368989204 0.0499219968798752 0.02944062806673209
2 0.5881435257410297 0.4612365063788027 0.0374414976599064 0.02747791952894995
2 0.6357254290171607 0.4823356231599607 0.0483619344773791 0.02649656526005888
2 0.6895475819032761 0.46467124631992146 0.0405616224648986 0.0225711481844946
2 0.750390015600624 0.4774288518155054 0.0374414976599064 0.02060843964671246
2 0.7948517940717629 0.4715407262021589 0.0452418096723869 0.02649656526005888
2 0.8681747269890796 0.4960745829244357 0.0234009360374415 0.016683022571148183
2 0.8198127925117005 0.4892051030421982 0.0234009360374415 0.02453385672227674
2 0.2620904836193448 0.48577036310107946 0.0436817472698908 0.02551521099116781
2 0.22464898595943839 0.45976447497546613 0.0343213728549142 0.02060843964671246
2 0.1669266770670827 0.43866535819430813 0.0436817472698908 0.023552502453385672
2 0.19422776911076445 0.4474975466143277 0.0327613104524181 0.015701668302257114
2 0.11310452418096724 0.47006869479882235 0.0390015600624025 0.023552502453385672
2 0.10764430577223089 0.5171736997055937 0.028081123244929798 0.017664376840039252
2 0.12714508580343215 0.5368007850834151 0.029641185647425898 0.01962708537782139
2 0.14898595943837753 0.5206084396467124 0.0327613104524181 0.02060843964671246
2 0.18486739469578783 0.543179587831207 0.0421216848673947 0.02453385672227674
2 0.2215288611544462 0.5466143277723258 0.0343213728549142 0.01962708537782139
2 0.25663026521060844 0.5220804710500491 0.029641185647425898 0.017664376840039252
2 0.3619344773790952 0.5549558390578999 0.0343213728549142 0.03434739941118744
2 0.44071762870514825 0.5510304219823355 0.0327613104524181 0.02060843964671246
2 0.5561622464898596 0.5642787046123651 0.0452418096723869 0.02747791952894995
2 0.6216848673946959 0.5559371933267909 0.0390015600624025 0.02845927379784102
2 0.7363494539781592 0.5466143277723258 0.0405616224648986 0.02158979391560353
2 0.7847113884555382 0.5510304219823355 0.0343213728549142 0.014720314033366044
2 0.8611544461778471 0.5417075564278704 0.0436817472698908 0.02158979391560353
2 0.8307332293291732 0.5578999018645731 0.0265210608424337 0.018645731108930322
2 0.8307332293291732 0.528459273797841 0.029641185647425898 0.02060843964671246
2 0.171606864274571 0.6167811579980372 0.031201248049921998 0.018645731108930322
2 0.23166926677067085 0.5986261040235524 0.0483619344773791 0.017664376840039252
2 0.06318252730109204 0.9317958783120706 0.0514820592823713 0.0323846908734053
2 0.11466458658346335 0.9332679097154072 0.0421216848673947 0.017664376840039252
2 0.17238689547581904 0.9288518155053974 0.0358814352574103 0.016683022571148183
2 0.20358814352574103 0.9416094210009813 0.029641185647425898 0.016683022571148183
2 0.2620904836193448 0.9494602551521099 0.0405616224648986 0.02845927379784102
2 0.3003120124804992 0.9651619234543669 0.0390015600624025 0.03631010794896958
2 0.37675507020280813 0.9337585868498527 0.057722308892355696 0.02649656526005888
2 0.4633385335413417 0.8974484789008832 0.0499219968798752 0.02453385672227674
2 0.49765990639625585 0.937684003925417 0.0499219968798752 0.02649656526005888
2 0.5709828393135725 0.9445534838076545 0.0405616224648986 0.02649656526005888
2 0.6365054602184088 0.916584887144259 0.0343213728549142 0.023552502453385672
2 0.6817472698907957 0.9200196270853778 0.046801872074883 0.02649656526005888
2 0.7823712948517941 0.9175662414131501 0.0421216848673947 0.02158979391560353
2 0.8034321372854915 0.979882237487733 0.0436817472698908 0.02649656526005888
2 0.9157566302652106 0.9224730127576054 0.0405616224648986 0.023552502453385672
2 0.8447737909516381 0.9126594700686947 0.054602184087363496 0.02747791952894995
2 0.7121684867394696 0.8424926398429833 0.0390015600624025 0.02453385672227674
2 0.6887675507020281 0.866045142296369 0.0452418096723869 0.0225711481844946
2 0.609204368174727 0.8302257114818449 0.0390015600624025 0.023552502453385672
2 0.39391575663026523 0.8768400392541706 0.0358814352574103 0.02060843964671246
2 0.3915756630265211 0.8498527968596663 0.0530421216848674 0.02551521099116781
2 0.45319812792511704 0.8410206084396467 0.0421216848673947 0.02551521099116781
2 0.4297971918876755 0.8773307163886163 0.0390015600624025 0.02158979391560353
2 0.46177847113884557 0.7566241413150147 0.0499219968798752 0.02747791952894995
2 0.5304212168486739 0.796368989205103 0.0499219968798752 0.018645731108930322
2 0.48985959438377535 0.8316977428851815 0.0374414976599064 0.0225711481844946
2 0.49453978159126366 0.8209028459273797 0.028081123244929798 0.014720314033366044
2 0.5382215288611545 0.8297350343473994 0.0405616224648986 0.02060843964671246
2 0.5343213728549142 0.8434739941118743 0.0514820592823713 0.018645731108930322
2 0.5982839313572543 0.7806673209028459 0.0390015600624025 0.02649656526005888
2 0.5522620904836194 0.7114818449460255 0.0405616224648986 0.02551521099116781
2 0.5132605304212169 0.7036310107948969 0.031201248049921998 0.017664376840039252
2 0.5085803432137286 0.719332679097154 0.031201248049921998 0.01962708537782139
2 0.6762870514820593 0.7065750736015701 0.0452418096723869 0.02158979391560353
2 0.6583463338533542 0.6992149165848871 0.0374414976599064 0.018645731108930322
2 0.7449297971918877 0.733071638861629 0.0358814352574103 0.02158979391560353
2 0.7753510140405616 0.7340529931305201 0.0343213728549142 0.02747791952894995
2 0.8237129485179407 0.7212953876349362 0.0374414976599064 0.017664376840039252
2 0.8354134165366615 0.7821393523061825 0.0265210608424337 0.02747791952894995
2 0.7745709828393136 0.8096172718351324 0.0390015600624025 0.02158979391560353
2 0.7269890795631826 0.8169774288518155 0.031201248049921998 0.0225711481844946
2 0.6677067082683308 0.7929342492639843 0.0405616224648986 0.023552502453385672
2 0.6294851794071763 0.7953876349362119 0.0390015600624025 0.0225711481844946
2 0.6599063962558502 0.8194308145240431 0.031201248049921998 0.02158979391560353
2 0.6918876755070203 0.8101079489695779 0.0358814352574103 0.02453385672227674
2 0.7800312012480499 0.774288518155054 0.028081123244929798 0.01962708537782139
2 0.8354134165366615 0.6472031403336604 0.0327613104524181 0.0225711481844946
2 0.8073322932917317 0.6383709519136408 0.029641185647425898 0.02453385672227674
2 0.6833073322932918 0.6290480863591756 0.0374414976599064 0.02158979391560353
2 0.6263650546021841 0.6437684003925417 0.0390015600624025 0.03140333660451423
2 0.6014040561622465 0.6177625122669284 0.0390015600624025 0.0225711481844946
2 0.5616224648985959 0.612855740922473 0.028081123244929798 0.018645731108930322
2 0.5429017160686428 0.6359175662414132 0.0405616224648986 0.02944062806673209
2 0.49375975039001563 0.6555446516192345 0.0327613104524181 0.02158979391560353
2 0.33931357254290173 0.6177625122669284 0.0358814352574103 0.018645731108930322
2 0.3455538221528861 0.647693817468106 0.0390015600624025 0.01962708537782139
2 0.4180967238689548 0.6575073601570166 0.0405616224648986 0.02747791952894995
2 0.41029641185647425 0.7134445534838076 0.0436817472698908 0.02551521099116781
2 0.7316692667706709 0.6977428851815505 0.0374414976599064 0.017664376840039252
2 0.3502340093603744 0.7482826300294406 0.0452418096723869 0.02845927379784102
2 0.3003120124804992 0.7217860647693817 0.054602184087363496 0.02649656526005888
2 0.20514820592823713 0.7703631010794897 0.0452418096723869 0.023552502453385672
2 0.25585023400936036 0.804710500490677 0.046801872074883 0.02551521099116781
2 0.2956318252730109 0.8326790971540725 0.0483619344773791 0.02845927379784102
2 0.2620904836193448 0.8562315996074582 0.0374414976599064 0.018645731108930322
2 0.12636505460218408 0.8346418056918546 0.046801872074883 0.02845927379784102
2 0.11232449297971919 0.8581943081452403 0.0343213728549142 0.02060843964671246
2 0.05070202808112324 0.8243375858684985 0.0390015600624025 0.02551521099116781
2 0.0405616224648986 0.7374877330716388 0.0343213728549142 0.02060843964671246
2 0.14040561622464898 0.65603532875368 0.0436817472698908 0.0225711481844946
2 0.17238689547581904 0.7109911678115799 0.0390015600624025 0.02649656526005888
2 0.11232449297971919 0.7630029440628067 0.0530421216848674 0.0225711481844946
2 0.11388455538221529 0.7934249263984298 0.046801872074883 0.02453385672227674
2 0.1856474258970359 0.804710500490677 0.0499219968798752 0.02551521099116781
2 0.15756630265210608 0.8199214916584886 0.0343213728549142 0.0225711481844946
2 0.18252730109204368 0.8508341511285573 0.0343213728549142 0.023552502453385672
2 0.2106084243369735 0.832188420019627 0.046801872074883 0.02551521099116781
2 0.3502340093603744 0.804710500490677 0.0327613104524181 0.015701668302257114
2 0.4087363494539782 0.8110893032384691 0.0405616224648986 0.02060843964671246
2 0.3081123244929797 0.7993130520117762 0.0358814352574103 0.02649656526005888
2 0.593603744149766 0.7463199214916585 0.0390015600624025 0.0225711481844946
2 0.4882995319812793 0.6849852796859666 0.031201248049921998 0.02158979391560353
2 0.46177847113884557 0.6658488714425908 0.031201248049921998 0.0225711481844946
2 0.25663026521060844 0.6604514229636899 0.0483619344773791 0.02747791952894995
2 0.062402496099843996 0.6658488714425908 0.0343213728549142 0.02649656526005888
2 0.04290171606864275 0.7080471050049068 0.0390015600624025 0.030421982335623158
2 0.14742589703588144 0.7350343473994111 0.0327613104524181 0.02551521099116781
2 0.2464898595943838 0.6933267909715407 0.0343213728549142 0.016683022571148183
2 0.41107644305772234 0.6913640824337586 0.0452418096723869 0.0225711481844946
2 0.5881435257410297 0.6830225711481844 0.028081123244929798 0.011776251226692836
2 0.9141965678627145 0.6594700686947987 0.0249609984399376 0.017664376840039252
2 0.2090483619344774 0.6315014720314033 0.0343213728549142 0.02060843964671246
2 0.39391575663026523 0.6211972522080471 0.0421216848673947 0.02158979391560353
2 0.46957878315132606 0.620215897939156 0.0436817472698908 0.02747791952894995
2 0.39001560062402496 0.5907752698724239 0.0405616224648986 0.023552502453385672
2 0.7932917316692668 0.3547595682041217 0.0327613104524181 0.02060843964671246
2 0.7667706708268331 0.34347399411187435 0.029641185647425898 0.02158979391560353
2 0.7418096723868955 0.39646712463199213 0.0358814352574103 0.01962708537782139
2 0.44773790951638065 0.2733071638861629 0.0343213728549142 0.016683022571148183
2 0.3868954758190328 0.28949950932286556 0.0249609984399376 0.015701668302257114
2 0.17628705148205928 0.2747791952894995 0.0343213728549142 0.01962708537782139
2 0.1794071762870515 0.30520117762512267 0.0343213728549142 0.023552502453385672
2 0.8673946957878316 0.10647693817468105 0.028081123244929798 0.02060843964671246
2 0.45319812792511704 0.16879293424926398 0.0327613104524181 0.01962708537782139
2 0.3252730109204368 0.1295387634936212 0.0265210608424337 0.011776251226692836
2 0.9407176287051482 0.11972522080471049 0.0187207488299532 0.015701668302257114
2 0.8190327613104524 0.06378802747791952 0.031201248049921998 0.011776251226692836
2 0.34009360374414976 0.267909715407262 0.0249609984399376 0.017664376840039252
2 0.828393135725429 0.3577036310107949 0.0343213728549142 0.016683022571148183
2 0.7714508580343215 0.31059862610402356 0.0390015600624025 0.0225711481844946
2 0.3798751950078003 0.6579980372914622 0.029641185647425898 0.02060843964671246
2 0.734009360374415 0.6403336604514229 0.0171606864274571 0.014720314033366044
2 0.7613104524180967 0.6457311089303238 0.0249609984399376 0.013738959764474975
2 0.780811232449298 0.6584887144259077 0.029641185647425898 0.017664376840039252
2 0.8642745709828393 0.7301275760549558 0.0218408736349454 0.015701668302257114
2 0.8783151326053042 0.6516192345436702 0.0187207488299532 0.01962708537782139
2 0.6778471138845554 0.543179587831207 0.029641185647425898 0.014720314033366044
2 0.3049921996879875 0.6432777232580962 0.0234009360374415 0.016683022571148183
2 0.093603744149766 0.7149165848871442 0.0374414976599064 0.02649656526005888
2 0.21606864274570983 0.7453385672227674 0.0358814352574103 0.02060843964671246
2 0.39001560062402496 0.7414131501472031 0.031201248049921998 0.018645731108930322
2 0.47815912636505464 0.720314033366045 0.0234009360374415 0.015701668302257114
2 0.5522620904836194 0.7399411187438665 0.031201248049921998 0.015701668302257114
2 0.22230889235569423 0.8989205103042197 0.0452418096723869 0.023552502453385672
2 0.30265210608424337 0.8910696761530912 0.0374414976599064 0.017664376840039252
2 0.5982839313572543 0.8758586849852796 0.0327613104524181 0.016683022571148183
2 0.6232449297971919 0.8758586849852796 0.029641185647425898 0.0225711481844946
2 0.3174726989079563 0.9106967615309126 0.029641185647425898 0.01962708537782139
2 0.3135725429017161 0.8611383709519136 0.031201248049921998 0.016683022571148183
2 0.514820592823713 0.5412168792934249 0.0436817472698908 0.014720314033366044
2 0.8166926677067083 0.10893032384690872 0.0265210608424337 0.013738959764474975
2 0.6076443057722309 0.7085377821393523 0.0265210608424337 0.017664376840039252
2 0.3424336973478939 0.7031403336604514 0.0265210608424337 0.012757605495583905
2 0.8634945397815913 0.8096172718351324 0.0358814352574103 0.015701668302257114
2 0.34477379095163807 0.8606476938174681 0.031201248049921998 0.01962708537782139
2 0.7722308892355695 0.15554465161923453 0.0249609984399376 0.012757605495583905
2 0.25663026521060844 0.1889106967615309 0.0202808112324493 0.010794896957801765
2 0.6755070202808112 0.40677134445534835 0.0249609984399376 0.014720314033366044
2 0.3385335413416537 0.8758586849852796 0.0405616224648986 0.016683022571148183
2 0.7425897035881436 0.8326790971540725 0.0249609984399376 0.016683022571148183
