2 0.32903225806451614 0.06924546322827124 0.04838709677419355 0.0276981852913085
2 0.4508064516129032 0.06972301814708691 0.037096774193548385 0.022922636103151862
2 0.5435483870967742 0.04393505253104107 0.04516129032258064 0.021012416427889206
2 0.6330645161290323 0.044890162368672396 0.024193548387096774 0.019102196752626553
2 0.2653225806451613 0.054918815663801336 0.03387096774193549 0.020057306590257878
2 0.22338709677419355 0.08213944603629417 0.037096774193548385 0.021012416427889206
2 0.1596774193548387 0.09837631327602674 0.02258064516129032 0.024832855778414518
2 0.22580645161290322 0.1146131805157593 0.03225806451612903 0.013371537726838585
2 0.1314516129032258 0.09503342884431709 0.020967741935483872 0.014326647564469913
2 0.2838709677419355 0.10744985673352435 0.02903225806451613 0.018147086914995225
2 0.36935483870967745 0.09789875835721108 0.03225806451612903 0.025787965616045846
2 0.3782258064516129 0.12225405921680993 0.04032258064516129 0.022922636103151862
2 0.49435483870967745 0.12225405921680993 0.027419354838709678 0.028653295128939826
2 0.5733870967741935 0.10124164278892073 0.037096774193548385 0.019102196752626553
2 0.6411290322580645 0.1146131805157593 0.037096774193548385 0.02674307545367717
2 0.6895161290322581 0.10506208213944604 0.03387096774193549 0.021012416427889206
2 0.7459677419354839 0.10840496657115568 0.05 0.0276981852913085
2 0.8032258064516129 0.09551098376313276 0.03870967741935484 0.02674307545367717
2 0.8887096774193548 0.049665711556829036 0.03870967741935484 0.024832855778414518
2 0.8774193548387097 0.12082139446036294 0.03225806451612903 0.020057306590257878
2 0.807258064516129 0.16284622731614135 0.03387096774193549 0.018147086914995225
2 0.7806451612903226 0.19293218720152816 0.04516129032258064 0.021012416427889206
2 0.85 0.20725883476599807 0.035483870967741936 0.021012416427889206
2 0.8403225806451613 0.23925501432664756 0.03225806451612903 0.03151862464183381
2 0.8008064516129032 0.2531041069723018 0.05 0.02674307545367717
2 0.7467741935483871 0.2297039159503343 0.04516129032258064 0.025787965616045846
2 0.6661290322580645 0.20200573065902577 0.04516129032258064 0.02387774594078319
2 0.6387096774193548 0.1766953199617956 0.02903225806451613 0.021012416427889206
2 0.6620967741935484 0.1475644699140401 0.04032258064516129 0.021967526265520534
2 0.5556451612903226 0.1623686723973257 0.04032258064516129 0.022922636103151862
2 0.5983870967741935 0.1413562559694365 0.03225806451612903 0.017191977077363897
2 0.5919354838709677 0.12416427889207259 0.02903225806451613 0.013371537726838585
2 0.44516129032258067 0.16284622731614135 0.04516129032258064 0.0276981852913085
2 0.5540322580645162 0.19627507163323782 0.03387096774193549 0.020057306590257878
2 0.5903225806451613 0.19006685768863418 0.05161290322580645 0.02674307545367717
2 0.6338709677419355 0.2297039159503343 0.04838709677419355 0.020057306590257878
2 0.6870967741935484 0.24259789875835722 0.01935483870967742 0.011461318051575931
2 0.6846774193548387 0.2822349570200573 0.06290322580645161 0.021967526265520534
2 0.7483870967741936 0.2917860553963706 0.03225806451612903 0.01623686723973257
2 0.7524193548387097 0.3213944603629417 0.04032258064516129 0.021967526265520534
2 0.6782258064516129 0.3428844317096466 0.037096774193548385 0.022922636103151862
2 0.6088709677419355 0.32808022922636104 0.043548387096774194 0.025787965616045846
2 0.4991935483870968 0.278414517669532 0.043548387096774194 0.025787965616045846
2 0.5870967741935483 0.2626552053486151 0.035483870967741936 0.019102196752626553
2 0.635483870967742 0.25692454632282713 0.04516129032258064 0.022922636103151862
2 0.5532258064516129 0.23256924546322827 0.03870967741935484 0.02387774594078319
2 0.39919354838709675 0.2320916905444126 0.037096774193548385 0.019102196752626553
2 0.45161290322580644 0.2511938872970392 0.03870967741935484 0.021012416427889206
2 0.2540322580645161 0.24212034383954154 0.0467741935483871 0.025787965616045846
2 0.20725806451612902 0.20916905444126074 0.043548387096774194 0.024832855778414518
2 0.15645161290322582 0.18958930276981853 0.04516129032258064 0.02387774594078319
2 0.12661290322580646 0.17096466093600762 0.03387096774193549 0.021012416427889206
2 0.175 0.1423113658070678 0.037096774193548385 0.017191977077363897
2 0.24596774193548387 0.16141356255969436 0.0467741935483871 0.028653295128939826
2 0.3774193548387097 0.18290353390639924 0.035483870967741936 0.02387774594078319
2 0.34516129032258064 0.16666666666666666 0.035483870967741936 0.025787965616045846
2 0.29274193548387095 0.14469914040114612 0.03064516129032258 0.021967526265520534
2 0.3056451612903226 0.1977077363896848 0.0467741935483871 0.024832855778414518
2 0.29596774193548386 0.1728748806112703 0.04032258064516129 0.019102196752626553
2 0.1588709677419355 0.26695319961795605 0.043548387096774194 0.025787965616045846
2 0.11290322580645161 0.274116523400191 0.04516129032258064 0.024832855778414518
2 0.15241935483870966 0.2932187201528176 0.04032258064516129 0.021012416427889206
2 0.23870967741935484 0.3018147086914995 0.035483870967741936 0.019102196752626553
2 0.20161290322580644 0.272683858643744 0.03870967741935484 0.020057306590257878
2 0.32983870967741935 0.271251193887297 0.043548387096774194 0.021012416427889206
2 0.3604838709677419 0.28557784145176696 0.0467741935483871 0.019102196752626553
2 0.4088709677419355 0.2903533906399236 0.05 0.021012416427889206
2 0.4637096774193548 0.29656160458452724 0.04032258064516129 0.025787965616045846
2 0.49274193548387096 0.33954154727793695 0.0467741935483871 0.0276981852913085
2 0.5346774193548387 0.3228271251193887 0.037096774193548385 0.021012416427889206
2 0.5790322580645161 0.2936962750716332 0.025806451612903226 0.010506208213944603
2 0.6370967741935484 0.2913085004775549 0.02258064516129032 0.017191977077363897
2 0.6379032258064516 0.30850047755491883 0.03387096774193549 0.021012416427889206
2 0.7959677419354839 0.3677172874880611 0.0467741935483871 0.030563514804202482
2 0.8870967741935484 0.37392550143266473 0.03225806451612903 0.02387774594078319
2 0.2991935483870968 0.3137535816618911 0.0467741935483871 0.025787965616045846
2 0.4241935483870968 0.32999044890162366 0.05161290322580645 0.025787965616045846
2 0.34596774193548385 0.3228271251193887 0.04032258064516129 0.02674307545367717
2 0.3758064516129032 0.3557784145176695 0.03225806451612903 0.020057306590257878
2 0.38467741935483873 0.3939828080229226 0.04032258064516129 0.02387774594078319
2 0.07661290322580645 0.3142311365807068 0.024193548387096774 0.015281757402101241
2 0.03064516129032258 0.36103151862464183 0.03225806451612903 0.030563514804202482
2 0.1064516129032258 0.3553008595988539 0.04838709677419355 0.022922636103151862
2 0.14596774193548387 0.33285577841451763 0.03387096774193549 0.020057306590257878
2 0.16693548387096774 0.3629417382999045 0.037096774193548385 0.03247373447946514
2 0.22661290322580646 0.3443170964660936 0.04032258064516129 0.021967526265520534
2 0.2064516129032258 0.3744030563514804 0.03870967741935484 0.013371537726838585
2 0.2846774193548387 0.4169054441260745 0.05 0.0276981852913085
2 0.3346774193548387 0.4140401146131805 0.05 0.025787965616045846
2 0.4096774193548387 0.4379178605539637 0.04516129032258064 0.02387774594078319
2 0.46774193548387094 0.3887297039159503 0.035483870967741936 0.021012416427889206
2 0.5274193548387097 0.39159503342884433 0.054838709677419356 0.030563514804202482
2 0.5935483870967742 0.3562559694364852 0.03225806451612903 0.022922636103151862
2 0.6274193548387097 0.3839541547277937 0.02903225806451613 0.011461318051575931
2 0.6887096774193548 0.389207258834766 0.05161290322580645 0.0276981852913085
2 0.7096774193548387 0.40401146131805155 0.041935483870967745 0.021012416427889206
2 0.7548387096774194 0.41308500477554916 0.041935483870967745 0.021967526265520534
2 0.8451612903225807 0.41308500477554916 0.04516129032258064 0.0276981852913085
2 0.6838709677419355 0.43170964660936006 0.041935483870967745 0.02674307545367717
2 0.7435483870967742 0.45510983763132756 0.041935483870967745 0.025787965616045846
2 0.8024193548387096 0.43314231136580705 0.037096774193548385 0.021967526265520534
2 0.9032258064516129 0.42932187201528177 0.025806451612903226 0.01623686723973257
2 0.8491935483870968 0.492836676217765 0.04032258064516129 0.028653295128939826
2 0.08225806451612903 0.936007640878701 0.041935483870967745 0.021012416427889206
2 0.11209677419354838 0.9274116523400191 0.04032258064516129 0.024832855778414518
2 0.13870967741935483 0.936007640878701 0.04516129032258064 0.021012416427889206
2 0.14677419354838708 0.9527220630372493 0.035483870967741936 0.018147086914995225
2 0.2161290322580645 0.9111747851002865 0.041935483870967745 0.019102196752626553
2 0.22338709677419355 0.9541547277936963 0.03064516129032258 0.021012416427889206
2 0.20806451612903226 0.9832855778414518 0.03225806451612903 0.018147086914995225
2 0.27741935483870966 0.9570200573065902 0.03225806451612903 0.021012416427889206
2 0.5854838709677419 0.4178605539637058 0.025806451612903226 0.020057306590257878
2 0.4967741935483871 0.4407831900668577 0.03870967741935484 0.021967526265520534
2 0.5588709677419355 0.443170964660936 0.027419354838709678 0.017191977077363897
2 0.6459677419354839 0.4823304680038204 0.0467741935483871 0.02674307545367717
2 0.6903225806451613 0.49379178605539636 0.04516129032258064 0.022922636103151862
2 0.7774193548387097 0.491404011461318 0.04516129032258064 0.025787965616045846
2 0.3564516129032258 0.9527220630372493 0.03225806451612903 0.021967526265520534
2 0.40161290322580645 0.944603629417383 0.02903225806451613 0.017191977077363897
2 0.43306451612903224 0.9216809933142311 0.04032258064516129 0.021012416427889206
2 0.4814516129032258 0.9264565425023877 0.03387096774193549 0.022922636103151862
2 0.5161290322580645 0.936007640878701 0.03870967741935484 0.017191977077363897
2 0.6120967741935484 0.9040114613180515 0.03387096774193549 0.025787965616045846
2 0.6362903225806451 0.9059216809933142 0.04032258064516129 0.021967526265520534
2 0.6887096774193548 0.894937917860554 0.03870967741935484 0.022922636103151862
2 0.7298387096774194 0.879178605539637 0.037096774193548385 0.021967526265520534
2 0.7758064516129032 0.8505253104106972 0.035483870967741936 0.020057306590257878
2 0.7516129032258064 0.8572110792741165 0.02903225806451613 0.01623686723973257
2 0.7983870967741935 0.8710601719197707 0.03870967741935484 0.021012416427889206
2 0.8524193548387097 0.8209169054441261 0.027419354838709678 0.020057306590257878
2 0.8040322580645162 0.8018147086914995 0.04032258064516129 0.02387774594078319
2 0.7580645161290323 0.8051575931232091 0.04516129032258064 0.019102196752626553
2 0.6854838709677419 0.815186246418338 0.03870967741935484 0.020057306590257878
2 0.6596774193548387 0.7311365807067812 0.041935483870967745 0.02387774594078319
2 0.775 0.7411652340019101 0.037096774193548385 0.022922636103151862
2 0.839516129032258 0.718720152817574 0.027419354838709678 0.021967526265520534
2 0.9153225806451613 0.8104106972301814 0.03064516129032258 0.020057306590257878
2 0.717741935483871 0.7803247373447946 0.03870967741935484 0.022922636103151862
2 0.6435483870967742 0.7817574021012417 0.04516129032258064 0.021967526265520534
2 0.44516129032258067 0.7750716332378224 0.03870967741935484 0.021967526265520534
2 0.48870967741935484 0.8027698185291309 0.04838709677419355 0.021967526265520534
2 0.4266129032258065 0.8099331423113658 0.03387096774193549 0.024832855778414518
2 0.357258064516129 0.8089780324737345 0.05 0.02674307545367717
2 0.29838709677419356 0.8094555873925501 0.04838709677419355 0.02387774594078319
2 0.2669354838709677 0.7999044890162369 0.037096774193548385 0.020057306590257878
2 0.25564516129032255 0.8457497612225405 0.04032258064516129 0.021967526265520534
2 0.2862903225806452 0.8648519579751671 0.043548387096774194 0.018147086914995225
2 0.3629032258064516 0.8801337153772684 0.041935483870967745 0.02387774594078319
2 0.42338709677419356 0.8787010506208214 0.027419354838709678 0.022922636103151862
2 0.4483870967741935 0.87774594078319 0.041935483870967745 0.024832855778414518
2 0.5096774193548387 0.8638968481375358 0.04516129032258064 0.0276981852913085
2 0.32016129032258067 0.8328557784145176 0.024193548387096774 0.021012416427889206
2 0.35080645161290325 0.828080229226361 0.03064516129032258 0.019102196752626553
2 0.38225806451612904 0.8342884431709646 0.025806451612903226 0.018147086914995225
2 0.48629032258064514 0.8357211079274116 0.024193548387096774 0.009551098376313277
2 0.6185483870967742 0.8027698185291309 0.027419354838709678 0.014326647564469913
2 0.11774193548387096 0.8252148997134671 0.03870967741935484 0.024832855778414518
2 0.16774193548387098 0.8328557784145176 0.041935483870967745 0.024832855778414518
2 0.21774193548387097 0.7717287488061126 0.04838709677419355 0.022922636103151862
2 0.3008064516129032 0.7621776504297995 0.04032258064516129 0.022922636103151862
2 0.3629032258064516 0.7578796561604584 0.041935483870967745 0.020057306590257878
2 0.3443548387096774 0.7363896848137536 0.03387096774193549 0.021012416427889206
2 0.4161290322580645 0.718720152817574 0.05806451612903226 0.02387774594078319
2 0.4782258064516129 0.7220630372492837 0.0532258064516129 0.028653295128939826
2 0.5314516129032258 0.7125119388729704 0.0532258064516129 0.024832855778414518
2 0.5879032258064516 0.7058261700095511 0.043548387096774194 0.022922636103151862
2 0.6104838709677419 0.6948424068767908 0.03387096774193549 0.021967526265520534
2 0.6612903225806451 0.7029608404966571 0.03225806451612903 0.021012416427889206
2 0.7693548387096775 0.673352435530086 0.03870967741935484 0.022922636103151862
2 0.692741935483871 0.646131805157593 0.027419354838709678 0.018147086914995225
2 0.7120967741935483 0.6504297994269341 0.020967741935483872 0.015281757402101241
2 0.6806451612903226 0.667621776504298 0.025806451612903226 0.015281757402101241
2 0.5766129032258065 0.6595033428844317 0.05 0.025787965616045846
2 0.5112903225806451 0.6451766953199618 0.03870967741935484 0.020057306590257878
2 0.592741935483871 0.6255969436485196 0.043548387096774194 0.028653295128939826
2 0.6701612903225806 0.6232091690544412 0.037096774193548385 0.02387774594078319
2 0.6387096774193548 0.6375358166189111 0.02903225806451613 0.033428844317096466
2 0.7830645161290323 0.6270296084049666 0.03387096774193549 0.02387774594078319
2 0.8306451612903226 0.6494746895893028 0.03870967741935484 0.022922636103151862
2 0.8629032258064516 0.6518624641833811 0.03225806451612903 0.021967526265520534
2 0.3419354838709677 0.6991404011461317 0.03870967741935484 0.019102196752626553
2 0.19193548387096773 0.6996179560649475 0.041935483870967745 0.025787965616045846
2 0.12016129032258065 0.7120343839541547 0.043548387096774194 0.025787965616045846
2 0.0717741935483871 0.71585482330468 0.043548387096774194 0.025787965616045846
2 0.043548387096774194 0.6977077363896848 0.041935483870967745 0.021967526265520534
2 0.10725806451612903 0.669054441260745 0.037096774193548385 0.021967526265520534
2 0.18387096774193548 0.6346704871060171 0.041935483870967745 0.025787965616045846
2 0.25483870967741934 0.7000955109837631 0.03870967741935484 0.022922636103151862
2 0.22661290322580646 0.7153772683858644 0.037096774193548385 0.021012416427889206
2 0.442741935483871 0.5515759312320917 0.0532258064516129 0.0276981852913085
2 0.6596774193548387 0.561127029608405 0.041935483870967745 0.025787965616045846
2 0.7153225806451613 0.5649474689589302 0.04032258064516129 0.02387774594078319
2 0.7661290322580645 0.5362941738299905 0.03870967741935484 0.02387774594078319
2 0.825 0.5491881566380133 0.037096774193548385 0.024832855778414518
2 0.8387096774193549 0.5811843361986628 0.035483870967741936 0.020057306590257878
2 0.7991935483870968 0.5802292263610315 0.043548387096774194 0.021967526265520534
2 0.9024193548387097 0.5702005730659025 0.03064516129032258 0.021012416427889206
2 0.957258064516129 0.5630372492836676 0.024193548387096774 0.014326647564469913
2 0.739516129032258 0.5859598853868194 0.03064516129032258 0.0276981852913085
2 0.7516129032258064 0.6127029608404967 0.02903225806451613 0.014326647564469913
2 0.557258064516129 0.5964660936007641 0.04032258064516129 0.0276981852913085
2 0.5161290322580645 0.5802292263610315 0.02258064516129032 0.018147086914995225
2 0.5370967741935484 0.6208213944603629 0.05161290322580645 0.03247373447946514
2 0.41451612903225804 0.6279847182425978 0.04516129032258064 0.02387774594078319
2 0.3903225806451613 0.5711556829035339 0.041935483870967745 0.024832855778414518
2 0.36935483870967745 0.5491881566380133 0.041935483870967745 0.02674307545367717
2 0.2870967741935484 0.5544412607449857 0.04516129032258064 0.02387774594078319
2 0.20725806451612902 0.5644699140401146 0.0467741935483871 0.028653295128939826
2 0.14838709677419354 0.6127029608404967 0.035483870967741936 0.02387774594078319
2 0.1443548387096774 0.6318051575931232 0.04032258064516129 0.020057306590257878
2 0.0935483870967742 0.600764087870105 0.03870967741935484 0.019102196752626553
2 0.07661290322580645 0.504297994269341 0.0467741935483871 0.02674307545367717
2 0.15 0.5315186246418337 0.03225806451612903 0.020057306590257878
2 0.15 0.5501432664756447 0.02903225806451613 0.021012416427889206
2 0.20887096774193548 0.6638013371537727 0.024193548387096774 0.013371537726838585
2 0.21854838709677418 0.48519579751671443 0.0467741935483871 0.022922636103151862
2 0.27741935483870966 0.4613180515759312 0.04838709677419355 0.028653295128939826
2 0.34919354838709676 0.4680038204393505 0.03387096774193549 0.022922636103151862
2 0.40725806451612906 0.4699140401146132 0.03064516129032258 0.024832855778414518
2 0.43306451612903224 0.48758357211079273 0.03064516129032258 0.018147086914995225
2 0.4790322580645161 0.489971346704871 0.03870967741935484 0.021012416427889206
2 0.47016129032258064 0.5276981852913085 0.04032258064516129 0.025787965616045846
2 0.10564516129032259 0.38443170964660933 0.037096774193548385 0.020057306590257878
2 0.1064516129032258 0.41165234001910217 0.03870967741935484 0.017191977077363897
2 0.16048387096774194 0.42502387774594075 0.03387096774193549 0.021012416427889206
2 0.12661290322580646 0.44221585482330467 0.03387096774193549 0.03247373447946514
2 0.05 0.45033428844317097 0.041935483870967745 0.020057306590257878
2 0.18387096774193548 0.448901623686724 0.03225806451612903 0.019102196752626553
2 0.2645161290322581 0.43457497612225404 0.035483870967741936 0.017191977077363897
2 0.5467741935483871 0.47373447946513847 0.04516129032258064 0.022922636103151862
2 0.6346774193548387 0.46609360076408785 0.03387096774193549 0.021012416427889206
2 0.8459677419354839 0.5339063992359121 0.027419354838709678 0.015281757402101241
2 0.8846774193548387 0.5377268385864374 0.027419354838709678 0.013371537726838585
2 0.31129032258064515 0.6862464183381088 0.02903225806451613 0.01623686723973257
2 0.4104838709677419 0.6652340019102196 0.03387096774193549 0.021967526265520534
2 0.4846774193548387 0.6657115568290353 0.0532258064516129 0.022922636103151862
2 0.5330645161290323 0.671919770773639 0.024193548387096774 0.018147086914995225
2 0.14919354838709678 0.7674307545367717 0.0467741935483871 0.021967526265520534
2 0.13870967741935483 0.7936962750716332 0.035483870967741936 0.017191977077363897
2 0.17096774193548386 0.7922636103151862 0.03870967741935484 0.02387774594078319
2 0.0717741935483871 0.7956064947468958 0.043548387096774194 0.02674307545367717
2 0.09596774193548387 0.8906399235912129 0.056451612903225805 0.0276981852913085
2 0.2991935483870968 0.9149952244508118 0.06612903225806452 0.034383954154727794
2 0.6056451612903225 0.9302769818529131 0.04032258064516129 0.024832855778414518
2 0.5 0.41260744985673353 0.02903225806451613 0.021012416427889206
2 0.21774193548387097 0.6313276026743075 0.03225806451612903 0.019102196752626553
2 0.075 0.8376313276026743 0.037096774193548385 0.022922636103151862
2 0.15806451612903225 0.8610315186246418 0.035483870967741936 0.020057306590257878
2 0.6008064516129032 0.5706781279847182 0.037096774193548385 0.03724928366762178
2 0.6282258064516129 0.5372492836676218 0.027419354838709678 0.018147086914995225
2 0.5556451612903226 0.5143266475644699 0.037096774193548385 0.02387774594078319
2 0.5225806451612903 0.5315186246418337 0.03225806451612903 0.020057306590257878
2 0.5685483870967742 0.3782234957020057 0.04032258064516129 0.019102196752626553
2 0.7064516129032258 0.16905444126074498 0.016129032258064516 0.017191977077363897
2 0.7556451612903226 0.5692454632282712 0.020967741935483872 0.019102196752626553
2 0.020967741935483872 0.8586437440305635 0.03870967741935484 0.02674307545367717
2 0.2346774193548387 0.8662846227316141 0.037096774193548385 0.024832855778414518
2 0.21048387096774193 0.8495702005730659 0.04032258064516129 0.018147086914995225
2 0.5903225806451613 0.07831900668576885 0.03870967741935484 0.024832855778414518
2 0.2532258064516129 0.1833810888252149 0.03870967741935484 0.015281757402101241
2 0.728225806451613 0.3347659980897803 0.03064516129032258 0.01623686723973257
2 0.6983870967741935 0.603629417382999 0.02903225806451613 0.021012416427889206
2 0.6427419354838709 0.5969436485195797 0.0467741935483871 0.019102196752626553
2 0.475 0.9044890162368672 0.037096774193548385 0.021012416427889206
2 0.48870967741935484 0.8901623686723973 0.035483870967741936 0.017191977077363897
2 0.01935483870967742 0.9231136580706781 0.035483870967741936 0.02387774594078319
2 0.09758064516129032 0.9121298949379179 0.03064516129032258 0.013371537726838585
2 0.7241935483870968 0.9092645654250239 0.03225806451612903 0.017191977077363897
