2 0.22395833333333331 0.05540780141843971 0.04613095238095238 0.038120567375886524
2 0.29464285714285715 0.06959219858156028 0.05654761904761904 0.020390070921985814
2 0.35044642857142855 0.06870567375886524 0.049107142857142856 0.025709219858156027
2 0.5014880952380952 0.054964539007092195 0.041666666666666664 0.030141843971631204
2 0.6145833333333333 0.09663120567375887 0.041666666666666664 0.028368794326241134
2 0.800595238095238 0.08023049645390071 0.050595238095238096 0.03634751773049645
2 0.6622023809523809 0.11968085106382978 0.05357142857142857 0.02304964539007092
2 0.7291666666666666 0.12322695035460993 0.041666666666666664 0.02304964539007092
2 0.8757440476190476 0.10328014184397163 0.04613095238095238 0.027482269503546097
2 0.8586309523809523 0.06338652482269504 0.05357142857142857 0.03280141843971631
2 0.9181547619047619 0.07845744680851063 0.026785714285714284 0.018617021276595744
2 0.9151785714285714 0.1254432624113475 0.026785714285714284 0.020390070921985814
2 0.6703869047619048 0.10195035460992907 0.03422619047619047 0.015957446808510637
2 0.39657738095238093 0.07313829787234043 0.02827380952380952 0.020390070921985814
2 0.40104166666666663 0.09707446808510638 0.03125 0.022163120567375887
2 0.4508928571428571 0.09131205673758865 0.041666666666666664 0.02127659574468085
2 0.5148809523809523 0.09086879432624113 0.03273809523809523 0.027482269503546097
2 0.7083333333333333 0.08421985815602837 0.023809523809523808 0.010638297872340425
2 0.697172619047619 0.03590425531914893 0.03720238095238095 0.018617021276595744
2 0.8199404761904762 0.11125886524822695 0.03273809523809523 0.018617021276595744
2 0.8169642857142857 0.1422872340425532 0.03571428571428571 0.020390070921985814
2 0.8311011904761905 0.13120567375886524 0.025297619047619048 0.012411347517730497
2 0.16145833333333331 0.10726950354609929 0.03720238095238095 0.014184397163120567
2 0.15773809523809523 0.11835106382978723 0.03273809523809523 0.01152482269503546
2 0.19791666666666666 0.10904255319148935 0.026785714285714284 0.01950354609929078
2 0.21651785714285712 0.10726950354609929 0.016369047619047616 0.02127659574468085
2 0.23809523809523808 0.10460992907801418 0.02976190476190476 0.02304964539007092
2 0.06845238095238095 0.14361702127659573 0.02976190476190476 0.01950354609929078
2 0.09077380952380952 0.15602836879432624 0.03273809523809523 0.015957446808510637
2 0.1525297619047619 0.12987588652482268 0.040178571428571425 0.013297872340425532
2 0.2269345238095238 0.1320921985815603 0.03125 0.017730496453900707
2 0.21800595238095236 0.14893617021276595 0.03720238095238095 0.02127659574468085
2 0.25595238095238093 0.15691489361702127 0.041666666666666664 0.02304964539007092
2 0.2805059523809524 0.1347517730496454 0.02827380952380952 0.017730496453900707
2 0.3117559523809524 0.16400709219858156 0.03422619047619047 0.01950354609929078
2 0.34598214285714285 0.11303191489361702 0.03720238095238095 0.022163120567375887
2 0.36160714285714285 0.10328014184397163 0.03273809523809523 0.016843971631205674
2 0.39732142857142855 0.1281028368794326 0.04464285714285714 0.025709219858156027
2 0.42931547619047616 0.11303191489361702 0.03720238095238095 0.020390070921985814
2 0.47098214285714285 0.12367021276595744 0.03720238095238095 0.025709219858156027
2 0.5364583333333333 0.137854609929078 0.03720238095238095 0.025709219858156027
2 0.5773809523809523 0.1351950354609929 0.041666666666666664 0.027482269503546097
2 0.08035714285714285 0.18661347517730495 0.03273809523809523 0.020390070921985814
2 0.11458333333333333 0.17597517730496454 0.03869047619047619 0.020390070921985814
2 0.13913690476190477 0.14937943262411346 0.03720238095238095 0.022163120567375887
2 0.12425595238095237 0.16179078014184398 0.02827380952380952 0.013297872340425532
2 0.1875 0.1697695035460993 0.03869047619047619 0.020390070921985814
2 0.2269345238095238 0.17420212765957446 0.043154761904761904 0.022163120567375887
2 0.33035714285714285 0.19281914893617022 0.03571428571428571 0.020390070921985814
2 0.35044642857142855 0.1804078014184397 0.02827380952380952 0.018617021276595744
2 0.3720238095238095 0.16799645390070922 0.03869047619047619 0.025709219858156027
2 0.38169642857142855 0.1476063829787234 0.03422619047619047 0.022163120567375887
2 0.3675595238095238 0.21365248226950354 0.047619047619047616 0.026595744680851064
2 0.4188988095238095 0.20833333333333331 0.043154761904761904 0.030141843971631204
2 0.45907738095238093 0.18661347517730495 0.05803571428571428 0.034574468085106384
2 0.47916666666666663 0.21941489361702127 0.07142857142857142 0.034574468085106384
2 0.5297619047619048 0.19946808510638298 0.03869047619047619 0.02127659574468085
2 0.5171130952380952 0.16489361702127658 0.03422619047619047 0.01950354609929078
2 0.5580357142857143 0.1728723404255319 0.04464285714285714 0.028368794326241134
2 0.5930059523809523 0.1595744680851064 0.03422619047619047 0.015957446808510637
2 0.6197916666666666 0.18085106382978722 0.03720238095238095 0.028368794326241134
2 0.6800595238095237 0.20345744680851063 0.041666666666666664 0.025709219858156027
2 0.7306547619047619 0.1981382978723404 0.04464285714285714 0.022163120567375887
2 0.7894345238095237 0.17553191489361702 0.04613095238095238 0.01950354609929078
2 0.837797619047619 0.17375886524822695 0.026785714285714284 0.01950354609929078
2 0.9032738095238094 0.16888297872340424 0.041666666666666664 0.022163120567375887
2 0.7827380952380952 0.2220744680851064 0.026785714285714284 0.03102836879432624
2 0.8392857142857142 0.19902482269503546 0.041666666666666664 0.025709219858156027
2 0.8147321428571428 0.21365248226950354 0.02827380952380952 0.02304964539007092
2 0.8727678571428571 0.19414893617021275 0.040178571428571425 0.026595744680851064
2 0.8883928571428571 0.17952127659574468 0.03571428571428571 0.020390070921985814
2 0.8013392857142857 0.24202127659574468 0.03720238095238095 0.017730496453900707
2 0.8616071428571428 0.2402482269503546 0.041666666666666664 0.035460992907801414
2 0.894345238095238 0.21631205673758866 0.03869047619047619 0.02304964539007092
2 0.9055059523809523 0.24069148936170212 0.03422619047619047 0.020390070921985814
2 0.9129464285714285 0.2752659574468085 0.040178571428571425 0.03102836879432624
2 0.25 0.19414893617021275 0.041666666666666664 0.017730496453900707
2 0.26264880952380953 0.2074468085106383 0.03720238095238095 0.017730496453900707
2 0.011904761904761904 0.2220744680851064 0.020833333333333332 0.020390070921985814
2 0.02901785714285714 0.23891843971631205 0.02827380952380952 0.018617021276595744
2 0.058779761904761904 0.22296099290780141 0.03125 0.022163120567375887
2 0.08482142857142856 0.21143617021276595 0.023809523809523808 0.018617021276595744
2 0.11086309523809523 0.20833333333333331 0.03125 0.017730496453900707
2 0.16741071428571427 0.2353723404255319 0.043154761904761904 0.025709219858156027
2 0.17336309523809523 0.21631205673758866 0.02232142857142857 0.02127659574468085
2 0.19345238095238093 0.20833333333333331 0.03273809523809523 0.02304964539007092
2 0.20684523809523808 0.22872340425531915 0.03273809523809523 0.017730496453900707
2 0.22470238095238093 0.2495567375886525 0.05654761904761904 0.016843971631205674
2 0.2581845238095238 0.2349290780141844 0.03125 0.017730496453900707
2 0.28125 0.2624113475177305 0.03273809523809523 0.017730496453900707
2 0.28125 0.24911347517730495 0.02976190476190476 0.010638297872340425
2 0.34151785714285715 0.24423758865248227 0.02232142857142857 0.016843971631205674
2 0.31101190476190477 0.2650709219858156 0.026785714285714284 0.010638297872340425
2 0.3020833333333333 0.2779255319148936 0.047619047619047616 0.018617021276595744
2 0.34598214285714285 0.2699468085106383 0.04613095238095238 0.020390070921985814
2 0.3876488095238095 0.2730496453900709 0.040178571428571425 0.024822695035460994
2 0.4516369047619047 0.2646276595744681 0.05803571428571428 0.034574468085106384
2 0.45461309523809523 0.2916666666666667 0.03422619047619047 0.01950354609929078
2 0.49925595238095233 0.25221631205673756 0.02827380952380952 0.013297872340425532
2 0.5111607142857143 0.2646276595744681 0.03422619047619047 0.015070921985815602
2 0.5171130952380952 0.2801418439716312 0.03125 0.01950354609929078
2 0.5282738095238095 0.3027482269503546 0.04464285714285714 0.027482269503546097
2 0.5691964285714285 0.300531914893617 0.03422619047619047 0.01950354609929078
2 0.5736607142857143 0.2601950354609929 0.03422619047619047 0.020390070921985814
2 0.6205357142857143 0.28058510638297873 0.03869047619047619 0.025709219858156027
2 0.6696428571428571 0.2774822695035461 0.03869047619047619 0.02127659574468085
2 0.7321428571428571 0.28900709219858156 0.0625 0.03368794326241135
2 0.7953869047619048 0.2921099290780142 0.03720238095238095 0.018617021276595744
2 0.8117559523809523 0.32358156028368795 0.043154761904761904 0.014184397163120567
2 0.8794642857142857 0.31382978723404253 0.050595238095238096 0.017730496453900707
2 0.875 0.325354609929078 0.05357142857142857 0.017730496453900707
2 0.9151785714285714 0.3408687943262411 0.03273809523809523 0.027482269503546097
2 0.9575892857142857 0.3275709219858156 0.03720238095238095 0.018617021276595744
2 0.9828869047619047 0.324468085106383 0.03125 0.024822695035460994
2 0.956845238095238 0.3457446808510638 0.041666666666666664 0.02127659574468085
2 0.019345238095238096 0.28723404255319146 0.03571428571428571 0.026595744680851064
2 0.04092261904761905 0.31604609929078015 0.040178571428571425 0.015070921985815602
2 0.09598214285714285 0.28812056737588654 0.049107142857142856 0.031914893617021274
2 0.1450892857142857 0.2655141843971631 0.06101190476190476 0.038120567375886524
2 0.13467261904761904 0.3027482269503546 0.040178571428571425 0.020390070921985814
2 0.19866071428571427 0.29343971631205673 0.03422619047619047 0.02304964539007092
2 0.22470238095238093 0.3178191489361702 0.047619047619047616 0.023936170212765957
2 0.2805059523809524 0.31117021276595747 0.03125 0.01950354609929078
2 0.306547619047619 0.30230496453900707 0.047619047619047616 0.02304964539007092
2 0.35565476190476186 0.30939716312056736 0.04464285714285714 0.02127659574468085
2 0.04836309523809523 0.3395390070921986 0.03720238095238095 0.02127659574468085
2 0.14955357142857142 0.3404255319148936 0.043154761904761904 0.024822695035460994
2 0.1994047619047619 0.34175531914893614 0.03869047619047619 0.020390070921985814
2 0.30431547619047616 0.33599290780141844 0.06101190476190476 0.024822695035460994
2 0.3638392857142857 0.32934397163120566 0.03422619047619047 0.016843971631205674
2 0.3645833333333333 0.3484042553191489 0.04464285714285714 0.01950354609929078
2 0.4069940476190476 0.3453014184397163 0.02827380952380952 0.016843971631205674
2 0.43229166666666663 0.35062056737588654 0.03125 0.022163120567375887
2 0.4620535714285714 0.3395390070921986 0.03720238095238095 0.01950354609929078
2 0.4813988095238095 0.3257978723404255 0.02827380952380952 0.020390070921985814
2 0.48735119047619047 0.36170212765957444 0.043154761904761904 0.028368794326241134
2 0.5558035714285714 0.3523936170212766 0.03720238095238095 0.023936170212765957
2 0.5379464285714285 0.33421985815602834 0.02827380952380952 0.017730496453900707
2 0.5930059523809523 0.34441489361702127 0.025297619047619048 0.016843971631205674
2 0.6227678571428571 0.375 0.043154761904761904 0.026595744680851064
2 0.7485119047619048 0.3355496453900709 0.02976190476190476 0.020390070921985814
2 0.7418154761904762 0.35593971631205673 0.03125 0.015070921985815602
2 0.6808035714285714 0.4002659574468085 0.05208333333333333 0.03280141843971631
2 0.7715773809523809 0.40469858156028365 0.049107142857142856 0.027482269503546097
2 0.7745535714285714 0.37810283687943264 0.03125 0.020390070921985814
2 0.8125 0.37189716312056736 0.04464285714285714 0.022163120567375887
2 0.8772321428571428 0.3727836879432624 0.03125 0.020390070921985814
2 0.8891369047619048 0.38386524822695034 0.03125 0.02304964539007092
2 0.9166666666666666 0.39937943262411346 0.02976190476190476 0.016843971631205674
2 0.9017857142857142 0.42686170212765956 0.04464285714285714 0.016843971631205674
2 0.8139880952380952 0.42420212765957444 0.041666666666666664 0.022163120567375887
2 0.7447916666666666 0.4352836879432624 0.040178571428571425 0.026595744680851064
2 0.6770833333333333 0.4649822695035461 0.05357142857142857 0.023936170212765957
2 0.7016369047619048 0.4450354609929078 0.040178571428571425 0.024822695035460994
2 0.7157738095238095 0.4773936170212766 0.02976190476190476 0.020390070921985814
2 0.7514880952380952 0.4703014184397163 0.02976190476190476 0.016843971631205674
2 0.7633928571428571 0.4804964539007092 0.041666666666666664 0.024822695035460994
2 0.7976190476190476 0.46675531914893614 0.03869047619047619 0.027482269503546097
2 0.8467261904761905 0.4649822695035461 0.03869047619047619 0.023936170212765957
2 0.8303571428571428 0.4933510638297872 0.03869047619047619 0.020390070921985814
2 0.8288690476190476 0.47429078014184395 0.03273809523809523 0.015957446808510637
2 0.8675595238095237 0.5 0.03869047619047619 0.02127659574468085
2 0.8995535714285714 0.5106382978723404 0.043154761904761904 0.024822695035460994
2 0.9174107142857142 0.4587765957446808 0.03125 0.023936170212765957
2 0.8802083333333333 0.46941489361702127 0.03125 0.020390070921985814
2 0.026041666666666664 0.4051418439716312 0.049107142857142856 0.028368794326241134
2 0.08928571428571427 0.4100177304964539 0.04464285714285714 0.025709219858156027
2 0.140625 0.3962765957446808 0.040178571428571425 0.031914893617021274
2 0.12648809523809523 0.4556737588652482 0.041666666666666664 0.02127659574468085
2 0.07961309523809523 0.4499113475177305 0.03720238095238095 0.02925531914893617
2 0.2001488095238095 0.399822695035461 0.03422619047619047 0.035460992907801414
2 0.23214285714285712 0.41843971631205673 0.03273809523809523 0.026595744680851064
2 0.2745535714285714 0.4109042553191489 0.043154761904761904 0.020390070921985814
2 0.22842261904761904 0.37145390070921985 0.03125 0.015957446808510637
2 0.24479166666666666 0.38918439716312053 0.03720238095238095 0.02304964539007092
2 0.28869047619047616 0.3612588652482269 0.03869047619047619 0.02925531914893617
2 0.328125 0.36968085106382975 0.040178571428571425 0.026595744680851064
2 0.4040178571428571 0.39361702127659576 0.03720238095238095 0.01950354609929078
2 0.43377976190476186 0.4029255319148936 0.03422619047619047 0.025709219858156027
2 0.4516369047619047 0.4157801418439716 0.03720238095238095 0.024822695035460994
2 0.22247023809523808 0.4525709219858156 0.043154761904761904 0.016843971631205674
2 0.2150297619047619 0.463209219858156 0.040178571428571425 0.022163120567375887
2 0.2537202380952381 0.47473404255319146 0.040178571428571425 0.027482269503546097
2 0.3563988095238095 0.4654255319148936 0.05803571428571428 0.030141843971631204
2 0.3273809523809524 0.4720744680851064 0.03869047619047619 0.025709219858156027
2 0.43377976190476186 0.4853723404255319 0.03422619047619047 0.022163120567375887
2 0.5022321428571428 0.4578900709219858 0.040178571428571425 0.02925531914893617
2 0.5803571428571428 0.4583333333333333 0.03273809523809523 0.01950354609929078
2 0.054315476190476185 0.5137411347517731 0.03422619047619047 0.023936170212765957
2 0.049107142857142856 0.48182624113475175 0.03571428571428571 0.022163120567375887
2 0.14434523809523808 0.50177304964539 0.041666666666666664 0.026595744680851064
2 0.10788690476190475 0.5270390070921985 0.040178571428571425 0.020390070921985814
2 0.14583333333333331 0.5350177304964538 0.03571428571428571 0.023936170212765957
2 0.20386904761904762 0.5048758865248227 0.03571428571428571 0.018617021276595744
2 0.24181547619047616 0.5101950354609929 0.03720238095238095 0.027482269503546097
2 0.27157738095238093 0.5106382978723404 0.03422619047619047 0.030141843971631204
2 0.32366071428571425 0.5101950354609929 0.02827380952380952 0.023936170212765957
2 0.3720238095238095 0.5261524822695035 0.041666666666666664 0.025709219858156027
2 0.4032738095238095 0.5075354609929078 0.05357142857142857 0.025709219858156027
2 0.36532738095238093 0.5013297872340425 0.02827380952380952 0.018617021276595744
2 0.4255952380952381 0.5323581560283688 0.050595238095238096 0.027482269503546097
2 0.4665178571428571 0.5150709219858156 0.06101190476190476 0.026595744680851064
2 0.48586309523809523 0.5390070921985816 0.043154761904761904 0.02304964539007092
2 0.5476190476190476 0.5119680851063829 0.03869047619047619 0.025709219858156027
2 0.5766369047619048 0.49423758865248224 0.03422619047619047 0.020390070921985814
2 0.6138392857142857 0.49556737588652483 0.043154761904761904 0.026595744680851064
2 0.6264880952380952 0.5141843971631206 0.03273809523809523 0.017730496453900707
2 0.7061011904761905 0.5079787234042553 0.05208333333333333 0.02304964539007092
2 0.7619047619047619 0.5208333333333334 0.03571428571428571 0.020390070921985814
2 0.8177083333333333 0.5416666666666666 0.040178571428571425 0.02304964539007092
2 0.8586309523809523 0.5447695035460993 0.02976190476190476 0.015070921985815602
2 0.8794642857142857 0.5585106382978723 0.041666666666666664 0.026595744680851064
2 0.9188988095238094 0.538563829787234 0.02827380952380952 0.025709219858156027
2 0.9441964285714285 0.5456560283687943 0.03422619047619047 0.025709219858156027
2 0.9709821428571428 0.5664893617021276 0.040178571428571425 0.02127659574468085
2 0.9747023809523809 0.5332446808510638 0.03273809523809523 0.023936170212765957
2 0.19791666666666666 0.5390070921985816 0.03869047619047619 0.015957446808510637
2 0.21279761904761904 0.5629432624113475 0.03869047619047619 0.017730496453900707
2 0.20163690476190474 0.5917553191489362 0.043154761904761904 0.027482269503546097
2 0.019345238095238096 0.6192375886524822 0.03571428571428571 0.025709219858156027
2 0.08705357142857142 0.6360815602836879 0.04613095238095238 0.027482269503546097
2 0.15625 0.6148049645390071 0.050595238095238096 0.025709219858156027
2 0.26190476190476186 0.5500886524822695 0.047619047619047616 0.025709219858156027
2 0.30357142857142855 0.5540780141843972 0.03571428571428571 0.02127659574468085
2 0.369047619047619 0.5851063829787234 0.041666666666666664 0.026595744680851064
2 0.5081845238095238 0.5837765957446809 0.03422619047619047 0.020390070921985814
2 0.4813988095238095 0.5625 0.043154761904761904 0.015070921985815602
2 0.4464285714285714 0.5527482269503546 0.02976190476190476 0.016843971631205674
2 0.5811011904761905 0.5944148936170213 0.05505952380952381 0.016843971631205674
2 0.5788690476190476 0.5709219858156028 0.03869047619047619 0.024822695035460994
2 0.5580357142857143 0.5421099290780141 0.041666666666666664 0.022163120567375887
2 0.581845238095238 0.5226063829787234 0.047619047619047616 0.022163120567375887
2 0.6592261904761905 0.5363475177304965 0.03869047619047619 0.02304964539007092
2 0.6897321428571428 0.5939716312056738 0.03422619047619047 0.01950354609929078
2 0.7232142857142857 0.6077127659574468 0.02976190476190476 0.022163120567375887
2 0.697172619047619 0.5567375886524822 0.04613095238095238 0.02304964539007092
2 0.7492559523809523 0.5558510638297872 0.03422619047619047 0.01950354609929078
2 0.753720238095238 0.5793439716312057 0.049107142857142856 0.027482269503546097
2 0.6629464285714285 0.5709219858156028 0.040178571428571425 0.024822695035460994
2 0.8258928571428571 0.5806737588652482 0.03571428571428571 0.024822695035460994
2 0.8236607142857142 0.6032801418439716 0.03720238095238095 0.015070921985815602
2 0.8303571428571428 0.6179078014184397 0.03571428571428571 0.02127659574468085
2 0.8288690476190476 0.6484929078014184 0.03869047619047619 0.023936170212765957
2 0.8839285714285714 0.6294326241134751 0.03571428571428571 0.02127659574468085
2 0.8727678571428571 0.589982269503546 0.04613095238095238 0.022163120567375887
2 0.9300595238095237 0.5913120567375887 0.041666666666666664 0.024822695035460994
2 0.9419642857142857 0.6143617021276596 0.03571428571428571 0.028368794326241134
2 0.9196428571428571 0.6418439716312057 0.03869047619047619 0.01950354609929078
2 0.9055059523809523 0.6595744680851063 0.03422619047619047 0.01950354609929078
2 0.9203869047619047 0.6781914893617021 0.03422619047619047 0.01950354609929078
2 0.9791666666666666 0.6529255319148936 0.041666666666666664 0.016843971631205674
2 0.05952380952380952 0.6728723404255319 0.047619047619047616 0.014184397163120567
2 0.11458333333333333 0.662677304964539 0.05654761904761904 0.018617021276595744
2 0.14136904761904762 0.6928191489361702 0.050595238095238096 0.027482269503546097
2 0.18898809523809523 0.6724290780141844 0.041666666666666664 0.020390070921985814
2 0.21279761904761904 0.6440602836879432 0.03869047619047619 0.025709219858156027
2 0.27232142857142855 0.6356382978723404 0.03571428571428571 0.024822695035460994
2 0.306547619047619 0.637854609929078 0.041666666666666664 0.025709219858156027
2 0.25223214285714285 0.6085992907801419 0.043154761904761904 0.018617021276595744
2 0.290922619047619 0.6050531914893617 0.04613095238095238 0.023936170212765957
2 0.34226190476190477 0.6156914893617021 0.03869047619047619 0.023936170212765957
2 0.35416666666666663 0.6409574468085106 0.04464285714285714 0.024822695035460994
2 0.38690476190476186 0.6174645390070922 0.041666666666666664 0.020390070921985814
2 0.4107142857142857 0.6298758865248226 0.04464285714285714 0.027482269503546097
2 0.47172619047619047 0.6307624113475178 0.050595238095238096 0.025709219858156027
2 0.5565476190476191 0.6351950354609929 0.050595238095238096 0.025709219858156027
2 0.6086309523809523 0.6187943262411347 0.047619047619047616 0.028368794326241134
2 0.6473214285714285 0.6272163120567376 0.020833333333333332 0.018617021276595744
2 0.7819940476190476 0.6414007092198581 0.04613095238095238 0.023936170212765957
2 0.6629464285714285 0.6476063829787234 0.04613095238095238 0.018617021276595744
2 0.6391369047619048 0.6591312056737588 0.040178571428571425 0.016843971631205674
2 0.5580357142857143 0.6555851063829787 0.05654761904761904 0.020390070921985814
2 0.22842261904761904 0.6821808510638298 0.02827380952380952 0.015070921985815602
2 0.23660714285714285 0.7016843971631206 0.041666666666666664 0.023936170212765957
2 0.18303571428571427 0.6972517730496454 0.03571428571428571 0.022163120567375887
2 0.14285714285714285 0.7229609929078014 0.03571428571428571 0.025709219858156027
2 0.11607142857142856 0.7362588652482269 0.02976190476190476 0.018617021276595744
2 0.047619047619047616 0.7234042553191489 0.041666666666666664 0.01950354609929078
2 0.026041666666666664 0.7477836879432624 0.03720238095238095 0.022163120567375887
2 0.04092261904761905 0.8023049645390071 0.04613095238095238 0.024822695035460994
2 0.03794642857142857 0.8470744680851063 0.03422619047619047 0.023936170212765957
2 0.15401785714285712 0.8009751773049645 0.043154761904761904 0.023936170212765957
2 0.08110119047619047 0.8226950354609929 0.03422619047619047 0.02127659574468085
2 0.11160714285714285 0.8178191489361702 0.02976190476190476 0.018617021276595744
2 0.140625 0.8612588652482269 0.040178571428571425 0.022163120567375887
2 0.10788690476190475 0.8351063829787234 0.040178571428571425 0.017730496453900707
2 0.20089285714285712 0.8213652482269503 0.041666666666666664 0.025709219858156027
2 0.19270833333333331 0.777482269503546 0.05505952380952381 0.024822695035460994
2 0.20461309523809523 0.7531028368794326 0.049107142857142856 0.023936170212765957
2 0.27827380952380953 0.7189716312056738 0.03869047619047619 0.028368794326241134
2 0.31994047619047616 0.6799645390070922 0.04464285714285714 0.024822695035460994
2 0.31547619047619047 0.6994680851063829 0.03869047619047619 0.015957446808510637
2 0.33110119047619047 0.7278368794326241 0.040178571428571425 0.02304964539007092
2 0.34970238095238093 0.737145390070922 0.04464285714285714 0.023936170212765957
2 0.3898809523809524 0.725177304964539 0.04464285714285714 0.035460992907801414
2 0.45907738095238093 0.7087765957446809 0.040178571428571425 0.025709219858156027
2 0.3802083333333333 0.6671099290780141 0.043154761904761904 0.020390070921985814
2 0.4345238095238095 0.6631205673758865 0.041666666666666664 0.024822695035460994
2 0.4813988095238095 0.6542553191489362 0.05505952380952381 0.02304964539007092
2 0.5126488095238095 0.6790780141843972 0.049107142857142856 0.02127659574468085
2 0.6049107142857143 0.6941489361702128 0.043154761904761904 0.028368794326241134
2 0.6019345238095237 0.7203014184397163 0.04613095238095238 0.020390070921985814
2 0.6510416666666666 0.6910460992907801 0.043154761904761904 0.02925531914893617
2 0.7872023809523809 0.7234042553191489 0.03869047619047619 0.026595744680851064
2 0.7901785714285714 0.6972517730496454 0.047619047619047616 0.027482269503546097
2 0.7864583333333333 0.6728723404255319 0.03720238095238095 0.024822695035460994
2 0.7150297619047619 0.6693262411347518 0.05803571428571428 0.026595744680851064
2 0.703125 0.6910460992907801 0.049107142857142856 0.018617021276595744
2 0.6748511904761905 0.74822695035461 0.043154761904761904 0.031914893617021274
2 0.7447916666666666 0.7712765957446809 0.043154761904761904 0.026595744680851064
2 0.7626488095238095 0.7898936170212766 0.049107142857142856 0.01950354609929078
2 0.8608630952380952 0.7331560283687943 0.03720238095238095 0.02127659574468085
2 0.8177083333333333 0.7451241134751773 0.040178571428571425 0.022163120567375887
2 0.8519345238095237 0.6994680851063829 0.03422619047619047 0.02127659574468085
2 0.8668154761904762 0.6821808510638298 0.03720238095238095 0.023936170212765957
2 0.9151785714285714 0.6990248226950354 0.03571428571428571 0.018617021276595744
2 0.9553571428571428 0.7234042553191489 0.0625 0.031914893617021274
2 0.5595238095238095 0.7136524822695035 0.04464285714285714 0.030141843971631204
2 0.20461309523809523 0.7340425531914894 0.043154761904761904 0.02127659574468085
2 0.17336309523809523 0.8949468085106382 0.05208333333333333 0.025709219858156027
2 0.09970238095238095 0.9109042553191489 0.041666666666666664 0.027482269503546097
2 0.109375 0.93927304964539 0.043154761904761904 0.025709219858156027
2 0.16666666666666666 0.9375 0.047619047619047616 0.027482269503546097
2 0.24553571428571427 0.8962765957446809 0.041666666666666664 0.024822695035460994
2 0.27752976190476186 0.9011524822695035 0.03422619047619047 0.023936170212765957
2 0.33556547619047616 0.8976063829787234 0.049107142857142856 0.02925531914893617
2 0.4188988095238095 0.9166666666666666 0.043154761904761904 0.031914893617021274
2 0.44047619047619047 0.8829787234042553 0.04464285714285714 0.024822695035460994
2 0.4895833333333333 0.9113475177304964 0.041666666666666664 0.026595744680851064
2 0.5089285714285714 0.9423758865248226 0.03869047619047619 0.02304964539007092
2 0.4828869047619047 0.9574468085106382 0.03125 0.015957446808510637
2 0.581845238095238 0.8878546099290779 0.050595238095238096 0.03102836879432624
2 0.515625 0.8798758865248226 0.02827380952380952 0.023936170212765957
2 0.581845238095238 0.9791666666666666 0.04464285714285714 0.022163120567375887
2 0.6101190476190476 0.9476950354609929 0.03869047619047619 0.01950354609929078
2 0.6622023809523809 0.9317375886524822 0.041666666666666664 0.02127659574468085
2 0.6607142857142857 0.900709219858156 0.04464285714285714 0.02127659574468085
2 0.6696428571428571 0.8546099290780141 0.03571428571428571 0.014184397163120567
2 0.6644345238095237 0.8634751773049645 0.03720238095238095 0.015957446808510637
2 0.3177083333333333 0.8093971631205673 0.03422619047619047 0.017730496453900707
2 0.24925595238095236 0.8080673758865248 0.03720238095238095 0.023936170212765957
2 0.28348214285714285 0.7956560283687943 0.03422619047619047 0.022163120567375887
2 0.2819940476190476 0.8187056737588653 0.03125 0.020390070921985814
2 0.24479166666666666 0.7810283687943262 0.02827380952380952 0.030141843971631204
2 0.31845238095238093 0.7770390070921985 0.03571428571428571 0.020390070921985814
2 0.3563988095238095 0.7907801418439716 0.03720238095238095 0.02127659574468085
2 0.3727678571428571 0.8328900709219857 0.040178571428571425 0.023936170212765957
2 0.33035714285714285 0.8315602836879432 0.03571428571428571 0.02304964539007092
2 0.39360119047619047 0.8031914893617021 0.040178571428571425 0.01950354609929078
2 0.43303571428571425 0.8169326241134751 0.04464285714285714 0.027482269503546097
2 0.41294642857142855 0.8302304964539007 0.03422619047619047 0.020390070921985814
2 0.43973214285714285 0.8475177304964538 0.025297619047619048 0.01950354609929078
2 0.478422619047619 0.8049645390070922 0.040178571428571425 0.02304964539007092
2 0.5141369047619048 0.813386524822695 0.03125 0.013297872340425532
2 0.5133928571428571 0.8311170212765957 0.041666666666666664 0.022163120567375887
2 0.6116071428571428 0.8266843971631206 0.03869047619047619 0.023936170212765957
2 0.6361607142857143 0.8009751773049645 0.040178571428571425 0.023936170212765957
2 0.6205357142857143 0.7792553191489362 0.03869047619047619 0.01950354609929078
2 0.5885416666666666 0.7934397163120567 0.03125 0.01950354609929078
2 0.5595238095238095 0.8120567375886525 0.041666666666666664 0.017730496453900707
2 0.5014880952380952 0.7513297872340425 0.03571428571428571 0.018617021276595744
2 0.43303571428571425 0.7597517730496454 0.02976190476190476 0.014184397163120567
2 0.42485119047619047 0.776595744680851 0.04613095238095238 0.017730496453900707
2 0.3988095238095238 0.7526595744680851 0.041666666666666664 0.017730496453900707
2 0.4694940476190476 0.7358156028368794 0.03422619047619047 0.026595744680851064
2 0.5416666666666666 0.7393617021276595 0.041666666666666664 0.01950354609929078
2 0.5461309523809523 0.7726063829787234 0.04464285714285714 0.023936170212765957
2 0.7306547619047619 0.8098404255319148 0.04464285714285714 0.022163120567375887
2 0.7075892857142857 0.8320035460992907 0.049107142857142856 0.023936170212765957
2 0.769345238095238 0.8847517730496454 0.047619047619047616 0.026595744680851064
2 0.8058035714285714 0.838209219858156 0.03422619047619047 0.020390070921985814
2 0.7953869047619048 0.8648049645390071 0.03422619047619047 0.018617021276595744
2 0.8340773809523809 0.8785460992907801 0.040178571428571425 0.02304964539007092
2 0.8988095238095237 0.8594858156028369 0.050595238095238096 0.023936170212765957
2 0.9196428571428571 0.9215425531914894 0.050595238095238096 0.02925531914893617
2 0.8459821428571428 0.9525709219858156 0.05208333333333333 0.027482269503546097
2 0.7983630952380952 0.9219858156028369 0.043154761904761904 0.02304964539007092
2 0.691220238095238 0.964982269503546 0.03125 0.022163120567375887
2 0.6919642857142857 0.8874113475177304 0.03273809523809523 0.01950354609929078
2 0.7016369047619048 0.9348404255319148 0.02827380952380952 0.015070921985815602
2 0.9561011904761905 0.8324468085106382 0.03422619047619047 0.030141843971631204
2 0.9776785714285714 0.9042553191489362 0.04464285714285714 0.02127659574468085
2 0.9464285714285714 0.9645390070921985 0.0625 0.028368794326241134
2 0.9479166666666666 0.7898936170212766 0.047619047619047616 0.026595744680851064
2 0.8876488095238094 0.7562056737588653 0.03125 0.024822695035460994
2 0.9174107142857142 0.7619680851063829 0.03720238095238095 0.027482269503546097
2 0.8891369047619048 0.8102836879432624 0.04613095238095238 0.01950354609929078
2 0.8727678571428571 0.7828014184397163 0.03422619047619047 0.014184397163120567
2 0.8452380952380952 0.788563829787234 0.047619047619047616 0.018617021276595744
2 0.8244047619047619 0.799645390070922 0.03869047619047619 0.017730496453900707
2 0.7864583333333333 0.8085106382978723 0.043154761904761904 0.02127659574468085
2 0.7872023809523809 0.7664007092198581 0.03571428571428571 0.018617021276595744
2 0.8206845238095237 0.7699468085106382 0.049107142857142856 0.016843971631205674
2 0.722470238095238 0.7420212765957447 0.040178571428571425 0.02304964539007092
2 0.7165178571428571 0.7167553191489362 0.043154761904761904 0.020390070921985814
2 0.12425595238095237 0.589095744680851 0.040178571428571425 0.020390070921985814
2 0.05952380952380952 0.5456560283687943 0.03571428571428571 0.018617021276595744
2 0.8013392857142857 0.014184397163120567 0.03720238095238095 0.02304964539007092
2 0.4412202380952381 0.14893617021276595 0.03125 0.024822695035460994
2 0.11458333333333333 0.36923758865248224 0.026785714285714284 0.020390070921985814
2 0.1488095238095238 0.36436170212765956 0.03273809523809523 0.02127659574468085
2 0.6785714285714285 0.36347517730496454 0.047619047619047616 0.01950354609929078
2 0.7247023809523809 0.39184397163120566 0.041666666666666664 0.01950354609929078
2 0.9851190476190476 0.4645390070921986 0.02976190476190476 0.024822695035460994
2 0.9575892857142857 0.4849290780141844 0.043154761904761904 0.02127659574468085
2 0.1488095238095238 0.43173758865248224 0.03273809523809523 0.028368794326241134
2 0.04985119047619047 0.6125886524822695 0.03720238095238095 0.02304964539007092
2 0.08854166666666666 0.6090425531914894 0.040178571428571425 0.01950354609929078
2 0.07738095238095238 0.5735815602836879 0.03273809523809523 0.02127659574468085
2 0.10714285714285714 0.5549645390070922 0.02976190476190476 0.02127659574468085
2 0.13020833333333331 0.5527482269503546 0.025297619047619048 0.018617021276595744
2 0.16741071428571427 0.5478723404255319 0.03125 0.014184397163120567
2 0.17261904761904762 0.56427304964539 0.03571428571428571 0.016843971631205674
2 0.3325892857142857 0.5713652482269503 0.03422619047619047 0.020390070921985814
2 0.3013392857142857 0.575354609929078 0.03720238095238095 0.017730496453900707
2 0.3013392857142857 0.5895390070921985 0.03720238095238095 0.010638297872340425
2 0.5520833333333333 0.5757978723404256 0.02976190476190476 0.018617021276595744
2 0.5163690476190476 0.5997340425531915 0.02976190476190476 0.01152482269503546
2 0.4739583333333333 0.5806737588652482 0.02827380952380952 0.02304964539007092
2 0.4188988095238095 0.5500886524822695 0.02232142857142857 0.015070921985815602
2 0.431547619047619 0.5713652482269503 0.041666666666666664 0.020390070921985814
2 0.7247023809523809 0.6360815602836879 0.06547619047619047 0.03280141843971631
2 0.017857142857142856 0.6600177304964538 0.03273809523809523 0.02925531914893617
2 0.27157738095238093 0.7003546099290779 0.03422619047619047 0.015957446808510637
2 0.32589285714285715 0.6631205673758865 0.03273809523809523 0.017730496453900707
2 0.3787202380952381 0.6879432624113475 0.03720238095238095 0.017730496453900707
2 0.42857142857142855 0.7127659574468085 0.020833333333333332 0.017730496453900707
2 0.49479166666666663 0.7021276595744681 0.03720238095238095 0.02304964539007092
2 0.6711309523809523 0.7805851063829787 0.05952380952380952 0.023936170212765957
2 0.26190476190476186 0.75 0.041666666666666664 0.02304964539007092
2 0.01413690476190476 0.8151595744680851 0.025297619047619048 0.013297872340425532
2 0.011904761904761904 0.7934397163120567 0.020833333333333332 0.02304964539007092
2 0.016369047619047616 0.901595744680851 0.02976190476190476 0.02127659574468085
2 0.18675595238095238 0.9224290780141844 0.03720238095238095 0.018617021276595744
2 0.8571428571428571 0.8993794326241135 0.041666666666666664 0.025709219858156027
2 0.8288690476190476 0.8581560283687943 0.04464285714285714 0.017730496453900707
2 0.6004464285714285 0.8612588652482269 0.03720238095238095 0.022163120567375887
2 0.6316964285714285 0.8528368794326241 0.03125 0.01950354609929078
2 0.5602678571428571 0.8656914893617021 0.040178571428571425 0.022163120567375887
2 0.5461309523809523 0.8528368794326241 0.041666666666666664 0.01950354609929078
2 0.5186011904761905 0.8958333333333333 0.04613095238095238 0.015070921985815602
2 0.3058035714285714 0.8612588652482269 0.02827380952380952 0.018617021276595744
2 0.32663690476190477 0.8727836879432624 0.03125 0.018617021276595744
2 0.28273809523809523 0.8776595744680851 0.026785714285714284 0.01950354609929078
2 0.25223214285714285 0.8701241134751773 0.03125 0.022163120567375887
