2 0.1728395061728395 0.04259259259259259 0.04585537918871252 0.02777777777777778
2 0.11728395061728394 0.11898148148148148 0.05114638447971781 0.025
2 0.030864197530864196 0.1726851851851852 0.05114638447971781 0.021296296296296296
2 0.2848324514991182 0.05787037037037037 0.047619047619047616 0.021296296296296296
2 0.2716049382716049 0.10925925925925926 0.05291005291005291 0.022222222222222223
2 0.3377425044091711 0.07777777777777778 0.04056437389770723 0.024074074074074074
2 0.3941798941798942 0.08518518518518518 0.047619047619047616 0.02592592592592593
2 0.5229276895943562 0.07453703703703704 0.06172839506172839 0.030555555555555558
2 0.591710758377425 0.058333333333333334 0.054673721340388004 0.02592592592592593
2 0.5846560846560847 0.1125 0.04409171075837742 0.021296296296296296
2 0.4532627865961199 0.12824074074074074 0.04938271604938271 0.02314814814814815
2 0.4056437389770723 0.14583333333333334 0.05291005291005291 0.02314814814814815
2 0.6384479717813051 0.13194444444444445 0.06349206349206349 0.025
2 0.7495590828924161 0.1388888888888889 0.05291005291005291 0.02592592592592593
2 0.8791887125220458 0.0912037037037037 0.04056437389770723 0.025
2 0.6816578483245149 0.10462962962962963 0.047619047619047616 0.022222222222222223
2 0.2345679012345679 0.17037037037037037 0.04585537918871252 0.02592592592592593
2 0.11199294532627865 0.2263888888888889 0.047619047619047616 0.025
2 0.07142857142857142 0.2425925925925926 0.047619047619047616 0.020370370370370372
2 0.05731922398589065 0.26990740740740743 0.054673721340388004 0.026851851851851852
2 0.21340388007054673 0.22824074074074074 0.04585537918871252 0.02314814814814815
2 0.19576719576719576 0.24444444444444446 0.042328042328042326 0.020370370370370372
2 0.25573192239858905 0.2138888888888889 0.03527336860670194 0.016666666666666666
2 0.4629629629629629 0.17824074074074076 0.0582010582010582 0.02314814814814815
2 0.5379188712522045 0.1587962962962963 0.05291005291005291 0.032407407407407406
2 0.646384479717813 0.17500000000000002 0.0582010582010582 0.031481481481481485
2 0.4700176366843033 0.22222222222222224 0.047619047619047616 0.02592592592592593
2 0.5502645502645502 0.20231481481481484 0.03880070546737213 0.025
2 0.591710758377425 0.19583333333333333 0.04056437389770723 0.019444444444444445
2 0.5617283950617283 0.22777777777777777 0.047619047619047616 0.024074074074074074
2 0.7442680776014109 0.22685185185185186 0.04938271604938271 0.022222222222222223
2 0.6781305114638447 0.2449074074074074 0.04056437389770723 0.02314814814814815
2 0.7442680776014109 0.2537037037037037 0.04585537918871252 0.024074074074074074
2 0.8359788359788359 0.1875 0.02821869488536155 0.02314814814814815
2 0.20282186948853614 0.2847222222222222 0.05291005291005291 0.02314814814814815
2 0.23897707231040563 0.2662037037037037 0.06172839506172839 0.019444444444444445
2 0.31393298059964725 0.26851851851851855 0.04585537918871252 0.024074074074074074
2 0.3862433862433862 0.2625 0.042328042328042326 0.02314814814814815
2 0.4532627865961199 0.2490740740740741 0.03527336860670194 0.024074074074074074
2 0.45238095238095233 0.27175925925925926 0.054673721340388004 0.021296296296296296
2 0.554673721340388 0.2949074074074074 0.0582010582010582 0.026851851851851852
2 0.6146384479717812 0.2939814814814815 0.054673721340388004 0.030555555555555558
2 0.6604938271604938 0.2986111111111111 0.03350970017636684 0.032407407407407406
2 0.6887125220458553 0.27731481481481485 0.037037037037037035 0.019444444444444445
2 0.7910052910052909 0.2884259259259259 0.047619047619047616 0.026851851851851852
2 0.7178130511463845 0.31527777777777777 0.0564373897707231 0.028703703703703703
2 0.9126984126984127 0.30185185185185187 0.047619047619047616 0.024074074074074074
2 0.8342151675485008 0.27685185185185185 0.03880070546737213 0.020370370370370372
2 0.8686067019400352 0.23101851851851854 0.029982363315696647 0.021296296296296296
2 0.13227513227513227 0.3087962962962963 0.059964726631393295 0.017592592592592594
2 0.12610229276895943 0.3236111111111111 0.054673721340388004 0.025
2 0.18871252204585537 0.3087962962962963 0.03527336860670194 0.017592592592592594
2 0.20899470899470898 0.325 0.04409171075837742 0.016666666666666666
2 0.2548500881834215 0.29074074074074074 0.047619047619047616 0.024074074074074074
2 0.2804232804232804 0.3212962962962963 0.04585537918871252 0.02962962962962963
2 0.2716049382716049 0.34490740740740744 0.03880070546737213 0.026851851851851852
2 0.3271604938271605 0.2865740740740741 0.04409171075837742 0.019444444444444445
2 0.3165784832451499 0.300462962962963 0.037037037037037035 0.017592592592592594
2 0.345679012345679 0.32083333333333336 0.04938271604938271 0.02314814814814815
2 0.38095238095238093 0.29953703703703705 0.04938271604938271 0.032407407407407406
2 0.42151675485008816 0.312962962962963 0.042328042328042326 0.02962962962962963
2 0.4805996472663139 0.3226851851851852 0.054673721340388004 0.028703703703703703
2 0.5802469135802468 0.32037037037037036 0.04585537918871252 0.02592592592592593
2 0.025573192239858905 0.35370370370370374 0.029982363315696647 0.016666666666666666
2 0.03527336860670194 0.38101851851851853 0.042328042328042326 0.025
2 0.02292768959435626 0.4 0.031746031746031744 0.022222222222222223
2 0.08289241622574955 0.35879629629629634 0.042328042328042326 0.02314814814814815
2 0.13227513227513227 0.3861111111111111 0.04938271604938271 0.02777777777777778
2 0.2019400352733686 0.3717592592592593 0.047619047619047616 0.028703703703703703
2 0.24338624338624337 0.3791666666666667 0.04938271604938271 0.025
2 0.3042328042328042 0.38287037037037036 0.04409171075837742 0.026851851851851852
2 0.31481481481481477 0.3574074074074074 0.037037037037037035 0.020370370370370372
2 0.37125220458553787 0.35879629629629634 0.05114638447971781 0.028703703703703703
2 0.36331569664902996 0.3888888888888889 0.031746031746031744 0.018518518518518517
2 0.3977072310405644 0.39351851851851855 0.037037037037037035 0.024074074074074074
2 0.42680776014109345 0.40046296296296297 0.031746031746031744 0.021296296296296296
2 0.41887125220458554 0.36944444444444446 0.03350970017636684 0.018518518518518517
2 0.4973544973544973 0.37083333333333335 0.042328042328042326 0.026851851851851852
2 0.5343915343915344 0.3787037037037037 0.03527336860670194 0.024074074074074074
2 0.5828924162257495 0.37824074074074077 0.04056437389770723 0.025
2 0.609347442680776 0.35324074074074074 0.03350970017636684 0.017592592592592594
2 0.654320987654321 0.3541666666666667 0.03527336860670194 0.021296296296296296
2 0.6649029982363315 0.4 0.042328042328042326 0.024074074074074074
2 0.7054673721340388 0.3912037037037037 0.042328042328042326 0.021296296296296296
2 0.7195767195767195 0.37222222222222223 0.04585537918871252 0.018518518518518517
2 0.7663139329805996 0.36712962962962964 0.04056437389770723 0.019444444444444445
2 0.7768959435626102 0.412962962962963 0.037037037037037035 0.024074074074074074
2 0.8121693121693121 0.39722222222222225 0.047619047619047616 0.02592592592592593
2 0.8606701940035273 0.38981481481481484 0.03880070546737213 0.024074074074074074
2 0.8968253968253967 0.3888888888888889 0.029982363315696647 0.022222222222222223
2 0.9312169312169312 0.3856481481481482 0.042328042328042326 0.030555555555555558
2 0.9708994708994708 0.39305555555555555 0.037037037037037035 0.021296296296296296
2 0.026455026455026454 0.4462962962962963 0.04938271604938271 0.02592592592592593
2 0.12257495590828923 0.4689814814814815 0.047619047619047616 0.028703703703703703
2 0.21075837742504408 0.46620370370370373 0.04409171075837742 0.025
2 0.300705467372134 0.4601851851851852 0.037037037037037035 0.024074074074074074
2 0.3350970017636684 0.4314814814814815 0.03880070546737213 0.022222222222222223
2 0.3765432098765432 0.45 0.04409171075837742 0.024074074074074074
2 0.4629629629629629 0.43194444444444446 0.037037037037037035 0.026851851851851852
2 0.5282186948853616 0.4412037037037037 0.04056437389770723 0.02314814814814815
2 0.44179894179894175 0.47175925925925927 0.04056437389770723 0.02314814814814815
2 0.6199294532627866 0.4518518518518519 0.04409171075837742 0.02777777777777778
2 0.6190476190476191 0.48194444444444445 0.04938271604938271 0.028703703703703703
2 0.7292768959435626 0.45833333333333337 0.04056437389770723 0.02962962962962963
2 0.7081128747795414 0.4898148148148148 0.0582010582010582 0.031481481481481485
2 0.7962962962962963 0.45092592592592595 0.037037037037037035 0.02592592592592593
2 0.7989417989417988 0.48379629629629634 0.042328042328042326 0.032407407407407406
2 0.8315696649029982 0.4328703703703704 0.037037037037037035 0.02314814814814815
2 0.9232804232804233 0.41805555555555557 0.04409171075837742 0.025
2 0.8888888888888888 0.4990740740740741 0.05291005291005291 0.03333333333333333
2 0.1146384479717813 0.5277777777777778 0.04585537918871252 0.022222222222222223
2 0.07848324514991181 0.5569444444444445 0.054673721340388004 0.026851851851851852
2 0.23721340388007053 0.5087962962962963 0.04409171075837742 0.028703703703703703
2 0.3350970017636684 0.524537037037037 0.05291005291005291 0.026851851851851852
2 0.27248677248677244 0.549537037037037 0.04409171075837742 0.02314814814814815
2 0.1931216931216931 0.5523148148148148 0.054673721340388004 0.028703703703703703
2 0.31305114638447973 0.5550925925925926 0.037037037037037035 0.019444444444444445
2 0.3606701940035273 0.5398148148148149 0.037037037037037035 0.020370370370370372
2 0.4029982363315696 0.5365740740740741 0.04056437389770723 0.017592592592592594
2 0.41887125220458554 0.5481481481481482 0.03350970017636684 0.018518518518518517
2 0.43386243386243384 0.5115740740740741 0.042328042328042326 0.02314814814814815
2 0.4585537918871252 0.5259259259259259 0.03527336860670194 0.022222222222222223
2 0.5123456790123456 0.5226851851851853 0.04409171075837742 0.025
2 0.4770723104056437 0.5597222222222222 0.04056437389770723 0.019444444444444445
2 0.5149911816578483 0.5467592592592593 0.03880070546737213 0.019444444444444445
2 0.537037037037037 0.5532407407407408 0.04056437389770723 0.02314814814814815
2 0.5855379188712522 0.5569444444444445 0.04938271604938271 0.026851851851851852
2 0.6525573192239859 0.5300925925925926 0.04585537918871252 0.026851851851851852
2 0.7777777777777777 0.5203703703703704 0.04585537918871252 0.02962962962962963
2 0.6366843033509699 0.5597222222222222 0.03880070546737213 0.021296296296296296
2 0.7045855379188712 0.575462962962963 0.04056437389770723 0.021296296296296296
2 0.7425044091710757 0.5620370370370371 0.05291005291005291 0.02592592592592593
2 0.8015873015873015 0.5583333333333333 0.04409171075837742 0.022222222222222223
2 0.8580246913580246 0.5703703703703704 0.047619047619047616 0.02777777777777778
2 0.8994708994708994 0.5722222222222223 0.03880070546737213 0.018518518518518517
2 0.082010582010582 0.5851851851851853 0.037037037037037035 0.024074074074074074
2 0.05291005291005291 0.6430555555555556 0.05291005291005291 0.026851851851851852
2 0.1437389770723104 0.6083333333333334 0.04409171075837742 0.024074074074074074
2 0.1984126984126984 0.600462962962963 0.04056437389770723 0.025
2 0.23015873015873015 0.6092592592592593 0.037037037037037035 0.024074074074074074
2 0.5687830687830687 0.6101851851851852 0.037037037037037035 0.022222222222222223
2 0.6075837742504409 0.6106481481481482 0.037037037037037035 0.025
2 0.554673721340388 0.587037037037037 0.03350970017636684 0.018518518518518517
2 0.36596119929453264 0.6101851851851852 0.04056437389770723 0.022222222222222223
2 0.736331569664903 0.6226851851851852 0.04409171075837742 0.02314814814814815
2 0.845679012345679 0.6375000000000001 0.047619047619047616 0.026851851851851852
2 0.8421516754850088 0.6018518518518519 0.047619047619047616 0.020370370370370372
2 0.8968253968253967 0.6226851851851852 0.037037037037037035 0.021296296296296296
2 0.02821869488536155 0.6736111111111112 0.042328042328042326 0.017592592592592594
2 0.21164021164021163 0.6611111111111111 0.0564373897707231 0.02777777777777778
2 0.30335097001763667 0.6430555555555556 0.04585537918871252 0.02314814814814815
2 0.32098765432098764 0.6675925925925926 0.04938271604938271 0.022222222222222223
2 0.3412698412698413 0.6537037037037037 0.04056437389770723 0.024074074074074074
2 0.3835978835978836 0.6490740740740741 0.04409171075837742 0.022222222222222223
2 0.42151675485008816 0.6393518518518518 0.04585537918871252 0.025
2 0.4973544973544973 0.6435185185185185 0.042328042328042326 0.02777777777777778
2 0.562610229276896 0.6407407407407407 0.03880070546737213 0.024074074074074074
2 0.6058201058201058 0.6402777777777778 0.029982363315696647 0.02314814814814815
2 0.6305114638447972 0.638425925925926 0.04056437389770723 0.026851851851851852
2 0.6825396825396826 0.6476851851851853 0.04938271604938271 0.025
2 0.09700176366843033 0.7180555555555556 0.05291005291005291 0.026851851851851852
2 0.17989417989417988 0.701388888888889 0.042328042328042326 0.021296296296296296
2 0.20987654320987653 0.7236111111111111 0.042328042328042326 0.02314814814814815
2 0.25044091710758376 0.725925925925926 0.03880070546737213 0.024074074074074074
2 0.32186948853615516 0.7000000000000001 0.037037037037037035 0.018518518518518517
2 0.23897707231040563 0.6902777777777778 0.04056437389770723 0.021296296296296296
2 0.390652557319224 0.6949074074074074 0.037037037037037035 0.019444444444444445
2 0.43738977072310403 0.6972222222222223 0.042328042328042326 0.024074074074074074
2 0.3386243386243386 0.7319444444444445 0.04585537918871252 0.021296296296296296
2 0.3862433862433862 0.7296296296296296 0.042328042328042326 0.022222222222222223
2 0.43738977072310403 0.7282407407407407 0.03527336860670194 0.02314814814814815
2 0.4638447971781305 0.7337962962962963 0.03880070546737213 0.021296296296296296
2 0.5317460317460317 0.7305555555555556 0.047619047619047616 0.024074074074074074
2 0.5723104056437389 0.6944444444444444 0.04056437389770723 0.022222222222222223
2 0.5961199294532628 0.712037037037037 0.03880070546737213 0.018518518518518517
2 0.6331569664902998 0.7310185185185185 0.03880070546737213 0.019444444444444445
2 0.6155202821869488 0.6962962962962963 0.031746031746031744 0.014814814814814815
2 0.6781305114638447 0.7060185185185186 0.037037037037037035 0.021296296296296296
2 0.6331569664902998 0.6865740740740741 0.03880070546737213 0.019444444444444445
2 0.7292768959435626 0.7180555555555556 0.047619047619047616 0.025
2 0.7601410934744268 0.7435185185185186 0.03880070546737213 0.020370370370370372
2 0.8077601410934744 0.7319444444444445 0.05291005291005291 0.025
2 0.8738977072310405 0.7111111111111111 0.05114638447971781 0.02777777777777778
2 0.8659611992945326 0.6796296296296297 0.03880070546737213 0.02592592592592593
2 0.738095238095238 0.6907407407407408 0.03350970017636684 0.020370370370370372
2 0.17019400352733685 0.7236111111111111 0.04409171075837742 0.019444444444444445
2 0.08818342151675485 0.7944444444444445 0.04585537918871252 0.024074074074074074
2 0.19135802469135801 0.7805555555555556 0.04409171075837742 0.022222222222222223
2 0.20811287477954143 0.7560185185185185 0.03527336860670194 0.021296296296296296
2 0.3077601410934744 0.7657407407407407 0.04056437389770723 0.024074074074074074
2 0.25925925925925924 0.7851851851851852 0.04585537918871252 0.024074074074074074
2 0.30246913580246915 0.8078703703703703 0.047619047619047616 0.02314814814814815
2 0.37389770723104054 0.7870370370370371 0.03880070546737213 0.02777777777777778
2 0.4479717813051146 0.7726851851851853 0.03880070546737213 0.021296296296296296
2 0.43209876543209874 0.8111111111111111 0.04585537918871252 0.024074074074074074
2 0.47619047619047616 0.799537037037037 0.042328042328042326 0.021296296296296296
2 0.5396825396825397 0.7986111111111112 0.042328042328042326 0.021296296296296296
2 0.5317460317460317 0.7671296296296296 0.037037037037037035 0.017592592592592594
2 0.5608465608465608 0.7777777777777778 0.03527336860670194 0.012962962962962964
2 0.5855379188712522 0.7856481481481482 0.03880070546737213 0.017592592592592594
2 0.5802469135802468 0.8212962962962963 0.03527336860670194 0.018518518518518517
2 0.6128747795414462 0.7967592592592593 0.037037037037037035 0.015740740740740743
2 0.6657848324514991 0.7796296296296297 0.03350970017636684 0.016666666666666666
2 0.6596119929453262 0.7962962962962963 0.03880070546737213 0.018518518518518517
2 0.6728395061728395 0.8078703703703703 0.037037037037037035 0.019444444444444445
2 0.8121693121693121 0.8060185185185186 0.05114638447971781 0.025
2 0.03262786596119929 0.8666666666666667 0.047619047619047616 0.024074074074074074
2 0.10582010582010581 0.8824074074074074 0.04938271604938271 0.02592592592592593
2 0.1437389770723104 0.8574074074074074 0.04056437389770723 0.024074074074074074
2 0.19929453262786595 0.8541666666666667 0.03880070546737213 0.025
2 0.27601410934744264 0.8546296296296296 0.04409171075837742 0.022222222222222223
2 0.3386243386243386 0.8490740740740741 0.042328042328042326 0.022222222222222223
2 0.3985890652557319 0.8652777777777778 0.03527336860670194 0.019444444444444445
2 0.46472663139329806 0.8643518518518519 0.047619047619047616 0.025
2 0.5388007054673721 0.8824074074074074 0.04409171075837742 0.022222222222222223
2 0.5149911816578483 0.899537037037037 0.0564373897707231 0.021296296296296296
2 0.5828924162257495 0.8949074074074075 0.037037037037037035 0.019444444444444445
2 0.6190476190476191 0.8967592592592593 0.03527336860670194 0.019444444444444445
2 0.6860670194003526 0.8921296296296297 0.042328042328042326 0.025
2 0.7319223985890653 0.850925925925926 0.05291005291005291 0.022222222222222223
2 0.7477954144620811 0.8824074074074074 0.042328042328042326 0.020370370370370372
2 0.7671957671957672 0.9203703703703704 0.059964726631393295 0.024074074074074074
2 0.7345679012345678 0.938425925925926 0.04409171075837742 0.017592592592592594
2 0.6851851851851851 0.9416666666666667 0.04056437389770723 0.018518518518518517
2 0.8112874779541446 0.9523148148148148 0.03527336860670194 0.019444444444444445
2 0.865079365079365 0.8861111111111112 0.047619047619047616 0.02592592592592593
2 0.8342151675485008 0.8972222222222223 0.03880070546737213 0.022222222222222223
2 0.7874779541446207 0.8532407407407407 0.047619047619047616 0.021296296296296296
2 0.4435626102292769 0.9027777777777778 0.054673721340388004 0.02592592592592593
2 0.4144620811287478 0.9342592592592593 0.04585537918871252 0.02962962962962963
2 0.36507936507936506 0.9041666666666667 0.05291005291005291 0.028703703703703703
2 0.30864197530864196 0.9185185185185185 0.05291005291005291 0.02592592592592593
2 0.3368606701940035 0.9472222222222223 0.04585537918871252 0.022222222222222223
2 0.2786596119929453 0.9347222222222222 0.042328042328042326 0.021296296296296296
2 0.25396825396825395 0.8861111111111112 0.05291005291005291 0.024074074074074074
2 0.2566137566137566 0.9074074074074074 0.05114638447971781 0.022222222222222223
2 0.18694885361552027 0.8851851851851852 0.04585537918871252 0.02592592592592593
2 0.0855379188712522 0.9046296296296297 0.06878306878306878 0.022222222222222223
2 0.15873015873015872 0.9152777777777779 0.042328042328042326 0.030555555555555558
2 0.12698412698412698 0.9430555555555556 0.04938271604938271 0.028703703703703703
2 0.05731922398589065 0.9495370370370371 0.06172839506172839 0.026851851851851852
2 0.13315696649029982 0.9731481481481482 0.047619047619047616 0.02777777777777778
2 0.2001763668430335 0.9773148148148149 0.047619047619047616 0.030555555555555558
2 0.21781305114638447 0.9490740740740741 0.06172839506172839 0.02592592592592593
2 0.40828924162257496 0.8898148148148148 0.04056437389770723 0.020370370370370372
2 0.32892416225749554 0.875462962962963 0.04056437389770723 0.02314814814814815
2 0.8386243386243386 0.8439814814814816 0.04409171075837742 0.026851851851851852
2 0.5608465608465608 0.8592592592592593 0.03527336860670194 0.018518518518518517
2 0.13051146384479717 0.8097222222222222 0.031746031746031744 0.019444444444444445
2 0.10317460317460317 0.7625000000000001 0.03350970017636684 0.025
2 0.04409171075837742 0.7671296296296296 0.03880070546737213 0.017592592592592594
2 0.4532627865961199 0.8287037037037037 0.031746031746031744 0.014814814814814815
2 0.736331569664903 0.7689814814814815 0.037037037037037035 0.026851851851851852
2 0.5070546737213404 0.7486111111111111 0.04056437389770723 0.017592592592592594
2 0.14462081128747795 0.6574074074074074 0.042328042328042326 0.018518518518518517
2 0.12257495590828923 0.6777777777777778 0.03350970017636684 0.020370370370370372
2 0.10141093474426807 0.6324074074074074 0.037037037037037035 0.022222222222222223
2 0.07760141093474426 0.6064814814814815 0.03880070546737213 0.018518518518518517
2 0.19047619047619047 0.5236111111111111 0.042328042328042326 0.021296296296296296
2 0.8941798941798942 0.5435185185185185 0.03880070546737213 0.02592592592592593
2 0.49382716049382713 0.03194444444444445 0.042328042328042326 0.026851851851851852
2 0.6296296296296295 0.09351851851851853 0.042328042328042326 0.018518518518518517
2 0.8174603174603174 0.11157407407407408 0.026455026455026454 0.019444444444444445
2 0.7768959435626102 0.11111111111111112 0.037037037037037035 0.022222222222222223
2 0.6904761904761905 0.1277777777777778 0.037037037037037035 0.022222222222222223
2 0.738095238095238 0.11944444444444445 0.037037037037037035 0.014814814814814815
2 0.8624338624338623 0.11944444444444445 0.042328042328042326 0.022222222222222223
2 0.9056437389770723 0.12592592592592594 0.04056437389770723 0.02777777777777778
2 0.8253968253968254 0.07453703703703704 0.03527336860670194 0.01388888888888889
2 0.012345679012345678 0.08935185185185185 0.021164021164021163 0.025
2 0.7486772486772486 0.19305555555555556 0.04409171075837742 0.026851851851851852
2 0.7407407407407407 0.16111111111111112 0.04938271604938271 0.018518518518518517
2 0.6948853615520282 0.20972222222222223 0.03880070546737213 0.025
2 0.5414462081128748 0.27361111111111114 0.042328042328042326 0.021296296296296296
2 0.5141093474426808 0.2263888888888889 0.04409171075837742 0.03425925925925926
2 0.4426807760141093 0.20092592592592592 0.03880070546737213 0.020370370370370372
2 0.527336860670194 0.1902777777777778 0.04585537918871252 0.017592592592592594
2 0.300705467372134 0.20277777777777778 0.05114638447971781 0.020370370370370372
2 0.23015873015873015 0.19490740740740742 0.06172839506172839 0.021296296296296296
2 0.24514991181657847 0.24814814814814815 0.04585537918871252 0.014814814814814815
2 0.26102292768959434 0.23796296296296296 0.03527336860670194 0.016666666666666666
2 0.1402116402116402 0.27546296296296297 0.05114638447971781 0.026851851851851852
2 0.11816578483245149 0.29444444444444445 0.03880070546737213 0.012962962962962964
2 0.07583774250440917 0.29953703703703705 0.042328042328042326 0.021296296296296296
2 0.026455026455026454 0.3263888888888889 0.031746031746031744 0.017592592592592594
2 0.5352733686067019 0.32083333333333336 0.04056437389770723 0.021296296296296296
2 0.7407407407407407 0.33935185185185185 0.04585537918871252 0.021296296296296296
2 0.7425044091710757 0.3550925925925926 0.0564373897707231 0.015740740740740743
2 0.9717813051146384 0.34953703703703703 0.03880070546737213 0.025
2 0.8580246913580246 0.3509259259259259 0.037037037037037035 0.018518518518518517
2 0.9003527336860669 0.3592592592592593 0.04056437389770723 0.024074074074074074
2 0.10052910052910052 0.3421296296296296 0.05291005291005291 0.019444444444444445
2 0.18871252204585537 0.33796296296296297 0.042328042328042326 0.016666666666666666
2 0.09435626102292768 0.39861111111111114 0.04409171075837742 0.019444444444444445
2 0.11728395061728394 0.4087962962962963 0.03350970017636684 0.01388888888888889
2 0.08112874779541446 0.47870370370370374 0.031746031746031744 0.020370370370370372
2 0.14462081128747795 0.4398148148148148 0.03880070546737213 0.024074074074074074
2 0.16666666666666666 0.47175925925925927 0.03350970017636684 0.021296296296296296
2 0.01763668430335097 0.5703703703703704 0.031746031746031744 0.022222222222222223
2 0.16313932980599646 0.5750000000000001 0.03350970017636684 0.020370370370370372
2 0.2716049382716049 0.6680555555555556 0.02821869488536155 0.021296296296296296
2 0.12610229276895943 0.6962962962962963 0.047619047619047616 0.016666666666666666
2 0.20458553791887124 0.6296296296296297 0.042328042328042326 0.024074074074074074
2 0.673721340388007 0.6865740740740741 0.03527336860670194 0.015740740740740743
2 0.5343915343915344 0.6875 0.03527336860670194 0.021296296296296296
2 0.48500881834215165 0.7134259259259259 0.03527336860670194 0.019444444444444445
2 0.36155202821869487 0.7106481481481481 0.02821869488536155 0.015740740740740743
2 0.2962962962962963 0.7050925925925926 0.031746031746031744 0.02314814814814815
2 0.8483245149911816 0.8018518518518519 0.03527336860670194 0.022222222222222223
2 0.7716049382716049 0.8101851851851852 0.029982363315696647 0.016666666666666666
2 0.7680776014109347 0.8245370370370371 0.04056437389770723 0.01388888888888889
2 0.7081128747795414 0.825925925925926 0.04056437389770723 0.02592592592592593
2 0.9603174603174602 0.7791666666666667 0.04409171075837742 0.02314814814814815
2 0.8888888888888888 0.7384259259259259 0.02821869488536155 0.028703703703703703
2 0.036155202821869487 0.9087962962962963 0.03350970017636684 0.025
2 0.2707231040564374 0.950462962962963 0.037037037037037035 0.015740740740740743
2 0.9850088183421516 0.9643518518518519 0.029982363315696647 0.02314814814814815
2 0.7001763668430334 0.7300925925925926 0.03527336860670194 0.021296296296296296
2 0.8439153439153438 0.8652777777777778 0.037037037037037035 0.017592592592592594
2 0.8077601410934744 0.8800925925925926 0.04585537918871252 0.025
2 0.8077601410934744 0.7583333333333334 0.03527336860670194 0.012962962962962964
2 0.5952380952380952 0.4967592592592593 0.029982363315696647 0.01388888888888889
