2 0.08653846153846154 0.12396313364055299 0.03698224852071006 0.02488479262672811
2 0.14940828402366862 0.1294930875576037 0.047337278106508875 0.030414746543778803
2 0.23298816568047337 0.08847926267281106 0.03698224852071006 0.020276497695852533
2 0.22189349112426035 0.16774193548387098 0.03254437869822485 0.018433179723502304
2 0.26479289940828404 0.1534562211981567 0.029585798816568046 0.02857142857142857
2 0.29511834319526625 0.15668202764976957 0.03106508875739645 0.023963133640552997
2 0.3254437869822485 0.14516129032258066 0.038461538461538464 0.030414746543778803
2 0.35207100591715973 0.16129032258064516 0.03254437869822485 0.023963133640552997
2 0.3735207100591716 0.17419354838709677 0.03698224852071006 0.022119815668202765
2 0.40754437869822485 0.1870967741935484 0.042899408284023666 0.025806451612903226
2 0.40606508875739644 0.08617511520737327 0.042899408284023666 0.02488479262672811
2 0.4460059171597633 0.06820276497695853 0.03698224852071006 0.018433179723502304
2 0.45710059171597633 0.052534562211981564 0.026627218934911243 0.014746543778801843
2 0.47707100591715973 0.0576036866359447 0.022189349112426034 0.02304147465437788
2 0.5650887573964497 0.06774193548387097 0.047337278106508875 0.02857142857142857
2 0.6153846153846154 0.10276497695852535 0.04142011834319526 0.02857142857142857
2 0.5865384615384616 0.1175115207373272 0.03698224852071006 0.02304147465437788
2 0.5673076923076923 0.09400921658986175 0.042899408284023666 0.018433179723502304
2 0.599112426035503 0.03271889400921659 0.04437869822485207 0.02304147465437788
2 0.6568047337278107 0.03225806451612903 0.038461538461538464 0.023963133640552997
2 0.6634615384615384 0.0792626728110599 0.04585798816568047 0.027649769585253454
2 0.6642011834319527 0.10737327188940092 0.04142011834319526 0.02488479262672811
2 0.7278106508875739 0.13179723502304147 0.04437869822485207 0.025806451612903226
2 0.46967455621301774 0.09308755760368663 0.03698224852071006 0.023963133640552997
2 0.5044378698224852 0.09953917050691244 0.029585798816568046 0.027649769585253454
2 0.375 0.09400921658986175 0.03106508875739645 0.020276497695852533
2 0.27514792899408286 0.04470046082949309 0.03550295857988166 0.02488479262672811
2 0.40236686390532544 0.052534562211981564 0.03550295857988166 0.020276497695852533
2 0.8402366863905325 0.09493087557603687 0.04437869822485207 0.029493087557603687
2 0.8979289940828402 0.060829493087557605 0.05029585798816568 0.027649769585253454
2 0.9275147928994083 0.07649769585253456 0.023668639053254437 0.023963133640552997
2 0.9393491124260355 0.10691244239631337 0.04437869822485207 0.023963133640552997
2 0.8335798816568047 0.1695852534562212 0.042899408284023666 0.029493087557603687
2 0.7766272189349113 0.18617511520737326 0.04142011834319526 0.027649769585253454
2 0.639792899408284 0.15806451612903225 0.04585798816568047 0.02304147465437788
2 0.6752958579881657 0.1728110599078341 0.034023668639053255 0.026728110599078342
2 0.7107988165680473 0.19447004608294932 0.042899408284023666 0.023963133640552997
2 0.5643491124260355 0.15668202764976957 0.03994082840236686 0.025806451612903226
2 0.6035502958579881 0.17603686635944701 0.038461538461538464 0.025806451612903226
2 0.46597633136094674 0.19262672811059908 0.03550295857988166 0.027649769585253454
2 0.5088757396449703 0.1737327188940092 0.038461538461538464 0.026728110599078342
2 0.496301775147929 0.13225806451612904 0.042899408284023666 0.02488479262672811
2 0.41420118343195267 0.1336405529953917 0.047337278106508875 0.03133640552995392
2 0.5761834319526628 0.22258064516129034 0.03698224852071006 0.02488479262672811
2 0.4755917159763314 0.24976958525345622 0.05769230769230769 0.027649769585253454
2 0.5007396449704142 0.2714285714285714 0.034023668639053255 0.01935483870967742
2 0.6087278106508875 0.2732718894009217 0.03994082840236686 0.02857142857142857
2 0.5170118343195266 0.2926267281105991 0.04585798816568047 0.02304147465437788
2 0.5081360946745562 0.308294930875576 0.04881656804733728 0.01935483870967742
2 0.5532544378698224 0.3101382488479263 0.029585798816568046 0.026728110599078342
2 0.32988165680473375 0.2967741935483871 0.047337278106508875 0.029493087557603687
2 0.3727810650887574 0.25944700460829495 0.047337278106508875 0.02857142857142857
2 0.42011834319526625 0.2626728110599078 0.026627218934911243 0.020276497695852533
2 0.38831360946745563 0.2889400921658986 0.04881656804733728 0.02857142857142857
2 0.2581360946745562 0.3138248847926267 0.03698224852071006 0.02857142857142857
2 0.29142011834319526 0.3069124423963134 0.026627218934911243 0.027649769585253454
2 0.57396449704142 0.19078341013824884 0.038461538461538464 0.025806451612903226
2 0.8113905325443787 0.22027649769585253 0.034023668639053255 0.025806451612903226
2 0.7862426035502958 0.25990783410138246 0.042899408284023666 0.029493087557603687
2 0.7485207100591715 0.30737327188940095 0.04142011834319526 0.030414746543778803
2 0.7988165680473372 0.3096774193548387 0.038461538461538464 0.029493087557603687
2 0.8424556213017751 0.29354838709677417 0.07248520710059171 0.02488479262672811
2 0.882396449704142 0.30599078341013825 0.04585798816568047 0.025806451612903226
2 0.8587278106508875 0.32672811059907836 0.04585798816568047 0.034101382488479264
2 0.8994082840236686 0.23225806451612904 0.04437869822485207 0.029493087557603687
2 0.9556213017751479 0.26175115207373273 0.047337278106508875 0.029493087557603687
2 0.94896449704142 0.2824884792626728 0.03994082840236686 0.01935483870967742
2 0.7433431952662721 0.23179723502304148 0.04585798816568047 0.01935483870967742
2 0.4519230769230769 0.29539170506912443 0.03698224852071006 0.02488479262672811
2 0.4297337278106509 0.29861751152073734 0.03106508875739645 0.027649769585253454
2 0.3594674556213018 0.3313364055299539 0.04142011834319526 0.026728110599078342
2 0.34763313609467456 0.3672811059907834 0.04142011834319526 0.02488479262672811
2 0.30399408284023666 0.36451612903225805 0.03994082840236686 0.02488479262672811
2 0.42899408284023666 0.3433179723502304 0.05029585798816568 0.026728110599078342
2 0.49926035502958577 0.33732718894009217 0.04585798816568047 0.025806451612903226
2 0.5732248520710059 0.3382488479262673 0.03698224852071006 0.025806451612903226
2 0.6701183431952663 0.3142857142857143 0.03254437869822485 0.03133640552995392
2 0.6886094674556212 0.2921658986175115 0.04881656804733728 0.020276497695852533
2 0.761094674556213 0.3419354838709677 0.03994082840236686 0.027649769585253454
2 0.7255917159763313 0.3442396313364055 0.03106508875739645 0.02857142857142857
2 0.6997041420118343 0.3709677419354839 0.05917159763313609 0.03225806451612903
2 0.6346153846153846 0.3986175115207373 0.04142011834319526 0.02304147465437788
2 0.7137573964497042 0.41751152073732717 0.04881656804733728 0.03133640552995392
2 0.8032544378698224 0.4032258064516129 0.047337278106508875 0.02857142857142857
2 0.9134615384615384 0.3783410138248848 0.04881656804733728 0.026728110599078342
2 0.875 0.4497695852534562 0.042899408284023666 0.03133640552995392
2 0.9127218934911242 0.4294930875576037 0.04142011834319526 0.027649769585253454
2 0.8609467455621301 0.40829493087557606 0.04142011834319526 0.027649769585253454
2 0.49260355029585795 0.37004608294930874 0.03550295857988166 0.02119815668202765
2 0.47337278106508873 0.3778801843317972 0.04437869822485207 0.023963133640552997
2 0.4437869822485207 0.38894009216589864 0.03550295857988166 0.022119815668202765
2 0.39866863905325445 0.40184331797235023 0.04585798816568047 0.025806451612903226
2 0.41272189349112426 0.4221198156682028 0.04142011834319526 0.016589861751152075
2 0.3905325443786982 0.43548387096774194 0.04437869822485207 0.01935483870967742
2 0.3764792899408284 0.4557603686635945 0.034023668639053255 0.02857142857142857
2 0.3431952662721893 0.46175115207373274 0.03550295857988166 0.03317972350230415
2 0.28032544378698226 0.5004608294930876 0.03994082840236686 0.027649769585253454
2 0.47411242603550297 0.4313364055299539 0.03994082840236686 0.020276497695852533
2 0.48742603550295854 0.4525345622119816 0.04881656804733728 0.023963133640552997
2 0.5473372781065089 0.4525345622119816 0.038461538461538464 0.023963133640552997
2 0.5665680473372781 0.42258064516129035 0.04437869822485207 0.02304147465437788
2 0.5798816568047337 0.4 0.05029585798816568 0.022119815668202765
2 0.5014792899408284 0.3990783410138249 0.047337278106508875 0.023963133640552997
2 0.625 0.44516129032258067 0.03994082840236686 0.025806451612903226
2 0.5931952662721893 0.46682027649769586 0.04142011834319526 0.02488479262672811
2 0.6442307692307692 0.4705069124423963 0.04585798816568047 0.02304147465437788
2 0.6915680473372781 0.47096774193548385 0.04585798816568047 0.025806451612903226
2 0.7322485207100592 0.4783410138248848 0.04142011834319526 0.03317972350230415
2 0.7892011834319527 0.4414746543778802 0.051775147928994084 0.029493087557603687
2 0.8557692307692307 0.4815668202764977 0.03994082840236686 0.03225806451612903
2 0.7344674556213018 0.5064516129032258 0.042899408284023666 0.02304147465437788
2 0.7152366863905325 0.5202764976958525 0.03698224852071006 0.02119815668202765
2 0.9149408284023668 0.5373271889400921 0.03994082840236686 0.027649769585253454
2 0.382396449704142 0.5036866359447004 0.04585798816568047 0.02857142857142857
2 0.2544378698224852 0.5410138248847927 0.038461538461538464 0.023963133640552997
2 0.27071005917159763 0.5649769585253456 0.04142011834319526 0.025806451612903226
2 0.30399408284023666 0.5460829493087558 0.051775147928994084 0.02857142857142857
2 0.35872781065088755 0.5534562211981566 0.04881656804733728 0.034101382488479264
2 0.4208579881656805 0.5682027649769585 0.04881656804733728 0.02857142857142857
2 0.42529585798816566 0.532258064516129 0.042899408284023666 0.026728110599078342
2 0.3846153846153846 0.5304147465437788 0.04142011834319526 0.02488479262672811
2 0.40458579881656803 0.47557603686635946 0.03994082840236686 0.022119815668202765
2 0.5088757396449703 0.4663594470046083 0.02071005917159763 0.014746543778801843
2 0.5273668639053254 0.47465437788018433 0.034023668639053255 0.020276497695852533
2 0.511094674556213 0.5124423963133641 0.03698224852071006 0.020276497695852533
2 0.47633136094674555 0.4986175115207373 0.07100591715976332 0.03317972350230415
2 0.5872781065088757 0.5 0.038461538461538464 0.02857142857142857
2 0.6279585798816568 0.5082949308755761 0.05769230769230769 0.026728110599078342
2 0.48298816568047337 0.56036866359447 0.03106508875739645 0.023963133640552997
2 0.5059171597633136 0.5668202764976958 0.029585798816568046 0.022119815668202765
2 0.5428994082840236 0.5534562211981566 0.04437869822485207 0.030414746543778803
2 0.5976331360946745 0.5382488479262673 0.04142011834319526 0.022119815668202765
2 0.643491124260355 0.5465437788018433 0.04437869822485207 0.023963133640552997
2 0.6886094674556212 0.5668202764976958 0.04881656804733728 0.027649769585253454
2 0.6723372781065089 0.5308755760368664 0.04585798816568047 0.027649769585253454
2 0.7596153846153846 0.5649769585253456 0.04881656804733728 0.025806451612903226
2 0.7869822485207101 0.5391705069124424 0.05029585798816568 0.029493087557603687
2 0.8010355029585798 0.5723502304147465 0.03994082840236686 0.023963133640552997
2 0.8321005917159763 0.5552995391705069 0.04881656804733728 0.02857142857142857
2 0.8735207100591715 0.5470046082949309 0.03994082840236686 0.03225806451612903
2 0.9400887573964497 0.5705069124423963 0.03994082840236686 0.029493087557603687
2 0.261094674556213 0.6009216589861751 0.03698224852071006 0.023963133640552997
2 0.2995562130177515 0.6147465437788019 0.03994082840236686 0.027649769585253454
2 0.34023668639053256 0.6147465437788019 0.038461538461538464 0.023963133640552997
2 0.3247041420118343 0.5976958525345623 0.03994082840236686 0.02304147465437788
2 0.3927514792899408 0.6142857142857143 0.042899408284023666 0.03225806451612903
2 0.4334319526627219 0.6262672811059908 0.038461538461538464 0.02857142857142857
2 0.46079881656804733 0.604147465437788 0.04881656804733728 0.02857142857142857
2 0.5029585798816568 0.6188940092165899 0.038461538461538464 0.02304147465437788
2 0.5288461538461539 0.5986175115207373 0.04585798816568047 0.02488479262672811
2 0.5465976331360947 0.619815668202765 0.03698224852071006 0.02857142857142857
2 0.6042899408284024 0.6419354838709678 0.03994082840236686 0.034101382488479264
2 0.6390532544378698 0.5976958525345623 0.038461538461538464 0.02488479262672811
2 0.658284023668639 0.6119815668202765 0.04142011834319526 0.025806451612903226
2 0.6945266272189349 0.6119815668202765 0.03994082840236686 0.029493087557603687
2 0.7403846153846154 0.616589861751152 0.04881656804733728 0.03133640552995392
2 0.7448224852071006 0.6364055299539171 0.04585798816568047 0.02488479262672811
2 0.07766272189349112 0.6119815668202765 0.0636094674556213 0.03133640552995392
2 0.15902366863905326 0.5387096774193548 0.04881656804733728 0.030414746543778803
2 0.11686390532544379 0.5668202764976958 0.04437869822485207 0.027649769585253454
2 0.16863905325443787 0.5972350230414747 0.04142011834319526 0.027649769585253454
2 0.23816568047337278 0.5870967741935483 0.03254437869822485 0.023963133640552997
2 0.665680473372781 0.667741935483871 0.04142011834319526 0.02857142857142857
2 0.7048816568047337 0.6686635944700461 0.03106508875739645 0.02488479262672811
2 0.7522189349112426 0.6921658986175115 0.03994082840236686 0.029493087557603687
2 0.783284023668639 0.6718894009216589 0.042899408284023666 0.022119815668202765
2 0.7958579881656804 0.6912442396313364 0.03550295857988166 0.022119815668202765
2 0.7921597633136095 0.7059907834101382 0.042899408284023666 0.022119815668202765
2 0.8831360946745562 0.7059907834101382 0.047337278106508875 0.025806451612903226
2 0.8905325443786982 0.6341013824884792 0.04142011834319526 0.027649769585253454
2 0.8069526627218935 0.603225806451613 0.04585798816568047 0.02488479262672811
2 0.9452662721893491 0.6170506912442396 0.03550295857988166 0.02119815668202765
2 0.8602071005917159 0.5847926267281106 0.034023668639053255 0.02488479262672811
2 0.15014792899408283 0.6465437788018433 0.03698224852071006 0.02857142857142857
2 0.11760355029585799 0.6889400921658986 0.042899408284023666 0.026728110599078342
2 0.1915680473372781 0.6764976958525346 0.04585798816568047 0.03133640552995392
2 0.17455621301775148 0.6944700460829493 0.038461538461538464 0.02488479262672811
2 0.2403846153846154 0.6640552995391705 0.042899408284023666 0.02488479262672811
2 0.28476331360946744 0.6714285714285714 0.042899408284023666 0.026728110599078342
2 0.22041420118343194 0.6949308755760368 0.03254437869822485 0.023963133640552997
2 0.27736686390532544 0.6926267281105991 0.03994082840236686 0.02488479262672811
2 0.31434911242603547 0.6921658986175115 0.03698224852071006 0.025806451612903226
2 0.257396449704142 0.6359447004608295 0.05029585798816568 0.025806451612903226
2 0.3594674556213018 0.715668202764977 0.04142011834319526 0.03225806451612903
2 0.2766272189349112 0.7345622119815668 0.04142011834319526 0.027649769585253454
2 0.32840236686390534 0.7511520737327189 0.04142011834319526 0.027649769585253454
2 0.3180473372781065 0.784331797235023 0.03550295857988166 0.022119815668202765
2 0.35724852071005914 0.7861751152073733 0.03698224852071006 0.029493087557603687
2 0.39349112426035504 0.7700460829493088 0.047337278106508875 0.026728110599078342
2 0.4511834319526627 0.7119815668202765 0.04437869822485207 0.02488479262672811
2 0.48668639053254437 0.7133640552995392 0.038461538461538464 0.023963133640552997
2 0.42159763313609466 0.6557603686635944 0.04142011834319526 0.02488479262672811
2 0.36538461538461536 0.6414746543778802 0.038461538461538464 0.023963133640552997
2 0.33875739644970415 0.6663594470046083 0.047337278106508875 0.027649769585253454
2 0.4667159763313609 0.6612903225806451 0.03994082840236686 0.030414746543778803
2 0.4896449704142012 0.6811059907834102 0.03550295857988166 0.023963133640552997
2 0.5155325443786982 0.680184331797235 0.02514792899408284 0.022119815668202765
2 0.5539940828402367 0.7009216589861751 0.03994082840236686 0.034101382488479264
2 0.5983727810650887 0.6976958525345622 0.03698224852071006 0.025806451612903226
2 0.6309171597633136 0.7073732718894009 0.034023668639053255 0.026728110599078342
2 0.6568047337278107 0.6981566820276498 0.038461538461538464 0.030414746543778803
2 0.7307692307692307 0.7350230414746544 0.03254437869822485 0.02488479262672811
2 0.7588757396449703 0.7626728110599078 0.038461538461538464 0.02488479262672811
2 0.8505917159763313 0.7691244239631336 0.047337278106508875 0.02119815668202765
2 0.8335798816568047 0.7354838709677419 0.03698224852071006 0.022119815668202765
2 0.9393491124260355 0.8046082949308756 0.038461538461538464 0.025806451612903226
2 0.7633136094674556 0.7976958525345622 0.04142011834319526 0.02304147465437788
2 0.7995562130177515 0.7880184331797235 0.042899408284023666 0.027649769585253454
2 0.6967455621301775 0.8 0.04142011834319526 0.025806451612903226
2 0.6405325443786982 0.7741935483870968 0.047337278106508875 0.027649769585253454
2 0.5931952662721893 0.7511520737327189 0.03550295857988166 0.025806451612903226
2 0.5340236686390533 0.7677419354838709 0.04142011834319526 0.025806451612903226
2 0.47928994082840237 0.7769585253456222 0.04142011834319526 0.023963133640552997
2 0.5724852071005917 0.791705069124424 0.04142011834319526 0.022119815668202765
2 0.6183431952662721 0.8087557603686636 0.05325443786982249 0.026728110599078342
2 0.6131656804733727 0.8345622119815668 0.04585798816568047 0.02119815668202765
2 0.724112426035503 0.8387096774193549 0.042899408284023666 0.025806451612903226
2 0.8313609467455622 0.8493087557603687 0.047337278106508875 0.03225806451612903
2 0.15828402366863906 0.759447004608295 0.03254437869822485 0.027649769585253454
2 0.20562130177514792 0.7622119815668202 0.03550295857988166 0.047926267281105994
2 0.23520710059171598 0.8078341013824885 0.03550295857988166 0.026728110599078342
2 0.27736686390532544 0.8170506912442397 0.04585798816568047 0.041474654377880185
2 0.15310650887573965 0.8009216589861751 0.03698224852071006 0.025806451612903226
2 0.09171597633136094 0.7709677419354839 0.04437869822485207 0.02304147465437788
2 0.05695266272189349 0.8981566820276498 0.042899408284023666 0.026728110599078342
2 0.03550295857988166 0.9354838709677419 0.029585798816568046 0.022119815668202765
2 0.128698224852071 0.8345622119815668 0.03254437869822485 0.034101382488479264
2 0.17825443786982248 0.8460829493087557 0.03698224852071006 0.03133640552995392
2 0.24260355029585798 0.9036866359447004 0.047337278106508875 0.030414746543778803
2 0.2485207100591716 0.9350230414746544 0.047337278106508875 0.02488479262672811
2 0.15384615384615385 0.9368663594470046 0.06804733727810651 0.054377880184331796
2 0.28032544378698226 0.9732718894009217 0.0636094674556213 0.0423963133640553
2 0.29881656804733725 0.8751152073732719 0.05325443786982249 0.034101382488479264
2 0.34763313609467456 0.8525345622119815 0.056213017751479286 0.03870967741935484
2 0.3468934911242603 0.8907834101382488 0.042899408284023666 0.02857142857142857
2 0.3276627218934911 0.9133640552995391 0.04881656804733728 0.023963133640552997
2 0.4282544378698225 0.8456221198156681 0.04585798816568047 0.02304147465437788
2 0.41124260355029585 0.8714285714285714 0.04142011834319526 0.02857142857142857
2 0.4474852071005917 0.8778801843317973 0.03106508875739645 0.026728110599078342
2 0.39866863905325445 0.9050691244239631 0.05769230769230769 0.03686635944700461
2 0.4460059171597633 0.9101382488479263 0.03994082840236686 0.026728110599078342
2 0.4985207100591716 0.9142857142857143 0.04142011834319526 0.025806451612903226
2 0.5443786982248521 0.8880184331797235 0.05917159763313609 0.035944700460829496
2 0.5887573964497042 0.8889400921658986 0.03254437869822485 0.02857142857142857
2 0.673076923076923 0.8866359447004608 0.04437869822485207 0.03133640552995392
2 0.7181952662721893 0.8972350230414746 0.04585798816568047 0.02857142857142857
2 0.6908284023668639 0.8599078341013825 0.0650887573964497 0.022119815668202765
2 0.7877218934911242 0.8820276497695853 0.051775147928994084 0.035023041474654376
2 0.8409763313609467 0.8990783410138249 0.03698224852071006 0.026728110599078342
2 0.8883136094674556 0.9101382488479263 0.03698224852071006 0.02857142857142857
2 0.9304733727810651 0.9 0.047337278106508875 0.030414746543778803
2 0.8321005917159763 0.9622119815668203 0.04881656804733728 0.029493087557603687
2 0.5554733727810651 0.8511520737327188 0.042899408284023666 0.02304147465437788
2 0.9371301775147929 0.719815668202765 0.03994082840236686 0.025806451612903226
2 0.20488165680473372 0.39078341013824885 0.051775147928994084 0.029493087557603687
2 0.1346153846153846 0.3686635944700461 0.05029585798816568 0.027649769585253454
2 0.14497041420118342 0.31244239631336407 0.05029585798816568 0.029493087557603687
2 0.1915680473372781 0.31797235023041476 0.03994082840236686 0.022119815668202765
2 0.13683431952662722 0.43317972350230416 0.04881656804733728 0.025806451612903226
2 0.14053254437869822 0.45622119815668205 0.04142011834319526 0.022119815668202765
2 0.2492603550295858 0.45622119815668205 0.042899408284023666 0.023963133640552997
2 0.23002958579881655 0.48525345622119814 0.04881656804733728 0.03225806451612903
2 0.22041420118343194 0.5253456221198156 0.047337278106508875 0.022119815668202765
2 0.9504437869822485 0.40506912442396314 0.03994082840236686 0.01935483870967742
2 0.9297337278106509 0.4705069124423963 0.05769230769230769 0.030414746543778803
2 0.9075443786982248 0.49585253456221196 0.04881656804733728 0.027649769585253454
2 0.21005917159763313 0.2543778801843318 0.0621301775147929 0.025806451612903226
2 0.23298816568047337 0.28110599078341014 0.0636094674556213 0.03686635944700461
2 0.09319526627218935 0.22027649769585253 0.05029585798816568 0.027649769585253454
2 0.4408284023668639 0.2055299539170507 0.04142011834319526 0.023963133640552997
2 0.3942307692307692 0.21382488479262673 0.04585798816568047 0.025806451612903226
2 0.21745562130177515 0.06497695852534562 0.04142011834319526 0.017511520737327188
2 0.24260355029585798 0.18387096774193548 0.04437869822485207 0.01935483870967742
2 0.3047337278106509 0.1792626728110599 0.04437869822485207 0.026728110599078342
2 0.04659763313609468 0.046543778801843315 0.042899408284023666 0.02119815668202765
2 0.2448224852071006 0.11889400921658987 0.04881656804733728 0.029493087557603687
2 0.34097633136094674 0.08755760368663594 0.042899408284023666 0.020276497695852533
2 0.35798816568047337 0.0728110599078341 0.05325443786982249 0.020276497695852533
2 0.7122781065088757 0.11013824884792627 0.03994082840236686 0.017511520737327188
2 0.7869822485207101 0.12995391705069123 0.02071005917159763 0.023963133640552997
2 0.7566568047337278 0.21382488479262673 0.03994082840236686 0.020276497695852533
2 0.6871301775147929 0.24746543778801844 0.0636094674556213 0.041474654377880185
2 0.8853550295857988 0.26866359447004606 0.03994082840236686 0.02119815668202765
2 0.9726331360946745 0.3046082949308756 0.034023668639053255 0.01935483870967742
2 0.9267751479289941 0.3138248847926267 0.03994082840236686 0.02304147465437788
2 0.5606508875739645 0.2654377880184332 0.038461538461538464 0.027649769585253454
2 0.3150887573964497 0.26682027649769585 0.05325443786982249 0.02304147465437788
2 0.2507396449704142 0.34516129032258064 0.04585798816568047 0.030414746543778803
2 0.15458579881656803 0.343778801843318 0.034023668639053255 0.018433179723502304
2 0.01849112426035503 0.3216589861751152 0.034023668639053255 0.023963133640552997
2 0.017011834319526627 0.36589861751152075 0.03106508875739645 0.022119815668202765
2 0.03920118343195266 0.3824884792626728 0.028106508875739643 0.018433179723502304
2 0.46523668639053256 0.3497695852534562 0.03106508875739645 0.02304147465437788
2 0.6316568047337278 0.3313364055299539 0.029585798816568046 0.02119815668202765
2 0.8017751479289941 0.3442396313364055 0.03550295857988166 0.02857142857142857
2 0.591715976331361 0.3649769585253456 0.03550295857988166 0.029493087557603687
2 0.5495562130177515 0.36589861751152075 0.042899408284023666 0.03317972350230415
2 0.6205621301775148 0.41705069124423966 0.03994082840236686 0.02119815668202765
2 0.6649408284023669 0.43317972350230416 0.042899408284023666 0.023963133640552997
2 0.716715976331361 0.44746543778801845 0.04585798816568047 0.017511520737327188
2 0.8365384615384616 0.4391705069124424 0.03106508875739645 0.02857142857142857
2 0.3121301775147929 0.5184331797235023 0.05029585798816568 0.02488479262672811
2 0.9622781065088757 0.5313364055299539 0.03698224852071006 0.02304147465437788
2 0.8957100591715976 0.6023041474654378 0.03994082840236686 0.02488479262672811
2 0.6294378698224852 0.5663594470046083 0.034023668639053255 0.02119815668202765
2 0.5954142011834319 0.5654377880184331 0.051775147928994084 0.03778801843317972
2 0.1841715976331361 0.5709677419354838 0.03994082840236686 0.02119815668202765
2 0.20784023668639054 0.5516129032258065 0.042899408284023666 0.02857142857142857
2 0.22707100591715976 0.6124423963133641 0.03106508875739645 0.030414746543778803
2 0.46967455621301774 0.631336405529954 0.03994082840236686 0.022119815668202765
2 0.6050295857988166 0.6059907834101382 0.03550295857988166 0.03778801843317972
2 0.5902366863905325 0.6714285714285714 0.029585798816568046 0.017511520737327188
2 0.6227810650887574 0.6640552995391705 0.04437869822485207 0.02488479262672811
2 0.4600591715976331 0.7350230414746544 0.04142011834319526 0.017511520737327188
2 0.08062130177514792 0.6543778801843319 0.042899408284023666 0.027649769585253454
2 0.07322485207100592 0.6847926267281106 0.03994082840236686 0.023963133640552997
2 0.4474852071005917 0.6889400921658986 0.034023668639053255 0.02119815668202765
2 0.518491124260355 0.6529953917050692 0.02514792899408284 0.01935483870967742
2 0.639792899408284 0.6502304147465438 0.028106508875739643 0.01935483870967742
2 0.863905325443787 0.6470046082949309 0.038461538461538464 0.023963133640552997
2 0.8875739644970414 0.6718894009216589 0.04142011834319526 0.029493087557603687
2 0.9452662721893491 0.6852534562211982 0.04142011834319526 0.026728110599078342
2 0.9437869822485206 0.6470046082949309 0.038461538461538464 0.023963133640552997
2 0.6930473372781065 0.7327188940092166 0.03698224852071006 0.020276497695852533
2 0.6752958579881657 0.7207373271889401 0.04881656804733728 0.016589861751152075
2 0.6745562130177515 0.7470046082949309 0.038461538461538464 0.01935483870967742
2 0.5695266272189349 0.7640552995391705 0.026627218934911243 0.020276497695852533
2 0.57396449704142 0.815668202764977 0.04437869822485207 0.025806451612903226
2 0.7278106508875739 0.8018433179723502 0.023668639053254437 0.020276497695852533
2 0.8017751479289941 0.755299539170507 0.038461538461538464 0.01935483870967742
2 0.8742603550295858 0.8336405529953917 0.029585798816568046 0.02488479262672811
2 0.9423076923076923 0.8640552995391705 0.03550295857988166 0.02857142857142857
2 0.9800295857988165 0.8889400921658986 0.03994082840236686 0.017511520737327188
2 0.9282544378698224 0.9285714285714286 0.034023668639053255 0.02488479262672811
2 0.8002958579881657 0.8271889400921659 0.04437869822485207 0.01935483870967742
2 0.7337278106508875 0.876036866359447 0.04437869822485207 0.02119815668202765
2 0.761094674556213 0.9078341013824884 0.03698224852071006 0.022119815668202765
2 0.7877218934911242 0.9258064516129032 0.03994082840236686 0.017511520737327188
2 0.8062130177514792 0.9456221198156682 0.029585798816568046 0.023963133640552997
2 0.863905325443787 0.947926267281106 0.026627218934911243 0.01935483870967742
2 0.6309171597633136 0.8552995391705069 0.042899408284023666 0.023963133640552997
2 0.5880177514792899 0.8603686635944701 0.042899408284023666 0.026728110599078342
2 0.5214497041420119 0.7958525345622119 0.051775147928994084 0.02304147465437788
2 0.47781065088757396 0.808294930875576 0.038461538461538464 0.025806451612903226
2 0.47855029585798814 0.8308755760368663 0.04585798816568047 0.01935483870967742
2 0.49260355029585795 0.8511520737327188 0.047337278106508875 0.02119815668202765
2 0.47633136094674555 0.876036866359447 0.03550295857988166 0.030414746543778803
2 0.5517751479289941 0.9290322580645162 0.0621301775147929 0.035023041474654376
2 0.6198224852071006 0.9101382488479263 0.038461538461538464 0.017511520737327188
2 0.6575443786982248 0.9101382488479263 0.034023668639053255 0.01935483870967742
2 0.621301775147929 0.883410138248848 0.056213017751479286 0.030414746543778803
2 0.47855029585798814 0.943778801843318 0.03994082840236686 0.027649769585253454
2 0.28772189349112426 0.9419354838709677 0.034023668639053255 0.022119815668202765
2 0.3217455621301775 0.9317972350230415 0.03698224852071006 0.018433179723502304
2 0.19600591715976332 0.871889400921659 0.04881656804733728 0.022119815668202765
2 0.2566568047337278 0.8414746543778802 0.04585798816568047 0.03686635944700461
2 0.30029585798816566 0.8447004608294931 0.03550295857988166 0.01935483870967742
2 0.3380177514792899 0.8253456221198157 0.03698224852071006 0.02304147465437788
2 0.042899408284023666 0.8635944700460829 0.03254437869822485 0.018433179723502304
2 0.3076923076923077 0.7308755760368664 0.029585798816568046 0.027649769585253454
2 0.24630177514792898 0.7414746543778802 0.019230769230769232 0.013824884792626727
2 0.40532544378698226 0.716589861751152 0.056213017751479286 0.02488479262672811
2 0.5103550295857988 0.752073732718894 0.038461538461538464 0.022119815668202765
2 0.5998520710059172 0.7755760368663595 0.03106508875739645 0.02119815668202765
