2 0.05319148936170213 0.0861244019138756 0.04964539007092199 0.028708133971291867
2 0.13031914893617022 0.0784688995215311 0.04078014184397163 0.022966507177033493
2 0.16843971631205673 0.06363636363636364 0.0425531914893617 0.02583732057416268
2 0.2978723404255319 0.06220095693779904 0.04964539007092199 0.021052631578947368
2 0.375 0.08229665071770335 0.044326241134751775 0.026794258373205742
2 0.4601063829787234 0.08086124401913876 0.044326241134751775 0.023923444976076555
2 0.5602836879432624 0.08086124401913876 0.04609929078014184 0.02583732057416268
2 0.6906028368794326 0.06220095693779904 0.054964539007092195 0.026794258373205742
2 0.8900709219858156 0.08325358851674641 0.06028368794326241 0.028708133971291867
2 0.9601063829787234 0.06315789473684211 0.047872340425531915 0.024880382775119617
2 0.18085106382978722 0.13492822966507179 0.04964539007092199 0.024880382775119617
2 0.25354609929078015 0.1382775119617225 0.04964539007092199 0.02583732057416268
2 0.3324468085106383 0.12009569377990431 0.07624113475177305 0.027751196172248804
2 0.5168439716312057 0.11100478468899522 0.047872340425531915 0.019138755980861243
2 0.7154255319148936 0.1 0.047872340425531915 0.023923444976076555
2 0.8226950354609929 0.09760765550239235 0.05319148936170213 0.022966507177033493
2 0.799645390070922 0.11818181818181818 0.04964539007092199 0.023923444976076555
2 0.9698581560283688 0.11100478468899522 0.04964539007092199 0.024880382775119617
2 0.21719858156028368 0.1626794258373206 0.04078014184397163 0.01722488038277512
2 0.3226950354609929 0.15789473684210525 0.0425531914893617 0.019138755980861243
2 0.41312056737588654 0.16650717703349283 0.05673758865248227 0.026794258373205742
2 0.5035460992907801 0.16555023923444975 0.05319148936170213 0.024880382775119617
2 0.7118794326241135 0.14641148325358852 0.044326241134751775 0.024880382775119617
2 0.12145390070921985 0.2119617224880383 0.054964539007092195 0.027751196172248804
2 0.23138297872340424 0.22248803827751196 0.044326241134751775 0.02200956937799043
2 0.2677304964539007 0.22631578947368422 0.024822695035460994 0.016267942583732056
2 0.325354609929078 0.19712918660287082 0.03368794326241135 0.01722488038277512
2 0.3448581560283688 0.2119617224880383 0.030141843971631204 0.020095693779904306
2 0.3812056737588652 0.2244019138755981 0.0425531914893617 0.02200956937799043
2 0.4645390070921986 0.23540669856459331 0.05319148936170213 0.022966507177033493
2 0.450354609929078 0.1923444976076555 0.035460992907801414 0.019138755980861243
2 0.5593971631205673 0.21148325358851675 0.04078014184397163 0.019138755980861243
2 0.5549645390070922 0.23588516746411484 0.04609929078014184 0.020095693779904306
2 0.599290780141844 0.21722488038277513 0.031914893617021274 0.019138755980861243
2 0.6648936170212766 0.20239234449760765 0.04964539007092199 0.027751196172248804
2 0.7118794326241135 0.176555023923445 0.054964539007092195 0.020095693779904306
2 0.7375886524822695 0.20478468899521532 0.05319148936170213 0.026794258373205742
2 0.777482269503546 0.16794258373205742 0.047872340425531915 0.02583732057416268
2 0.8342198581560284 0.1827751196172249 0.044326241134751775 0.026794258373205742
2 0.8271276595744681 0.2272727272727273 0.04078014184397163 0.020095693779904306
2 0.8820921985815603 0.21578947368421053 0.044326241134751775 0.02583732057416268
2 0.9175531914893617 0.1952153110047847 0.03723404255319149 0.024880382775119617
2 0.9556737588652482 0.2138755980861244 0.04609929078014184 0.02583732057416268
2 0.46897163120567376 0.13444976076555024 0.044326241134751775 0.01818181818181818
2 0.4051418439716312 0.11483253588516747 0.047872340425531915 0.028708133971291867
2 0.10549645390070922 0.31148325358851675 0.051418439716312055 0.027751196172248804
2 0.2074468085106383 0.2923444976076555 0.03900709219858156 0.01818181818181818
2 0.24113475177304963 0.3038277511961723 0.035460992907801414 0.016267942583732056
2 0.28723404255319146 0.30813397129186604 0.035460992907801414 0.022966507177033493
2 0.3484042553191489 0.2904306220095694 0.044326241134751775 0.02200956937799043
2 0.375886524822695 0.3181818181818182 0.04609929078014184 0.027751196172248804
2 0.4157801418439716 0.2889952153110048 0.054964539007092195 0.024880382775119617
2 0.46719858156028365 0.2799043062200957 0.051418439716312055 0.01818181818181818
2 0.44680851063829785 0.32822966507177037 0.035460992907801414 0.03253588516746411
2 0.5079787234042553 0.3430622009569378 0.047872340425531915 0.023923444976076555
2 0.5212765957446809 0.3124401913875598 0.04609929078014184 0.023923444976076555
2 0.550531914893617 0.30574162679425837 0.04078014184397163 0.027751196172248804
2 0.6117021276595744 0.3095693779904306 0.031914893617021274 0.023923444976076555
2 0.6569148936170213 0.307177033492823 0.05851063829787234 0.028708133971291867
2 0.7003546099290779 0.3028708133971292 0.035460992907801414 0.02966507177033493
2 0.7225177304964538 0.28038277511961723 0.054964539007092195 0.026794258373205742
2 0.7925531914893617 0.30239234449760766 0.04609929078014184 0.019138755980861243
2 0.8031914893617021 0.3229665071770335 0.031914893617021274 0.012440191387559809
2 0.8537234042553191 0.3220095693779904 0.047872340425531915 0.02583732057416268
2 0.851063829787234 0.2885167464114833 0.0425531914893617 0.02583732057416268
2 0.9193262411347517 0.2703349282296651 0.047872340425531915 0.016267942583732056
2 0.9503546099290779 0.2885167464114833 0.0425531914893617 0.02200956937799043
2 0.1728723404255319 0.3717703349282297 0.044326241134751775 0.02200956937799043
2 0.20921985815602837 0.3617224880382775 0.028368794326241134 0.01722488038277512
2 0.24556737588652483 0.3688995215311005 0.03368794326241135 0.016267942583732056
2 0.2845744680851064 0.34976076555023927 0.030141843971631204 0.01818181818181818
2 0.28723404255319146 0.37559808612440193 0.03900709219858156 0.016267942583732056
2 0.33599290780141844 0.35741626794258374 0.03368794326241135 0.020095693779904306
2 0.3962765957446808 0.36650717703349284 0.030141843971631204 0.022966507177033493
2 0.44148936170212766 0.3751196172248804 0.04609929078014184 0.028708133971291867
2 0.5124113475177304 0.39473684210526316 0.05319148936170213 0.02583732057416268
2 0.6019503546099291 0.3990430622009569 0.04078014184397163 0.024880382775119617
2 0.6640070921985816 0.41626794258373206 0.044326241134751775 0.03062200956937799
2 0.6932624113475178 0.37320574162679426 0.035460992907801414 0.03253588516746411
2 0.7863475177304964 0.37320574162679426 0.054964539007092195 0.03444976076555024
2 0.8838652482269503 0.36363636363636365 0.05851063829787234 0.03636363636363636
2 0.9804964539007092 0.37272727272727274 0.03900709219858156 0.027751196172248804
2 0.07712765957446809 0.41578947368421054 0.044326241134751775 0.02200956937799043
2 0.10904255319148935 0.4736842105263158 0.047872340425531915 0.026794258373205742
2 0.2074468085106383 0.4665071770334928 0.05673758865248227 0.03349282296650718
2 0.32978723404255317 0.4507177033492823 0.04964539007092199 0.03253588516746411
2 0.4033687943262411 0.4660287081339713 0.03723404255319149 0.024880382775119617
2 0.43971631205673756 0.4933014354066986 0.04964539007092199 0.023923444976076555
2 0.49556737588652483 0.4669856459330144 0.054964539007092195 0.028708133971291867
2 0.5469858156028369 0.44066985645933016 0.06560283687943262 0.031578947368421054
2 0.6569148936170213 0.461244019138756 0.044326241134751775 0.026794258373205742
2 0.6941489361702128 0.4674641148325359 0.04078014184397163 0.027751196172248804
2 0.7668439716312057 0.44976076555023925 0.054964539007092195 0.03253588516746411
2 0.8945035460992907 0.45263157894736844 0.051418439716312055 0.028708133971291867
2 0.975177304964539 0.4703349282296651 0.04964539007092199 0.023923444976076555
2 0.5984042553191489 0.4880382775119617 0.047872340425531915 0.022966507177033493
2 0.6090425531914894 0.507177033492823 0.03723404255319149 0.021052631578947368
2 0.6994680851063829 0.5038277511961723 0.047872340425531915 0.02583732057416268
2 0.7402482269503546 0.49282296650717705 0.04078014184397163 0.021052631578947368
2 0.7845744680851063 0.491866028708134 0.04078014184397163 0.024880382775119617
2 0.8351063829787234 0.49569377990430624 0.04964539007092199 0.028708133971291867
2 0.10815602836879433 0.591866028708134 0.04964539007092199 0.031578947368421054
2 0.21365248226950354 0.5688995215311005 0.054964539007092195 0.023923444976076555
2 0.1675531914893617 0.5909090909090909 0.054964539007092195 0.023923444976076555
2 0.2765957446808511 0.5679425837320574 0.035460992907801414 0.023923444976076555
2 0.3102836879432624 0.5746411483253588 0.035460992907801414 0.01818181818181818
2 0.4778368794326241 0.5799043062200957 0.047872340425531915 0.024880382775119617
2 0.5647163120567376 0.5894736842105264 0.047872340425531915 0.021052631578947368
2 0.6329787234042553 0.5440191387559808 0.04609929078014184 0.023923444976076555
2 0.6728723404255319 0.5507177033492823 0.030141843971631204 0.02200956937799043
2 0.6932624113475178 0.5674641148325359 0.0425531914893617 0.022966507177033493
2 0.7384751773049645 0.5722488038277512 0.03723404255319149 0.022966507177033493
2 0.775709219858156 0.5679425837320574 0.04078014184397163 0.0354066985645933
2 0.8395390070921985 0.5813397129186603 0.04078014184397163 0.031578947368421054
2 0.8776595744680851 0.5358851674641149 0.035460992907801414 0.022966507177033493
2 0.9601063829787234 0.562200956937799 0.04078014184397163 0.02583732057416268
2 0.8962765957446809 0.5717703349282297 0.044326241134751775 0.02583732057416268
2 0.24202127659574468 0.6157894736842106 0.07624113475177305 0.023923444976076555
2 0.09397163120567376 0.6617224880382775 0.06028368794326241 0.023923444976076555
2 0.17907801418439717 0.6559808612440191 0.04609929078014184 0.03732057416267943
2 0.2278368794326241 0.6688995215311005 0.054964539007092195 0.03444976076555024
2 0.15070921985815602 0.7100478468899522 0.06382978723404255 0.026794258373205742
2 0.25 0.7306220095693781 0.05673758865248227 0.02966507177033493
2 0.21985815602836878 0.7617224880382776 0.04964539007092199 0.024880382775119617
2 0.33421985815602834 0.7052631578947368 0.04078014184397163 0.024880382775119617
2 0.3874113475177305 0.662200956937799 0.047872340425531915 0.03253588516746411
2 0.449468085106383 0.6507177033492824 0.04078014184397163 0.026794258373205742
2 0.5478723404255319 0.6401913875598086 0.0425531914893617 0.024880382775119617
2 0.5913120567375887 0.6258373205741627 0.044326241134751775 0.026794258373205742
2 0.6923758865248226 0.6253588516746411 0.054964539007092195 0.02583732057416268
2 0.6595744680851063 0.6559808612440191 0.04964539007092199 0.02583732057416268
2 0.8040780141843972 0.6392344497607656 0.054964539007092195 0.028708133971291867
2 0.773936170212766 0.6133971291866029 0.047872340425531915 0.026794258373205742
2 0.8537234042553191 0.6177033492822966 0.047872340425531915 0.02966507177033493
2 0.9618794326241135 0.6478468899521531 0.047872340425531915 0.022966507177033493
2 0.4831560283687943 0.7043062200956938 0.047872340425531915 0.026794258373205742
2 0.5576241134751773 0.7138755980861244 0.054964539007092195 0.03062200956937799
2 0.6533687943262411 0.6985645933014354 0.051418439716312055 0.019138755980861243
2 0.6728723404255319 0.7186602870813398 0.03368794326241135 0.019138755980861243
2 0.7101063829787234 0.7191387559808613 0.03723404255319149 0.02200956937799043
2 0.7393617021276595 0.7043062200956938 0.0425531914893617 0.022966507177033493
2 0.8093971631205673 0.707177033492823 0.044326241134751775 0.021052631578947368
2 0.8164893617021276 0.7354066985645933 0.047872340425531915 0.023923444976076555
2 0.8696808510638298 0.7200956937799043 0.044326241134751775 0.023923444976076555
2 0.9450354609929078 0.7114832535885167 0.04609929078014184 0.02583732057416268
2 0.3377659574468085 0.7507177033492823 0.04078014184397163 0.020095693779904306
2 0.3652482269503546 0.7258373205741627 0.04609929078014184 0.023923444976076555
2 0.41223404255319146 0.7526315789473684 0.03723404255319149 0.016267942583732056
2 0.3625886524822695 0.7827751196172249 0.054964539007092195 0.019138755980861243
2 0.4299645390070922 0.7779904306220096 0.051418439716312055 0.022966507177033493
2 0.5124113475177304 0.7803827751196173 0.05319148936170213 0.02200956937799043
2 0.4352836879432624 0.7971291866028708 0.03368794326241135 0.015311004784688996
2 0.49113475177304966 0.7440191387559809 0.0425531914893617 0.02966507177033493
2 0.7180851063829787 0.7942583732057417 0.04609929078014184 0.024880382775119617
2 0.08776595744680851 0.8291866028708135 0.06205673758865248 0.02583732057416268
2 0.16046099290780141 0.8095693779904306 0.04078014184397163 0.024880382775119617
2 0.1524822695035461 0.8358851674641149 0.05673758865248227 0.02200956937799043
2 0.2154255319148936 0.8244019138755981 0.051418439716312055 0.027751196172248804
2 0.2570921985815603 0.8038277511961722 0.04609929078014184 0.019138755980861243
2 0.2952127659574468 0.8253588516746412 0.044326241134751775 0.016267942583732056
2 0.35106382978723405 0.8138755980861244 0.0425531914893617 0.023923444976076555
2 0.375 0.8291866028708135 0.03723404255319149 0.020095693779904306
2 0.4308510638297872 0.8133971291866029 0.04609929078014184 0.022966507177033493
2 0.4920212765957447 0.7952153110047847 0.047872340425531915 0.015311004784688996
2 0.4734042553191489 0.8392344497607656 0.04964539007092199 0.024880382775119617
2 0.5416666666666666 0.8253588516746412 0.044326241134751775 0.023923444976076555
2 0.5833333333333334 0.8550239234449761 0.05319148936170213 0.02583732057416268
2 0.6143617021276596 0.8114832535885168 0.044326241134751775 0.019138755980861243
2 0.648936170212766 0.8425837320574163 0.028368794326241134 0.020095693779904306
2 0.7712765957446809 0.8157894736842105 0.03900709219858156 0.020095693779904306
2 0.8519503546099291 0.7928229665071771 0.051418439716312055 0.023923444976076555
2 0.8572695035460993 0.8224880382775119 0.03723404255319149 0.01818181818181818
2 0.9609929078014184 0.8028708133971292 0.05673758865248227 0.024880382775119617
2 0.9219858156028369 0.8502392344497608 0.04609929078014184 0.023923444976076555
2 0.2845744680851064 0.8583732057416268 0.044326241134751775 0.022966507177033493
2 0.22074468085106383 0.8956937799043062 0.04078014184397163 0.042105263157894736
2 0.26684397163120566 0.8842105263157894 0.04078014184397163 0.024880382775119617
2 0.2677304964539007 0.907177033492823 0.04609929078014184 0.022966507177033493
2 0.31648936170212766 0.9177033492822967 0.044326241134751775 0.024880382775119617
2 0.3377659574468085 0.9272727272727272 0.03368794326241135 0.021052631578947368
2 0.4157801418439716 0.8760765550239235 0.04078014184397163 0.02200956937799043
2 0.4361702127659574 0.9363636363636364 0.05319148936170213 0.020095693779904306
2 0.5221631205673759 0.9090909090909092 0.044326241134751775 0.022966507177033493
2 0.6143617021276596 0.890909090909091 0.04078014184397163 0.021052631578947368
2 0.551418439716312 0.9354066985645934 0.04964539007092199 0.02966507177033493
2 0.7092198581560284 0.921531100478469 0.04964539007092199 0.022966507177033493
2 0.6773049645390071 0.9454545454545454 0.06028368794326241 0.021052631578947368
2 0.7225177304964538 0.8942583732057416 0.047872340425531915 0.023923444976076555
2 0.774822695035461 0.9373205741626794 0.05319148936170213 0.02583732057416268
2 0.8608156028368794 0.9454545454545454 0.054964539007092195 0.028708133971291867
2 0.9583333333333333 0.9569377990430622 0.051418439716312055 0.03444976076555024
2 0.9804964539007092 0.9066985645933014 0.03900709219858156 0.02966507177033493
2 0.21187943262411346 0.9593301435406699 0.044326241134751775 0.01818181818181818
2 0.45921985815602834 0.970334928229665 0.04609929078014184 0.022966507177033493
2 0.5044326241134751 0.9679425837320574 0.044326241134751775 0.023923444976076555
2 0.018617021276595744 0.10861244019138756 0.03368794326241135 0.020095693779904306
2 0.11436170212765957 0.13253588516746412 0.03723404255319149 0.020095693779904306
2 0.23581560283687944 0.0923444976076555 0.031914893617021274 0.020095693779904306
2 0.2180851063829787 0.1167464114832536 0.024822695035460994 0.013397129186602871
2 0.6436170212765957 0.07799043062200957 0.03900709219858156 0.023923444976076555
2 0.7562056737588653 0.13301435406698564 0.047872340425531915 0.019138755980861243
2 0.6427304964539007 0.14210526315789473 0.04078014184397163 0.01818181818181818
2 0.9184397163120567 0.23253588516746412 0.031914893617021274 0.019138755980861243
2 0.900709219858156 0.2980861244019139 0.03900709219858156 0.01818181818181818
2 0.5469858156028369 0.16794258373205742 0.03723404255319149 0.02200956937799043
2 0.1773049645390071 0.16698564593301435 0.031914893617021274 0.02200956937799043
2 0.35904255319148937 0.15023923444976078 0.047872340425531915 0.022966507177033493
2 0.12677304964539007 0.2583732057416268 0.044326241134751775 0.01722488038277512
2 0.057624113475177305 0.2947368421052632 0.047872340425531915 0.01722488038277512
2 0.038120567375886524 0.34976076555023927 0.047872340425531915 0.02583732057416268
2 0.15159574468085105 0.3401913875598086 0.051418439716312055 0.02583732057416268
2 0.14450354609929078 0.3655502392344498 0.03368794326241135 0.021052631578947368
2 0.35815602836879434 0.3679425837320574 0.028368794326241134 0.016267942583732056
2 0.38475177304964536 0.2799043062200957 0.0425531914893617 0.02200956937799043
2 0.3173758865248227 0.26985645933014357 0.0425531914893617 0.01722488038277512
2 0.6179078014184397 0.20191387559808613 0.047872340425531915 0.022966507177033493
2 0.874113475177305 0.4732057416267943 0.04609929078014184 0.02200956937799043
2 0.9858156028368794 0.4980861244019139 0.028368794326241134 0.020095693779904306
2 0.9556737588652482 0.4980861244019139 0.035460992907801414 0.023923444976076555
2 0.9858156028368794 0.531578947368421 0.028368794326241134 0.02200956937799043
2 0.41400709219858156 0.5200956937799043 0.044326241134751775 0.01818181818181818
2 0.47517730496453897 0.521531100478469 0.035460992907801414 0.015311004784688996
2 0.07801418439716312 0.6081339712918661 0.035460992907801414 0.014354066985645933
2 0.08687943262411348 0.5674641148325359 0.04609929078014184 0.021052631578947368
2 0.13386524822695034 0.5674641148325359 0.030141843971631204 0.01722488038277512
2 0.2225177304964539 0.5282296650717704 0.03368794326241135 0.01722488038277512
2 0.23404255319148937 0.5492822966507177 0.031914893617021274 0.013397129186602871
2 0.44060283687943264 0.5913875598086125 0.026595744680851064 0.01722488038277512
2 0.11879432624113474 0.7334928229665072 0.05319148936170213 0.01818181818181818
2 0.1879432624113475 0.7306220095693781 0.06028368794326241 0.02200956937799043
2 0.23847517730496454 0.7038277511961722 0.047872340425531915 0.027751196172248804
2 0.11790780141843972 0.6827751196172249 0.054964539007092195 0.01818181818181818
2 0.07180851063829786 0.6942583732057417 0.047872340425531915 0.020095693779904306
2 0.2801418439716312 0.6569377990430623 0.04964539007092199 0.03349282296650718
2 0.324468085106383 0.6688995215311005 0.03900709219858156 0.026794258373205742
2 0.499113475177305 0.6267942583732058 0.03723404255319149 0.021052631578947368
2 0.8838652482269503 0.6382775119617226 0.044326241134751775 0.021052631578947368
2 0.9042553191489362 0.6578947368421053 0.03900709219858156 0.02200956937799043
2 0.773936170212766 0.662200956937799 0.03368794326241135 0.015311004784688996
2 0.8829787234042553 0.7607655502392344 0.0425531914893617 0.021052631578947368
2 0.9140070921985816 0.7870813397129187 0.04078014184397163 0.027751196172248804
2 0.9858156028368794 0.8770334928229665 0.028368794326241134 0.02200956937799043
2 0.17819148936170212 0.9411483253588517 0.03723404255319149 0.02966507177033493
2 0.10904255319148935 0.9516746411483253 0.026595744680851064 0.02200956937799043
2 0.29343971631205673 0.9334928229665072 0.047872340425531915 0.02583732057416268
2 0.38386524822695034 0.9464114832535886 0.051418439716312055 0.021052631578947368
2 0.4432624113475177 0.9559808612440192 0.05673758865248227 0.019138755980861243
2 0.34131205673758863 0.8923444976076556 0.03723404255319149 0.014354066985645933
2 0.4725177304964539 0.868421052631579 0.03368794326241135 0.012440191387559809
2 0.41666666666666663 0.9191387559808613 0.03900709219858156 0.014354066985645933
2 0.5842198581560284 0.9090909090909092 0.044326241134751775 0.021052631578947368
2 0.9822695035460993 0.9320574162679426 0.028368794326241134 0.019138755980861243
2 0.599290780141844 0.723444976076555 0.031914893617021274 0.022966507177033493
2 0.6338652482269503 0.7220095693779904 0.03723404255319149 0.027751196172248804
2 0.43351063829787234 0.7248803827751197 0.03723404255319149 0.016267942583732056
2 0.9397163120567376 0.591866028708134 0.04964539007092199 0.020095693779904306
