2 0.11676646706586827 0.05640794223826715 0.04491017964071856 0.026173285198555957
2 0.12125748502994013 0.01444043321299639 0.04191616766467066 0.02707581227436823
2 0.045658682634730545 0.0546028880866426 0.031437125748503 0.02075812274368231
2 0.04116766467065869 0.02256317689530686 0.04341317365269461 0.023465703971119134
2 0.029191616766467067 0.11687725631768954 0.040419161676646706 0.024368231046931407
2 0.07185628742514971 0.0970216606498195 0.04191616766467066 0.026173285198555957
2 0.10853293413173654 0.12906137184115524 0.04341317365269461 0.023465703971119134
2 0.08233532934131738 0.17193140794223827 0.05089820359281438 0.027978339350180507
2 0.1444610778443114 0.15207581227436823 0.037425149700598806 0.02075812274368231
2 0.1474550898203593 0.1768953068592058 0.04341317365269461 0.021660649819494587
2 0.17889221556886228 0.1552346570397112 0.037425149700598806 0.021660649819494587
2 0.20733532934131738 0.1444043321299639 0.037425149700598806 0.019855595667870037
2 0.251497005988024 0.15613718411552346 0.03293413173652695 0.018050541516245487
2 0.2687125748502994 0.12996389891696752 0.040419161676646706 0.02707581227436823
2 0.3061377245508982 0.1358303249097473 0.0344311377245509 0.02075812274368231
2 0.34880239520958084 0.11462093862815885 0.035928143712574856 0.025270758122743684
2 0.24026946107784433 0.0703971119133574 0.037425149700598806 0.021660649819494587
2 0.17440119760479042 0.07716606498194946 0.040419161676646706 0.017148014440433214
2 0.21107784431137727 0.04196750902527076 0.04491017964071856 0.017148014440433214
2 0.27395209580838326 0.023465703971119134 0.03293413173652695 0.023465703971119134
2 0.29565868263473055 0.05279783393501805 0.04341317365269461 0.024368231046931407
2 0.39595808383233533 0.10018050541516246 0.04640718562874252 0.023465703971119134
2 0.34655688622754494 0.06046931407942238 0.037425149700598806 0.023465703971119134
2 0.4288922155688623 0.06994584837545127 0.0344311377245509 0.024368231046931407
2 0.46107784431137727 0.07355595667870037 0.035928143712574856 0.02075812274368231
2 0.4782934131736527 0.09792418772563177 0.031437125748503 0.015342960288808665
2 0.30538922155688625 0.10198555956678701 0.038922155688622756 0.01624548736462094
2 0.17964071856287425 0.1263537906137184 0.03293413173652695 0.018050541516245487
2 0.13248502994011976 0.0970216606498195 0.037425149700598806 0.015342960288808665
2 0.18937125748502995 0.09431407942238268 0.031437125748503 0.011732851985559567
2 0.5681137724550899 0.07942238267148015 0.05239520958083833 0.02707581227436823
2 0.532185628742515 0.11507220216606498 0.04341317365269461 0.018953068592057764
2 0.6302395209580839 0.09115523465703972 0.04790419161676647 0.019855595667870037
2 0.6549401197604791 0.12319494584837545 0.0344311377245509 0.02075812274368231
2 0.718562874251497 0.09927797833935019 0.035928143712574856 0.025270758122743684
2 0.687125748502994 0.05054151624548737 0.038922155688622756 0.023465703971119134
2 0.62874251497006 0.04061371841155235 0.05089820359281438 0.03429602888086643
2 0.4970059880239521 0.04422382671480145 0.04491017964071856 0.023465703971119134
2 0.7964071856287426 0.04828519855595668 0.038922155688622756 0.02075812274368231
2 0.7784431137724551 0.06768953068592058 0.04491017964071856 0.021660649819494587
2 0.7357784431137725 0.05685920577617329 0.037425149700598806 0.02707581227436823
2 0.7784431137724551 0.11191335740072203 0.05089820359281438 0.025270758122743684
2 0.7357784431137725 0.12951263537906138 0.05239520958083833 0.017148014440433214
2 0.719311377245509 0.148014440433213 0.04640718562874252 0.023465703971119134
2 0.7784431137724551 0.1430505415162455 0.02694610778443114 0.024368231046931407
2 0.8308383233532934 0.1416967509025271 0.062874251497006 0.02707581227436823
2 0.8794910179640719 0.05054151624548737 0.04640718562874252 0.023465703971119134
2 0.8937125748502994 0.019855595667870037 0.038922155688622756 0.023465703971119134
2 0.8188622754491018 0.02752707581227437 0.04491017964071856 0.024368231046931407
2 0.8630239520958084 0.036101083032490974 0.0344311377245509 0.01624548736462094
2 0.8375748502994013 0.07626353790613719 0.04341317365269461 0.02075812274368231
2 0.8368263473053893 0.1723826714801444 0.056886227544910184 0.03068592057761733
2 0.8023952095808383 0.19494584837545126 0.04790419161676647 0.02707581227436823
2 0.7050898203592815 0.18727436823104693 0.04491017964071856 0.02256317689530686
2 0.6339820359281437 0.18231046931407943 0.040419161676646706 0.025270758122743684
2 0.5913173652694611 0.18592057761732853 0.038922155688622756 0.021660649819494587
2 0.5763473053892216 0.16064981949458484 0.056886227544910184 0.02888086642599278
2 0.5127245508982037 0.1917870036101083 0.040419161676646706 0.018953068592057764
2 0.5127245508982037 0.17148014440433212 0.037425149700598806 0.019855595667870037
2 0.4760479041916168 0.17870036101083034 0.03293413173652695 0.01624548736462094
2 0.5097305389221557 0.2062274368231047 0.031437125748503 0.015342960288808665
2 0.4468562874251497 0.2120938628158845 0.04341317365269461 0.025270758122743684
2 0.42814371257485034 0.19494584837545126 0.038922155688622756 0.021660649819494587
2 0.4326347305389222 0.1746389891696751 0.04191616766467066 0.018953068592057764
2 0.40494011976047906 0.171028880866426 0.031437125748503 0.02256317689530686
2 0.3922155688622755 0.14485559566787004 0.05089820359281438 0.029783393501805054
2 0.344311377245509 0.16787003610108303 0.035928143712574856 0.019855595667870037
2 0.3660179640718563 0.18366425992779783 0.037425149700598806 0.02075812274368231
2 0.29191616766467066 0.19133574007220217 0.04191616766467066 0.025270758122743684
2 0.10104790419161677 0.22337545126353792 0.037425149700598806 0.02256317689530686
2 0.19535928143712575 0.22292418772563177 0.031437125748503 0.02707581227436823
2 0.2312874251497006 0.2157039711191336 0.031437125748503 0.019855595667870037
2 0.27020958083832336 0.21750902527075813 0.0344311377245509 0.023465703971119134
2 0.3278443113772455 0.24052346570397112 0.035928143712574856 0.02256317689530686
2 0.3690119760479042 0.2509025270758123 0.037425149700598806 0.023465703971119134
2 0.23053892215568864 0.24819494584837545 0.035928143712574856 0.023465703971119134
2 0.12125748502994013 0.2703068592057762 0.035928143712574856 0.026173285198555957
2 0.16991017964071858 0.26714801444043323 0.040419161676646706 0.021660649819494587
2 0.24326347305389223 0.2680505415162455 0.040419161676646706 0.019855595667870037
2 0.2163173652694611 0.286101083032491 0.037425149700598806 0.023465703971119134
2 0.13023952095808383 0.30144404332129965 0.04191616766467066 0.02888086642599278
2 0.3106287425149701 0.2833935018050542 0.040419161676646706 0.023465703971119134
2 0.35853293413173654 0.2851985559566787 0.055389221556886234 0.023465703971119134
2 0.4528443113772455 0.23691335740072203 0.0344311377245509 0.02075812274368231
2 0.5052395209580839 0.24909747292418774 0.04341317365269461 0.02888086642599278
2 0.5681137724550899 0.22066787003610108 0.04640718562874252 0.02256317689530686
2 0.594311377245509 0.2558664259927798 0.05089820359281438 0.018953068592057764
2 0.5905688622754491 0.2743682310469314 0.04940119760479042 0.021660649819494587
2 0.6646706586826348 0.2608303249097473 0.038922155688622756 0.02707581227436823
2 0.7028443113772456 0.24684115523465705 0.040419161676646706 0.024368231046931407
2 0.7544910179640719 0.23826714801444043 0.059880239520958084 0.03249097472924188
2 0.8106287425149701 0.2824909747292419 0.0344311377245509 0.04512635379061372
2 0.8570359281437127 0.2608303249097473 0.04341317365269461 0.02707581227436823
2 0.9273952095808384 0.20351985559566788 0.037425149700598806 0.026173285198555957
2 0.9505988023952097 0.16064981949458484 0.04191616766467066 0.03249097472924188
2 0.9258982035928144 0.08483754512635379 0.028443113772455092 0.01624548736462094
2 0.9341317365269461 0.10108303249097474 0.038922155688622756 0.019855595667870037
2 0.9790419161676648 0.08754512635379062 0.035928143712574856 0.025270758122743684
2 0.9670658682634731 0.04061371841155235 0.04491017964071856 0.04693140794223827
2 0.9236526946107785 0.2342057761732852 0.038922155688622756 0.0315884476534296
2 0.9049401197604791 0.29693140794223827 0.040419161676646706 0.02888086642599278
2 0.8809880239520959 0.33664259927797835 0.04940119760479042 0.02707581227436823
2 0.7979041916167665 0.3276173285198556 0.04491017964071856 0.023465703971119134
2 0.815868263473054 0.3479241877256318 0.035928143712574856 0.026173285198555957
2 0.7065868263473054 0.3253610108303249 0.03293413173652695 0.026173285198555957
2 0.7402694610778443 0.3312274368231047 0.0344311377245509 0.023465703971119134
2 0.6699101796407186 0.3285198555956679 0.04341317365269461 0.02707581227436823
2 0.5531437125748503 0.3185920577617329 0.040419161676646706 0.023465703971119134
2 0.5778443113772456 0.33032490974729245 0.05389221556886228 0.023465703971119134
2 0.48652694610778446 0.299187725631769 0.04191616766467066 0.024368231046931407
2 0.47380239520958084 0.3167870036101083 0.037425149700598806 0.02888086642599278
2 0.42215568862275454 0.3262635379061372 0.04790419161676647 0.024368231046931407
2 0.3323353293413174 0.31723826714801445 0.04491017964071856 0.02256317689530686
2 0.2567365269461078 0.30415162454873645 0.037425149700598806 0.023465703971119134
2 0.2447604790419162 0.34747292418772563 0.04640718562874252 0.043321299638989175
2 0.1220059880239521 0.3555956678700361 0.04341317365269461 0.025270758122743684
2 0.18413173652694612 0.3546931407942238 0.035928143712574856 0.02707581227436823
2 0.30538922155688625 0.35965703971119134 0.04491017964071856 0.029783393501805054
2 0.36152694610778446 0.3528880866425993 0.058383233532934134 0.021660649819494587
2 0.08308383233532934 0.43592057761732855 0.040419161676646706 0.02888086642599278
2 0.1534431137724551 0.4124548736462094 0.0344311377245509 0.02707581227436823
2 0.21107784431137727 0.4390794223826715 0.04491017964071856 0.0315884476534296
2 0.3001497005988024 0.4205776173285199 0.0344311377245509 0.021660649819494587
2 0.33308383233532934 0.40342960288808666 0.04341317365269461 0.03068592057761733
2 0.38697604790419166 0.4038808664259928 0.037425149700598806 0.026173285198555957
2 0.47080838323353297 0.4214801444043321 0.04640718562874252 0.023465703971119134
2 0.5449101796407186 0.3858303249097473 0.04191616766467066 0.0351985559566787
2 0.46931137724550903 0.39981949458483756 0.04341317365269461 0.018050541516245487
2 0.5494011976047904 0.43727436823104693 0.029940119760479042 0.024368231046931407
2 0.5830838323353293 0.43772563176895307 0.031437125748503 0.02707581227436823
2 0.6235029940119761 0.39711191335740076 0.031437125748503 0.02888086642599278
2 0.6504491017964072 0.3907942238267148 0.037425149700598806 0.03068592057761733
2 0.688622754491018 0.3989169675090253 0.035928143712574856 0.02888086642599278
2 0.7387724550898204 0.40433212996389895 0.028443113772455092 0.025270758122743684
2 0.7791916167664671 0.4088447653429603 0.040419161676646706 0.02888086642599278
2 0.907934131736527 0.4065884476534296 0.040419161676646706 0.029783393501805054
2 0.8735029940119761 0.444043321299639 0.04640718562874252 0.02707581227436823
2 0.7717065868263474 0.4891696750902527 0.04341317365269461 0.03068592057761733
2 0.7267964071856288 0.4927797833935018 0.04940119760479042 0.03068592057761733
2 0.8136227544910181 0.49142599277978344 0.037425149700598806 0.024368231046931407
2 0.8839820359281437 0.4986462093862816 0.040419161676646706 0.027978339350180507
2 0.9610778443113773 0.4684115523465704 0.062874251497006 0.02888086642599278
2 0.8233532934131736 0.5270758122743683 0.038922155688622756 0.02707581227436823
2 0.9640718562874252 0.5315884476534296 0.07185628742514971 0.02888086642599278
2 0.9101796407185629 0.5546028880866426 0.05389221556886228 0.029783393501805054
2 0.8106287425149701 0.5649819494584838 0.04640718562874252 0.025270758122743684
2 0.8967065868263474 0.6028880866425993 0.04491017964071856 0.02707581227436823
2 0.34281437125748504 0.4499097472924188 0.04491017964071856 0.024368231046931407
2 0.407185628742515 0.440884476534296 0.04491017964071856 0.027978339350180507
2 0.4977544910179641 0.45171480144404336 0.037425149700598806 0.02256317689530686
2 0.12350299401197605 0.5252707581227437 0.04940119760479042 0.02707581227436823
2 0.18188622754491018 0.49909747292418777 0.040419161676646706 0.02707581227436823
2 0.251497005988024 0.5185018050541517 0.038922155688622756 0.02256317689530686
2 0.31137724550898205 0.5076714801444043 0.038922155688622756 0.026173285198555957
2 0.36152694610778446 0.5081227436823105 0.040419161676646706 0.025270758122743684
2 0.42065868263473055 0.48962093862815886 0.03293413173652695 0.027978339350180507
2 0.47754491017964074 0.5040613718411553 0.04491017964071856 0.018953068592057764
2 0.5456586826347306 0.49954873646209386 0.04940119760479042 0.024368231046931407
2 0.5194610778443114 0.5185018050541517 0.04191616766467066 0.02256317689530686
2 0.5074850299401198 0.5446750902527075 0.04491017964071856 0.02075812274368231
2 0.592814371257485 0.5356498194945849 0.04491017964071856 0.02256317689530686
2 0.627994011976048 0.49232851985559567 0.04341317365269461 0.02256317689530686
2 0.596556886227545 0.47472924187725635 0.04640718562874252 0.023465703971119134
2 0.6452095808383234 0.4593862815884477 0.05389221556886228 0.021660649819494587
2 0.7365269461077845 0.5446750902527075 0.038922155688622756 0.02075812274368231
2 0.7050898203592815 0.5609205776173285 0.029940119760479042 0.02075812274368231
2 0.6721556886227545 0.5613718411552346 0.029940119760479042 0.019855595667870037
2 0.5980538922155689 0.5708483754512635 0.037425149700598806 0.02075812274368231
2 0.5044910179640719 0.572202166064982 0.03293413173652695 0.01624548736462094
2 0.4199101796407186 0.5694945848375451 0.040419161676646706 0.02707581227436823
2 0.49251497005988026 0.5857400722021661 0.04191616766467066 0.02888086642599278
2 0.3660179640718563 0.5812274368231047 0.037425149700598806 0.025270758122743684
2 0.2634730538922156 0.559115523465704 0.035928143712574856 0.024368231046931407
2 0.2342814371257485 0.5992779783393501 0.04640718562874252 0.025270758122743684
2 0.12649700598802396 0.5916064981949458 0.04640718562874252 0.024368231046931407
2 0.029191616766467067 0.6173285198555957 0.040419161676646706 0.021660649819494587
2 0.08008982035928144 0.6259025270758123 0.04341317365269461 0.0315884476534296
2 0.15943113772455092 0.6430505415162455 0.058383233532934134 0.027978339350180507
2 0.2342814371257485 0.621389891696751 0.04341317365269461 0.024368231046931407
2 0.2717065868263473 0.6218411552346571 0.031437125748503 0.023465703971119134
2 0.3847305389221557 0.6218411552346571 0.04790419161676647 0.025270758122743684
2 0.4273952095808384 0.5934115523465704 0.031437125748503 0.015342960288808665
2 0.5726047904191617 0.6033393501805054 0.031437125748503 0.0351985559566787
2 0.6392215568862276 0.615072202166065 0.04191616766467066 0.024368231046931407
2 0.4955089820359282 0.6462093862815884 0.04790419161676647 0.02707581227436823
2 0.5261976047904192 0.6105595667870036 0.037425149700598806 0.02075812274368231
2 0.7080838323353293 0.6001805054151624 0.03293413173652695 0.025270758122743684
2 0.7604790419161677 0.6028880866425993 0.029940119760479042 0.02707581227436823
2 0.7889221556886228 0.5965703971119134 0.038922155688622756 0.019855595667870037
2 0.8255988023952097 0.6231949458483754 0.037425149700598806 0.017148014440433214
2 0.26047904191616766 0.661101083032491 0.038922155688622756 0.017148014440433214
2 0.32110778443113774 0.6656137184115524 0.05239520958083833 0.02075812274368231
2 0.18712574850299402 0.6881768953068592 0.04191616766467066 0.017148014440433214
2 0.1160179640718563 0.7021660649819494 0.04640718562874252 0.023465703971119134
2 0.07485029940119761 0.7080324909747293 0.035928143712574856 0.02256317689530686
2 0.17964071856287425 0.7089350180505415 0.038922155688622756 0.02075812274368231
2 0.22679640718562877 0.7084837545126355 0.040419161676646706 0.023465703971119134
2 0.24625748502994013 0.6845667870036102 0.02544910179640719 0.02075812274368231
2 0.3413173652694611 0.7148014440433214 0.04191616766467066 0.021660649819494587
2 0.34655688622754494 0.6881768953068592 0.040419161676646706 0.018953068592057764
2 0.3944610778443114 0.717057761732852 0.040419161676646706 0.024368231046931407
2 0.4176646706586827 0.6791516245487365 0.038922155688622756 0.02256317689530686
2 0.4513473053892216 0.6845667870036102 0.037425149700598806 0.018953068592057764
2 0.45508982035928147 0.6638086642599278 0.04491017964071856 0.018953068592057764
2 0.5202095808383234 0.6818592057761733 0.040419161676646706 0.02256317689530686
2 0.5553892215568863 0.6768953068592058 0.04191616766467066 0.021660649819494587
2 0.5868263473053893 0.6949458483754513 0.035928143712574856 0.019855595667870037
2 0.6182634730538923 0.6823104693140795 0.035928143712574856 0.021660649819494587
2 0.6347305389221557 0.6719314079422383 0.038922155688622756 0.02075812274368231
2 0.6751497005988024 0.671028880866426 0.04491017964071856 0.018953068592057764
2 0.7118263473053893 0.6877256317689531 0.037425149700598806 0.021660649819494587
2 0.7282934131736527 0.6624548736462094 0.04640718562874252 0.023465703971119134
2 0.7559880239520959 0.6475631768953068 0.04491017964071856 0.024368231046931407
2 0.7672155688622755 0.684115523465704 0.040419161676646706 0.02707581227436823
2 0.8390718562874252 0.6737364620938628 0.04341317365269461 0.02075812274368231
2 0.8854790419161677 0.651173285198556 0.040419161676646706 0.024368231046931407
2 0.031437125748503 0.7779783393501806 0.03293413173652695 0.019855595667870037
2 0.055389221556886234 0.7648916967509025 0.04491017964071856 0.033393501805054154
2 0.10179640718562875 0.7554151624548737 0.04491017964071856 0.03429602888086643
2 0.14820359281437126 0.7712093862815885 0.04790419161676647 0.029783393501805054
2 0.2470059880239521 0.7806859205776173 0.04191616766467066 0.02707581227436823
2 0.31137724550898205 0.7626353790613719 0.029940119760479042 0.023465703971119134
2 0.2851796407185629 0.779783393501805 0.0344311377245509 0.023465703971119134
2 0.27395209580838326 0.7603790613718412 0.03293413173652695 0.02256317689530686
2 0.2058383233532934 0.7554151624548737 0.040419161676646706 0.01444043321299639
2 0.2095808383233533 0.7333032490974729 0.03293413173652695 0.02075812274368231
2 0.24326347305389223 0.7418772563176895 0.0344311377245509 0.01624548736462094
2 0.4041916167664671 0.7495487364620939 0.03293413173652695 0.018953068592057764
2 0.3383233532934132 0.7545126353790614 0.029940119760479042 0.023465703971119134
2 0.3660179640718563 0.7838447653429603 0.0344311377245509 0.02256317689530686
2 0.44311377245508987 0.7942238267148015 0.035928143712574856 0.021660649819494587
2 0.5269461077844312 0.7919675090252708 0.04491017964071856 0.024368231046931407
2 0.4468562874251497 0.7685018050541517 0.04341317365269461 0.024368231046931407
2 0.45808383233532934 0.7441335740072202 0.03293413173652695 0.018953068592057764
2 0.47455089820359286 0.7626353790613719 0.029940119760479042 0.019855595667870037
2 0.5396706586826348 0.7477436823104694 0.031437125748503 0.024368231046931407
2 0.5561377245508983 0.73014440433213 0.0344311377245509 0.025270758122743684
2 0.595808383233533 0.7436823104693141 0.035928143712574856 0.021660649819494587
2 0.5726047904191617 0.7572202166064982 0.0344311377245509 0.021660649819494587
2 0.627245508982036 0.7220216606498195 0.04191616766467066 0.021660649819494587
2 0.6519461077844312 0.7450361010830325 0.040419161676646706 0.02075812274368231
2 0.6766467065868264 0.756768953068592 0.035928143712574856 0.018953068592057764
2 0.7320359281437127 0.7779783393501806 0.04491017964071856 0.021660649819494587
2 0.7589820359281437 0.7400722021660651 0.038922155688622756 0.02888086642599278
2 0.7859281437125749 0.7378158844765343 0.023952095808383235 0.024368231046931407
2 0.8203592814371258 0.7238267148014441 0.038922155688622756 0.021660649819494587
2 0.8517964071856288 0.717057761732852 0.04191616766467066 0.024368231046931407
2 0.845059880239521 0.7436823104693141 0.04640718562874252 0.023465703971119134
2 0.7971556886227545 0.7689530685920578 0.04940119760479042 0.019855595667870037
2 0.8502994011976048 0.7675992779783394 0.05089820359281438 0.02256317689530686
2 0.8922155688622755 0.7752707581227437 0.03293413173652695 0.023465703971119134
2 0.34056886227544914 0.8181407942238268 0.04341317365269461 0.026173285198555957
2 0.04940119760479042 0.8208483754512635 0.04191616766467066 0.0315884476534296
2 0.07709580838323354 0.802797833935018 0.031437125748503 0.018953068592057764
2 0.11077844311377247 0.7906137184115524 0.035928143712574856 0.021660649819494587
2 0.12275449101796408 0.8366425992779783 0.04491017964071856 0.021660649819494587
2 0.18937125748502995 0.8474729241877257 0.0344311377245509 0.01624548736462094
2 0.2559880239520958 0.8343862815884476 0.04491017964071856 0.02256317689530686
2 0.23053892215568864 0.8871841155234658 0.04790419161676647 0.021660649819494587
2 0.22904191616766467 0.8668772563176895 0.03293413173652695 0.02075812274368231
2 0.2964071856287425 0.8546931407942239 0.03293413173652695 0.019855595667870037
2 0.30538922155688625 0.8343862815884476 0.038922155688622756 0.015342960288808665
2 0.34655688622754494 0.8497292418772564 0.0344311377245509 0.018953068592057764
2 0.3817365269461078 0.8443140794223827 0.038922155688622756 0.024368231046931407
2 0.44610778443113774 0.8564981949458484 0.038922155688622756 0.019855595667870037
2 0.47155688622754494 0.8664259927797834 0.038922155688622756 0.018050541516245487
2 0.5052395209580839 0.8388989169675091 0.040419161676646706 0.02075812274368231
2 0.5434131736526946 0.8438628158844765 0.04491017964071856 0.02707581227436823
2 0.5980538922155689 0.8700361010830325 0.037425149700598806 0.023465703971119134
2 0.6721556886227545 0.881768953068592 0.04491017964071856 0.02707581227436823
2 0.7155688622754491 0.8664259927797834 0.05089820359281438 0.025270758122743684
2 0.6077844311377246 0.8334837545126355 0.03293413173652695 0.02075812274368231
2 0.6362275449101796 0.8393501805054152 0.02694610778443114 0.019855595667870037
2 0.7335329341317366 0.8294223826714802 0.04191616766467066 0.02888086642599278
2 0.7941616766467067 0.825361010830325 0.040419161676646706 0.024368231046931407
2 0.8061377245508983 0.8650722021660651 0.037425149700598806 0.02256317689530686
2 0.9528443113772456 0.8352888086642599 0.04940119760479042 0.029783393501805054
2 0.3720059880239521 0.8939530685920578 0.05239520958083833 0.029783393501805054
2 0.3068862275449102 0.9156137184115524 0.04491017964071856 0.024368231046931407
2 0.10029940119760479 0.9056859205776173 0.03293413173652695 0.017148014440433214
2 0.059880239520958084 0.9002707581227437 0.029940119760479042 0.017148014440433214
2 0.16242514970059882 0.9092960288808665 0.0344311377245509 0.0315884476534296
2 0.1938622754491018 0.9025270758122744 0.037425149700598806 0.023465703971119134
2 0.22604790419161677 0.9287003610108303 0.038922155688622756 0.021660649819494587
2 0.282934131736527 0.9584837545126355 0.04191616766467066 0.023465703971119134
2 0.3592814371257485 0.9444945848375451 0.04491017964071856 0.029783393501805054
2 0.43637724550898205 0.9458483754512635 0.04940119760479042 0.025270758122743684
2 0.15943113772455092 0.9616425992779783 0.04341317365269461 0.026173285198555957
2 0.10778443113772455 0.957129963898917 0.035928143712574856 0.026173285198555957
2 0.5606287425149701 0.983754512635379 0.037425149700598806 0.023465703971119134
2 0.7133233532934132 0.9824007220216607 0.031437125748503 0.017148014440433214
2 0.4453592814371258 0.901173285198556 0.06437125748502995 0.049638989169675095
2 0.08308383233532934 0.9810469314079423 0.04341317365269461 0.019855595667870037
2 0.3023952095808383 0.7224729241877257 0.038922155688622756 0.02256317689530686
2 0.9461077844311377 0.7215703971119134 0.04790419161676647 0.024368231046931407
2 0.9535928143712575 0.6746389891696751 0.04790419161676647 0.027978339350180507
2 0.9461077844311377 0.634927797833935 0.035928143712574856 0.018953068592057764
2 0.9797904191616768 0.6110108303249098 0.040419161676646706 0.02707581227436823
2 0.187874251497006 0.5825812274368232 0.0344311377245509 0.024368231046931407
2 0.4663173652694611 0.4611913357400722 0.040419161676646706 0.02707581227436823
2 0.9505988023952097 0.33935018050541516 0.062874251497006 0.02888086642599278
2 0.25299401197604793 0.0546028880866426 0.038922155688622756 0.015342960288808665
2 0.35404191616766467 0.03700361010830325 0.04640718562874252 0.021660649819494587
2 0.37799401197604793 0.07265342960288809 0.040419161676646706 0.024368231046931407
2 0.43038922155688625 0.03384476534296029 0.0344311377245509 0.026173285198555957
2 0.5396706586826348 0.04061371841155235 0.040419161676646706 0.02707581227436823
2 0.50374251497006 0.0812274368231047 0.0344311377245509 0.021660649819494587
2 0.6609281437125749 0.07129963898916968 0.0344311377245509 0.023465703971119134
2 0.690868263473054 0.08438628158844766 0.0344311377245509 0.02256317689530686
2 0.8847305389221557 0.17870036101083034 0.03293413173652695 0.02707581227436823
2 0.8585329341317366 0.2062274368231047 0.0344311377245509 0.018953068592057764
2 0.6639221556886228 0.16335740072202168 0.037425149700598806 0.019855595667870037
2 0.5748502994011977 0.12409747292418773 0.035928143712574856 0.026173285198555957
2 0.4955089820359282 0.1394404332129964 0.04491017964071856 0.02075812274368231
2 0.470059880239521 0.1286101083032491 0.029940119760479042 0.02075812274368231
2 0.4723053892215569 0.15433212996389892 0.0344311377245509 0.019855595667870037
2 0.26422155688622756 0.09882671480144405 0.037425149700598806 0.024368231046931407
2 0.22904191616766467 0.18862815884476536 0.03293413173652695 0.019855595667870037
2 0.15793413173652696 0.22427797833935018 0.0344311377245509 0.015342960288808665
2 0.07559880239520958 0.2648916967509025 0.040419161676646706 0.02256317689530686
2 0.14970059880239522 0.24413357400722022 0.029940119760479042 0.02256317689530686
2 0.18488023952095808 0.31227436823104693 0.037425149700598806 0.025270758122743684
2 0.1534431137724551 0.3285198555956679 0.0344311377245509 0.019855595667870037
2 0.10104790419161677 0.33393501805054154 0.040419161676646706 0.019855595667870037
2 0.08832335329341318 0.29693140794223827 0.038922155688622756 0.025270758122743684
2 0.125748502994012 0.3808664259927798 0.035928143712574856 0.023465703971119134
2 0.22904191616766467 0.37635379061371843 0.056886227544910184 0.019855595667870037
2 0.376497005988024 0.3772563176895307 0.040419161676646706 0.021660649819494587
2 0.2904191616766467 0.4720216606498195 0.038922155688622756 0.019855595667870037
2 0.03293413173652695 0.5947653429602888 0.05389221556886228 0.023465703971119134
2 0.18937125748502995 0.6186823104693141 0.04341317365269461 0.024368231046931407
2 0.23652694610778444 0.5658844765342961 0.02694610778443114 0.02707581227436823
2 0.44236526946107785 0.4490072202166065 0.0344311377245509 0.018953068592057764
2 0.8952095808383234 0.3831227436823105 0.04790419161676647 0.027978339350180507
2 0.8682634730538923 0.41787003610108303 0.029940119760479042 0.01624548736462094
2 0.907934131736527 0.43772563176895307 0.031437125748503 0.019855595667870037
2 0.8555389221556887 0.5094765342960289 0.0344311377245509 0.02256317689530686
2 0.68937125748503 0.5139891696750902 0.031437125748503 0.02075812274368231
2 0.30763473053892215 0.6141696750902528 0.037425149700598806 0.02075812274368231
2 0.048652694610778445 0.6782490974729242 0.0344311377245509 0.024368231046931407
2 0.016467065868263474 0.6520758122743683 0.029940119760479042 0.018953068592057764
2 0.014970059880239521 0.6732851985559567 0.02694610778443114 0.02888086642599278
2 0.016467065868263474 0.7220216606498195 0.029940119760479042 0.025270758122743684
2 0.1474550898203593 0.7265342960288809 0.02544910179640719 0.019855595667870037
2 0.2717065868263473 0.7008122743682311 0.04341317365269461 0.024368231046931407
2 0.43937125748503 0.7089350180505415 0.04341317365269461 0.017148014440433214
2 0.3817365269461078 0.6642599277978339 0.023952095808383235 0.01624548736462094
2 0.4318862275449102 0.6385379061371841 0.037425149700598806 0.015342960288808665
2 0.42440119760479045 0.6556859205776173 0.031437125748503 0.02075812274368231
2 0.5830838323353293 0.6570397111913358 0.04341317365269461 0.018050541516245487
2 0.6235029940119761 0.6561371841155235 0.037425149700598806 0.01624548736462094
2 0.5860778443113773 0.628158844765343 0.037425149700598806 0.018050541516245487
2 0.7994011976047904 0.6394404332129964 0.038922155688622756 0.018953068592057764
2 0.8091317365269461 0.6913357400722022 0.037425149700598806 0.01444043321299639
2 0.909431137724551 0.7563176895306859 0.04341317365269461 0.018050541516245487
2 0.9184131736526947 0.7942238267148015 0.0344311377245509 0.025270758122743684
2 0.8705089820359282 0.8104693140794225 0.04640718562874252 0.021660649819494587
2 0.812874251497006 0.7969314079422383 0.04191616766467066 0.023465703971119134
2 0.5823353293413174 0.8113718411552346 0.062874251497006 0.02707581227436823
2 0.47380239520958084 0.8158844765342961 0.040419161676646706 0.019855595667870037
2 0.4476047904191617 0.8357400722021661 0.05389221556886228 0.019855595667870037
2 0.21482035928143714 0.8352888086642599 0.037425149700598806 0.018953068592057764
2 0.2028443113772455 0.7982851985559567 0.0344311377245509 0.017148014440433214
2 0.04940119760479042 0.8574007220216607 0.02694610778443114 0.019855595667870037
2 0.12050898203592815 0.8555956678700362 0.04640718562874252 0.018050541516245487
2 0.14520958083832336 0.8668772563176895 0.04790419161676647 0.02075812274368231
2 0.014221556886227546 0.911101083032491 0.02544910179640719 0.0315884476534296
2 0.1092814371257485 0.9305054151624549 0.04790419161676647 0.023465703971119134
2 0.07110778443113773 0.9526173285198556 0.04940119760479042 0.0351985559566787
2 0.15793413173652696 0.9873646209386282 0.05239520958083833 0.021660649819494587
2 0.19610778443113774 0.9318592057761733 0.023952095808383235 0.017148014440433214
2 0.26197604790419166 0.9287003610108303 0.038922155688622756 0.03068592057761733
2 0.3720059880239521 0.927346570397112 0.028443113772455092 0.017148014440433214
2 0.6803892215568863 0.9864620938628159 0.055389221556886234 0.023465703971119134
2 0.6953592814371258 0.9034296028880867 0.040419161676646706 0.019855595667870037
2 0.5426646706586826 0.8722924187725632 0.04940119760479042 0.029783393501805054
2 0.40494011976047906 0.7870036101083033 0.0344311377245509 0.021660649819494587
2 0.8398203592814372 0.832129963898917 0.04790419161676647 0.03429602888086643
2 0.6422155688622755 0.5126353790613719 0.04790419161676647 0.018050541516245487
2 0.27994011976047906 0.5879963898916968 0.04191616766467066 0.026173285198555957
2 0.3570359281437126 0.6001805054151624 0.0344311377245509 0.018050541516245487
2 0.44910179640718567 0.6060469314079423 0.029940119760479042 0.017148014440433214
2 0.4041916167664671 0.5929602888086642 0.02694610778443114 0.01624548736462094
2 0.6354790419161677 0.5658844765342961 0.0344311377245509 0.019855595667870037
2 0.7934131736526947 0.5428700361010831 0.03293413173652695 0.015342960288808665
2 0.7597305389221557 0.5613718411552346 0.04341317365269461 0.021660649819494587
2 0.9565868263473054 0.41561371841155237 0.05089820359281438 0.026173285198555957
2 0.9161676646706587 0.6525270758122744 0.02694610778443114 0.025270758122743684
2 0.9790419161676648 0.5767148014440433 0.038922155688622756 0.021660649819494587
2 0.36526946107784436 0.6371841155234658 0.035928143712574856 0.019855595667870037
2 0.5022455089820359 0.6254512635379061 0.0344311377245509 0.018050541516245487
2 0.5299401197604791 0.631768953068592 0.029940119760479042 0.019855595667870037
2 0.9550898203592815 0.7757220216606499 0.029940119760479042 0.02256317689530686
