2 0.06135986733001658 0.043478260869565216 0.04643449419568823 0.03162055335968379
2 0.15257048092868988 0.08992094861660078 0.04975124378109453 0.037549407114624504
2 0.15671641791044777 0.11808300395256917 0.04809286898839138 0.022727272727272724
2 0.1932006633499171 0.07213438735177866 0.03482587064676617 0.029644268774703556
2 0.22802653399668327 0.08399209486166008 0.04477611940298508 0.02569169960474308
2 0.2404643449419569 0.11363636363636363 0.05638474295190713 0.02766798418972332
2 0.24875621890547264 0.0400197628458498 0.04643449419568823 0.028656126482213436
2 0.27943615257048093 0.062252964426877465 0.04477611940298508 0.01976284584980237
2 0.3117744610281924 0.10276679841897232 0.04311774461028192 0.02569169960474308
2 0.3747927031509121 0.10869565217391304 0.03980099502487562 0.021739130434782608
2 0.357379767827529 0.03804347826086956 0.04145936981757877 0.022727272727272724
2 0.3200663349917081 0.02766798418972332 0.03316749585406302 0.01976284584980237
2 0.4046434494195688 0.07954545454545454 0.04311774461028192 0.024703557312252964
2 0.3623548922056385 0.0825098814229249 0.03482587064676617 0.02075098814229249
2 0.4568822553897181 0.09881422924901186 0.04477611940298508 0.02569169960474308
2 0.5373134328358209 0.08942687747035573 0.03648424543946932 0.030632411067193673
2 0.6160862354892206 0.06373517786561264 0.04809286898839138 0.028656126482213436
2 0.6791044776119403 0.07164031620553359 0.04477611940298508 0.034584980237154145
2 0.4859038142620232 0.06373517786561264 0.04311774461028192 0.028656126482213436
2 0.7761194029850746 0.09486166007905138 0.04975124378109453 0.037549407114624504
2 0.8814262023217247 0.0909090909090909 0.05804311774461028 0.035573122529644265
2 0.949419568822554 0.037549407114624504 0.04809286898839138 0.03359683794466403
2 0.9320066334991708 0.11907114624505928 0.03980099502487562 0.028656126482213436
2 0.9726368159203981 0.14278656126482211 0.04145936981757877 0.034584980237154145
2 0.3681592039800995 0.14822134387351776 0.04311774461028192 0.02766798418972332
2 0.09618573797678276 0.17885375494071146 0.07296849087893864 0.03359683794466403
2 0.17164179104477612 0.1709486166007905 0.03814262023217247 0.02766798418972332
2 0.2097844112769486 0.16551383399209485 0.04477611940298508 0.0266798418972332
2 0.2570480928689884 0.19367588932806323 0.03648424543946932 0.02766798418972332
2 0.28938640132669985 0.18379446640316205 0.03814262023217247 0.021739130434782608
2 0.31923714759535654 0.20355731225296442 0.04809286898839138 0.02569169960474308
2 0.3888888888888889 0.18379446640316205 0.04477611940298508 0.029644268774703556
2 0.41376451077943616 0.20553359683794464 0.04809286898839138 0.03162055335968379
2 0.46434494195688225 0.15810276679841895 0.04311774461028192 0.023715415019762844
2 0.4809286898839138 0.1768774703557312 0.04311774461028192 0.023715415019762844
2 0.5348258706467662 0.1734189723320158 0.05472636815920398 0.04051383399209486
2 0.5157545605306799 0.21541501976284583 0.04975124378109453 0.035573122529644265
2 0.5713101160862355 0.21146245059288535 0.05140961857379768 0.02766798418972332
2 0.593698175787728 0.24456521739130432 0.04643449419568823 0.0266798418972332
2 0.1492537313432836 0.2060276679841897 0.05306799336650083 0.024703557312252964
2 0.6285240464344942 0.2109683794466403 0.03980099502487562 0.02075098814229249
2 0.7346600331674958 0.16996047430830039 0.03648424543946932 0.02766798418972332
2 0.7205638474295191 0.22628458498023715 0.04809286898839138 0.03359683794466403
2 0.7927031509121062 0.22480237154150196 0.04311774461028192 0.0266798418972332
2 0.8814262023217247 0.20553359683794464 0.05140961857379768 0.03359683794466403
2 0.9220563847429519 0.16205533596837943 0.04975124378109453 0.029644268774703556
2 0.07379767827529021 0.24110671936758893 0.05140961857379768 0.02766798418972332
2 0.04560530679933665 0.27964426877470355 0.05140961857379768 0.023715415019762844
2 0.12106135986733002 0.2608695652173913 0.04311774461028192 0.023715415019762844
2 0.17412935323383086 0.25049407114624506 0.05638474295190713 0.024703557312252964
2 0.19402985074626866 0.27124505928853754 0.04643449419568823 0.024703557312252964
2 0.17164179104477612 0.283596837944664 0.03814262023217247 0.01976284584980237
2 0.236318407960199 0.26778656126482214 0.04809286898839138 0.021739130434782608
2 0.21393034825870647 0.29496047430830036 0.03316749585406302 0.02075098814229249
2 0.2512437810945274 0.29397233201581024 0.04477611940298508 0.022727272727272724
2 0.29187396351575456 0.2633399209486166 0.03980099502487562 0.024703557312252964
2 0.33167495854063017 0.28063241106719367 0.04975124378109453 0.03162055335968379
2 0.4021558872305141 0.2924901185770751 0.04477611940298508 0.029644268774703556
2 0.433665008291874 0.26729249011857703 0.04809286898839138 0.028656126482213436
2 0.9436152570480929 0.2317193675889328 0.03980099502487562 0.028656126482213436
2 0.9767827529021559 0.2292490118577075 0.04311774461028192 0.03359683794466403
2 0.4859038142620232 0.29150197628458496 0.04975124378109453 0.03162055335968379
2 0.5381426202321725 0.30484189723320154 0.03482587064676617 0.030632411067193673
2 0.5986733001658375 0.2850790513833992 0.05306799336650083 0.028656126482213436
2 0.6252072968490879 0.308300395256917 0.06301824212271974 0.03162055335968379
2 0.8905472636815921 0.28705533596837945 0.05306799336650083 0.034584980237154145
2 0.9469320066334992 0.2717391304347826 0.04311774461028192 0.03162055335968379
2 0.6824212271973467 0.2761857707509881 0.03814262023217247 0.028656126482213436
2 0.7537313432835822 0.2801383399209486 0.03814262023217247 0.024703557312252964
2 0.9552238805970149 0.32213438735177863 0.04975124378109453 0.029644268774703556
2 0.03897180762852405 0.34881422924901184 0.04809286898839138 0.02766798418972332
2 0.13101160862354894 0.31571146245059284 0.04643449419568823 0.024703557312252964
2 0.19734660033167498 0.3330039525691699 0.06301824212271974 0.02569169960474308
2 0.12769485903814262 0.3759881422924901 0.04975124378109453 0.034584980237154145
2 0.1285240464344942 0.41156126482213434 0.06135986733001658 0.030632411067193673
2 0.22470978441127695 0.3695652173913043 0.04809286898839138 0.02766798418972332
2 0.3648424543946932 0.33498023715415015 0.03980099502487562 0.021739130434782608
2 0.2976782752902156 0.3621541501976284 0.04477611940298508 0.028656126482213436
2 0.3308457711442786 0.3774703557312253 0.03814262023217247 0.01976284584980237
2 0.4013266998341625 0.3710474308300395 0.03980099502487562 0.0266798418972332
2 0.4502487562189055 0.3745059288537549 0.04145936981757877 0.029644268774703556
2 0.4701492537313433 0.3290513833992095 0.03814262023217247 0.02569169960474308
2 0.5008291873963516 0.3493083003952569 0.03980099502487562 0.0266798418972332
2 0.5348258706467662 0.36561264822134387 0.04477611940298508 0.02766798418972332
2 0.5804311774461028 0.3804347826086956 0.03648424543946932 0.023715415019762844
2 0.6807628524046435 0.3567193675889328 0.04809286898839138 0.029644268774703556
2 0.7694859038142621 0.3809288537549407 0.04643449419568823 0.028656126482213436
2 0.8557213930348259 0.36413043478260865 0.04975124378109453 0.034584980237154145
2 0.9129353233830846 0.3591897233201581 0.04145936981757877 0.028656126482213436
2 0.04975124378109453 0.45750988142292487 0.05638474295190713 0.03359683794466403
2 0.1824212271973466 0.47084980237154145 0.04311774461028192 0.03260869565217391
2 0.29187396351575456 0.42391304347826086 0.03980099502487562 0.023715415019762844
2 0.25290215588723053 0.41452569169960474 0.03482587064676617 0.018774703557312252
2 0.296849087893864 0.46986166007905134 0.03980099502487562 0.028656126482213436
2 0.3656716417910448 0.4328063241106719 0.04809286898839138 0.02766798418972332
2 0.4311774461028193 0.43478260869565216 0.03648424543946932 0.02569169960474308
2 0.3855721393034826 0.45652173913043476 0.04809286898839138 0.021739130434782608
2 0.5182421227197347 0.45553359683794464 0.03814262023217247 0.03162055335968379
2 0.6434494195688226 0.4510869565217391 0.04311774461028192 0.0266798418972332
2 0.6890547263681592 0.4244071146245059 0.05140961857379768 0.030632411067193673
2 0.7562189054726368 0.4496047430830039 0.03648424543946932 0.029644268774703556
2 0.8233830845771144 0.4619565217391304 0.05140961857379768 0.028656126482213436
2 0.9502487562189055 0.4367588932806324 0.04311774461028192 0.03162055335968379
2 0.04145936981757877 0.5642292490118577 0.05638474295190713 0.037549407114624504
2 0.16086235489220566 0.5311264822134387 0.05306799336650083 0.034584980237154145
2 0.22553897180762852 0.5251976284584979 0.04643449419568823 0.042490118577075096
2 0.27611940298507465 0.5340909090909091 0.04145936981757877 0.028656126482213436
2 0.36898839137645106 0.5286561264822134 0.05472636815920398 0.037549407114624504
2 0.5630182421227198 0.549901185770751 0.04809286898839138 0.03260869565217391
2 0.5646766169154229 0.5128458498023715 0.03814262023217247 0.021739130434782608
2 0.7255389718076285 0.5390316205533596 0.04809286898839138 0.02075098814229249
2 0.7454394693200663 0.566699604743083 0.04477611940298508 0.0266798418972332
2 0.6592039800995025 0.541501976284585 0.04477611940298508 0.02766798418972332
2 0.8648424543946932 0.5780632411067194 0.06135986733001658 0.03359683794466403
2 0.9759535655058044 0.6299407114624506 0.04809286898839138 0.038537549407114624
2 0.41873963515754564 0.5889328063241106 0.05804311774461028 0.029644268774703556
2 0.21890547263681592 0.5790513833992095 0.05970149253731343 0.03359683794466403
2 0.13018242122719734 0.5627470355731224 0.04477611940298508 0.022727272727272724
2 0.10945273631840796 0.5948616600790514 0.05638474295190713 0.02766798418972332
2 0.6028192371475953 0.5978260869565217 0.04477611940298508 0.023715415019762844
2 0.03399668325041459 0.625 0.05140961857379768 0.03260869565217391
2 0.12769485903814262 0.6264822134387351 0.03980099502487562 0.021739130434782608
2 0.14096185737976782 0.6576086956521738 0.04311774461028192 0.024703557312252964
2 0.09038142620232173 0.6472332015810276 0.04477611940298508 0.02569169960474308
2 0.0746268656716418 0.6225296442687747 0.03648424543946932 0.021739130434782608
2 0.19402985074626866 0.633399209486166 0.04311774461028192 0.02569169960474308
2 0.25290215588723053 0.6324110671936758 0.05804311774461028 0.03162055335968379
2 0.24461028192371476 0.6650197628458497 0.04477611940298508 0.02569169960474308
2 0.31343283582089554 0.6210474308300394 0.03648424543946932 0.02075098814229249
2 0.33913764510779437 0.6383399209486166 0.04145936981757877 0.02766798418972332
2 0.31343283582089554 0.6655138339920948 0.04643449419568823 0.024703557312252964
2 0.3673300165837479 0.6096837944664031 0.04145936981757877 0.021739130434782608
2 0.4311774461028193 0.6353754940711462 0.05306799336650083 0.02766798418972332
2 0.39303482587064675 0.6398221343873517 0.03648424543946932 0.022727272727272724
2 0.4286898839137645 0.666501976284585 0.04809286898839138 0.024703557312252964
2 0.6227197346600332 0.6348814229249011 0.03814262023217247 0.024703557312252964
2 0.603648424543947 0.658102766798419 0.03316749585406302 0.021739130434782608
2 0.7388059701492538 0.633399209486166 0.04809286898839138 0.02766798418972332
2 0.7918739635157546 0.6497035573122529 0.05140961857379768 0.030632411067193673
2 0.6948590381426203 0.6205533596837944 0.03316749585406302 0.021739130434782608
2 0.11442786069651742 0.6907114624505928 0.04643449419568823 0.02569169960474308
2 0.13764510779436154 0.7238142292490118 0.04311774461028192 0.028656126482213436
2 0.18573797678275292 0.7312252964426877 0.04643449419568823 0.02569169960474308
2 0.28938640132669985 0.7366600790513833 0.04477611940298508 0.024703557312252964
2 0.2877280265339967 0.7183794466403162 0.04145936981757877 0.021739130434782608
2 0.3208955223880597 0.7168972332015809 0.03150912106135987 0.024703557312252964
2 0.37976782752902155 0.7045454545454545 0.04311774461028192 0.023715415019762844
2 0.23880597014925373 0.7598814229249011 0.03648424543946932 0.023715415019762844
2 0.4021558872305141 0.7440711462450592 0.05804311774461028 0.02766798418972332
2 0.44859038142620233 0.7065217391304347 0.0713101160862355 0.03359683794466403
2 0.5116086235489221 0.7223320158102766 0.03150912106135987 0.02569169960474308
2 0.6301824212271974 0.7238142292490118 0.04643449419568823 0.024703557312252964
2 0.6956882255389718 0.70899209486166 0.04477611940298508 0.02075098814229249
2 0.7106135986733002 0.7435770750988142 0.04809286898839138 0.030632411067193673
2 0.7620232172470979 0.7203557312252964 0.04477611940298508 0.021739130434782608
2 0.8349917081260365 0.7030632411067194 0.05472636815920398 0.028656126482213436
2 0.8872305140961858 0.7361660079051383 0.04975124378109453 0.02766798418972332
2 0.7976782752902156 0.7490118577075098 0.05638474295190713 0.029644268774703556
2 0.0406301824212272 0.8073122529644268 0.04477611940298508 0.02569169960474308
2 0.12603648424543948 0.7949604743083003 0.04311774461028192 0.0266798418972332
2 0.19402985074626866 0.8166996047430829 0.04643449419568823 0.0266798418972332
2 0.25456053067993367 0.8107707509881422 0.04145936981757877 0.024703557312252964
2 0.31343283582089554 0.7865612648221343 0.04311774461028192 0.02569169960474308
2 0.29187396351575456 0.8127470355731224 0.04975124378109453 0.022727272727272724
2 0.34245439469320066 0.8127470355731224 0.04477611940298508 0.022727272727272724
2 0.44278606965174133 0.83399209486166 0.05970149253731343 0.029644268774703556
2 0.49585406301824214 0.8186758893280632 0.04975124378109453 0.03260869565217391
2 0.587893864013267 0.7801383399209486 0.06135986733001658 0.0266798418972332
2 0.6053067993366501 0.8053359683794465 0.04311774461028192 0.02569169960474308
2 0.6260364842454395 0.825592885375494 0.04477611940298508 0.022727272727272724
2 0.8706467661691543 0.8211462450592885 0.04643449419568823 0.02569169960474308
2 0.05472636815920398 0.9135375494071145 0.04311774461028192 0.0266798418972332
2 0.18325041459369817 0.8730237154150197 0.05804311774461028 0.030632411067193673
2 0.13764510779436154 0.8992094861660078 0.03648424543946932 0.02569169960474308
2 0.3018242122719735 0.8675889328063241 0.04311774461028192 0.029644268774703556
2 0.2985074626865672 0.9199604743083003 0.04311774461028192 0.02569169960474308
2 0.3913764510779436 0.8774703557312252 0.05306799336650083 0.02766798418972332
2 0.2197346600331675 0.908102766798419 0.04477611940298508 0.021739130434782608
2 0.4975124378109453 0.9194664031620553 0.04643449419568823 0.028656126482213436
2 0.5306799336650083 0.884387351778656 0.05970149253731343 0.02569169960474308
2 0.6608623548922057 0.8764822134387351 0.04809286898839138 0.021739130434782608
2 0.6368159203980099 0.9130434782608695 0.04975124378109453 0.023715415019762844
2 0.7354892205638475 0.9145256916996046 0.05804311774461028 0.024703557312252964
2 0.7495854063018242 0.8745059288537549 0.04643449419568823 0.02569169960474308
2 0.7669983416252073 0.8537549407114624 0.04145936981757877 0.02766798418972332
2 0.8217247097844113 0.9125494071146244 0.05140961857379768 0.022727272727272724
2 0.8681592039800995 0.9016798418972332 0.05472636815920398 0.024703557312252964
2 0.888888888888889 0.9298418972332015 0.04311774461028192 0.023715415019762844
2 0.5447761194029851 0.9387351778656126 0.04477611940298508 0.017786561264822132
2 0.46683250414593697 0.9352766798418972 0.04477611940298508 0.024703557312252964
2 0.8117744610281924 0.8137351778656126 0.03814262023217247 0.028656126482213436
2 0.24958540630182421 0.015810276679841896 0.03150912106135987 0.011857707509881422
2 0.28689883913764513 0.024703557312252964 0.029850746268656716 0.023715415019762844
2 0.20812603648424544 0.04496047430830039 0.03482587064676617 0.02075098814229249
2 0.269485903814262 0.07855731225296442 0.03150912106135987 0.016798418972332016
2 0.8872305140961858 0.12450592885375493 0.04311774461028192 0.017786561264822132
2 0.345771144278607 0.16551383399209485 0.03814262023217247 0.016798418972332016
2 0.22719734660033167 0.24407114624505927 0.04975124378109453 0.023715415019762844
2 0.263681592039801 0.3152173913043478 0.03648424543946932 0.01976284584980237
2 0.29187396351575456 0.2944664031620553 0.026533996683250415 0.02766798418972332
2 0.3540630182421227 0.2974308300395257 0.04477611940298508 0.02766798418972332
2 0.4651741293532338 0.25296442687747034 0.03814262023217247 0.01976284584980237
2 0.9071310116086235 0.23814229249011856 0.03648424543946932 0.03359683794466403
2 0.9842454394693201 0.42885375494071143 0.03150912106135987 0.02766798418972332
2 0.5895522388059702 0.48221343873517786 0.028192371475953566 0.017786561264822132
2 0.21724709784411278 0.47282608695652173 0.03316749585406302 0.022727272727272724
2 0.15257048092868988 0.49901185770750983 0.03980099502487562 0.017786561264822132
2 0.21061359867330018 0.5044466403162055 0.03316749585406302 0.014822134387351778
2 0.33913764510779437 0.5602766798418972 0.05472636815920398 0.029644268774703556
2 0.4601990049751244 0.47727272727272724 0.03482587064676617 0.02569169960474308
2 0.703150912106136 0.600296442687747 0.03316749585406302 0.016798418972332016
2 0.08540630182421227 0.6660079051383399 0.05140961857379768 0.017786561264822132
2 0.18159203980099503 0.6818181818181818 0.05472636815920398 0.02766798418972332
2 0.19154228855721395 0.6566205533596837 0.03814262023217247 0.02075098814229249
2 0.3615257048092869 0.666501976284585 0.03980099502487562 0.022727272727272724
2 0.39054726368159204 0.6605731225296442 0.024875621890547265 0.018774703557312252
2 0.5306799336650083 0.6526679841897233 0.04311774461028192 0.028656126482213436
2 0.5381426202321725 0.6758893280632411 0.03482587064676617 0.015810276679841896
2 0.509950248756219 0.683794466403162 0.024875621890547265 0.01383399209486166
2 0.5729684908789386 0.6417984189723319 0.01824212271973466 0.016798418972332016
2 0.8689883913764511 0.6072134387351779 0.03980099502487562 0.024703557312252964
2 0.9361525704809287 0.6245059288537549 0.028192371475953566 0.01976284584980237
2 0.9867330016583749 0.6650197628458497 0.026533996683250415 0.01976284584980237
2 0.5538971807628524 0.717391304347826 0.03648424543946932 0.021739130434782608
2 0.5945273631840796 0.7139328063241106 0.03150912106135987 0.018774703557312252
2 0.12769485903814262 0.7579051383399209 0.04311774461028192 0.021739130434782608
2 0.07877280265339967 0.7267786561264822 0.03814262023217247 0.022727272727272724
2 0.10613598673300166 0.8962450592885375 0.03316749585406302 0.017786561264822132
2 0.10862354892205639 0.8774703557312252 0.02155887230514096 0.015810276679841896
2 0.4386401326699834 0.9001976284584979 0.03482587064676617 0.03162055335968379
2 0.599502487562189 0.884387351778656 0.024875621890547265 0.015810276679841896
2 0.9121061359867331 0.7747035573122529 0.029850746268656716 0.017786561264822132
2 0.9892205638474295 0.7885375494071146 0.02155887230514096 0.01976284584980237
2 0.2769485903814262 0.5657114624505929 0.03316749585406302 0.018774703557312252
2 0.6674958540630183 0.5617588932806323 0.04145936981757877 0.014822134387351778
