2 0.050364963503649635 0.03383458646616541 0.03065693430656934 0.020676691729323307
2 0.12481751824817518 0.01644736842105263 0.03941605839416058 0.021616541353383457
2 0.07007299270072992 0.0662593984962406 0.04671532846715328 0.02725563909774436
2 0.12116788321167883 0.0737781954887218 0.0437956204379562 0.021616541353383457
2 0.12773722627737225 0.09210526315789473 0.0364963503649635 0.016917293233082706
2 0.12554744525547445 0.045582706766917294 0.03795620437956204 0.02537593984962406
2 0.16934306569343063 0.040413533834586464 0.03795620437956204 0.02443609022556391
2 0.20802919708029197 0.05028195488721804 0.03357664233576642 0.02725563909774436
2 0.18905109489051095 0.07988721804511278 0.03941605839416058 0.018796992481203006
2 0.20291970802919707 0.09821428571428571 0.06131386861313868 0.019736842105263157
2 0.2408759124087591 0.04981203007518797 0.029197080291970802 0.020676691729323307
2 0.2737226277372263 0.05827067669172932 0.0364963503649635 0.02443609022556391
2 0.2671532846715328 0.03618421052631579 0.03503649635036496 0.017857142857142856
2 0.3021897810218978 0.018796992481203006 0.029197080291970802 0.02631578947368421
2 0.3751824817518248 0.02913533834586466 0.03503649635036496 0.03007518796992481
2 0.33065693430656934 0.06860902255639098 0.02773722627737226 0.020676691729323307
2 0.37299270072992696 0.0681390977443609 0.0364963503649635 0.021616541353383457
2 0.3620437956204379 0.10385338345864661 0.032116788321167884 0.02537593984962406
2 0.3350364963503649 0.10150375939849623 0.03065693430656934 0.020676691729323307
2 0.4014598540145985 0.08599624060150375 0.032116788321167884 0.02537593984962406
2 0.4474452554744525 0.05357142857142857 0.03941605839416058 0.022556390977443608
2 0.4875912408759124 0.02913533834586466 0.03795620437956204 0.02819548872180451
2 0.41021897810218977 0.051221804511278196 0.032116788321167884 0.019736842105263157
2 0.5058394160583941 0.07142857142857142 0.03357664233576642 0.02631578947368421
2 0.5802919708029197 0.09445488721804511 0.04525547445255474 0.02725563909774436
2 0.5328467153284672 0.1268796992481203 0.040875912408759124 0.02631578947368421
2 0.45109489051094886 0.12406015037593984 0.0437956204379562 0.02631578947368421
2 0.45985401459854014 0.10150375939849623 0.02627737226277372 0.022556390977443608
2 0.4795620437956204 0.13486842105263158 0.024817518248175182 0.017857142857142856
2 0.4218978102189781 0.1362781954887218 0.032116788321167884 0.016917293233082706
2 0.5642335766423358 0.14708646616541352 0.04525547445255474 0.023496240601503758
2 0.6051094890510949 0.14238721804511278 0.03941605839416058 0.021616541353383457
2 0.7124087591240875 0.1419172932330827 0.040875912408759124 0.02631578947368421
2 0.6759124087591241 0.16729323308270677 0.04671532846715328 0.02443609022556391
2 0.6496350364963503 0.07800751879699247 0.032116788321167884 0.02443609022556391
2 0.8021897810218978 0.13909774436090225 0.04233576642335766 0.02631578947368421
2 0.8693430656934306 0.13909774436090225 0.03357664233576642 0.02443609022556391
2 0.7598540145985401 0.01926691729323308 0.04233576642335766 0.023496240601503758
2 0.6372262773722628 0.039473684210526314 0.03941605839416058 0.020676691729323307
2 0.8715328467153284 0.1724624060150376 0.040875912408759124 0.023496240601503758
2 0.9401459854014598 0.17528195488721804 0.040875912408759124 0.02537593984962406
2 0.7459854014598539 0.16400375939849623 0.029197080291970802 0.017857142857142856
2 0.7635036496350365 0.1945488721804511 0.049635036496350364 0.03571428571428571
2 0.8014598540145985 0.225093984962406 0.03503649635036496 0.021616541353383457
2 0.3759124087591241 0.15836466165413532 0.03357664233576642 0.023496240601503758
2 0.20072992700729925 0.14473684210526316 0.03357664233576642 0.022556390977443608
2 0.1897810218978102 0.17152255639097744 0.02627737226277372 0.015977443609022556
2 0.22043795620437956 0.16024436090225563 0.02335766423357664 0.017857142857142856
2 0.23795620437956203 0.15789473684210525 0.020437956204379562 0.018796992481203006
2 0.25401459854014596 0.15789473684210525 0.020437956204379562 0.016917293233082706
2 0.3014598540145985 0.168703007518797 0.04525547445255474 0.02537593984962406
2 0.23211678832116786 0.19595864661654133 0.029197080291970802 0.021616541353383457
2 0.2503649635036496 0.1875 0.02773722627737226 0.021616541353383457
2 0.454014598540146 0.17105263157894735 0.03503649635036496 0.02631578947368421
2 0.48394160583941603 0.17105263157894735 0.02773722627737226 0.022556390977443608
2 0.4620437956204379 0.19266917293233082 0.03941605839416058 0.018796992481203006
2 0.48540145985401456 0.21146616541353383 0.03357664233576642 0.02443609022556391
2 0.3788321167883211 0.21616541353383456 0.04525547445255474 0.02443609022556391
2 0.3605839416058394 0.18609022556390975 0.03503649635036496 0.018796992481203006
2 0.33284671532846716 0.2025375939849624 0.03503649635036496 0.03289473684210526
2 0.2021897810218978 0.22932330827067668 0.04525547445255474 0.02631578947368421
2 0.26204379562043795 0.22368421052631576 0.04525547445255474 0.022556390977443608
2 0.2817518248175182 0.24342105263157893 0.0437956204379562 0.02443609022556391
2 0.8678832116788321 0.21663533834586465 0.04233576642335766 0.023496240601503758
2 0.6985401459854014 0.23637218045112782 0.04817518248175182 0.02913533834586466
2 0.6116788321167883 0.23308270676691728 0.040875912408759124 0.02631578947368421
2 0.5598540145985401 0.2232142857142857 0.04817518248175182 0.02537593984962406
2 0.5386861313868613 0.24483082706766915 0.040875912408759124 0.023496240601503758
2 0.5167883211678832 0.15789473684210525 0.03795620437956204 0.02443609022556391
2 0.6357664233576642 0.262687969924812 0.03941605839416058 0.02725563909774436
2 0.7350364963503649 0.25046992481203006 0.03065693430656934 0.019736842105263157
2 0.7686131386861313 0.2598684210526316 0.0364963503649635 0.019736842105263157
2 0.7693430656934306 0.23966165413533833 0.03503649635036496 0.020676691729323307
2 0.8138686131386861 0.2612781954887218 0.04525547445255474 0.02631578947368421
2 0.6766423357664233 0.28195488721804507 0.03941605839416058 0.02443609022556391
2 0.7197080291970802 0.27537593984962405 0.04671532846715328 0.02443609022556391
2 0.7875912408759124 0.30451127819548873 0.04525547445255474 0.022556390977443608
2 0.8058394160583942 0.28477443609022557 0.040875912408759124 0.02443609022556391
2 0.8708029197080291 0.306390977443609 0.04525547445255474 0.02631578947368421
2 0.827007299270073 0.3298872180451128 0.04233576642335766 0.02631578947368421
2 0.3175182481751825 0.26456766917293234 0.0364963503649635 0.017857142857142856
2 0.17664233576642335 0.27678571428571425 0.03503649635036496 0.021616541353383457
2 0.172992700729927 0.25845864661654133 0.03065693430656934 0.02443609022556391
2 0.20364963503649633 0.2833646616541353 0.02773722627737226 0.021616541353383457
2 0.23722627737226276 0.27960526315789475 0.03357664233576642 0.02725563909774436
2 0.24014598540145984 0.30874060150375937 0.03065693430656934 0.017857142857142856
2 0.35474452554744523 0.2890037593984962 0.032116788321167884 0.023496240601503758
2 0.28102189781021897 0.2838345864661654 0.051094890510948905 0.02443609022556391
2 0.3948905109489051 0.2833646616541353 0.04233576642335766 0.02725563909774436
2 0.44963503649635034 0.2857142857142857 0.03795620437956204 0.02443609022556391
2 0.4963503649635036 0.32847744360902253 0.040875912408759124 0.02537593984962406
2 0.3708029197080292 0.3214285714285714 0.03795620437956204 0.020676691729323307
2 0.30510948905109486 0.3214285714285714 0.03503649635036496 0.022556390977443608
2 0.6233576642335766 0.29793233082706766 0.03503649635036496 0.020676691729323307
2 0.6934306569343065 0.3106203007518797 0.04671532846715328 0.02725563909774436
2 0.6788321167883211 0.34680451127819545 0.03503649635036496 0.02443609022556391
2 0.8686131386861313 0.3449248120300752 0.04671532846715328 0.018796992481203006
2 0.06350364963503649 0.16024436090225563 0.0364963503649635 0.02537593984962406
2 0.12700729927007298 0.13721804511278196 0.040875912408759124 0.02631578947368421
2 0.12116788321167883 0.11795112781954886 0.032116788321167884 0.015977443609022556
2 0.0854014598540146 0.09868421052631579 0.03357664233576642 0.016917293233082706
2 0.059124087591240874 0.18139097744360902 0.03941605839416058 0.020676691729323307
2 0.11897810218978101 0.18609022556390975 0.0364963503649635 0.022556390977443608
2 0.1386861313868613 0.17763157894736842 0.032116788321167884 0.022556390977443608
2 0.16423357664233576 0.20676691729323307 0.04233576642335766 0.02443609022556391
2 0.13722627737226276 0.2349624060150376 0.029197080291970802 0.02631578947368421
2 0.11167883211678832 0.23167293233082706 0.03065693430656934 0.02537593984962406
2 0.06788321167883211 0.28665413533834583 0.03357664233576642 0.02443609022556391
2 0.04744525547445255 0.2932330827067669 0.02773722627737226 0.022556390977443608
2 0.06934306569343066 0.31860902255639095 0.0364963503649635 0.022556390977443608
2 0.12773722627737225 0.32189849624060146 0.03941605839416058 0.021616541353383457
2 0.1416058394160584 0.27678571428571425 0.032116788321167884 0.019736842105263157
2 0.1970802919708029 0.32800751879699247 0.029197080291970802 0.020676691729323307
2 0.22846715328467151 0.3482142857142857 0.03941605839416058 0.02725563909774436
2 0.27664233576642333 0.3383458646616541 0.02773722627737226 0.022556390977443608
2 0.2627737226277372 0.3214285714285714 0.02627737226277372 0.018796992481203006
2 0.43357664233576637 0.34727443609022557 0.03795620437956204 0.021616541353383457
2 0.502919708029197 0.35526315789473684 0.03941605839416058 0.022556390977443608
2 0.5686131386861314 0.3726503759398496 0.0364963503649635 0.021616541353383457
2 0.5583941605839415 0.3970864661654135 0.0364963503649635 0.02537593984962406
2 0.7773722627737226 0.35197368421052627 0.03941605839416058 0.021616541353383457
2 0.7635036496350365 0.37546992481203006 0.040875912408759124 0.03101503759398496
2 0.7124087591240875 0.3923872180451128 0.03795620437956204 0.02725563909774436
2 0.8087591240875912 0.3698308270676692 0.032116788321167884 0.023496240601503758
2 0.08175182481751825 0.3707706766917293 0.05547445255474452 0.03665413533834586
2 0.13430656934306567 0.36043233082706766 0.0437956204379562 0.02913533834586466
2 0.16934306569343063 0.3740601503759398 0.032116788321167884 0.022556390977443608
2 0.19854014598540146 0.3684210526315789 0.03503649635036496 0.022556390977443608
2 0.1708029197080292 0.3515037593984962 0.032116788321167884 0.018796992481203006
2 0.03795620437956204 0.4196428571428571 0.032116788321167884 0.02537593984962406
2 0.08321167883211679 0.4219924812030075 0.040875912408759124 0.02819548872180451
2 0.12992700729927006 0.4412593984962406 0.040875912408759124 0.03665413533834586
2 0.16058394160583941 0.40178571428571425 0.05547445255474452 0.02725563909774436
2 0.1759124087591241 0.4257518796992481 0.0364963503649635 0.02443609022556391
2 0.22262773722627735 0.39614661654135336 0.03357664233576642 0.02537593984962406
2 0.3087591240875912 0.4046052631578947 0.03941605839416058 0.02913533834586466
2 0.34233576642335767 0.3862781954887218 0.04233576642335766 0.02443609022556391
2 0.3897810218978102 0.3801691729323308 0.04671532846715328 0.02537593984962406
2 0.3846715328467153 0.41541353383458646 0.0364963503649635 0.03007518796992481
2 0.44233576642335765 0.37781954887218044 0.0437956204379562 0.02443609022556391
2 0.4284671532846715 0.4149436090225564 0.0364963503649635 0.02913533834586466
2 0.4868613138686131 0.4370300751879699 0.04525547445255474 0.02443609022556391
2 0.5080291970802919 0.46428571428571425 0.032116788321167884 0.02631578947368421
2 0.18394160583941604 0.45864661654135336 0.0437956204379562 0.02631578947368421
2 0.23941605839416058 0.4276315789473684 0.0437956204379562 0.022556390977443608
2 0.2678832116788321 0.4107142857142857 0.04233576642335766 0.020676691729323307
2 0.3072992700729927 0.46945488721804507 0.03941605839416058 0.02537593984962406
2 0.3583941605839416 0.4497180451127819 0.04233576642335766 0.02725563909774436
2 0.37372262773722625 0.48684210526315785 0.0437956204379562 0.03007518796992481
2 0.4364963503649635 0.4873120300751879 0.04671532846715328 0.02913533834586466
2 0.6591240875912409 0.4647556390977443 0.04233576642335766 0.02913533834586466
2 0.7182481751824817 0.44595864661654133 0.04671532846715328 0.02537593984962406
2 0.8087591240875912 0.43186090225563906 0.0437956204379562 0.02537593984962406
2 0.8985401459854014 0.39473684210526316 0.0364963503649635 0.022556390977443608
2 0.975912408759124 0.35432330827067665 0.0364963503649635 0.020676691729323307
2 0.9452554744525546 0.3721804511278195 0.059854014598540145 0.02443609022556391
2 0.9518248175182481 0.31531954887218044 0.03795620437956204 0.023496240601503758
2 0.8905109489051094 0.44172932330827064 0.032116788321167884 0.02631578947368421
2 0.9481751824817518 0.43186090225563906 0.04233576642335766 0.02913533834586466
2 0.8481751824817517 0.38862781954887216 0.040875912408759124 0.02725563909774436
2 0.06496350364963503 0.4581766917293233 0.051094890510948905 0.02725563909774436
2 0.06131386861313868 0.48167293233082703 0.05547445255474452 0.02913533834586466
2 0.06861313868613138 0.513157894736842 0.05547445255474452 0.03007518796992481
2 0.1094890510948905 0.4957706766917293 0.04671532846715328 0.02725563909774436
2 0.16642335766423358 0.49671052631578944 0.0437956204379562 0.03477443609022556
2 0.20729927007299268 0.4826127819548872 0.03795620437956204 0.019736842105263157
2 0.2503649635036496 0.4976503759398496 0.0364963503649635 0.02725563909774436
2 0.227007299270073 0.5098684210526315 0.0364963503649635 0.02537593984962406
2 0.27883211678832115 0.5225563909774436 0.03795620437956204 0.02631578947368421
2 0.3175182481751825 0.5244360902255639 0.02773722627737226 0.022556390977443608
2 0.34233576642335767 0.525375939849624 0.02773722627737226 0.02443609022556391
2 0.40583941605839413 0.519266917293233 0.03795620437956204 0.02725563909774436
2 0.36496350364963503 0.5549812030075187 0.0437956204379562 0.03101503759398496
2 0.32116788321167883 0.5479323308270676 0.032116788321167884 0.020676691729323307
2 0.09416058394160583 0.5516917293233082 0.04525547445255474 0.02819548872180451
2 0.14525547445255474 0.5310150375939849 0.0364963503649635 0.02819548872180451
2 0.1503649635036496 0.5625 0.04671532846715328 0.02537593984962406
2 0.2021897810218978 0.5422932330827067 0.03357664233576642 0.02631578947368421
2 0.23941605839416058 0.5385338345864661 0.03795620437956204 0.022556390977443608
2 0.28759124087591237 0.5573308270676691 0.03503649635036496 0.02443609022556391
2 0.26934306569343064 0.5784774436090225 0.0364963503649635 0.02537593984962406
2 0.4620437956204379 0.5366541353383458 0.03357664233576642 0.020676691729323307
2 0.5233576642335767 0.5089285714285714 0.03941605839416058 0.023496240601503758
2 0.45912408759124085 0.5061090225563909 0.03065693430656934 0.02537593984962406
2 0.4890510948905109 0.5516917293233082 0.03503649635036496 0.02443609022556391
2 0.5277372262773722 0.543703007518797 0.03941605839416058 0.02537593984962406
2 0.618978102189781 0.4920112781954887 0.03795620437956204 0.023496240601503758
2 0.6087591240875913 0.5178571428571428 0.03503649635036496 0.02443609022556391
2 0.6386861313868613 0.5112781954887218 0.03065693430656934 0.018796992481203006
2 0.7459854014598539 0.4722744360902255 0.040875912408759124 0.023496240601503758
2 0.710948905109489 0.5079887218045113 0.040875912408759124 0.019736842105263157
2 0.6978102189781021 0.5291353383458647 0.03503649635036496 0.02443609022556391
2 0.8503649635036495 0.5343045112781954 0.03941605839416058 0.02725563909774436
2 0.8211678832116788 0.5422932330827067 0.03357664233576642 0.020676691729323307
2 0.7525547445255474 0.5178571428571428 0.03065693430656934 0.02443609022556391
2 0.7832116788321167 0.5122180451127819 0.0364963503649635 0.020676691729323307
2 0.7934306569343065 0.46851503759398494 0.03357664233576642 0.019736842105263157
2 0.7985401459854015 0.49107142857142855 0.03795620437956204 0.023496240601503758
2 0.9138686131386861 0.46616541353383456 0.040875912408759124 0.022556390977443608
2 0.937956204379562 0.5018796992481203 0.04525547445255474 0.022556390977443608
2 0.8240875912408758 0.46287593984962405 0.03941605839416058 0.023496240601503758
2 0.8554744525547445 0.47932330827067665 0.03503649635036496 0.02443609022556391
2 0.8781021897810218 0.5 0.04525547445255474 0.039473684210526314
2 0.9102189781021898 0.5333646616541353 0.04233576642335766 0.03101503759398496
2 0.9722627737226277 0.5296052631578947 0.049635036496350364 0.02913533834586466
2 0.9766423357664233 0.5540413533834586 0.04671532846715328 0.02913533834586466
2 0.9167883211678831 0.5592105263157895 0.03795620437956204 0.022556390977443608
2 0.42773722627737226 0.5714285714285714 0.04671532846715328 0.02443609022556391
2 0.4817518248175182 0.5798872180451128 0.03503649635036496 0.02443609022556391
2 0.5102189781021897 0.5883458646616541 0.03941605839416058 0.02631578947368421
2 0.5218978102189781 0.5653195488721804 0.0364963503649635 0.019736842105263157
2 0.3014598540145985 0.5977443609022556 0.03357664233576642 0.022556390977443608
2 0.22481751824817517 0.575657894736842 0.040875912408759124 0.02537593984962406
2 0.23211678832116786 0.6109022556390977 0.03503649635036496 0.02631578947368421
2 0.31240875912408755 0.6466165413533834 0.03503649635036496 0.02631578947368421
2 0.3416058394160584 0.6268796992481203 0.0437956204379562 0.02819548872180451
2 0.3861313868613138 0.6165413533834586 0.04233576642335766 0.02631578947368421
2 0.4233576642335766 0.6386278195488722 0.0437956204379562 0.02537593984962406
2 0.45912408759124085 0.631578947368421 0.03941605839416058 0.02631578947368421
2 0.4970802919708029 0.6390977443609023 0.04233576642335766 0.02443609022556391
2 0.5321167883211678 0.6602443609022556 0.04233576642335766 0.023496240601503758
2 0.7963503649635036 0.5859962406015037 0.03357664233576642 0.02537593984962406
2 0.5708029197080292 0.5455827067669172 0.03795620437956204 0.03853383458646616
2 0.6072992700729927 0.5761278195488722 0.03795620437956204 0.022556390977443608
2 0.6613138686131387 0.5925751879699248 0.03503649635036496 0.019736842105263157
2 0.6890510948905109 0.5695488721804511 0.03503649635036496 0.018796992481203006
2 0.6474452554744525 0.5465225563909775 0.051094890510948905 0.02537593984962406
2 0.5832116788321168 0.6282894736842105 0.051094890510948905 0.023496240601503758
2 0.5846715328467152 0.6522556390977443 0.04233576642335766 0.022556390977443608
2 0.6467153284671533 0.6405075187969924 0.040875912408759124 0.02537593984962406
2 0.6394160583941605 0.6644736842105263 0.03795620437956204 0.022556390977443608
2 0.7204379562043796 0.6282894736842105 0.04233576642335766 0.02913533834586466
2 0.7459854014598539 0.5982142857142857 0.040875912408759124 0.023496240601503758
2 0.6722627737226277 0.6113721804511277 0.04233576642335766 0.021616541353383457
2 0.7058394160583941 0.5930451127819548 0.03941605839416058 0.02631578947368421
2 0.8138686131386861 0.6132518796992481 0.03941605839416058 0.021616541353383457
2 0.7999999999999999 0.6447368421052632 0.049635036496350364 0.02443609022556391
2 0.8875912408759123 0.6099624060150376 0.032116788321167884 0.022556390977443608
2 0.8664233576642335 0.5686090225563909 0.0364963503649635 0.020676691729323307
2 0.8481751824817517 0.5869360902255639 0.058394160583941604 0.02725563909774436
2 0.8985401459854014 0.6296992481203008 0.03065693430656934 0.016917293233082706
2 0.975912408759124 0.5963345864661653 0.03941605839416058 0.02725563909774436
2 0.9576642335766423 0.6470864661654135 0.06131386861313868 0.03665413533834586
2 0.3021897810218978 0.674812030075188 0.03503649635036496 0.018796992481203006
2 0.24452554744525545 0.6409774436090225 0.051094890510948905 0.022556390977443608
2 0.7693430656934306 0.6729323308270676 0.0437956204379562 0.02631578947368421
2 0.5087591240875912 0.681390977443609 0.04525547445255474 0.02631578947368421
2 0.5620437956204379 0.6978383458646616 0.040875912408759124 0.023496240601503758
2 0.5941605839416058 0.6828007518796992 0.040875912408759124 0.023496240601503758
2 0.3686131386861314 0.6936090225563909 0.03065693430656934 0.022556390977443608
2 0.2583941605839416 0.7203947368421052 0.040875912408759124 0.02537593984962406
2 0.31532846715328466 0.7260338345864661 0.03795620437956204 0.02725563909774436
2 0.3875912408759124 0.7420112781954887 0.0364963503649635 0.02725563909774436
2 0.42773722627737226 0.7100563909774436 0.032116788321167884 0.02537593984962406
2 0.6795620437956204 0.7091165413533834 0.03357664233576642 0.02537593984962406
2 0.6437956204379561 0.7222744360902256 0.03503649635036496 0.021616541353383457
2 0.5846715328467152 0.737312030075188 0.03941605839416058 0.02725563909774436
2 0.5335766423357664 0.7265037593984962 0.04233576642335766 0.020676691729323307
2 0.5153284671532846 0.7105263157894737 0.032116788321167884 0.018796992481203006
2 0.545985401459854 0.7556390977443609 0.032116788321167884 0.02819548872180451
2 0.5700729927007299 0.7673872180451128 0.03357664233576642 0.017857142857142856
2 0.6452554744525547 0.7058270676691729 0.032116788321167884 0.013157894736842105
2 0.872992700729927 0.7020676691729323 0.032116788321167884 0.02443609022556391
2 0.8503649635036495 0.6945488721804511 0.024817518248175182 0.02443609022556391
2 0.8058394160583942 0.706766917293233 0.032116788321167884 0.022556390977443608
2 0.894890510948905 0.6696428571428571 0.02335766423357664 0.03101503759398496
2 0.8489051094890511 0.6400375939849624 0.02773722627737226 0.020676691729323307
2 0.9204379562043795 0.6719924812030075 0.0218978102189781 0.022556390977443608
2 0.9510948905109489 0.6823308270676691 0.03357664233576642 0.022556390977443608
2 0.9467153284671532 0.7034774436090225 0.059854014598540145 0.017857142857142856
2 0.9635036496350364 0.7368421052631579 0.040875912408759124 0.018796992481203006
2 0.9481751824817518 0.7546992481203008 0.03357664233576642 0.022556390977443608
2 0.7167883211678832 0.7523496240601504 0.029197080291970802 0.019736842105263157
2 0.6861313868613138 0.7551691729323308 0.03795620437956204 0.023496240601503758
2 0.6985401459854014 0.7697368421052632 0.03941605839416058 0.015037593984962405
2 0.6583941605839415 0.7716165413533834 0.029197080291970802 0.02443609022556391
2 0.7613138686131387 0.7429511278195489 0.04525547445255474 0.021616541353383457
2 0.8226277372262774 0.756578947368421 0.04817518248175182 0.022556390977443608
2 0.8277372262773722 0.7810150375939849 0.04671532846715328 0.02443609022556391
2 0.7817518248175181 0.7993421052631579 0.03357664233576642 0.015977443609022556
2 0.7364963503649634 0.8040413533834586 0.03065693430656934 0.02537593984962406
2 0.7021897810218978 0.7960526315789473 0.029197080291970802 0.022556390977443608
2 0.8890510948905109 0.7890037593984962 0.029197080291970802 0.021616541353383457
2 0.8554744525547445 0.8322368421052632 0.0437956204379562 0.02537593984962406
2 0.9423357664233576 0.819078947368421 0.04817518248175182 0.03289473684210526
2 0.3072992700729927 0.7636278195488722 0.03941605839416058 0.02537593984962406
2 0.3927007299270073 0.7739661654135338 0.040875912408759124 0.02537593984962406
2 0.46642335766423354 0.7636278195488722 0.03065693430656934 0.021616541353383457
2 0.5072992700729927 0.7796052631578947 0.03941605839416058 0.021616541353383457
2 0.4875912408759124 0.8092105263157894 0.040875912408759124 0.03759398496240601
2 0.4218978102189781 0.8106203007518796 0.040875912408759124 0.02537593984962406
2 0.3452554744525547 0.8035714285714285 0.04233576642335766 0.02631578947368421
2 0.2386861313868613 0.7890037593984962 0.0364963503649635 0.019736842105263157
2 0.5423357664233577 0.8096804511278195 0.03357664233576642 0.02537593984962406
2 0.5343065693430656 0.8369360902255638 0.040875912408759124 0.02537593984962406
2 0.5722627737226277 0.8228383458646616 0.029197080291970802 0.019736842105263157
2 0.6503649635036496 0.8355263157894737 0.0364963503649635 0.02443609022556391
2 0.7145985401459853 0.8599624060150376 0.04233576642335766 0.02443609022556391
2 0.7861313868613138 0.8468045112781954 0.04233576642335766 0.02443609022556391
2 0.8350364963503649 0.8641917293233082 0.05547445255474452 0.03665413533834586
2 0.8773722627737226 0.8862781954887218 0.03503649635036496 0.022556390977443608
2 0.9014598540145985 0.8388157894736842 0.0364963503649635 0.021616541353383457
2 0.39781021897810215 0.8421052631578947 0.04233576642335766 0.03195488721804511
2 0.27664233576642333 0.8491541353383458 0.04233576642335766 0.02537593984962406
2 0.23941605839416058 0.8392857142857142 0.049635036496350364 0.02819548872180451
2 0.34744525547445254 0.8900375939849624 0.05255474452554744 0.02631578947368421
2 0.4043795620437956 0.8975563909774436 0.03503649635036496 0.02443609022556391
2 0.49270072992700725 0.8684210526315789 0.04817518248175182 0.02631578947368421
2 0.4408759124087591 0.8745300751879699 0.03795620437956204 0.02725563909774436
2 0.4525547445255474 0.9140037593984962 0.03795620437956204 0.02725563909774436
2 0.518978102189781 0.9144736842105262 0.04233576642335766 0.02631578947368421
2 0.49416058394160584 0.9431390977443609 0.04233576642335766 0.02913533834586466
2 0.5992700729927007 0.9285714285714285 0.04233576642335766 0.03007518796992481
2 0.5554744525547445 0.9671052631578947 0.03941605839416058 0.02443609022556391
2 0.6948905109489051 0.9088345864661653 0.040875912408759124 0.03571428571428571
2 0.7562043795620438 0.8952067669172932 0.032116788321167884 0.02537593984962406
2 0.7635036496350365 0.9346804511278195 0.04671532846715328 0.02913533834586466
2 0.7087591240875912 0.9417293233082706 0.05693430656934306 0.03007518796992481
2 0.8072992700729926 0.8994360902255638 0.0437956204379562 0.02819548872180451
2 0.9255474452554744 0.919172932330827 0.040875912408759124 0.02631578947368421
2 0.9197080291970803 0.9624060150375939 0.029197080291970802 0.022556390977443608
2 0.8802919708029197 0.9290413533834586 0.03503649635036496 0.021616541353383457
2 0.9722627737226277 0.9111842105263157 0.0437956204379562 0.02913533834586466
2 0.9744525547445255 0.8712406015037594 0.03357664233576642 0.022556390977443608
2 0.9262773722627736 0.862312030075188 0.02773722627737226 0.015977443609022556
2 0.9795620437956204 0.9454887218045113 0.040875912408759124 0.02819548872180451
2 0.5671532846715328 0.8867481203007518 0.03357664233576642 0.02725563909774436
2 0.391970802919708 0.931390977443609 0.03357664233576642 0.02631578947368421
2 0.31021897810218974 0.9356203007518796 0.04525547445255474 0.02725563909774436
2 0.2386861313868613 0.9093045112781954 0.0364963503649635 0.021616541353383457
2 0.227007299270073 0.9351503759398496 0.04233576642335766 0.022556390977443608
2 0.34963503649635036 0.8632518796992481 0.04817518248175182 0.021616541353383457
2 0.8795620437956204 0.8143796992481203 0.03941605839416058 0.023496240601503758
2 0.6372262773722628 0.7462406015037594 0.0364963503649635 0.022556390977443608
2 0.227007299270073 0.6743421052631579 0.04233576642335766 0.02537593984962406
2 0.8620437956204379 0.10667293233082706 0.051094890510948905 0.023496240601503758
2 0.14379562043795618 0.6776315789473684 0.0364963503649635 0.02443609022556391
2 0.08832116788321168 0.6353383458646616 0.0364963503649635 0.022556390977443608
2 0.09927007299270073 0.6663533834586466 0.032116788321167884 0.018796992481203006
2 0.08029197080291971 0.6936090225563909 0.04671532846715328 0.02443609022556391
2 0.18394160583941604 0.6226503759398496 0.029197080291970802 0.021616541353383457
2 0.16861313868613137 0.5986842105263157 0.03065693430656934 0.02443609022556391
2 0.14525547445255474 0.6484962406015037 0.024817518248175182 0.018796992481203006
2 0.19999999999999998 0.7138157894736842 0.040875912408759124 0.02725563909774436
2 0.16496350364963502 0.7199248120300752 0.0437956204379562 0.02443609022556391
2 0.10437956204379562 0.7593984962406015 0.03357664233576642 0.022556390977443608
2 0.04890510948905109 0.763157894736842 0.04525547445255474 0.022556390977443608
2 0.08321167883211679 0.787593984962406 0.040875912408759124 0.022556390977443608
2 0.14379562043795618 0.7955827067669172 0.04525547445255474 0.02537593984962406
2 0.11313868613138685 0.8218984962406014 0.03941605839416058 0.03101503759398496
2 0.16496350364963502 0.856203007518797 0.0437956204379562 0.02443609022556391
2 0.1802919708029197 0.8397556390977443 0.0364963503649635 0.019736842105263157
2 0.1970802919708029 0.8148496240601504 0.03795620437956204 0.02819548872180451
2 0.19854014598540146 0.7697368421052632 0.03795620437956204 0.02819548872180451
2 0.1335766423357664 0.87546992481203 0.03941605839416058 0.019736842105263157
2 0.09562043795620437 0.606203007518797 0.04233576642335766 0.020676691729323307
2 0.032116788321167884 0.6179511278195489 0.05255474452554744 0.02537593984962406
2 0.02335766423357664 0.15084586466165412 0.03503649635036496 0.03101503759398496
2 0.012408759124087591 0.04840225563909774 0.0218978102189781 0.03289473684210526
2 0.15985401459854012 0.008928571428571428 0.05401459854014598 0.015977443609022556
2 0.15985401459854012 0.06578947368421052 0.03357664233576642 0.022556390977443608
2 0.32919708029197076 0.041353383458646614 0.0218978102189781 0.02443609022556391
2 0.754014598540146 0.10808270676691728 0.02773722627737226 0.016917293233082706
2 0.2832116788321168 0.11466165413533834 0.02627737226277372 0.022556390977443608
2 0.029197080291970802 0.10338345864661654 0.03795620437956204 0.022556390977443608
2 0.10802919708029196 0.16212406015037592 0.040875912408759124 0.017857142857142856
2 0.12554744525547445 0.20911654135338345 0.02627737226277372 0.017857142857142856
2 0.03430656934306569 0.22932330827067668 0.04233576642335766 0.02819548872180451
2 0.012408759124087591 0.27114661654135336 0.0218978102189781 0.03101503759398496
2 0.01386861313868613 0.3176691729323308 0.024817518248175182 0.02819548872180451
2 0.10218978102189781 0.32612781954887216 0.02627737226277372 0.020676691729323307
2 0.17007299270072992 0.32048872180451127 0.024817518248175182 0.02443609022556391
2 0.46131386861313867 0.30874060150375937 0.02335766423357664 0.023496240601503758
2 0.8627737226277372 0.35855263157894735 0.03503649635036496 0.017857142857142856
2 0.740875912408759 0.34351503759398494 0.03065693430656934 0.021616541353383457
2 0.7094890510948905 0.36043233082706766 0.040875912408759124 0.021616541353383457
2 0.6802919708029197 0.3698308270676692 0.029197080291970802 0.017857142857142856
2 0.6437956204379561 0.3533834586466165 0.032116788321167884 0.018796992481203006
2 0.5927007299270073 0.40695488721804507 0.029197080291970802 0.020676691729323307
2 0.5065693430656933 0.40977443609022557 0.029197080291970802 0.018796992481203006
2 0.4802919708029197 0.37359022556390975 0.029197080291970802 0.023496240601503758
2 0.2737226277372263 0.3707706766917293 0.04525547445255474 0.021616541353383457
2 0.012408759124087591 0.42857142857142855 0.0218978102189781 0.03007518796992481
2 0.24744525547445254 0.44924812030075184 0.03941605839416058 0.018796992481203006
2 0.2065693430656934 0.4365601503759398 0.03065693430656934 0.019736842105263157
2 0.30364963503649633 0.4281015037593985 0.03503649635036496 0.021616541353383457
2 0.3072992700729927 0.44783834586466165 0.04525547445255474 0.019736842105263157
2 0.34744525547445254 0.412593984962406 0.032116788321167884 0.02443609022556391
2 0.47664233576642334 0.46428571428571425 0.03065693430656934 0.02631578947368421
2 0.5437956204379562 0.48167293233082703 0.04525547445255474 0.02725563909774436
2 0.49270072992700725 0.5061090225563909 0.02773722627737226 0.019736842105263157
2 0.5737226277372263 0.5056390977443609 0.029197080291970802 0.03195488721804511
2 0.7737226277372262 0.5338345864661653 0.040875912408759124 0.016917293233082706
2 0.7788321167883211 0.5587406015037594 0.04233576642335766 0.02725563909774436
2 0.7291970802919707 0.5568609022556391 0.024817518248175182 0.019736842105263157
2 0.702919708029197 0.5540413533834586 0.03357664233576642 0.019736842105263157
2 0.6160583941605839 0.6015037593984962 0.032116788321167884 0.022556390977443608
2 0.04671532846715328 0.6475563909774436 0.040875912408759124 0.022556390977443608
2 0.14963503649635035 0.7030075187969924 0.05693430656934306 0.018796992481203006
2 0.6861313868613138 0.6875 0.029197080291970802 0.017857142857142856
2 0.7554744525547444 0.6964285714285714 0.02773722627737226 0.015037593984962405
2 0.8065693430656934 0.6823308270676691 0.03065693430656934 0.018796992481203006
2 0.7459854014598539 0.6541353383458646 0.029197080291970802 0.013157894736842105
2 0.7576642335766423 0.6339285714285714 0.029197080291970802 0.023496240601503758
2 0.6905109489051094 0.6287593984962405 0.01751824817518248 0.018796992481203006
2 0.6795620437956204 0.6395676691729323 0.01897810218978102 0.012218045112781954
2 0.7832116788321167 0.6099624060150376 0.0218978102189781 0.015037593984962405
2 0.9846715328467153 0.8209586466165413 0.024817518248175182 0.02537593984962406
2 0.8197080291970802 0.8054511278195489 0.04233576642335766 0.02443609022556391
2 0.791970802919708 0.825187969924812 0.05401459854014598 0.022556390977443608
2 0.7700729927007299 0.7810150375939849 0.03357664233576642 0.018796992481203006
2 0.7423357664233576 0.7678571428571428 0.0364963503649635 0.02631578947368421
2 0.7883211678832116 0.7241541353383458 0.040875912408759124 0.017857142857142856
2 0.8072992700729926 0.7363721804511277 0.032116788321167884 0.015977443609022556
2 0.837956204379562 0.7175751879699248 0.02335766423357664 0.021616541353383457
2 0.0927007299270073 0.9844924812030075 0.03357664233576642 0.019736842105263157
2 0.10145985401459853 0.9060150375939849 0.03065693430656934 0.016917293233082706
2 0.1386861313868613 0.9046052631578947 0.03795620437956204 0.02537593984962406
2 0.1583941605839416 0.9323308270676691 0.0364963503649635 0.020676691729323307
2 0.19999999999999998 0.875 0.032116788321167884 0.022556390977443608
2 0.22043795620437956 0.8970864661654134 0.04671532846715328 0.017857142857142856
2 0.20875912408759123 0.9140037593984962 0.02335766423357664 0.017857142857142856
2 0.2751824817518248 0.9111842105263157 0.0364963503649635 0.02913533834586466
2 0.5284671532846715 0.9887218045112781 0.04671532846715328 0.020676691729323307
2 0.5518248175182482 0.9332706766917293 0.05255474452554744 0.03007518796992481
2 0.6408759124087591 0.9163533834586466 0.0437956204379562 0.03383458646616541
2 0.7795620437956204 0.9553571428571428 0.029197080291970802 0.017857142857142856
2 0.8328467153284671 0.912593984962406 0.0364963503649635 0.02631578947368421
2 0.8839416058394161 0.9647556390977443 0.0364963503649635 0.02537593984962406
2 0.8591240875912408 0.7575187969924811 0.0218978102189781 0.018796992481203006
2 0.908029197080292 0.7758458646616541 0.03503649635036496 0.017857142857142856
2 0.85985401459854 0.7828947368421052 0.020437956204379562 0.02443609022556391
2 0.9386861313868613 0.8834586466165413 0.03503649635036496 0.022556390977443608
2 0.5883211678832116 0.8543233082706766 0.032116788321167884 0.018796992481203006
2 0.567883211678832 0.787593984962406 0.040875912408759124 0.020676691729323307
2 0.46715328467153283 0.7293233082706767 0.032116788321167884 0.020676691729323307
2 0.09343065693430656 0.8599624060150376 0.029197080291970802 0.020676691729323307
