2 0.1426056338028169 0.05822267620020429 0.045774647887323945 0.024514811031664967
2 0.17605633802816903 0.11133810010214505 0.035211267605633804 0.020429009193054137
2 0.2658450704225352 0.06741573033707865 0.035211267605633804 0.02655771195097038
2 0.4225352112676056 0.11031664964249234 0.045774647887323945 0.03268641470888662
2 0.5035211267605634 0.05209397344228805 0.045774647887323945 0.02247191011235955
2 0.590669014084507 0.06894790602655772 0.04753521126760563 0.027579162410623085
2 0.6813380281690141 0.06128702757916241 0.04225352112676056 0.024514811031664967
2 0.7359154929577465 0.08784473953013279 0.045774647887323945 0.028600612870275793
2 0.801056338028169 0.0372829417773238 0.04225352112676056 0.027579162410623085
2 0.2992957746478873 0.15985699693564862 0.03873239436619719 0.021450459652706845
2 0.17781690140845072 0.2007150153217569 0.0528169014084507 0.0296220633299285
2 0.4110915492957747 0.14862104187946884 0.03345070422535212 0.02553626149131767
2 0.3362676056338028 0.17313585291113381 0.03873239436619719 0.021450459652706845
2 0.0528169014084507 0.16649642492339123 0.04225352112676056 0.02247191011235955
2 0.7139084507042254 0.19969356486210418 0.04753521126760563 0.02349336057201226
2 0.7464788732394366 0.17262512768130747 0.045774647887323945 0.028600612870275793
2 0.8362676056338029 0.20990806945863127 0.0528169014084507 0.031664964249233915
2 0.9031690140845071 0.1807967313585291 0.04929577464788733 0.024514811031664967
2 0.8943661971830986 0.1338100102145046 0.045774647887323945 0.020429009193054137
2 0.881161971830986 0.10776302349336057 0.04401408450704226 0.02349336057201226
2 0.8169014084507042 0.16751787538304394 0.045774647887323945 0.020429009193054137
2 0.03697183098591549 0.27987742594484166 0.045774647887323945 0.02655771195097038
2 0.24559859154929578 0.26251276813074564 0.040492957746478875 0.030643513789581207
2 0.35211267605633806 0.26813074565883555 0.04225352112676056 0.0296220633299285
2 0.6558098591549296 0.26455566905005107 0.051056338028169015 0.030643513789581207
2 0.7904929577464789 0.2436159346271706 0.03169014084507042 0.02553626149131767
2 0.8450704225352113 0.2379979570990807 0.04929577464788733 0.02247191011235955
2 0.7376760563380282 0.2533197139938713 0.04225352112676056 0.02655771195097038
2 0.4198943661971831 0.2533197139938713 0.040492957746478875 0.02247191011235955
2 0.025528169014084508 0.36006128702757917 0.03345070422535212 0.02553626149131767
2 0.08362676056338028 0.3707865168539326 0.04401408450704226 0.02655771195097038
2 0.19190140845070422 0.35393258426966295 0.056338028169014086 0.0296220633299285
2 0.1795774647887324 0.4039836567926456 0.03873239436619719 0.027579162410623085
2 0.28169014084507044 0.37538304392236976 0.04225352112676056 0.02349336057201226
2 0.3494718309859155 0.36925434116445355 0.03697183098591549 0.02553626149131767
2 0.4357394366197183 0.3503575076608785 0.04401408450704226 0.02247191011235955
2 0.4823943661971831 0.36465781409601633 0.04929577464788733 0.030643513789581207
2 0.5642605633802817 0.35444330949948927 0.040492957746478875 0.024514811031664967
2 0.6320422535211268 0.37231869254341166 0.04225352112676056 0.027579162410623085
2 0.727112676056338 0.3682328907048008 0.04929577464788733 0.027579162410623085
2 0.8265845070422535 0.3687436159346272 0.051056338028169015 0.030643513789581207
2 0.02200704225352113 0.4627170582226762 0.040492957746478875 0.030643513789581207
2 0.10475352112676056 0.4795709908069459 0.03697183098591549 0.02553626149131767
2 0.1936619718309859 0.4683350357507661 0.04225352112676056 0.027579162410623085
2 0.25616197183098594 0.449438202247191 0.040492957746478875 0.024514811031664967
2 0.31866197183098594 0.440755873340143 0.03873239436619719 0.02553626149131767
2 0.4137323943661972 0.4336057201225741 0.045774647887323945 0.027579162410623085
2 0.3688380281690141 0.47650663942798777 0.04401408450704226 0.027579162410623085
2 0.715669014084507 0.4458631256384066 0.04753521126760563 0.02553626149131767
2 0.7975352112676056 0.4632277834525026 0.04225352112676056 0.02553626149131767
2 0.9242957746478874 0.45352400408580185 0.0528169014084507 0.030643513789581207
2 0.34066901408450706 0.5623084780388151 0.040492957746478875 0.027579162410623085
2 0.7579225352112676 0.5250255362614913 0.0545774647887324 0.024514811031664967
2 0.75 0.5515832482124617 0.045774647887323945 0.02655771195097038
2 0.8283450704225352 0.5316649642492339 0.0545774647887324 0.031664964249233915
2 0.7570422535211268 0.5883554647599591 0.03873239436619719 0.02247191011235955
2 0.3116197183098592 0.6057201225740552 0.04225352112676056 0.024514811031664967
2 0.2746478873239437 0.6424923391215526 0.045774647887323945 0.02655771195097038
2 0.16461267605633803 0.6634320735444331 0.040492957746478875 0.021450459652706845
2 0.4410211267605634 0.6567926455566905 0.04753521126760563 0.030643513789581207
2 0.32130281690140844 0.6521961184882533 0.04401408450704226 0.027579162410623085
2 0.727112676056338 0.6378958120531154 0.04929577464788733 0.03575076608784474
2 0.2068661971830986 0.7048008171603678 0.0545774647887324 0.02655771195097038
2 0.852112676056338 0.6409601634320735 0.045774647887323945 0.0296220633299285
2 0.04225352112676056 0.7574055158324822 0.045774647887323945 0.02553626149131767
2 0.019366197183098594 0.7415730337078652 0.03169014084507042 0.02247191011235955
2 0.17781690140845072 0.7492339121552605 0.045774647887323945 0.0296220633299285
2 0.2966549295774648 0.7446373850868233 0.040492957746478875 0.02655771195097038
2 0.7623239436619719 0.7027579162410623 0.04225352112676056 0.02655771195097038
2 0.7350352112676056 0.735444330949949 0.040492957746478875 0.02655771195097038
2 0.7816901408450705 0.7231869254341164 0.04225352112676056 0.02247191011235955
2 0.9154929577464789 0.7088866189989785 0.04225352112676056 0.03268641470888662
2 0.12411971830985916 0.8089887640449438 0.04753521126760563 0.028600612870275793
2 0.05369718309859155 0.8345250255362615 0.040492957746478875 0.02655771195097038
2 0.1267605633802817 0.8605720122574055 0.045774647887323945 0.027579162410623085
2 0.1857394366197183 0.8365679264555669 0.040492957746478875 0.02655771195097038
2 0.2834507042253521 0.8421859039836568 0.03873239436619719 0.027579162410623085
2 0.3846830985915493 0.8447395301327886 0.051056338028169015 0.030643513789581207
2 0.4595070422535211 0.8186925434116445 0.04929577464788733 0.031664964249233915
2 0.5246478873239436 0.8197139938712973 0.056338028169014086 0.033707865168539325
2 0.6813380281690141 0.8084780388151175 0.04225352112676056 0.02349336057201226
2 0.659330985915493 0.8672114402451482 0.04753521126760563 0.02655771195097038
2 0.8970070422535211 0.7865168539325843 0.040492957746478875 0.02655771195097038
2 0.07570422535211267 0.8799795709908069 0.04225352112676056 0.02349336057201226
2 0.1619718309859155 0.9448416751787538 0.04929577464788733 0.03677221654749745
2 0.08538732394366197 0.9279877425944842 0.051056338028169015 0.0296220633299285
2 0.02640845070422535 0.9708886618998979 0.04929577464788733 0.03575076608784474
2 0.24119718309859156 0.9116445352400409 0.04929577464788733 0.027579162410623085
2 0.3626760563380282 0.8973442288049029 0.045774647887323945 0.0296220633299285
2 0.44454225352112675 0.9438202247191011 0.0545774647887324 0.03472931562819204
2 0.2535211267605634 0.9570990806945864 0.045774647887323945 0.028600612870275793
2 0.30545774647887325 0.95097037793667 0.040492957746478875 0.028600612870275793
2 0.5237676056338029 0.9111338100102145 0.04401408450704226 0.02655771195097038
2 0.6144366197183099 0.9254341164453525 0.03873239436619719 0.02655771195097038
2 0.6927816901408451 0.9213483146067416 0.03697183098591549 0.024514811031664967
2 0.7262323943661972 0.9228804902962207 0.029929577464788734 0.0296220633299285
2 0.7552816901408451 0.8718079673135853 0.04225352112676056 0.0296220633299285
2 0.789612676056338 0.9055158324821246 0.040492957746478875 0.027579162410623085
2 0.8336267605633803 0.9341164453524005 0.0545774647887324 0.027579162410623085
2 0.8450704225352113 0.9642492339121553 0.056338028169014086 0.02655771195097038
2 0.807218309859155 0.9606741573033708 0.03345070422535212 0.02553626149131767
2 0.8899647887323944 0.8646578140960164 0.058098591549295774 0.027579162410623085
2 0.8459507042253521 0.8973442288049029 0.04401408450704226 0.02553626149131767
2 0.9647887323943662 0.9034729315628193 0.04225352112676056 0.027579162410623085
2 0.9683098591549296 0.9300306435137896 0.056338028169014086 0.031664964249233915
2 0.9427816901408451 0.9576098059244127 0.0545774647887324 0.027579162410623085
2 0.8838028169014085 0.9279877425944842 0.04929577464788733 0.027579162410623085
2 0.17077464788732394 0.49438202247191015 0.045774647887323945 0.02247191011235955
2 0.5642605633802817 0.5536261491317671 0.04401408450704226 0.028600612870275793
2 0.5026408450704225 0.26506639427987744 0.04753521126760563 0.0296220633299285
2 0.36971830985915494 0.045454545454545456 0.03873239436619719 0.02553626149131767
2 0.8943661971830986 0.030132788559754854 0.035211267605633804 0.02553626149131767
2 0.33274647887323944 0.1435137895812053 0.028169014084507043 0.01940755873340143
2 0.5440140845070423 0.15781409601634322 0.03169014084507042 0.02349336057201226
2 0.5070422535211268 0.1797752808988764 0.03169014084507042 0.02247191011235955
2 0.4480633802816901 0.18283963227783454 0.040492957746478875 0.020429009193054137
2 0.24647887323943662 0.19254341164453526 0.035211267605633804 0.01940755873340143
2 0.1153169014084507 0.17875383043922372 0.040492957746478875 0.020429009193054137
2 0.6144366197183099 0.22676200204290092 0.04225352112676056 0.02655771195097038
2 0.5431338028169014 0.2390194075587334 0.03697183098591549 0.02655771195097038
2 0.7755281690140845 0.3319713993871297 0.058098591549295774 0.028600612870275793
2 0.539612676056338 0.322267620020429 0.04401408450704226 0.021450459652706845
2 0.682218309859155 0.515832482124617 0.03697183098591549 0.02655771195097038
2 0.6188380281690141 0.6118488253319714 0.03345070422535212 0.03268641470888662
2 0.6338028169014085 0.6460674157303371 0.04225352112676056 0.02553626149131767
2 0.6126760563380281 0.7308478038815117 0.03873239436619719 0.02553626149131767
2 0.5633802816901409 0.7185903983656793 0.035211267605633804 0.021450459652706845
2 0.4198943661971831 0.7318692543411645 0.051056338028169015 0.02349336057201226
2 0.3591549295774648 0.7941777323799796 0.035211267605633804 0.027579162410623085
2 0.31778169014084506 0.7757916241062309 0.02640845070422535 0.01736465781409602
2 0.056338028169014086 0.6496424923391215 0.03873239436619719 0.02655771195097038
2 0.10475352112676056 0.6450459652706844 0.03697183098591549 0.02553626149131767
2 0.8265845070422535 0.10878447395301329 0.03697183098591549 0.02349336057201226
2 0.9304577464788732 0.1613891726251277 0.04753521126760563 0.020429009193054137
2 0.8917253521126761 0.20275791624106232 0.040492957746478875 0.01940755873340143
2 0.9040492957746479 0.0735444330949949 0.03345070422535212 0.020429009193054137
2 0.8617957746478874 0.08273748723186926 0.03345070422535212 0.018386108273748723
2 0.9216549295774648 0.10367722165474975 0.03345070422535212 0.02553626149131767
2 0.8838028169014085 0.2732379979570991 0.05985915492957747 0.033707865168539325
2 0.7852112676056339 0.5500510725229827 0.028169014084507043 0.02553626149131767
2 0.01584507042253521 0.567926455566905 0.028169014084507043 0.028600612870275793
2 0.21038732394366197 0.6373850868232891 0.03697183098591549 0.020429009193054137
2 0.7658450704225352 0.6363636363636364 0.035211267605633804 0.02247191011235955
2 0.6716549295774648 0.7201225740551583 0.04753521126760563 0.018386108273748723
2 0.6936619718309859 0.7364657814096016 0.035211267605633804 0.024514811031664967
2 0.10387323943661972 0.7385086823289071 0.035211267605633804 0.024514811031664967
2 0.8477112676056339 0.8064351378958121 0.051056338028169015 0.02349336057201226
2 0.38380281690140844 0.8702757916241063 0.03169014084507042 0.01634320735444331
2 0.7596830985915494 0.9586312563840654 0.04753521126760563 0.021450459652706845
2 0.4137323943661972 0.9698672114402451 0.03873239436619719 0.01940755873340143
2 0.14084507042253522 0.9693564862104188 0.03169014084507042 0.018386108273748723
2 0.2130281690140845 0.9627170582226763 0.03169014084507042 0.01736465781409602
2 0.1698943661971831 0.9096016343207355 0.03345070422535212 0.01736465781409602
