2 0.13949843260188088 0.07504604051565378 0.04075235109717868 0.02302025782688766
2 0.10109717868338558 0.07550644567219153 0.03918495297805642 0.020257826887661142
2 0.07601880877742946 0.05524861878453039 0.04231974921630094 0.01841620626151013
2 0.11755485893416927 0.04143646408839779 0.0438871473354232 0.02394106813996317
2 0.15517241379310345 0.04419889502762431 0.034482758620689655 0.03130755064456722
2 0.22100313479623823 0.04880294659300184 0.04702194357366771 0.03130755064456722
2 0.2170846394984326 0.08011049723756906 0.045454545454545456 0.02578268876611418
2 0.10109717868338558 0.09760589318600368 0.05799373040752351 0.022099447513812154
2 0.07288401253918494 0.12154696132596686 0.061128526645768025 0.01841620626151013
2 0.2852664576802508 0.08885819521178638 0.034482758620689655 0.03222836095764273
2 0.3221003134796238 0.07228360957642725 0.05485893416927899 0.024861878453038676
2 0.4075235109717868 0.08517495395948435 0.04075235109717868 0.02117863720073665
2 0.384012539184953 0.10911602209944751 0.05329153605015674 0.026703499079189688
2 0.2750783699059561 0.13443830570902396 0.03918495297805642 0.02394106813996317
2 0.23432601880877743 0.1132596685082873 0.048589341692789965 0.020257826887661142
2 0.5188087774294671 0.10451197053406999 0.04075235109717868 0.026703499079189688
2 0.445141065830721 0.12154696132596686 0.03761755485893417 0.022099447513812154
2 0.4404388714733542 0.10082872928176796 0.03761755485893417 0.019337016574585635
2 0.609717868338558 0.11187845303867404 0.034482758620689655 0.019337016574585635
2 0.6457680250783698 0.10174953959484347 0.03134796238244514 0.02117863720073665
2 0.6136363636363636 0.08517495395948435 0.032915360501567396 0.02302025782688766
2 0.54858934169279 0.14732965009208104 0.04075235109717868 0.02578268876611418
2 0.3785266457680251 0.141804788213628 0.05485893416927899 0.022099447513812154
2 0.32523510971786834 0.12246777163904236 0.045454545454545456 0.03130755064456722
2 0.14341692789968652 0.1505524861878453 0.045454545454545456 0.02302025782688766
2 0.07915360501567398 0.16114180478821363 0.048589341692789965 0.020257826887661142
2 0.17398119122257052 0.10313075506445672 0.034482758620689655 0.027624309392265196
2 0.731974921630094 0.0570902394106814 0.03761755485893417 0.02394106813996317
2 0.6833855799373041 0.05570902394106814 0.0438871473354232 0.02302025782688766
2 0.7084639498432601 0.08425414364640885 0.05329153605015674 0.024861878453038676
2 0.7923197492163009 0.08057090239410682 0.03918495297805642 0.0285451197053407
2 0.7782131661442006 0.04972375690607735 0.045454545454545456 0.022099447513812154
2 0.8126959247648903 0.03683241252302026 0.04231974921630094 0.02394106813996317
2 0.8691222570532915 0.01841620626151013 0.04231974921630094 0.034990791896869246
2 0.9200626959247649 0.046961325966850834 0.04702194357366771 0.03314917127071823
2 0.9506269592476488 0.06906077348066299 0.05172413793103448 0.034990791896869246
2 0.8487460815047022 0.10773480662983426 0.045454545454545456 0.03130755064456722
2 0.8934169278996865 0.11832412523020258 0.0438871473354232 0.03222836095764273
2 0.9263322884012539 0.10819521178637201 0.034482758620689655 0.030386740331491715
2 0.9286833855799372 0.13950276243093923 0.045454545454545456 0.026703499079189688
2 0.8777429467084639 0.15515653775322283 0.05329153605015674 0.026703499079189688
2 0.8989028213166144 0.17633517495395948 0.04231974921630094 0.0285451197053407
2 0.9655172413793103 0.210865561694291 0.05642633228840125 0.027624309392265196
2 0.9247648902821316 0.2302025782688766 0.04702194357366771 0.022099447513812154
2 0.8667711598746081 0.21915285451197053 0.050156739811912224 0.029465930018416207
2 0.8315047021943573 0.18001841620626152 0.045454545454545456 0.024861878453038676
2 0.7860501567398119 0.15377532228360957 0.045454545454545456 0.02578268876611418
2 0.8040752351097178 0.1252302025782689 0.0438871473354232 0.02578268876611418
2 0.725705329153605 0.14226519337016574 0.0438871473354232 0.02302025782688766
2 0.6371473354231975 0.14410681399631675 0.03918495297805642 0.02117863720073665
2 0.65282131661442 0.17173112338858196 0.03605015673981191 0.026703499079189688
2 0.70141065830721 0.1721915285451197 0.04231974921630094 0.02394106813996317
2 0.5963949843260188 0.1832412523020258 0.045454545454545456 0.027624309392265196
2 0.2147335423197492 0.15837937384898712 0.04702194357366771 0.020257826887661142
2 0.11912225705329153 0.19152854511970535 0.03761755485893417 0.02394106813996317
2 0.16692789968652036 0.1892265193370166 0.04231974921630094 0.03222836095764273
2 0.26880877742946707 0.17265193370165746 0.048589341692789965 0.03406998158379374
2 0.2170846394984326 0.1869244935543278 0.03918495297805642 0.03130755064456722
2 0.329153605015674 0.1625230202578269 0.05329153605015674 0.030386740331491715
2 0.3283699059561128 0.18646408839779005 0.04231974921630094 0.02302025782688766
2 0.3824451410658307 0.17495395948434622 0.034482758620689655 0.027624309392265196
2 0.42241379310344823 0.1731123388581952 0.032915360501567396 0.022099447513812154
2 0.44357366771159873 0.19060773480662985 0.034482758620689655 0.02394106813996317
2 0.4615987460815047 0.17081031307550645 0.03605015673981191 0.02302025782688766
2 0.49921630094043884 0.15745856353591162 0.04231974921630094 0.027624309392265196
2 0.7045454545454545 0.19705340699815838 0.05172413793103448 0.02578268876611418
2 0.7413793103448275 0.22421731123388583 0.050156739811912224 0.0285451197053407
2 0.7750783699059561 0.20257826887661143 0.03918495297805642 0.027624309392265196
2 0.7797805642633229 0.18093922651933703 0.04231974921630094 0.026703499079189688
2 0.8166144200626959 0.2076427255985267 0.0438871473354232 0.026703499079189688
2 0.8863636363636364 0.2587476979742173 0.03918495297805642 0.03683241252302026
2 0.9286833855799372 0.2628913443830571 0.05172413793103448 0.03406998158379374
2 0.8409090909090908 0.27946593001841624 0.03605015673981191 0.03222836095764273
2 0.8691222570532915 0.27163904235727443 0.03605015673981191 0.029465930018416207
2 0.8126959247648903 0.251841620626151 0.03605015673981191 0.037753222836095765
2 0.7750783699059561 0.2877532228360958 0.045454545454545456 0.026703499079189688
2 0.7249216300940439 0.3015653775322284 0.04231974921630094 0.04143646408839779
2 0.6379310344827586 0.2334254143646409 0.0438871473354232 0.03406998158379374
2 0.658307210031348 0.2868324125230203 0.04075235109717868 0.030386740331491715
2 0.609717868338558 0.2679558011049724 0.04702194357366771 0.04788213627992634
2 0.6089341692789968 0.30478821362799263 0.048589341692789965 0.029465930018416207
2 0.5517241379310345 0.2697974217311234 0.04075235109717868 0.03130755064456722
2 0.48746081504702193 0.2085635359116022 0.04702194357366771 0.030386740331491715
2 0.47492163009404387 0.24861878453038674 0.03761755485893417 0.02578268876611418
2 0.4976489028213166 0.26151012891344383 0.048589341692789965 0.03867403314917127
2 0.25235109717868337 0.24263351749539597 0.04702194357366771 0.0285451197053407
2 0.2225705329153605 0.21639042357274402 0.0438871473354232 0.02394106813996317
2 0.1974921630094044 0.23756906077348067 0.03761755485893417 0.02394106813996317
2 0.16065830721003135 0.24263351749539597 0.045454545454545456 0.02117863720073665
2 0.12147335423197492 0.21593001841620627 0.03918495297805642 0.019337016574585635
2 0.06191222570532915 0.2076427255985267 0.05799373040752351 0.024861878453038676
2 0.09247648902821316 0.2412523020257827 0.04702194357366771 0.02394106813996317
2 0.032915360501567396 0.29005524861878457 0.05642633228840125 0.029465930018416207
2 0.08855799373040751 0.27025782688766115 0.045454545454545456 0.019337016574585635
2 0.13636363636363635 0.27900552486187846 0.0438871473354232 0.03314917127071823
2 0.22648902821316613 0.28222836095764275 0.04231974921630094 0.02302025782688766
2 0.3550156739811912 0.2154696132596685 0.04231974921630094 0.027624309392265196
2 0.2750783699059561 0.2058011049723757 0.03918495297805642 0.026703499079189688
2 0.3949843260188088 0.2048802946593002 0.03761755485893417 0.02117863720073665
2 0.43103448275862066 0.23756906077348067 0.05329153605015674 0.01841620626151013
2 0.5156739811912225 0.23204419889502764 0.04075235109717868 0.02394106813996317
2 0.329153605015674 0.26841620626151014 0.034482758620689655 0.026703499079189688
2 0.3730407523510972 0.2707182320441989 0.0438871473354232 0.02394106813996317
2 0.38714733542319746 0.2914364640883978 0.05329153605015674 0.02117863720073665
2 0.43025078369905956 0.2776243093922652 0.04231974921630094 0.03222836095764273
2 0.5556426332288401 0.2955801104972376 0.06426332288401254 0.02578268876611418
2 0.396551724137931 0.31583793738489874 0.05956112852664577 0.022099447513812154
2 0.19043887147335423 0.3342541436464089 0.045454545454545456 0.02578268876611418
2 0.12147335423197492 0.35819521178637204 0.045454545454545456 0.03130755064456722
2 0.06896551724137931 0.3733885819521179 0.05329153605015674 0.030386740331491715
2 0.27586206896551724 0.35865561694290976 0.06269592476489028 0.02302025782688766
2 0.37539184952978055 0.34714548802946593 0.048589341692789965 0.029465930018416207
2 0.45219435736677116 0.3457642725598527 0.05485893416927899 0.030386740331491715
2 0.4866771159874608 0.3867403314917127 0.045454545454545456 0.027624309392265196
2 0.45454545454545453 0.40699815837937386 0.04075235109717868 0.020257826887661142
2 0.5148902821316614 0.3462246777163904 0.03605015673981191 0.022099447513812154
2 0.5587774294670846 0.35220994475138123 0.03918495297805642 0.02302025782688766
2 0.5258620689655172 0.31675874769797424 0.045454545454545456 0.02394106813996317
2 0.46943573667711597 0.31353591160220995 0.04231974921630094 0.0285451197053407
2 0.6112852664576802 0.3347145488029466 0.04075235109717868 0.024861878453038676
2 0.5971786833855799 0.3720073664825046 0.04075235109717868 0.029465930018416207
2 0.65282131661442 0.3738489871086556 0.045454545454545456 0.02394106813996317
2 0.6763322884012539 0.3416206261510129 0.03918495297805642 0.027624309392265196
2 0.7006269592476488 0.3664825046040516 0.04075235109717868 0.02578268876611418
2 0.768025078369906 0.36187845303867405 0.0438871473354232 0.022099447513812154
2 0.8079937304075234 0.3411602209944751 0.032915360501567396 0.0285451197053407
2 0.8785266457680251 0.3314917127071823 0.032915360501567396 0.027624309392265196
2 0.7515673981191222 0.39917127071823205 0.032915360501567396 0.024861878453038676
2 0.7876175548589341 0.3987108655616943 0.03605015673981191 0.027624309392265196
2 0.8166144200626959 0.421731123388582 0.034482758620689655 0.02394106813996317
2 0.19670846394984326 0.4194290976058932 0.05485893416927899 0.0285451197053407
2 0.07836990595611285 0.4622467771639043 0.04075235109717868 0.027624309392265196
2 0.3573667711598746 0.43646408839779005 0.04702194357366771 0.029465930018416207
2 0.2915360501567398 0.45441988950276246 0.050156739811912224 0.0285451197053407
2 0.23824451410658307 0.48756906077348067 0.050156739811912224 0.0285451197053407
2 0.18338557993730406 0.4659300184162063 0.05329153605015674 0.022099447513812154
2 0.11598746081504702 0.47007366482504603 0.034482758620689655 0.0285451197053407
2 0.5634796238244514 0.43278084714548803 0.032915360501567396 0.02578268876611418
2 0.5274294670846394 0.44935543278084716 0.032915360501567396 0.022099447513812154
2 0.5235109717868338 0.4774401473296501 0.0438871473354232 0.024861878453038676
2 0.6606583072100313 0.4719152854511971 0.03918495297805642 0.030386740331491715
2 0.4459247648902821 0.44198895027624313 0.04231974921630094 0.02394106813996317
2 0.4130094043887147 0.4783609576427256 0.03605015673981191 0.02117863720073665
2 0.3518808777429467 0.48112338858195214 0.032915360501567396 0.019337016574585635
2 0.7437304075235109 0.4686924493554328 0.04231974921630094 0.02394106813996317
2 0.7915360501567398 0.4539594843462247 0.050156739811912224 0.022099447513812154
2 0.865987460815047 0.460865561694291 0.03605015673981191 0.024861878453038676
2 0.8213166144200627 0.48020257826887663 0.0438871473354232 0.02302025782688766
2 0.8377742946708464 0.5013812154696132 0.032915360501567396 0.02117863720073665
2 0.9137931034482758 0.47007366482504603 0.0438871473354232 0.0285451197053407
2 0.5838557993730408 0.4673112338858195 0.04231974921630094 0.026703499079189688
2 0.05094043887147335 0.5138121546961326 0.03605015673981191 0.02578268876611418
2 0.0768025078369906 0.5345303867403315 0.03134796238244514 0.024861878453038676
2 0.1073667711598746 0.574585635359116 0.045454545454545456 0.02394106813996317
2 0.1927899686520376 0.5511049723756907 0.034482758620689655 0.03222836095764273
2 0.2390282131661442 0.5699815837937385 0.045454545454545456 0.027624309392265196
2 0.13557993730407522 0.5483425414364641 0.03918495297805642 0.02302025782688766
2 0.31504702194357365 0.5368324125230203 0.0438871473354232 0.027624309392265196
2 0.48589341692789967 0.5382136279926335 0.034482758620689655 0.02302025782688766
2 0.43887147335423193 0.5902394106813996 0.0438871473354232 0.029465930018416207
2 0.554858934169279 0.5483425414364641 0.03761755485893417 0.024861878453038676
2 0.6128526645768024 0.5363720073664825 0.0438871473354232 0.024861878453038676
2 0.731974921630094 0.533609576427256 0.03761755485893417 0.024861878453038676
2 0.6520376175548589 0.5741252302025783 0.04702194357366771 0.026703499079189688
2 0.793103448275862 0.5432780847145489 0.034482758620689655 0.022099447513812154
2 0.695141065830721 0.6077348066298343 0.03605015673981191 0.02394106813996317
2 0.6293103448275862 0.5962246777163904 0.045454545454545456 0.019337016574585635
2 0.603448275862069 0.5681399631675875 0.050156739811912224 0.020257826887661142
2 0.85423197492163 0.5441988950276243 0.04075235109717868 0.02394106813996317
2 0.8628526645768024 0.5741252302025783 0.02664576802507837 0.02117863720073665
2 0.32053291536050155 0.6058931860036832 0.05172413793103448 0.02578268876611418
2 0.26332288401253917 0.6155616942909761 0.0438871473354232 0.019337016574585635
2 0.25313479623824453 0.5957642725598526 0.03918495297805642 0.01841620626151013
2 0.11912225705329153 0.6178637200736649 0.03761755485893417 0.02578268876611418
2 0.028996865203761754 0.6022099447513812 0.05172413793103448 0.027624309392265196
2 0.02664576802507837 0.5511049723756907 0.034482758620689655 0.02302025782688766
2 0.04075235109717868 0.6505524861878453 0.0438871473354232 0.02302025782688766
2 0.07836990595611285 0.6312154696132597 0.03761755485893417 0.019337016574585635
2 0.18887147335423196 0.6404235727440147 0.03918495297805642 0.0285451197053407
2 0.2311912225705329 0.6473296500920811 0.04231974921630094 0.027624309392265196
2 0.2907523510971787 0.6473296500920811 0.045454545454545456 0.027624309392265196
2 0.3495297805642633 0.641804788213628 0.050156739811912224 0.02578268876611418
2 0.40282131661442006 0.6325966850828729 0.0438871473354232 0.027624309392265196
2 0.4780564263322884 0.6372007366482505 0.034482758620689655 0.022099447513812154
2 0.549373040752351 0.641804788213628 0.045454545454545456 0.02578268876611418
2 0.5948275862068966 0.6238489871086557 0.029780564263322883 0.02302025782688766
2 0.6669278996865203 0.6505524861878453 0.045454545454545456 0.0285451197053407
2 0.7092476489028213 0.6385819521178637 0.029780564263322883 0.02117863720073665
2 0.7405956112852664 0.638121546961326 0.029780564263322883 0.027624309392265196
2 0.7836990595611285 0.6372007366482505 0.0438871473354232 0.027624309392265196
2 0.8181818181818181 0.6298342541436465 0.03761755485893417 0.020257826887661142
2 0.847962382445141 0.6091160220994475 0.04075235109717868 0.02117863720073665
2 0.9051724137931034 0.6298342541436465 0.04231974921630094 0.029465930018416207
2 0.5721003134796238 0.49355432780847147 0.03134796238244514 0.022099447513812154
2 0.2476489028213166 0.5161141804788214 0.028213166144200625 0.019337016574585635
2 0.6199059561128526 0.6252302025782689 0.032915360501567396 0.01841620626151013
2 0.11755485893416927 0.6634438305709024 0.034482758620689655 0.02117863720073665
2 0.08934169278996865 0.7094843462246777 0.0438871473354232 0.024861878453038676
2 0.14733542319749215 0.7182320441988951 0.0438871473354232 0.02578268876611418
2 0.1841692789968652 0.7058011049723757 0.045454545454545456 0.030386740331491715
2 0.2445141065830721 0.7071823204419889 0.03761755485893417 0.02394106813996317
2 0.372257053291536 0.675414364640884 0.045454545454545456 0.024861878453038676
2 0.3942006269592476 0.7154696132596685 0.03605015673981191 0.02394106813996317
2 0.43887147335423193 0.6901473296500921 0.04075235109717868 0.02302025782688766
2 0.4811912225705329 0.7016574585635359 0.0438871473354232 0.027624309392265196
2 0.5329153605015674 0.7048802946593002 0.04702194357366771 0.026703499079189688
2 0.3181818181818182 0.7177716390423573 0.03761755485893417 0.019337016574585635
2 0.634796238244514 0.7209944751381215 0.0438871473354232 0.02578268876611418
2 0.7115987460815046 0.7145488029465931 0.04075235109717868 0.027624309392265196
2 0.7335423197492162 0.6956721915285451 0.03761755485893417 0.02302025782688766
2 0.7742946708463949 0.6938305709023941 0.03761755485893417 0.024861878453038676
2 0.8605015673981191 0.7127071823204421 0.050156739811912224 0.029465930018416207
2 0.8181818181818181 0.7366482504604052 0.03134796238244514 0.02394106813996317
2 0.08072100313479623 0.7891344383057091 0.045454545454545456 0.027624309392265196
2 0.15517241379310345 0.8006445672191529 0.034482758620689655 0.024861878453038676
2 0.24294670846394983 0.7679558011049724 0.028213166144200625 0.022099447513812154
2 0.27115987460815044 0.7697974217311234 0.03761755485893417 0.02578268876611418
2 0.34796238244514105 0.774401473296501 0.0438871473354232 0.02578268876611418
2 0.4114420062695925 0.7863720073664825 0.045454545454545456 0.02394106813996317
2 0.48275862068965514 0.7951197053406999 0.04075235109717868 0.024861878453038676
2 0.5156739811912225 0.8034069981583793 0.0438871473354232 0.030386740331491715
2 0.5579937304075235 0.7955801104972376 0.04702194357366771 0.029465930018416207
2 0.6081504702194357 0.7845303867403315 0.04075235109717868 0.022099447513812154
2 0.646551724137931 0.7965009208103131 0.04231974921630094 0.02394106813996317
2 0.7280564263322884 0.8043278084714549 0.03918495297805642 0.026703499079189688
2 0.7194357366771159 0.7688766114180479 0.03761755485893417 0.02394106813996317
2 0.841692789968652 0.7638121546961326 0.0438871473354232 0.02302025782688766
2 0.7836990595611285 0.778084714548803 0.05642633228840125 0.022099447513812154
2 0.8181818181818181 0.7978821362799263 0.03761755485893417 0.02302025782688766
2 0.8800940438871473 0.8001841620626151 0.045454545454545456 0.02578268876611418
2 0.21786833855799373 0.8038674033149171 0.03134796238244514 0.02578268876611418
2 0.1841692789968652 0.817219152854512 0.032915360501567396 0.017495395948434623
2 0.10893416927899686 0.8337937384898712 0.03918495297805642 0.024861878453038676
2 0.06347962382445141 0.8499079189686924 0.03605015673981191 0.020257826887661142
2 0.023510971786833854 0.85451197053407 0.04075235109717868 0.020257826887661142
2 0.7789968652037618 0.817219152854512 0.03761755485893417 0.019337016574585635
2 0.9067398119122256 0.8558931860036832 0.03918495297805642 0.02302025782688766
2 0.9670846394984326 0.8609576427255986 0.0438871473354232 0.022099447513812154
2 0.9639498432601881 0.8333333333333334 0.05642633228840125 0.027624309392265196
2 0.8777429467084639 0.822744014732965 0.0438871473354232 0.017495395948434623
2 0.8236677115987461 0.8554327808471455 0.03918495297805642 0.027624309392265196
2 0.8628526645768024 0.8623388581952118 0.03918495297805642 0.03406998158379374
2 0.6959247648902821 0.8218232044198895 0.0438871473354232 0.02302025782688766
2 0.6982758620689655 0.848987108655617 0.048589341692789965 0.02578268876611418
2 0.7695924764890282 0.8733885819521179 0.0438871473354232 0.02302025782688766
2 0.7523510971786833 0.8393186003683242 0.050156739811912224 0.02117863720073665
2 0.7719435736677116 0.8936464088397791 0.03605015673981191 0.019337016574585635
2 0.8126959247648903 0.8830570902394107 0.04231974921630094 0.01841620626151013
2 0.8385579937304075 0.930939226519337 0.0438871473354232 0.03130755064456722
2 0.8769592476489028 0.8973296500920811 0.045454545454545456 0.03406998158379374
2 0.6630094043887147 0.8941068139963168 0.04075235109717868 0.027624309392265196
2 0.6332288401253918 0.8701657458563536 0.04075235109717868 0.01841620626151013
2 0.6543887147335423 0.8411602209944752 0.02664576802507837 0.024861878453038676
2 0.49686520376175547 0.8328729281767956 0.0438871473354232 0.026703499079189688
2 0.5885579937304075 0.8802946593001842 0.045454545454545456 0.022099447513812154
2 0.60423197492163 0.9033149171270719 0.045454545454545456 0.02578268876611418
2 0.5564263322884012 0.9074585635359116 0.04702194357366771 0.0285451197053407
2 0.530564263322884 0.8839779005524863 0.045454545454545456 0.022099447513812154
2 0.48197492163009403 0.8724677716390424 0.04231974921630094 0.02302025782688766
2 0.7437304075235109 0.9723756906077349 0.032915360501567396 0.03683241252302026
2 0.8126959247648903 0.9673112338858195 0.04231974921630094 0.04143646408839779
2 0.8550156739811912 0.9705340699815839 0.04231974921630094 0.0423572744014733
2 0.762539184952978 0.929097605893186 0.04231974921630094 0.03314917127071823
2 0.7225705329153604 0.9129834254143647 0.04075235109717868 0.02302025782688766
2 0.7123824451410659 0.9567219152854513 0.03605015673981191 0.03867403314917127
2 0.6606583072100313 0.9585635359116023 0.03605015673981191 0.03130755064456722
2 0.670846394984326 0.9249539594843462 0.03761755485893417 0.024861878453038676
2 0.4811912225705329 0.9429097605893186 0.04075235109717868 0.03130755064456722
2 0.44905956112852663 0.9208103130755064 0.03918495297805642 0.020257826887661142
2 0.4263322884012539 0.888121546961326 0.03761755485893417 0.03591160220994475
2 0.3785266457680251 0.8807550644567219 0.048589341692789965 0.026703499079189688
2 0.25470219435736674 0.8572744014732966 0.03605015673981191 0.022099447513812154
2 0.21081504702194356 0.841620626151013 0.04231974921630094 0.020257826887661142
2 0.1982758620689655 0.8802946593001842 0.04231974921630094 0.022099447513812154
2 0.22648902821316613 0.8987108655616943 0.04231974921630094 0.02394106813996317
2 0.21865203761755486 0.9484346224677717 0.03918495297805642 0.029465930018416207
2 0.18181818181818182 0.9323204419889504 0.03761755485893417 0.017495395948434623
2 0.2860501567398119 0.9442909760589319 0.04231974921630094 0.0285451197053407
2 0.3025078369905956 0.8964088397790055 0.03761755485893417 0.024861878453038676
2 0.32601880877742945 0.9157458563535912 0.0438871473354232 0.026703499079189688
2 0.3573667711598746 0.9051565377532229 0.03761755485893417 0.020257826887661142
2 0.3769592476489028 0.9203499079189688 0.045454545454545456 0.026703499079189688
2 0.3244514106583072 0.8370165745856354 0.0438871473354232 0.022099447513812154
2 0.13322884012539185 0.8779926335174955 0.0438871473354232 0.02117863720073665
2 0.13793103448275862 0.852670349907919 0.05329153605015674 0.027624309392265196
2 0.08542319749216301 0.8890423572744015 0.03918495297805642 0.024861878453038676
2 0.1183385579937304 0.934622467771639 0.048589341692789965 0.029465930018416207
2 0.08150470219435736 0.9465930018416207 0.034482758620689655 0.027624309392265196
2 0.140282131661442 0.9033149171270719 0.048589341692789965 0.020257826887661142
2 0.3228840125391849 0.8710865561694291 0.0438871473354232 0.02394106813996317
2 0.45219435736677116 0.843462246777164 0.03918495297805642 0.02578268876611418
2 0.372257053291536 0.8402394106813996 0.04231974921630094 0.02117863720073665
2 0.865987460815047 0.39456721915285453 0.048589341692789965 0.0285451197053407
2 0.4678683385579937 0.0649171270718232 0.03605015673981191 0.01565377532228361
2 0.47413793103448276 0.0856353591160221 0.03918495297805642 0.01841620626151013
2 0.5023510971786833 0.06906077348066299 0.032915360501567396 0.016574585635359115
2 0.572884012539185 0.08701657458563536 0.048589341692789965 0.019337016574585635
2 0.6332288401253918 0.0718232044198895 0.03134796238244514 0.01841620626151013
2 0.8620689655172413 0.06353591160220995 0.04702194357366771 0.022099447513812154
2 0.768025078369906 0.10359116022099447 0.03134796238244514 0.02302025782688766
2 0.7139498432601881 0.1072744014732965 0.03605015673981191 0.017495395948434623
2 0.6481191222570533 0.12338858195211787 0.045454545454545456 0.022099447513812154
2 0.6873040752351097 0.13075506445672191 0.03918495297805642 0.03130755064456722
2 0.8181818181818181 0.14502762430939228 0.03134796238244514 0.019337016574585635
2 0.4898119122257053 0.12338858195211787 0.048589341692789965 0.02578268876611418
2 0.44749216300940436 0.141804788213628 0.032915360501567396 0.01841620626151013
2 0.21786833855799373 0.13535911602209946 0.05642633228840125 0.02394106813996317
2 0.018808777429467086 0.20718232044198895 0.03134796238244514 0.022099447513812154
2 0.3072100313479624 0.20810313075506445 0.028213166144200625 0.020257826887661142
2 0.05094043887147335 0.24447513812154698 0.03605015673981191 0.03222836095764273
2 0.03134796238244514 0.2601289134438306 0.03761755485893417 0.02117863720073665
2 0.274294670846395 0.287292817679558 0.034482758620689655 0.022099447513812154
2 0.30956112852664575 0.2905156537753223 0.032915360501567396 0.017495395948434623
2 0.6504702194357367 0.2601289134438306 0.03761755485893417 0.02117863720073665
2 0.7249216300940439 0.27394106813996316 0.029780564263322883 0.017495395948434623
2 0.7915360501567398 0.30755064456721914 0.03134796238244514 0.01289134438305709
2 0.811128526645768 0.27992633517495397 0.023510971786833854 0.022099447513812154
2 0.7813479623824451 0.2513812154696133 0.02664576802507837 0.03314917127071823
2 0.8471786833855799 0.3337937384898711 0.029780564263322883 0.019337016574585635
2 0.25391849529780564 0.38535911602209943 0.04075235109717868 0.019337016574585635
2 0.15047021943573669 0.41114180478821366 0.028213166144200625 0.017495395948434623
2 0.1457680250783699 0.4240331491712707 0.028213166144200625 0.011970534069981584
2 0.19592476489028213 0.44659300184162065 0.05329153605015674 0.022099447513812154
2 0.2554858934169279 0.4304788213627993 0.028213166144200625 0.019337016574585635
2 0.2852664576802508 0.4194290976058932 0.034482758620689655 0.03406998158379374
2 0.39811912225705326 0.4521178637200737 0.04075235109717868 0.01841620626151013
2 0.3377742946708464 0.4576427255985267 0.045454545454545456 0.022099447513812154
2 0.3189655172413793 0.4834254143646409 0.029780564263322883 0.02394106813996317
2 0.2852664576802508 0.48572744014732966 0.03761755485893417 0.026703499079189688
2 0.048589341692789965 0.4834254143646409 0.034482758620689655 0.016574585635359115
2 0.09247648902821316 0.5004604051565378 0.028213166144200625 0.0285451197053407
2 0.12304075235109717 0.5078268876611418 0.029780564263322883 0.024861878453038676
2 0.4051724137931034 0.5004604051565378 0.032915360501567396 0.019337016574585635
2 0.36912225705329155 0.5230202578268877 0.03918495297805642 0.01841620626151013
2 0.45141065830721 0.5184162062615102 0.028213166144200625 0.01841620626151013
2 0.46081504702194354 0.48987108655616945 0.0438871473354232 0.02578268876611418
2 0.5078369905956113 0.5087476979742174 0.0438871473354232 0.03222836095764273
2 0.5195924764890282 0.430939226519337 0.032915360501567396 0.01841620626151013
2 0.5172413793103449 0.40791896869244937 0.03134796238244514 0.01841620626151013
2 0.54858934169279 0.3825966850828729 0.0438871473354232 0.02302025782688766
2 0.8957680250783698 0.43186003683241253 0.04231974921630094 0.02394106813996317
2 0.9514106583072099 0.4705340699815838 0.03134796238244514 0.02394106813996317
2 0.8918495297805642 0.5151933701657458 0.03761755485893417 0.037753222836095765
2 0.9043887147335423 0.56353591160221 0.0438871473354232 0.022099447513812154
2 0.7586206896551724 0.5506445672191529 0.03761755485893417 0.022099447513812154
2 0.7108150470219435 0.5699815837937385 0.05485893416927899 0.020257826887661142
2 0.7100313479623824 0.5906998158379374 0.03761755485893417 0.02117863720073665
2 0.6536050156739812 0.535451197053407 0.03761755485893417 0.024861878453038676
2 0.5893416927899686 0.5239410681399632 0.03761755485893417 0.01841620626151013
2 0.5164576802507836 0.5483425414364641 0.03605015673981191 0.030386740331491715
2 0.567398119122257 0.5750460405156538 0.028213166144200625 0.019337016574585635
2 0.5815047021943573 0.5930018416206262 0.0438871473354232 0.014732965009208104
2 0.6567398119122256 0.6187845303867403 0.04075235109717868 0.02578268876611418
2 0.15752351097178682 0.5851749539594844 0.03918495297805642 0.02117863720073665
2 0.13401253918495298 0.598987108655617 0.032915360501567396 0.01565377532228361
2 0.20219435736677116 0.6077348066298343 0.04702194357366771 0.03683241252302026
2 0.10109717868338558 0.6850828729281768 0.045454545454545456 0.02394106813996317
2 0.18181818181818182 0.664364640883978 0.03134796238244514 0.02117863720073665
2 0.14733542319749215 0.6362799263351749 0.034482758620689655 0.02394106813996317
2 0.12225705329153605 0.6436464088397791 0.0219435736677116 0.014732965009208104
2 0.1512539184952978 0.6579189686924494 0.02664576802507837 0.019337016574585635
2 0.329153605015674 0.6763351749539596 0.03134796238244514 0.02117863720073665
2 0.646551724137931 0.6731123388581952 0.032915360501567396 0.022099447513812154
2 0.8620689655172413 0.7403314917127072 0.025078369905956112 0.02394106813996317
2 0.8973354231974922 0.7711786372007366 0.03605015673981191 0.02302025782688766
2 0.15830721003134796 0.7665745856353592 0.034482758620689655 0.017495395948434623
2 0.05094043887147335 0.7191528545119705 0.02664576802507837 0.01841620626151013
2 0.6191222570532915 0.8319521178637201 0.04075235109717868 0.02302025782688766
2 0.7876175548589341 0.7978821362799263 0.02037617554858934 0.019337016574585635
2 0.9851097178683386 0.7882136279926335 0.029780564263322883 0.02394106813996317
2 0.7609717868338558 0.7398710865561695 0.02664576802507837 0.017495395948434623
2 0.786833855799373 0.7223756906077349 0.028213166144200625 0.017495395948434623
2 0.8338557993730408 0.8360957642725599 0.034482758620689655 0.01841620626151013
2 0.9459247648902821 0.8973296500920811 0.05485893416927899 0.024861878453038676
2 0.9090909090909091 0.9212707182320442 0.06896551724137931 0.017495395948434623
2 0.70141065830721 0.8807550644567219 0.03605015673981191 0.017495395948434623
2 0.7327586206896551 0.8927255985267035 0.032915360501567396 0.019337016574585635
2 0.42554858934169276 0.9410681399631676 0.04231974921630094 0.022099447513812154
2 0.3942006269592476 0.9534990791896869 0.03605015673981191 0.019337016574585635
2 0.2672413793103448 0.8061694290976059 0.023510971786833854 0.017495395948434623
2 0.012539184952978056 0.8766114180478821 0.0219435736677116 0.01841620626151013
2 0.0109717868338558 0.8950276243093923 0.018808777429467086 0.01841620626151013
2 0.011755485893416927 0.9175874769797422 0.02037617554858934 0.019337016574585635
2 0.06583072100313479 0.9208103130755064 0.04702194357366771 0.02394106813996317
2 0.6238244514106582 0.9484346224677717 0.03134796238244514 0.022099447513812154
2 0.634796238244514 0.9249539594843462 0.03134796238244514 0.02117863720073665
2 0.591692789968652 0.9286372007366482 0.04231974921630094 0.019337016574585635
