2 0.6610800744878957 0.10964467005076142 0.0595903165735568 0.026395939086294416
2 0.8249534450651769 0.12081218274111676 0.0670391061452514 0.03248730964467005
2 0.6741154562383612 0.14416243654822336 0.048417132216014895 0.024365482233502538
2 0.7653631284916201 0.1715736040609137 0.0521415270018622 0.028426395939086295
2 0.47113594040968343 0.20558375634517767 0.040968342644320296 0.029441624365482234
2 0.18901303538175046 0.18071065989847718 0.05027932960893855 0.024365482233502538
2 0.3743016759776536 0.18223350253807108 0.0446927374301676 0.021319796954314723
2 0.537243947858473 0.21472081218274114 0.04655493482309125 0.025380710659898477
2 0.5772811918063314 0.20609137055837565 0.0446927374301676 0.030456852791878174
2 0.7821229050279329 0.2035532994923858 0.0521415270018622 0.025380710659898477
2 0.664804469273743 0.2401015228426396 0.048417132216014895 0.029441624365482234
2 0.7644320297951582 0.2436548223350254 0.05772811918063315 0.024365482233502538
2 0.43202979515828677 0.2187817258883249 0.0335195530726257 0.019289340101522844
2 0.19273743016759776 0.2416243654822335 0.054003724394785846 0.028426395939086295
2 0.31564245810055863 0.28071065989847716 0.05027932960893855 0.03350253807106599
2 0.44972067039106145 0.3081218274111675 0.05027932960893855 0.0233502538071066
2 0.521415270018622 0.300507614213198 0.048417132216014895 0.024365482233502538
2 0.6238361266294227 0.27411167512690354 0.0521415270018622 0.026395939086294416
2 0.7029795158286778 0.29340101522842643 0.04655493482309125 0.026395939086294416
2 0.6471135940409684 0.32791878172588834 0.05772811918063315 0.024365482233502538
2 0.4031657355679702 0.3116751269035533 0.04655493482309125 0.026395939086294416
2 0.7895716945996275 0.28883248730964467 0.0521415270018622 0.029441624365482234
2 0.9338919925512105 0.2908629441624366 0.04655493482309125 0.025380710659898477
2 0.2988826815642458 0.3370558375634518 0.05027932960893855 0.026395939086294416
2 0.2243947858472998 0.316243654822335 0.04655493482309125 0.021319796954314723
2 0.18901303538175046 0.3269035532994924 0.035381750465549346 0.024365482233502538
2 0.2169459962756052 0.3822335025380711 0.042830540037243944 0.0233502538071066
2 0.26350093109869643 0.38274111675126904 0.042830540037243944 0.022335025380710662
2 0.27281191806331473 0.40050761421319797 0.042830540037243944 0.0233502538071066
2 0.3286778398510242 0.41776649746192895 0.05027932960893855 0.025380710659898477
2 0.38640595903165736 0.3786802030456853 0.04655493482309125 0.026395939086294416
2 0.5456238361266295 0.3873096446700508 0.0521415270018622 0.027411167512690356
2 0.6070763500931099 0.3725888324873097 0.0446927374301676 0.022335025380710662
2 0.7299813780260708 0.40456852791878173 0.055865921787709494 0.027411167512690356
2 0.7402234636871509 0.37106598984771577 0.054003724394785846 0.027411167512690356
2 0.7932960893854748 0.3802030456852792 0.040968342644320296 0.027411167512690356
2 0.9450651769087524 0.36395939086294415 0.054003724394785846 0.0233502538071066
2 0.8994413407821229 0.3451776649746193 0.037243947858473 0.024365482233502538
2 0.633147113594041 0.39086294416243655 0.037243947858473 0.022335025380710662
2 0.4171322160148976 0.4 0.037243947858473 0.020304568527918784
2 0.18063314711359404 0.5030456852791878 0.0446927374301676 0.029441624365482234
2 0.23277467411545624 0.4974619289340102 0.0521415270018622 0.024365482233502538
2 0.2942271880819367 0.4781725888324873 0.048417132216014895 0.026395939086294416
2 0.3538175046554935 0.483248730964467 0.048417132216014895 0.028426395939086295
2 0.4972067039106145 0.47918781725888326 0.055865921787709494 0.026395939086294416
2 0.6145251396648045 0.4918781725888325 0.0446927374301676 0.029441624365482234
2 0.6834264432029795 0.47258883248730965 0.055865921787709494 0.03350253807106599
2 0.7839851024208566 0.47106598984771575 0.0446927374301676 0.030456852791878174
2 0.8240223463687151 0.4588832487309645 0.05027932960893855 0.022335025380710662
2 0.9236499068901304 0.47461928934010156 0.0595903165735568 0.025380710659898477
2 0.29329608938547486 0.550253807106599 0.04655493482309125 0.018274111675126905
2 0.22160148975791433 0.5624365482233503 0.0446927374301676 0.026395939086294416
2 0.14711359404096835 0.5553299492385787 0.0446927374301676 0.022335025380710662
2 0.30446927374301674 0.5812182741116751 0.061452513966480445 0.0233502538071066
2 0.6685288640595903 0.5477157360406092 0.048417132216014895 0.0233502538071066
2 0.62756052141527 0.5817258883248732 0.0595903165735568 0.03451776649746193
2 0.7383612662942272 0.5781725888324873 0.054003724394785846 0.029441624365482234
2 0.7439478584729982 0.5446700507614214 0.04655493482309125 0.03147208121827411
2 0.813780260707635 0.5598984771573604 0.0521415270018622 0.029441624365482234
2 0.24487895716945995 0.7025380710659899 0.05772811918063315 0.03451776649746193
2 0.3240223463687151 0.7000000000000001 0.0633147113594041 0.029441624365482234
2 0.6126629422718808 0.6680203045685279 0.048417132216014895 0.030456852791878174
2 0.5577281191806331 0.6598984771573604 0.042830540037243944 0.022335025380710662
2 0.6350093109869646 0.6441624365482234 0.037243947858473 0.027411167512690356
2 0.7700186219739292 0.6401015228426397 0.04655493482309125 0.0233502538071066
2 0.7197392923649907 0.6761421319796954 0.04655493482309125 0.022335025380710662
2 0.5567970204841713 0.7355329949238579 0.0595903165735568 0.029441624365482234
2 0.5223463687150838 0.683248730964467 0.035381750465549346 0.020304568527918784
2 0.027001862197392923 0.7639593908629442 0.042830540037243944 0.027411167512690356
2 0.09869646182495344 0.7771573604060914 0.037243947858473 0.0233502538071066
2 0.148975791433892 0.7878172588832487 0.055865921787709494 0.03248730964467005
2 0.25884543761638734 0.7725888324873097 0.0335195530726257 0.024365482233502538
2 0.33147113594040967 0.7827411167512691 0.040968342644320296 0.026395939086294416
2 0.4972067039106145 0.7568527918781727 0.040968342644320296 0.025380710659898477
2 0.36778398510242083 0.7370558375634518 0.04655493482309125 0.024365482233502538
2 0.41247672253258844 0.749746192893401 0.042830540037243944 0.025380710659898477
2 0.425512104283054 0.7705583756345178 0.04655493482309125 0.024365482233502538
2 0.74487895716946 0.784263959390863 0.0670391061452514 0.029441624365482234
2 0.6890130353817505 0.7989847715736041 0.0521415270018622 0.024365482233502538
2 0.792364990689013 0.768020304568528 0.042830540037243944 0.025380710659898477
2 0.8985102420856611 0.7522842639593909 0.06517690875232775 0.028426395939086295
2 0.9543761638733705 0.7477157360406091 0.04655493482309125 0.027411167512690356
2 0.792364990689013 0.8142131979695432 0.05772811918063315 0.028426395939086295
2 0.7216014897579144 0.8309644670050762 0.05772811918063315 0.027411167512690356
2 0.8631284916201117 0.8324873096446701 0.05027932960893855 0.03248730964467005
2 0.8314711359404097 0.850761421319797 0.05027932960893855 0.026395939086294416
2 0.9348230912476723 0.8223350253807107 0.055865921787709494 0.030456852791878174
2 0.5316573556797021 0.8517766497461929 0.05772811918063315 0.026395939086294416
2 0.45623836126629425 0.850253807106599 0.055865921787709494 0.025380710659898477
2 0.2681564245810056 0.8558375634517766 0.0521415270018622 0.026395939086294416
2 0.5325884543761639 0.9284263959390864 0.040968342644320296 0.025380710659898477
2 0.4972067039106145 0.9360406091370559 0.040968342644320296 0.028426395939086295
2 0.6964618249534451 0.8928934010152285 0.07076350093109869 0.025380710659898477
2 0.6368715083798883 0.8944162436548224 0.040968342644320296 0.024365482233502538
2 0.664804469273743 0.9700507614213199 0.07076350093109869 0.021319796954314723
2 0.5642458100558659 0.9715736040609138 0.048417132216014895 0.024365482233502538
2 0.7281191806331471 0.9294416243654823 0.0446927374301676 0.027411167512690356
2 0.8277467411545624 0.9101522842639594 0.06517690875232775 0.03350253807106599
2 0.26350093109869643 0.9538071065989848 0.054003724394785846 0.025380710659898477
2 0.09776536312849161 0.5680203045685279 0.03910614525139665 0.0233502538071066
2 0.9357541899441341 0.5461928934010153 0.04655493482309125 0.026395939086294416
2 0.3929236499068901 0.5314720812182742 0.048417132216014895 0.027411167512690356
2 0.6163873370577281 0.4563451776649746 0.0335195530726257 0.021319796954314723
2 0.17690875232774675 0.40659898477157363 0.048417132216014895 0.025380710659898477
2 0.5493482309124768 0.28223350253807106 0.0446927374301676 0.022335025380710662
2 0.20204841713221602 0.2781725888324873 0.042830540037243944 0.024365482233502538
2 0.35288640595903165 0.20609137055837565 0.03165735567970205 0.022335025380710662
2 0.3919925512104283 0.21725888324873097 0.035381750465549346 0.022335025380710662
2 0.4338919925512104 0.11065989847715736 0.040968342644320296 0.024365482233502538
2 0.4795158286778399 0.1269035532994924 0.035381750465549346 0.022335025380710662
2 0.5409683426443203 0.14060913705583758 0.03910614525139665 0.025380710659898477
2 0.88268156424581 0.12944162436548223 0.040968342644320296 0.027411167512690356
2 0.6573556797020484 0.020812182741116753 0.08193668528864059 0.03350253807106599
2 0.3621973929236499 0.2923857868020305 0.03910614525139665 0.024365482233502538
2 0.61731843575419 0.29796954314720814 0.03910614525139665 0.0233502538071066
2 0.5679702048417132 0.30253807106598984 0.037243947858473 0.018274111675126905
2 0.8286778398510242 0.37512690355329953 0.0335195530726257 0.015228426395939087
2 0.7225325884543762 0.484263959390863 0.037243947858473 0.020304568527918784
2 0.6778398510242085 0.516243654822335 0.0335195530726257 0.013197969543147208
2 0.5446927374301676 0.5751269035532995 0.042830540037243944 0.03147208121827411
2 0.35940409683426444 0.5776649746192893 0.040968342644320296 0.03248730964467005
2 0.7001862197392924 0.6467005076142133 0.037243947858473 0.024365482233502538
2 0.8268156424581006 0.6482233502538072 0.040968342644320296 0.015228426395939087
2 0.01675977653631285 0.7898477157360406 0.0297951582867784 0.014213197969543147
2 0.11731843575418995 0.8137055837563452 0.0446927374301676 0.021319796954314723
2 0.18156424581005587 0.8370558375634518 0.042830540037243944 0.025380710659898477
2 0.19180633147113593 0.8060913705583757 0.0297951582867784 0.016243654822335026
2 0.29329608938547486 0.7817258883248731 0.027932960893854747 0.026395939086294416
2 0.8445065176908753 0.7730964467005077 0.035381750465549346 0.025380710659898477
2 0.6443202979515829 0.7548223350253808 0.0595903165735568 0.03147208121827411
2 0.3891992551210428 0.818274111675127 0.0335195530726257 0.020304568527918784
2 0.3054003724394786 0.8375634517766498 0.0446927374301676 0.022335025380710662
2 0.3472998137802607 0.850253807106599 0.04655493482309125 0.0233502538071066
2 0.30353817504655495 0.8609137055837564 0.0223463687150838 0.014213197969543147
2 0.16387337057728119 0.9548223350253807 0.040968342644320296 0.015228426395939087
2 0.20391061452513967 0.9527918781725889 0.03910614525139665 0.0233502538071066
2 0.40037243947858475 0.9710659898477157 0.0633147113594041 0.017258883248730966
2 0.4720670391061452 0.8969543147208122 0.04655493482309125 0.027411167512690356
2 0.7178770949720671 0.9644670050761421 0.035381750465549346 0.020304568527918784
2 0.7616387337057728 0.9324873096446701 0.0335195530726257 0.0233502538071066
