2 0.0931899641577061 0.08323699421965318 0.043010752688172046 0.030057803468208095
2 0.3172043010752688 0.10346820809248555 0.04659498207885305 0.028901734104046246
2 0.49731182795698925 0.10115606936416185 0.04121863799283154 0.024277456647398846
2 0.44623655913978494 0.1184971098265896 0.03225806451612903 0.019653179190751446
2 0.3897849462365591 0.10982658959537572 0.034050179211469536 0.020809248554913295
2 0.568100358422939 0.1300578034682081 0.04659498207885305 0.033526011560693646
2 0.671146953405018 0.10982658959537572 0.03763440860215054 0.025433526011560695
2 0.8360215053763441 0.0861271676300578 0.05197132616487455 0.031213872832369944
2 0.6944444444444444 0.19537572254335261 0.05197132616487455 0.025433526011560695
2 0.6308243727598566 0.21271676300578035 0.05734767025089606 0.0323699421965318
2 0.49014336917562723 0.22774566473988442 0.034050179211469536 0.025433526011560695
2 0.4274193548387097 0.21502890173410405 0.03763440860215054 0.020809248554913295
2 0.34139784946236557 0.22832369942196534 0.03046594982078853 0.024277456647398846
2 0.18996415770609318 0.30289017341040464 0.035842293906810034 0.025433526011560695
2 0.3431899641577061 0.3375722543352601 0.05555555555555555 0.020809248554913295
2 0.3449820788530466 0.36127167630057805 0.044802867383512544 0.024277456647398846
2 0.267921146953405 0.3040462427745665 0.044802867383512544 0.023121387283236997
2 0.23297491039426524 0.3242774566473989 0.02867383512544803 0.019653179190751446
2 0.25448028673835127 0.346242774566474 0.03225806451612903 0.021965317919075147
2 0.1953405017921147 0.346242774566474 0.03225806451612903 0.024277456647398846
2 0.5492831541218638 0.3057803468208093 0.03763440860215054 0.028901734104046246
2 0.5134408602150538 0.3421965317919075 0.04121863799283154 0.027745664739884393
2 0.4489247311827957 0.34046242774566476 0.044802867383512544 0.024277456647398846
2 0.8781362007168458 0.21445086705202313 0.05017921146953405 0.031213872832369944
2 0.8046594982078853 0.22369942196531795 0.04659498207885305 0.028901734104046246
2 0.6702508960573477 0.3040462427745665 0.053763440860215055 0.030057803468208095
2 0.5824372759856631 0.323121387283237 0.035842293906810034 0.024277456647398846
2 0.6263440860215054 0.33583815028901737 0.04838709677419355 0.026589595375722544
2 0.8620071684587813 0.30231213872832374 0.043010752688172046 0.028901734104046246
2 0.7786738351254481 0.1630057803468208 0.04121863799283154 0.025433526011560695
2 0.767921146953405 0.44682080924855494 0.04838709677419355 0.031213872832369944
2 0.6630824372759857 0.45375722543352603 0.035842293906810034 0.019653179190751446
2 0.6747311827956989 0.48439306358381506 0.044802867383512544 0.030057803468208095
2 0.5546594982078853 0.43352601156069365 0.044802867383512544 0.027745664739884393
2 0.4453405017921147 0.40346820809248557 0.034050179211469536 0.027745664739884393
2 0.3897849462365591 0.42832369942196535 0.034050179211469536 0.024277456647398846
2 0.3279569892473118 0.42890173410404625 0.053763440860215055 0.0323699421965318
2 0.26971326164874554 0.4208092485549133 0.03046594982078853 0.023121387283236997
2 0.23387096774193547 0.4109826589595376 0.03763440860215054 0.024277456647398846
2 0.21057347670250895 0.4439306358381503 0.044802867383512544 0.025433526011560695
2 0.06720430107526881 0.4722543352601156 0.04121863799283154 0.026589595375722544
2 0.09767025089605735 0.5248554913294798 0.05197132616487455 0.030057803468208095
2 0.22759856630824374 0.5098265895953757 0.03225806451612903 0.023121387283236997
2 0.1639784946236559 0.5335260115606937 0.03763440860215054 0.021965317919075147
2 0.20878136200716846 0.5416184971098266 0.034050179211469536 0.021965317919075147
2 0.06899641577060932 0.5658959537572255 0.04121863799283154 0.026589595375722544
2 0.03046594982078853 0.5439306358381504 0.03942652329749104 0.028901734104046246
2 0.1478494623655914 0.6335260115606937 0.03763440860215054 0.025433526011560695
2 0.17025089605734767 0.661271676300578 0.043010752688172046 0.027745664739884393
2 0.23387096774193547 0.6595375722543353 0.03763440860215054 0.026589595375722544
2 0.289426523297491 0.6589595375722543 0.034050179211469536 0.025433526011560695
2 0.31451612903225806 0.6341040462427746 0.03046594982078853 0.026589595375722544
2 0.2625448028673835 0.6728323699421965 0.04121863799283154 0.025433526011560695
2 0.46863799283154123 0.615606936416185 0.05197132616487455 0.03815028901734104
2 0.5761648745519713 0.5710982658959538 0.044802867383512544 0.027745664739884393
2 0.6245519713261649 0.5150289017341041 0.04121863799283154 0.024277456647398846
2 0.5304659498207885 0.5167630057803468 0.035842293906810034 0.027745664739884393
2 0.46953405017921146 0.5502890173410405 0.043010752688172046 0.023121387283236997
2 0.33154121863799285 0.5421965317919075 0.04659498207885305 0.030057803468208095
2 0.26433691756272404 0.5161849710982659 0.034050179211469536 0.024277456647398846
2 0.8189964157706093 0.4202312138728324 0.043010752688172046 0.024277456647398846
2 0.807347670250896 0.4687861271676301 0.03763440860215054 0.026589595375722544
2 0.7150537634408602 0.5225433526011561 0.04659498207885305 0.025433526011560695
2 0.753584229390681 0.6069364161849712 0.03046594982078853 0.030057803468208095
2 0.6908602150537635 0.6034682080924856 0.034050179211469536 0.020809248554913295
2 0.5627240143369175 0.6063583815028902 0.043010752688172046 0.021965317919075147
2 0.42025089605734767 0.6479768786127168 0.03763440860215054 0.026589595375722544
2 0.5394265232974911 0.6560693641618498 0.043010752688172046 0.026589595375722544
2 0.5931899641577061 0.6606936416184972 0.05017921146953405 0.028901734104046246
2 0.6693548387096774 0.6364161849710983 0.04121863799283154 0.028901734104046246
2 0.6568100358422939 0.6786127167630058 0.044802867383512544 0.027745664739884393
2 0.793010752688172 0.6479768786127168 0.04121863799283154 0.028901734104046246
2 0.7302867383512545 0.6497109826589595 0.034050179211469536 0.023121387283236997
2 0.30286738351254483 0.7346820809248555 0.03225806451612903 0.024277456647398846
2 0.33154121863799285 0.7450867052023122 0.02867383512544803 0.026589595375722544
2 0.3629032258064516 0.7358381502890173 0.03046594982078853 0.021965317919075147
2 0.22580645161290322 0.7450867052023122 0.03942652329749104 0.019653179190751446
2 0.1881720430107527 0.7670520231213873 0.03942652329749104 0.026589595375722544
2 0.1586021505376344 0.8289017341040463 0.05197132616487455 0.0323699421965318
2 0.21594982078853048 0.8173410404624278 0.026881720430107527 0.025433526011560695
2 0.1111111111111111 0.8375722543352602 0.03942652329749104 0.026589595375722544
2 0.13261648745519714 0.8670520231213873 0.04659498207885305 0.020809248554913295
2 0.20519713261648745 0.8624277456647399 0.044802867383512544 0.030057803468208095
2 0.257168458781362 0.854913294797688 0.034050179211469536 0.021965317919075147
2 0.289426523297491 0.8554913294797688 0.034050179211469536 0.023121387283236997
2 0.38082437275985664 0.8578034682080925 0.044802867383512544 0.030057803468208095
2 0.35663082437275984 0.8763005780346821 0.035842293906810034 0.0161849710982659
2 0.3557347670250896 0.8953757225433526 0.04121863799283154 0.021965317919075147
2 0.3844086021505376 0.7329479768786128 0.026881720430107527 0.025433526011560695
2 0.4336917562724014 0.7225433526011561 0.03225806451612903 0.023121387283236997
2 0.4050179211469534 0.7612716763005781 0.05017921146953405 0.021965317919075147
2 0.4722222222222222 0.7439306358381503 0.044802867383512544 0.028901734104046246
2 0.6523297491039427 0.7531791907514451 0.025089605734767026 0.019653179190751446
2 0.6863799283154122 0.7526011560693642 0.043010752688172046 0.030057803468208095
2 0.5609318996415771 0.7716763005780347 0.04659498207885305 0.031213872832369944
2 0.5116487455197133 0.769364161849711 0.04121863799283154 0.019653179190751446
2 0.6057347670250897 0.7803468208092486 0.03942652329749104 0.025433526011560695
2 0.742831541218638 0.7283236994219654 0.03046594982078853 0.020809248554913295
2 0.6594982078853047 0.83121387283237 0.04659498207885305 0.0323699421965318
2 0.7222222222222222 0.854335260115607 0.03942652329749104 0.027745664739884393
2 0.6451612903225806 0.8994219653179192 0.043010752688172046 0.020809248554913295
2 0.507168458781362 0.9121387283236995 0.04659498207885305 0.025433526011560695
2 0.4068100358422939 0.9687861271676301 0.05734767025089606 0.034682080924855495
2 0.3503584229390681 0.977456647398844 0.03763440860215054 0.033526011560693646
2 0.5304659498207885 0.8057803468208093 0.035842293906810034 0.0161849710982659
2 0.05734767025089606 0.792485549132948 0.03942652329749104 0.021965317919075147
2 0.15053763440860216 0.7890173410404625 0.03225806451612903 0.019653179190751446
2 0.13082437275985664 0.715028901734104 0.03225806451612903 0.021965317919075147
2 0.692652329749104 0.7277456647398844 0.034050179211469536 0.019653179190751446
2 0.6397849462365591 0.5508670520231215 0.02867383512544803 0.024277456647398846
2 0.027777777777777776 0.1069364161849711 0.03763440860215054 0.028901734104046246
2 0.08333333333333333 0.05722543352601157 0.034050179211469536 0.019653179190751446
2 0.6263440860215054 0.13410404624277458 0.034050179211469536 0.027745664739884393
2 0.11827956989247312 0.22138728323699422 0.03942652329749104 0.026589595375722544
2 0.37544802867383514 0.23005780346820812 0.03046594982078853 0.018497109826589597
2 0.2060931899641577 0.2138728323699422 0.03942652329749104 0.018497109826589597
2 0.08960573476702509 0.34335260115606936 0.035842293906810034 0.020809248554913295
2 0.8808243727598566 0.37745664739884394 0.03046594982078853 0.033526011560693646
2 0.1827956989247312 0.7965317919075146 0.03225806451612903 0.020809248554913295
2 0.2777777777777778 0.8959537572254336 0.035842293906810034 0.023121387283236997
2 0.703405017921147 0.877456647398844 0.03046594982078853 0.020809248554913295
