2 0.24237560192616373 0.11321909424724601 0.0449438202247191 0.028151774785801713
2 0.17897271268057785 0.16217870257037942 0.03691813804173355 0.03059975520195838
2 0.14446227929373998 0.1909424724602203 0.04173354735152488 0.03182374541003671
2 0.08186195826645265 0.23684210526315788 0.038523274478330656 0.023255813953488372
2 0.16853932584269662 0.24479804161566704 0.03210272873194221 0.022031823745410035
2 0.26324237560192615 0.21419828641370867 0.038523274478330656 0.029375764993880046
2 0.2231139646869984 0.23561811505507954 0.0449438202247191 0.028151774785801713
2 0.3595505617977528 0.12117503059975519 0.038523274478330656 0.019583843329253364
2 0.3796147672552167 0.13708690330477355 0.033707865168539325 0.022031823745410035
2 0.2825040128410915 0.13157894736842105 0.03531300160513644 0.028151774785801713
2 0.3073836276083467 0.16095471236230108 0.03691813804173355 0.03549571603427172
2 0.41252006420545745 0.10097919216646266 0.038523274478330656 0.028151774785801713
2 0.8747993579454254 0.22276621787025702 0.048154093097913325 0.03182374541003671
2 0.9141252006420546 0.18421052631578946 0.04012841091492777 0.033047735618115054
2 0.38764044943820225 0.24847001223990206 0.04333868378812199 0.03671970624235006
2 0.14526484751203853 0.32252141982864135 0.04654895666131621 0.028151774785801713
2 0.20786516853932585 0.332313341493268 0.04654895666131621 0.033047735618115054
2 0.2624398073836276 0.3384332925336597 0.04333868378812199 0.03059975520195838
2 0.3218298555377207 0.3255813953488372 0.030497592295345103 0.024479804161566705
2 0.35313001605136435 0.3402692778457772 0.03210272873194221 0.026927784577723376
2 0.42776886035313 0.321297429620563 0.04654895666131621 0.028151774785801713
2 0.3956661316211878 0.34944920440636473 0.04012841091492777 0.02570379436964504
2 0.49518459069020865 0.332313341493268 0.04975922953451043 0.03549571603427172
2 0.6115569823434992 0.33537331701346385 0.038523274478330656 0.029375764993880046
2 0.8025682182985554 0.430844553243574 0.04173354735152488 0.03182374541003671
2 0.8443017656500803 0.4369645042839657 0.03531300160513644 0.029375764993880046
2 0.7784911717495987 0.4614443084455324 0.03531300160513644 0.026927784577723376
2 0.41653290529695025 0.4112607099143206 0.030497592295345103 0.029375764993880046
2 0.1637239165329053 0.4467564259485924 0.04173354735152488 0.03427172582619339
2 0.2030497592295345 0.4706242350061199 0.04012841091492777 0.033047735618115054
2 0.3113964686998395 0.41493268053855564 0.038523274478330656 0.026927784577723376
2 0.2929373996789727 0.4718482252141982 0.052969502407704656 0.03549571603427172
2 0.3346709470304976 0.4473684210526315 0.033707865168539325 0.028151774785801713
2 0.3707865168539326 0.41860465116279066 0.04173354735152488 0.026927784577723376
2 0.4085072231139647 0.4742962056303549 0.033707865168539325 0.033047735618115054
2 0.49197431781701445 0.4657282741738066 0.033707865168539325 0.02570379436964504
2 0.906099518459069 0.5458996328029375 0.03691813804173355 0.029375764993880046
2 0.2536115569823435 0.5709914320685434 0.038523274478330656 0.03059975520195838
2 0.28170144462279295 0.5930232558139534 0.03691813804173355 0.028151774785801713
2 0.21910112359550563 0.5336597307221542 0.03691813804173355 0.024479804161566705
2 0.13001605136436598 0.5593635250917992 0.05457463884430176 0.03427172582619339
2 0.0593900481540931 0.6811505507955936 0.038523274478330656 0.03059975520195838
2 0.12279293739967898 0.6585067319461444 0.03691813804173355 0.03182374541003671
2 0.16934189406099517 0.6787025703794369 0.04012841091492777 0.02570379436964504
2 0.21669341894060995 0.6872705018359853 0.038523274478330656 0.028151774785801713
2 0.2929373996789727 0.675642594859241 0.03691813804173355 0.024479804161566705
2 0.420545746388443 0.6505507955936352 0.028892455858747994 0.020807833537331698
2 0.4438202247191011 0.6787025703794369 0.02728731942215088 0.020807833537331698
2 0.40930979133226325 0.6909424724602202 0.028892455858747994 0.02570379436964504
2 0.3884430176565008 0.7148102815177478 0.028892455858747994 0.019583843329253364
2 0.4406099518459069 0.7148102815177478 0.033707865168539325 0.029375764993880046
2 0.5690208667736758 0.6774785801713585 0.04012841091492777 0.028151774785801713
2 0.41492776886035315 0.5648714810281518 0.03691813804173355 0.02570379436964504
2 0.18780096308186195 0.7343941248470012 0.03210272873194221 0.024479804161566705
2 0.23434991974317818 0.7343941248470012 0.038523274478330656 0.03427172582619339
2 0.2808988764044944 0.7545899632802937 0.03210272873194221 0.023255813953488372
2 0.2608346709470305 0.7858017135862913 0.04975922953451043 0.029375764993880046
2 0.3202247191011236 0.7937576499388004 0.03691813804173355 0.03059975520195838
2 0.2102728731942215 0.7864137086903304 0.048154093097913325 0.03059975520195838
2 0.10272873194221509 0.7282741738066095 0.038523274478330656 0.029375764993880046
2 0.10272873194221509 0.6921664626682986 0.03531300160513644 0.028151774785801713
2 0.35714285714285715 0.8818849449204406 0.04975922953451043 0.03059975520195838
2 0.4438202247191011 0.8959608323133414 0.04333868378812199 0.029375764993880046
2 0.8218298555377207 0.7992656058751529 0.04173354735152488 0.029375764993880046
2 0.8579454253611557 0.7802937576499387 0.04012841091492777 0.02570379436964504
2 0.8539325842696629 0.6866585067319461 0.048154093097913325 0.03427172582619339
2 0.8362760834670947 0.5618115055079559 0.048154093097913325 0.026927784577723376
2 0.46709470304975925 0.6144430844553243 0.038523274478330656 0.026927784577723376
2 0.4727126805778491 0.5679314565483475 0.03691813804173355 0.03182374541003671
2 0.8370786516853933 0.9033047735618114 0.04012841091492777 0.026927784577723376
2 0.8547351524879615 0.9663402692778457 0.04654895666131621 0.033047735618115054
2 0.31219903691813805 0.9388004895960832 0.04975922953451043 0.026927784577723376
2 0.38924558587479935 0.9412484700122398 0.04333868378812199 0.026927784577723376
2 0.1926163723916533 0.927172582619339 0.038523274478330656 0.03549571603427172
2 0.24879614767255218 0.9179926560587515 0.0449438202247191 0.029375764993880046
2 0.32825040128410915 0.8610771113831088 0.03691813804173355 0.028151774785801713
2 0.09309791332263243 0.9296205630354957 0.04173354735152488 0.02570379436964504
2 0.5425361155698234 0.4479804161566707 0.03531300160513644 0.026927784577723376
2 0.9101123595505618 0.4406364749082007 0.028892455858747994 0.026927784577723376
2 0.3539325842696629 0.3855569155446756 0.04333868378812199 0.024479804161566705
2 0.5914927768860353 0.1646266829865361 0.03691813804173355 0.020807833537331698
2 0.5032102728731942 0.1248470012239902 0.04654895666131621 0.022031823745410035
2 0.36757624398073835 0.21664626682986535 0.04173354735152488 0.022031823745410035
2 0.36436597110754415 0.7350061199510404 0.038523274478330656 0.028151774785801713
2 0.31781701444622795 0.7441860465116279 0.03210272873194221 0.024479804161566705
2 0.3611556982343499 0.8084455324357405 0.03210272873194221 0.03549571603427172
2 0.2592295345104334 0.8745410036719705 0.030497592295345103 0.023255813953488372
2 0.7134831460674157 0.949204406364749 0.052969502407704656 0.033047735618115054
2 0.687800963081862 0.4663402692778457 0.033707865168539325 0.022031823745410035
2 0.8346709470304976 0.22215422276621785 0.03531300160513644 0.02570379436964504
2 0.22712680577849118 0.15544675642594857 0.030497592295345103 0.029375764993880046
2 0.09229534510433386 0.31701346389228885 0.033707865168539325 0.03916768665850673
2 0.13001605136436598 0.34700122399020805 0.03210272873194221 0.020807833537331698
2 0.1869983948635634 0.5599755201958384 0.04333868378812199 0.01835985312117503
2 0.5585874799357945 0.711750305997552 0.03531300160513644 0.028151774785801713
2 0.2504012841091493 0.6854345165238678 0.03210272873194221 0.03182374541003671
2 0.14686998394863562 0.7968176254589963 0.033707865168539325 0.026927784577723376
2 0.18298555377207062 0.8188494492044063 0.03210272873194221 0.026927784577723376
2 0.9077046548956661 0.7790697674418604 0.024077046548956663 0.028151774785801713
