2 0.5325779036827196 0.978494623655914 0.053824362606232294 0.03763440860215054
2 0.5651558073654391 0.9614695340501792 0.039660056657223795 0.01971326164874552
2 0.5545325779036827 0.9144265232974911 0.04107648725212465 0.025985663082437275
2 0.7577903682719547 0.9260752688172043 0.0453257790368272 0.025985663082437275
2 0.6246458923512748 0.9480286738351255 0.0453257790368272 0.025089605734767026
2 0.623229461756374 0.9341397849462365 0.0368271954674221 0.02060931899641577
2 0.6905099150141644 0.9489247311827957 0.04390934844192635 0.02867383512544803
2 0.708215297450425 0.9614695340501792 0.0311614730878187 0.023297491039426525
2 0.5084985835694051 0.8982974910394266 0.0311614730878187 0.015232974910394265
2 0.4539660056657224 0.9390681003584229 0.05524079320113315 0.03046594982078853
2 0.40439093484419264 0.9417562724014337 0.04390934844192635 0.023297491039426525
2 0.5056657223796034 0.9301075268817204 0.042492917847025496 0.03225806451612903
2 0.6912181303116147 0.9202508960573477 0.056657223796033995 0.03046594982078853
2 0.6536827195467423 0.9184587813620072 0.046742209631728045 0.026881720430107527
2 0.6458923512747876 0.900089605734767 0.0368271954674221 0.024193548387096774
2 0.6692634560906516 0.8736559139784946 0.04390934844192635 0.025089605734767026
2 0.9121813031161473 0.8333333333333334 0.042492917847025496 0.02867383512544803
2 0.8456090651558074 0.8346774193548387 0.0481586402266289 0.036738351254480286
2 0.7939093484419264 0.83915770609319 0.05240793201133145 0.03853046594982079
2 0.7620396600566572 0.8763440860215054 0.039660056657223795 0.023297491039426525
2 0.718130311614731 0.8884408602150538 0.0481586402266289 0.02956989247311828
2 0.7131728045325779 0.8624551971326165 0.04107648725212465 0.027777777777777776
2 0.741501416430595 0.8579749103942652 0.04390934844192635 0.02956989247311828
2 0.7322946175637394 0.8225806451612904 0.042492917847025496 0.02867383512544803
2 0.6905099150141644 0.8413978494623656 0.05524079320113315 0.03046594982078853
2 0.6508498583569405 0.8364695340501792 0.049575070821529746 0.03136200716845878
2 0.548158640226629 0.850358422939068 0.0453257790368272 0.03225806451612903
2 0.594900849858357 0.8342293906810035 0.059490084985835696 0.025089605734767026
2 0.5998583569405099 0.8584229390681004 0.06657223796033995 0.03225806451612903
2 0.6168555240793201 0.9009856630824373 0.049575070821529746 0.03136200716845878
2 0.6260623229461757 0.882168458781362 0.056657223796033995 0.022401433691756272
2 0.027620396600566574 0.9148745519713262 0.046742209631728045 0.02867383512544803
2 0.0368271954674221 0.8862007168458781 0.0368271954674221 0.025089605734767026
2 0.0764872521246459 0.8924731182795699 0.0453257790368272 0.03046594982078853
2 0.07719546742209632 0.8633512544802867 0.04390934844192635 0.024193548387096774
2 0.14447592067988668 0.8481182795698925 0.0453257790368272 0.02060931899641577
2 0.1473087818696884 0.8624551971326165 0.056657223796033995 0.01881720430107527
2 0.21246458923512748 0.8817204301075269 0.039660056657223795 0.026881720430107527
2 0.25920679886685555 0.860663082437276 0.042492917847025496 0.025985663082437275
2 0.22946175637393768 0.8691756272401434 0.039660056657223795 0.023297491039426525
2 0.25354107648725216 0.8897849462365591 0.0339943342776204 0.021505376344086023
2 0.25424929178470257 0.9036738351254481 0.03541076487252125 0.02060931899641577
2 0.20821529745042494 0.9144265232974911 0.0453257790368272 0.02956989247311828
2 0.17351274787535412 0.9292114695340502 0.046742209631728045 0.023297491039426525
2 0.14093484419263458 0.9520609318996416 0.03541076487252125 0.01881720430107527
2 0.12606232294617564 0.9184587813620072 0.0453257790368272 0.025089605734767026
2 0.1473087818696884 0.9086021505376344 0.039660056657223795 0.02867383512544803
2 0.16005665722379603 0.8875448028673835 0.0453257790368272 0.022401433691756272
2 0.2769121813031162 0.932347670250896 0.032577903682719546 0.02060931899641577
2 0.32011331444759206 0.9547491039426523 0.0311614730878187 0.01881720430107527
2 0.34419263456090654 0.9301075268817204 0.0339943342776204 0.023297491039426525
2 0.3024079320113315 0.9139784946236559 0.04107648725212465 0.025089605734767026
2 0.30807365439093487 0.9359318996415771 0.04107648725212465 0.024193548387096774
2 0.3045325779036827 0.8624551971326165 0.0311614730878187 0.01881720430107527
2 0.28470254957507085 0.8790322580645161 0.039660056657223795 0.023297491039426525
2 0.32011331444759206 0.8839605734767025 0.039660056657223795 0.022401433691756272
2 0.3597733711048159 0.8987455197132617 0.059490084985835696 0.02867383512544803
2 0.3314447592067989 0.8521505376344086 0.028328611898016998 0.017921146953405017
2 0.33923512747875356 0.8655913978494624 0.032577903682719546 0.021505376344086023
2 0.36827195467422097 0.8705197132616488 0.028328611898016998 0.022401433691756272
2 0.3626062322946176 0.8234767025089605 0.0453257790368272 0.023297491039426525
2 0.37322946175637395 0.8431899641577061 0.046742209631728045 0.02867383512544803
2 0.4228045325779037 0.8512544802867383 0.049575070821529746 0.03942652329749104
2 0.4398016997167139 0.9041218637992832 0.046742209631728045 0.026881720430107527
2 0.42705382436260625 0.8848566308243727 0.03541076487252125 0.01881720430107527
2 0.4596317280453258 0.8897849462365591 0.03541076487252125 0.021505376344086023
2 0.8342776203966006 0.7934587813620072 0.039660056657223795 0.024193548387096774
2 0.8611898016997167 0.8113799283154122 0.028328611898016998 0.013440860215053764
2 0.05524079320113315 0.7934587813620072 0.0453257790368272 0.027777777777777776
2 0.08427762039660057 0.8185483870967742 0.032577903682719546 0.024193548387096774
2 0.1019830028328612 0.8355734767025089 0.0368271954674221 0.02060931899641577
2 0.12110481586402266 0.8001792114695341 0.05524079320113315 0.03046594982078853
2 0.16005665722379603 0.8194444444444444 0.0679886685552408 0.025985663082437275
2 0.1813031161473088 0.8315412186379928 0.0339943342776204 0.023297491039426525
2 0.21529745042492918 0.8234767025089605 0.039660056657223795 0.03046594982078853
2 0.24575070821529746 0.8310931899641577 0.03541076487252125 0.024193548387096774
2 0.29107648725212465 0.8297491039426523 0.04390934844192635 0.026881720430107527
2 0.16076487252124647 0.7782258064516129 0.04390934844192635 0.02956989247311828
2 0.18838526912181305 0.78584229390681 0.042492917847025496 0.021505376344086023
2 0.23087818696883855 0.8042114695340502 0.0453257790368272 0.027777777777777776
2 0.28753541076487255 0.8118279569892473 0.039660056657223795 0.025089605734767026
2 0.25920679886685555 0.8149641577060932 0.0254957507082153 0.02060931899641577
2 0.386685552407932 0.796146953405018 0.059490084985835696 0.027777777777777776
2 0.42776203966005666 0.8033154121863799 0.0368271954674221 0.022401433691756272
2 0.11898016997167139 0.7585125448028673 0.042492917847025496 0.025985663082437275
2 0.71671388101983 0.774641577060932 0.0453257790368272 0.025985663082437275
2 0.6657223796033994 0.7836021505376344 0.059490084985835696 0.036738351254480286
2 0.6671388101983003 0.8163082437275986 0.0453257790368272 0.021505376344086023
2 0.6104815864022664 0.8167562724014337 0.0453257790368272 0.01881720430107527
2 0.6296033994334278 0.7907706093189965 0.03824362606232295 0.02956989247311828
2 0.5878186968838527 0.7916666666666666 0.0481586402266289 0.03136200716845878
2 0.5545325779036827 0.7777777777777778 0.049575070821529746 0.03046594982078853
2 0.5396600566572238 0.8077956989247311 0.059490084985835696 0.03494623655913978
2 0.44405099150141647 0.7706093189964157 0.06373937677053824 0.025089605734767026
2 0.4695467422096318 0.7907706093189965 0.05524079320113315 0.02956989247311828
2 0.3087818696883853 0.8033154121863799 0.053824362606232294 0.02060931899641577
2 0.3328611898016997 0.7916666666666666 0.0509915014164306 0.036738351254480286
2 0.35339943342776203 0.7688172043010753 0.04107648725212465 0.025089605734767026
2 0.21954674220963175 0.7612007168458781 0.039660056657223795 0.027777777777777776
2 0.24150141643059492 0.7764336917562724 0.046742209631728045 0.025985663082437275
2 0.24220963172804533 0.7491039426523297 0.039660056657223795 0.026881720430107527
2 0.2754957507082153 0.7558243727598566 0.04390934844192635 0.02956989247311828
2 0.29603399433427763 0.7728494623655914 0.056657223796033995 0.03853046594982079
2 0.08002832861189801 0.7325268817204301 0.029745042492917848 0.01881720430107527
2 0.10269121813031162 0.7199820788530465 0.03824362606232295 0.024193548387096774
2 0.14518413597733712 0.7307347670250897 0.04107648725212465 0.02956989247311828
2 0.604815864022663 0.7697132616487455 0.0509915014164306 0.026881720430107527
2 0.8618980169971672 0.7576164874551972 0.04107648725212465 0.022401433691756272
2 0.7627478753541077 0.764336917562724 0.04107648725212465 0.023297491039426525
2 0.8038243626062324 0.7580645161290323 0.046742209631728045 0.03046594982078853
2 0.8888101983002833 0.7316308243727598 0.029745042492917848 0.02060931899641577
2 0.8441926345609065 0.7240143369175627 0.053824362606232294 0.03046594982078853
2 0.7521246458923513 0.7199820788530465 0.053824362606232294 0.03853046594982079
2 0.6997167138810199 0.7405913978494624 0.059490084985835696 0.03494623655913978
2 0.6543909348441926 0.7293906810035842 0.0453257790368272 0.03046594982078853
2 0.193342776203966 0.7047491039426523 0.04107648725212465 0.02060931899641577
2 0.193342776203966 0.7258064516129032 0.03824362606232295 0.026881720430107527
2 0.22875354107648727 0.7172939068100358 0.03824362606232295 0.03136200716845878
2 0.2662889518413598 0.7119175627240143 0.039660056657223795 0.027777777777777776
2 0.2811614730878187 0.7231182795698925 0.03824362606232295 0.026881720430107527
2 0.311614730878187 0.7083333333333334 0.042492917847025496 0.03136200716845878
2 0.34560906515580736 0.6975806451612904 0.039660056657223795 0.027777777777777776
2 0.3271954674220963 0.7405913978494624 0.0481586402266289 0.03136200716845878
2 0.3519830028328612 0.746415770609319 0.03541076487252125 0.023297491039426525
2 0.36827195467422097 0.7235663082437276 0.0453257790368272 0.036738351254480286
2 0.4121813031161473 0.7414874551971327 0.0339943342776204 0.025985663082437275
2 0.42563739376770543 0.7132616487455197 0.046742209631728045 0.025089605734767026
2 0.45892351274787535 0.7222222222222222 0.0509915014164306 0.043010752688172046
2 0.5007082152974505 0.7132616487455197 0.04390934844192635 0.03225806451612903
2 0.5269121813031161 0.7352150537634409 0.0509915014164306 0.024193548387096774
2 0.5410764872521246 0.7163978494623656 0.0368271954674221 0.027777777777777776
2 0.5658640226628896 0.7217741935483871 0.046742209631728045 0.02956989247311828
2 0.603399433427762 0.6666666666666666 0.0339943342776204 0.02867383512544803
2 0.5927762039660057 0.6935483870967742 0.029745042492917848 0.025089605734767026
2 0.6189801699716714 0.6917562724014337 0.0368271954674221 0.026881720430107527
2 0.6529745042492918 0.7011648745519713 0.06515580736543909 0.02956989247311828
2 0.7152974504249292 0.6850358422939068 0.0509915014164306 0.036738351254480286
2 0.9086402266288952 0.7096774193548387 0.03824362606232295 0.023297491039426525
2 0.8640226628895185 0.6886200716845878 0.0368271954674221 0.025985663082437275
2 0.811614730878187 0.7047491039426523 0.0481586402266289 0.025985663082437275
2 0.8052407932011332 0.671594982078853 0.03541076487252125 0.024193548387096774
2 0.8597733711048159 0.6456093189964157 0.042492917847025496 0.027777777777777776
2 0.8859773371104817 0.6577060931899642 0.046742209631728045 0.035842293906810034
2 0.9390934844192635 0.6402329749103942 0.0368271954674221 0.022401433691756272
2 0.9596317280453258 0.6568100358422939 0.04390934844192635 0.023297491039426525
2 0.981586402266289 0.681899641577061 0.0368271954674221 0.023297491039426525
2 0.7839943342776204 0.642921146953405 0.046742209631728045 0.04032258064516129
2 0.7464589235127479 0.6612903225806451 0.053824362606232294 0.03763440860215054
2 0.8378186968838527 0.5905017921146953 0.04390934844192635 0.03046594982078853
2 0.8031161473087819 0.6079749103942652 0.042492917847025496 0.02956989247311828
2 0.7677053824362606 0.6025985663082437 0.06515580736543909 0.03853046594982079
2 0.7932011331444759 0.5551075268817204 0.053824362606232294 0.025985663082437275
2 0.8038243626062324 0.5739247311827957 0.04107648725212465 0.033154121863799284
2 0.6437677053824363 0.6568100358422939 0.049575070821529746 0.03942652329749104
2 0.6841359773371105 0.6639784946236559 0.0339943342776204 0.025089605734767026
2 0.6890934844192634 0.6276881720430108 0.049575070821529746 0.033154121863799284
2 0.7330028328611898 0.628584229390681 0.046742209631728045 0.025985663082437275
2 0.7209631728045326 0.6030465949820788 0.0311614730878187 0.023297491039426525
2 0.6430594900849859 0.6196236559139785 0.0481586402266289 0.03494623655913978
2 0.5991501416430595 0.6048387096774194 0.0368271954674221 0.034050179211469536
2 0.5722379603399433 0.6146953405017921 0.0339943342776204 0.025089605734767026
2 0.5963172804532578 0.6330645161290323 0.039660056657223795 0.025985663082437275
2 0.523371104815864 0.6236559139784946 0.049575070821529746 0.03046594982078853
2 0.5453257790368272 0.650089605734767 0.042492917847025496 0.03136200716845878
2 0.5042492917847026 0.6532258064516129 0.042492917847025496 0.02867383512544803
2 0.44900849858356945 0.6474014336917563 0.042492917847025496 0.024193548387096774
2 0.48016997167138814 0.6241039426523297 0.0509915014164306 0.033154121863799284
2 0.42776203966005666 0.6675627240143369 0.039660056657223795 0.01971326164874552
2 0.44900849858356945 0.6801075268817204 0.0339943342776204 0.012544802867383513
2 0.37181303116147313 0.6671146953405018 0.03824362606232295 0.02060931899641577
2 0.42351274787535415 0.6151433691756273 0.039660056657223795 0.022401433691756272
2 0.45750708215297453 0.6084229390681004 0.0453257790368272 0.03046594982078853
2 0.4093484419263456 0.6433691756272402 0.053824362606232294 0.034050179211469536
2 0.3661473087818697 0.6424731182795699 0.04390934844192635 0.02867383512544803
2 0.3852691218130312 0.6084229390681004 0.042492917847025496 0.02867383512544803
2 0.32507082152974504 0.6451612903225806 0.03824362606232295 0.02867383512544803
2 0.3094900849858357 0.6290322580645161 0.046742209631728045 0.02867383512544803
2 0.33852691218130315 0.6151433691756273 0.0509915014164306 0.03136200716845878
2 0.25637393767705385 0.6187275985663082 0.0481586402266289 0.033154121863799284
2 0.2839943342776204 0.6030465949820788 0.029745042492917848 0.021505376344086023
2 0.2096317280453258 0.6173835125448028 0.042492917847025496 0.03046594982078853
2 0.18271954674220964 0.6102150537634409 0.0339943342776204 0.023297491039426525
2 0.17138810198300283 0.646505376344086 0.042492917847025496 0.02956989247311828
2 0.15368271954674223 0.6657706093189965 0.02407932011331445 0.010752688172043012
2 0.18413597733711048 0.66084229390681 0.028328611898016998 0.011648745519713262
2 0.22521246458923513 0.6792114695340502 0.0368271954674221 0.023297491039426525
2 0.13385269121813032 0.6146953405017921 0.05524079320113315 0.03046594982078853
2 0.09277620396600567 0.6362007168458781 0.049575070821529746 0.043010752688172046
2 0.08286118980169972 0.5555555555555556 0.03541076487252125 0.03046594982078853
2 0.13031161473087818 0.556899641577061 0.0311614730878187 0.01881720430107527
2 0.14660056657223797 0.5707885304659498 0.046742209631728045 0.025089605734767026
2 0.18696883852691218 0.5860215053763441 0.0368271954674221 0.023297491039426525
2 0.18838526912181305 0.5551075268817204 0.039660056657223795 0.024193548387096774
2 0.21388101983002833 0.5618279569892473 0.0368271954674221 0.03046594982078853
2 0.21388101983002833 0.5273297491039427 0.0339943342776204 0.02060931899641577
2 0.2322946175637394 0.5389784946236559 0.0339943342776204 0.022401433691756272
2 0.24504249291784705 0.5663082437275986 0.039660056657223795 0.02867383512544803
2 0.26558073654390935 0.5586917562724014 0.04107648725212465 0.02956989247311828
2 0.3002832861189802 0.5793010752688172 0.0453257790368272 0.03136200716845878
2 0.3406515580736544 0.5577956989247311 0.049575070821529746 0.027777777777777776
2 0.36402266288951846 0.5474910394265233 0.059490084985835696 0.025089605734767026
2 0.3881019830028329 0.5340501792114696 0.039660056657223795 0.025089605734767026
2 0.3796033994334278 0.5748207885304659 0.0453257790368272 0.03494623655913978
2 0.5120396600566572 0.5922939068100358 0.049575070821529746 0.021505376344086023
2 0.7152974504249292 0.5810931899641577 0.0311614730878187 0.022401433691756272
2 0.7372521246458924 0.557347670250896 0.03824362606232295 0.023297491039426525
2 0.674929178470255 0.599910394265233 0.03541076487252125 0.02060931899641577
2 0.6791784702549576 0.5815412186379928 0.05524079320113315 0.026881720430107527
2 0.7004249291784703 0.5286738351254481 0.046742209631728045 0.03225806451612903
2 0.6855524079320113 0.5483870967741935 0.053824362606232294 0.03046594982078853
2 0.6430594900849859 0.5425627240143369 0.0339943342776204 0.024193548387096774
2 0.6473087818696884 0.567652329749104 0.039660056657223795 0.024193548387096774
2 0.6211048158640227 0.5810931899641577 0.05807365439093485 0.02956989247311828
2 0.56657223796034 0.581989247311828 0.059490084985835696 0.02956989247311828
2 0.5835694050991501 0.5560035842293907 0.0509915014164306 0.03136200716845878
2 0.6118980169971672 0.5318100358422939 0.0339943342776204 0.022401433691756272
2 0.5219546742209632 0.5721326164874552 0.026912181303116147 0.01881720430107527
2 0.53328611898017 0.5577956989247311 0.046742209631728045 0.03136200716845878
2 0.48583569405099153 0.5560035842293907 0.0453257790368272 0.02956989247311828
2 0.4447592067988669 0.5654121863799283 0.053824362606232294 0.03046594982078853
2 0.44405099150141647 0.589605734767025 0.03824362606232295 0.023297491039426525
2 0.13243626062322947 0.5224014336917563 0.03824362606232295 0.025089605734767026
2 0.09490084985835695 0.5138888888888888 0.0311614730878187 0.02060931899641577
2 0.12181303116147309 0.4905913978494624 0.0368271954674221 0.025985663082437275
2 0.14376770538243627 0.4910394265232975 0.03541076487252125 0.026881720430107527
2 0.04390934844192635 0.4753584229390681 0.028328611898016998 0.022401433691756272
2 0.07436260623229463 0.4717741935483871 0.03541076487252125 0.024193548387096774
2 0.29390934844192634 0.5255376344086021 0.04107648725212465 0.024193548387096774
2 0.29320113314447593 0.5017921146953405 0.0453257790368272 0.026881720430107527
2 0.37181303116147313 0.5044802867383512 0.04390934844192635 0.02867383512544803
2 0.16288951841359775 0.4637096774193548 0.042492917847025496 0.022401433691756272
2 0.17492917847025496 0.47939068100358423 0.03541076487252125 0.025089605734767026
2 0.1791784702549575 0.44937275985663083 0.05524079320113315 0.03136200716845878
2 0.21104815864022664 0.4690860215053763 0.0311614730878187 0.022401433691756272
2 0.2514164305949009 0.4632616487455197 0.04107648725212465 0.025089605734767026
2 0.2528328611898017 0.48566308243727596 0.03824362606232295 0.03046594982078853
2 0.3052407932011332 0.46729390681003585 0.046742209631728045 0.03494623655913978
2 0.3611898016997167 0.45474910394265233 0.042492917847025496 0.027777777777777776
2 0.3569405099150142 0.47939068100358423 0.0509915014164306 0.023297491039426525
2 0.40084985835694054 0.47087813620071683 0.042492917847025496 0.033154121863799284
2 0.42067988668555245 0.4525089605734767 0.0481586402266289 0.03046594982078853
2 0.4461756373937677 0.4659498207885305 0.042492917847025496 0.025089605734767026
2 0.4645892351274788 0.4838709677419355 0.056657223796033995 0.026881720430107527
2 0.44971671388101986 0.5076164874551972 0.046742209631728045 0.022401433691756272
2 0.45750708215297453 0.5327060931899642 0.0339943342776204 0.025985663082437275
2 0.7889518413597734 0.5125448028673835 0.056657223796033995 0.03763440860215054
2 0.8406515580736544 0.4807347670250896 0.03824362606232295 0.025985663082437275
2 0.741501416430595 0.48163082437275984 0.046742209631728045 0.02956989247311828
2 0.7677053824362606 0.4435483870967742 0.0368271954674221 0.026881720430107527
2 0.7903682719546743 0.4632616487455197 0.059490084985835696 0.03225806451612903
2 0.8328611898016998 0.4453405017921147 0.053824362606232294 0.02867383512544803
2 0.8505665722379604 0.42159498207885304 0.05240793201133145 0.027777777777777776
2 0.7138810198300284 0.4592293906810036 0.0509915014164306 0.03136200716845878
2 0.6643059490084986 0.4390681003584229 0.0339943342776204 0.021505376344086023
2 0.660056657223796 0.48163082437275984 0.028328611898016998 0.022401433691756272
2 0.6324362606232294 0.47043010752688175 0.029745042492917848 0.026881720430107527
2 0.6218130311614731 0.48655913978494625 0.0509915014164306 0.026881720430107527
2 0.6310198300283286 0.5076164874551972 0.05524079320113315 0.024193548387096774
2 0.6189801699716714 0.44175627240143367 0.0509915014164306 0.03046594982078853
2 0.495042492917847 0.507168458781362 0.032577903682719546 0.025089605734767026
2 0.5113314447592068 0.5259856630824373 0.0339943342776204 0.025089605734767026
2 0.528328611898017 0.5022401433691757 0.0339943342776204 0.024193548387096774
2 0.5488668555240793 0.5327060931899642 0.046742209631728045 0.022401433691756272
2 0.5594900849858357 0.5098566308243727 0.039660056657223795 0.02867383512544803
2 0.5750708215297451 0.4861111111111111 0.039660056657223795 0.027777777777777776
2 0.5708215297450425 0.45116487455197135 0.0481586402266289 0.033154121863799284
2 0.546742209631728 0.47267025089605735 0.039660056657223795 0.03494623655913978
2 0.4985835694050992 0.4681899641577061 0.0453257790368272 0.033154121863799284
2 0.5162889518413598 0.44937275985663083 0.04390934844192635 0.027777777777777776
2 0.5396600566572238 0.4359318996415771 0.0339943342776204 0.01881720430107527
2 0.7790368271954674 0.39919354838709675 0.0509915014164306 0.036738351254480286
2 0.7301699716713881 0.396505376344086 0.05524079320113315 0.03136200716845878
2 0.5970254957507083 0.4171146953405018 0.060906515580736544 0.025985663082437275
2 0.5092067988668556 0.41487455197132617 0.04390934844192635 0.026881720430107527
2 0.4652974504249292 0.43862007168458783 0.05240793201133145 0.02060931899641577
2 0.46388101983002833 0.4171146953405018 0.060906515580736544 0.027777777777777776
2 0.3293201133144476 0.4220430107526882 0.029745042492917848 0.01971326164874552
2 0.36756373937677056 0.43637992831541217 0.03824362606232295 0.021505376344086023
2 0.36189801699716717 0.40636200716845877 0.05524079320113315 0.02956989247311828
2 0.3909348441926346 0.41801075268817206 0.0339943342776204 0.022401433691756272
2 0.41855524079320117 0.4175627240143369 0.029745042492917848 0.016129032258064516
2 0.39872521246458925 0.396505376344086 0.021246458923512748 0.01881720430107527
2 0.09490084985835695 0.4090501792114695 0.0311614730878187 0.024193548387096774
2 0.12252124645892352 0.4157706093189964 0.032577903682719546 0.025089605734767026
2 0.141643059490085 0.4265232974910394 0.0453257790368272 0.026881720430107527
2 0.17351274787535412 0.40636200716845877 0.046742209631728045 0.033154121863799284
2 0.2039660056657224 0.41621863799283154 0.0311614730878187 0.024193548387096774
2 0.14235127478753543 0.40456989247311825 0.021246458923512748 0.01881720430107527
2 0.09560906515580737 0.3763440860215054 0.05524079320113315 0.026881720430107527
2 0.18271954674220964 0.37948028673835127 0.039660056657223795 0.022401433691756272
2 0.21600566572237961 0.38306451612903225 0.046742209631728045 0.03136200716845878
2 0.25637393767705385 0.392921146953405 0.0453257790368272 0.03136200716845878
2 0.278328611898017 0.4027777777777778 0.05807365439093485 0.033154121863799284
2 0.26558073654390935 0.3673835125448029 0.05240793201133145 0.026881720430107527
2 0.31019830028328615 0.3602150537634409 0.0453257790368272 0.016129032258064516
2 0.31869688385269124 0.382168458781362 0.0481586402266289 0.03136200716845878
2 0.3781869688385269 0.3629032258064516 0.0453257790368272 0.03046594982078853
2 0.45821529745042494 0.3328853046594982 0.04390934844192635 0.027777777777777776
2 0.42209631728045327 0.3503584229390681 0.0453257790368272 0.021505376344086023
2 0.44971671388101986 0.3660394265232975 0.04390934844192635 0.02956989247311828
2 0.48654390934844194 0.3629032258064516 0.046742209631728045 0.03046594982078853
2 0.4709631728045326 0.3897849462365591 0.06373937677053824 0.02867383512544803
2 0.5354107648725213 0.3920250896057348 0.06515580736543909 0.033154121863799284
2 0.5389518413597734 0.35842293906810035 0.05807365439093485 0.03225806451612903
2 0.6019830028328612 0.3911290322580645 0.042492917847025496 0.025985663082437275
2 0.5821529745042493 0.371415770609319 0.056657223796033995 0.025985663082437275
2 0.6253541076487252 0.36872759856630827 0.026912181303116147 0.022401433691756272
2 0.6409348441926346 0.38799283154121866 0.04107648725212465 0.035842293906810034
2 0.6742209631728046 0.40232974910394265 0.0623229461756374 0.03942652329749104
2 0.6593484419263457 0.3539426523297491 0.05807365439093485 0.03225806451612903
2 0.6820113314447592 0.3709677419354839 0.049575070821529746 0.02867383512544803
2 0.7145892351274787 0.36917562724014336 0.049575070821529746 0.03046594982078853
2 0.7839943342776204 0.36200716845878134 0.05240793201133145 0.035842293906810034
2 0.9185552407932012 0.29973118279569894 0.05240793201133145 0.03136200716845878
2 0.8810198300283286 0.2974910394265233 0.0368271954674221 0.03046594982078853
2 0.8491501416430596 0.34274193548387094 0.04107648725212465 0.025985663082437275
2 0.7854107648725213 0.30913978494623656 0.03824362606232295 0.025089605734767026
2 0.8321529745042493 0.31989247311827956 0.03824362606232295 0.026881720430107527
2 0.8031161473087819 0.3324372759856631 0.0453257790368272 0.025089605734767026
2 0.8123229461756374 0.3086917562724014 0.04107648725212465 0.027777777777777776
2 0.7584985835694051 0.3239247311827957 0.04107648725212465 0.02956989247311828
2 0.7195467422096318 0.3324372759856631 0.0453257790368272 0.03763440860215054
2 0.6813031161473088 0.3149641577060932 0.0509915014164306 0.024193548387096774
2 0.6196883852691218 0.3234767025089606 0.05240793201133145 0.03225806451612903
2 0.6168555240793201 0.29525089605734767 0.03541076487252125 0.025985663082437275
2 0.561614730878187 0.3109318996415771 0.05240793201133145 0.03046594982078853
2 0.5446175637393768 0.2764336917562724 0.046742209631728045 0.027777777777777776
2 0.5941926345609065 0.27419354838709675 0.05524079320113315 0.035842293906810034
2 0.48937677053824363 0.3095878136200717 0.049575070821529746 0.02956989247311828
2 0.5127478753541077 0.29838709677419356 0.0453257790368272 0.034050179211469536
2 0.48300283286118983 0.27912186379928317 0.0481586402266289 0.024193548387096774
2 0.45254957507082155 0.3010752688172043 0.04390934844192635 0.034050179211469536
2 0.419971671388102 0.30062724014336917 0.04390934844192635 0.042114695340501794
2 0.37110481586402266 0.3010752688172043 0.0509915014164306 0.03225806451612903
2 0.2946175637393768 0.28808243727598565 0.0453257790368272 0.02956989247311828
2 0.3328611898016997 0.2746415770609319 0.0368271954674221 0.025985663082437275
2 0.32152974504249293 0.2531362007168459 0.039660056657223795 0.022401433691756272
2 0.39022662889518417 0.2531362007168459 0.05807365439093485 0.042114695340501794
2 0.11968838526912182 0.2724014336917563 0.03541076487252125 0.026881720430107527
2 0.08356940509915015 0.31586021505376344 0.0339943342776204 0.02060931899641577
2 0.13243626062322947 0.3409498207885305 0.03541076487252125 0.025985663082437275
2 0.1621813031161473 0.3503584229390681 0.029745042492917848 0.017921146953405017
2 0.1359773371104816 0.30734767025089604 0.039660056657223795 0.025089605734767026
2 0.1756373937677054 0.3046594982078853 0.0453257790368272 0.03225806451612903
2 0.21388101983002833 0.30689964157706096 0.0368271954674221 0.02956989247311828
2 0.2521246458923513 0.3046594982078853 0.0453257790368272 0.02867383512544803
2 0.2528328611898017 0.27956989247311825 0.04390934844192635 0.026881720430107527
2 0.9213881019830029 0.26836917562724016 0.046742209631728045 0.025985663082437275
2 0.844900849858357 0.2647849462365591 0.03541076487252125 0.022401433691756272
2 0.8123229461756374 0.27553763440860213 0.03541076487252125 0.022401433691756272
2 0.741501416430595 0.28987455197132617 0.04390934844192635 0.025985663082437275
2 0.703257790368272 0.27060931899641577 0.029745042492917848 0.017921146953405017
2 0.7478753541076487 0.2513440860215054 0.0368271954674221 0.025985663082437275
2 0.7514164305949009 0.2692652329749104 0.046742209631728045 0.017025089605734768
2 0.7804532577903683 0.24865591397849462 0.028328611898016998 0.02060931899641577
2 0.8123229461756374 0.25 0.03541076487252125 0.021505376344086023
2 0.839943342776204 0.21236559139784947 0.039660056657223795 0.026881720430107527
2 0.8803116147308783 0.2253584229390681 0.046742209631728045 0.027777777777777776
2 0.7280453257790369 0.20833333333333334 0.0339943342776204 0.024193548387096774
2 0.7910764872521246 0.2253584229390681 0.03824362606232295 0.025985663082437275
2 0.7422096317280453 0.22625448028673836 0.0368271954674221 0.02060931899641577
2 0.774787535410765 0.21281362007168458 0.0509915014164306 0.025985663082437275
2 0.6841359773371105 0.21281362007168458 0.053824362606232294 0.03136200716845878
2 0.6735127478753541 0.23297491039426524 0.049575070821529746 0.025089605734767026
2 0.6919263456090652 0.24731182795698925 0.04107648725212465 0.021505376344086023
2 0.6260623229461757 0.246415770609319 0.0481586402266289 0.021505376344086023
2 0.641643059490085 0.25985663082437277 0.042492917847025496 0.01971326164874552
2 0.495042492917847 0.23745519713261648 0.05524079320113315 0.03046594982078853
2 0.1643059490084986 0.2585125448028674 0.039660056657223795 0.027777777777777776
2 0.08994334277620397 0.20878136200716846 0.03541076487252125 0.026881720430107527
2 0.11118980169971672 0.19668458781362008 0.049575070821529746 0.02956989247311828
2 0.12818696883852693 0.239247311827957 0.049575070821529746 0.01971326164874552
2 0.14518413597733712 0.2553763440860215 0.03541076487252125 0.023297491039426525
2 0.15722379603399433 0.1827956989247312 0.042492917847025496 0.026881720430107527
2 0.19688385269121814 0.2163978494623656 0.0368271954674221 0.027777777777777776
2 0.24858356940509915 0.20833333333333334 0.046742209631728045 0.027777777777777776
2 0.23937677053824363 0.2307347670250896 0.0368271954674221 0.022401433691756272
2 0.2811614730878187 0.224910394265233 0.03824362606232295 0.023297491039426525
2 0.3243626062322946 0.22356630824372759 0.0453257790368272 0.02956989247311828
2 0.3094900849858357 0.18369175627240145 0.05807365439093485 0.03046594982078853
2 0.42705382436260625 0.2217741935483871 0.05240793201133145 0.03494623655913978
2 0.37322946175637395 0.18503584229390682 0.032577903682719546 0.022401433691756272
2 0.39589235127478756 0.2056451612903226 0.05807365439093485 0.03853046594982079
2 0.834985835694051 0.15905017921146952 0.04107648725212465 0.024193548387096774
2 0.8647308781869689 0.18189964157706093 0.05240793201133145 0.03225806451612903
2 0.9022662889518414 0.18593189964157705 0.0311614730878187 0.02060931899641577
2 0.9029745042492918 0.16308243727598568 0.05240793201133145 0.03225806451612903
2 0.9490084985835695 0.13754480286738352 0.0453257790368272 0.03136200716845878
2 0.8746458923512749 0.13485663082437277 0.032577903682719546 0.022401433691756272
2 0.9695467422096318 0.09722222222222222 0.046742209631728045 0.027777777777777776
2 0.8788951841359773 0.0967741935483871 0.046742209631728045 0.02867383512544803
2 0.8477337110481586 0.06989247311827956 0.03541076487252125 0.017921146953405017
2 0.7861189801699717 0.13306451612903225 0.042492917847025496 0.02956989247311828
2 0.7698300283286119 0.14336917562724014 0.04107648725212465 0.026881720430107527
2 0.7322946175637394 0.1774193548387097 0.039660056657223795 0.021505376344086023
2 0.726628895184136 0.15143369175627241 0.0623229461756374 0.03225806451612903
2 0.718130311614731 0.12141577060931899 0.0453257790368272 0.025985663082437275
2 0.7606232294617564 0.11693548387096774 0.0453257790368272 0.025985663082437275
2 0.6770538243626063 0.15232974910394265 0.0339943342776204 0.034050179211469536
2 0.6883852691218131 0.16845878136200718 0.042492917847025496 0.023297491039426525
2 0.6409348441926346 0.15546594982078854 0.04390934844192635 0.027777777777777776
2 0.6055240793201133 0.16801075268817203 0.060906515580736544 0.03494623655913978
2 0.6409348441926346 0.20295698924731181 0.04390934844192635 0.024193548387096774
2 0.5672804532577904 0.22446236559139784 0.049575070821529746 0.02956989247311828
2 0.5828611898016998 0.20295698924731181 0.046742209631728045 0.025985663082437275
2 0.5339943342776204 0.20295698924731181 0.0481586402266289 0.027777777777777776
2 0.4709631728045326 0.1935483870967742 0.04390934844192635 0.02867383512544803
2 0.28966005665722383 0.13216845878136202 0.04390934844192635 0.027777777777777776
2 0.3293201133144476 0.15098566308243727 0.046742209631728045 0.03494623655913978
2 0.3229461756373938 0.11021505376344086 0.0481586402266289 0.03225806451612903
2 0.34985835694050993 0.12992831541218638 0.053824362606232294 0.026881720430107527
2 0.39305949008498586 0.11066308243727599 0.04390934844192635 0.025985663082437275
2 0.45609065155807366 0.11872759856630824 0.053824362606232294 0.02956989247311828
2 0.42138810198300286 0.13127240143369176 0.05240793201133145 0.027777777777777776
2 0.4029745042492918 0.14919354838709678 0.04390934844192635 0.024193548387096774
2 0.4093484419263456 0.1724910394265233 0.039660056657223795 0.025985663082437275
2 0.45467422096317284 0.15905017921146952 0.0368271954674221 0.03853046594982079
2 0.5092067988668556 0.139336917562724 0.06657223796033995 0.033154121863799284
2 0.5410764872521246 0.1124551971326165 0.0509915014164306 0.03136200716845878
2 0.5757790368271954 0.13440860215053763 0.049575070821529746 0.01971326164874552
2 0.5495750708215298 0.15994623655913978 0.0509915014164306 0.027777777777777776
2 0.5021246458923513 0.16621863799283154 0.032577903682719546 0.02060931899641577
2 0.5417847025495751 0.18458781362007168 0.03824362606232295 0.021505376344086023
2 0.5856940509915014 0.09050179211469533 0.046742209631728045 0.03046594982078853
2 0.628186968838527 0.08333333333333333 0.05240793201133145 0.034050179211469536
2 0.6607648725212465 0.05152329749103943 0.046742209631728045 0.024193548387096774
2 0.6855524079320113 0.07347670250896057 0.0481586402266289 0.03046594982078853
2 0.6926345609065157 0.10125448028673835 0.0481586402266289 0.023297491039426525
2 0.6381019830028329 0.10976702508960573 0.04390934844192635 0.022401433691756272
2 0.626770538243626 0.1303763440860215 0.04390934844192635 0.022401433691756272
2 0.7776203966005666 0.062275985663082435 0.0453257790368272 0.024193548387096774
2 0.7457507082152974 0.09498207885304659 0.03541076487252125 0.016129032258064516
2 0.6381019830028329 0.2907706093189964 0.03824362606232295 0.022401433691756272
2 0.6586402266288952 0.30824372759856633 0.0339943342776204 0.03046594982078853
2 0.6862606232294618 0.3154121863799283 0.03541076487252125 0.023297491039426525
2 0.06444759206798867 0.35663082437275984 0.029745042492917848 0.016129032258064516
2 0.1926345609065156 0.3521505376344086 0.0368271954674221 0.026881720430107527
2 0.13810198300283286 0.37007168458781364 0.03541076487252125 0.021505376344086023
2 0.22308781869688385 0.5931899641577061 0.046742209631728045 0.025089605734767026
2 0.9865439093484419 0.6299283154121864 0.026912181303116147 0.021505376344086023
2 0.9419263456090652 0.668010752688172 0.042492917847025496 0.027777777777777776
2 0.5396600566572238 0.6895161290322581 0.039660056657223795 0.025985663082437275
2 0.2762039660056657 0.671594982078853 0.0226628895184136 0.027777777777777776
2 0.11685552407932012 0.6975806451612904 0.03541076487252125 0.01881720430107527
2 0.47237960339943347 0.8360215053763441 0.03541076487252125 0.03225806451612903
2 0.5262039660056658 0.8364695340501792 0.029745042492917848 0.01881720430107527
2 0.7620396600566572 0.8767921146953405 0.039660056657223795 0.022401433691756272
2 0.96671388101983 0.9081541218637993 0.05807365439093485 0.027777777777777776
2 0.9631728045325779 0.9381720430107526 0.042492917847025496 0.02867383512544803
2 0.21671388101983005 0.9363799283154122 0.0339943342776204 0.014336917562724014
2 0.9752124645892352 0.06496415770609319 0.04390934844192635 0.033154121863799284
2 0.9320113314447592 0.05600358422939068 0.039660056657223795 0.024193548387096774
2 0.8796033994334278 0.0228494623655914 0.053824362606232294 0.03853046594982079
2 0.5276203966005666 0.05241935483870968 0.05240793201133145 0.03494623655913978
2 0.44688385269121816 0.0721326164874552 0.049575070821529746 0.024193548387096774
2 0.39872521246458925 0.06720430107526881 0.03824362606232295 0.025089605734767026
2 0.34490084985835695 0.0913978494623656 0.046742209631728045 0.017921146953405017
2 0.22308781869688385 0.12768817204301075 0.03824362606232295 0.022401433691756272
2 0.20538243626062325 0.15681003584229392 0.0368271954674221 0.023297491039426525
2 0.2075070821529745 0.18548387096774194 0.05240793201133145 0.03225806451612903
