2 0.29638752052545153 0.06654228855721393 0.04433497536945813 0.03109452736318408
2 0.4663382594417077 0.0404228855721393 0.03940886699507389 0.026119402985074626
2 0.34646962233169126 0.09390547263681592 0.04269293924466338 0.036069651741293535
2 0.4129720853858785 0.11940298507462686 0.04433497536945813 0.03731343283582089
2 0.45894909688013136 0.08582089552238806 0.031198686371100164 0.02736318407960199
2 0.4909688013136289 0.06529850746268656 0.03284072249589491 0.026119402985074626
2 0.5238095238095238 0.07524875621890548 0.04269293924466338 0.02860696517412935
2 0.2471264367816092 0.1318407960199005 0.05090311986863711 0.03482587064676617
2 0.180623973727422 0.06716417910447761 0.03940886699507389 0.029850746268656716
2 0.04187192118226601 0.07524875621890548 0.047619047619047616 0.033582089552238806
2 0.14614121510673234 0.08955223880597014 0.06896551724137931 0.03980099502487562
2 0.05090311986863711 0.12313432835820895 0.0361247947454844 0.03482587064676617
2 0.19704433497536944 0.17475124378109452 0.03284072249589491 0.036069651741293535
2 0.22742200328407225 0.18097014925373134 0.027914614121510674 0.026119402985074626
2 0.2520525451559934 0.20024875621890548 0.04433497536945813 0.029850746268656716
2 0.30377668308702793 0.17661691542288557 0.0361247947454844 0.03482587064676617
2 0.4014778325123153 0.15920398009950248 0.04433497536945813 0.03482587064676617
2 0.1625615763546798 0.19776119402985073 0.03284072249589491 0.029850746268656716
2 0.10098522167487685 0.19838308457711443 0.034482758620689655 0.02860696517412935
2 0.10262725779967159 0.23445273631840796 0.047619047619047616 0.03109452736318408
2 0.09688013136288998 0.27922885572139305 0.04269293924466338 0.026119402985074626
2 0.090311986863711 0.30970149253731344 0.04926108374384236 0.03731343283582089
2 0.2134646962233169 0.3208955223880597 0.06239737274220033 0.04477611940298507
2 0.299671592775041 0.2972636815920398 0.034482758620689655 0.03233830845771144
2 0.3390804597701149 0.1990049751243781 0.03776683087027914 0.03233830845771144
2 0.3735632183908046 0.22201492537313433 0.034482758620689655 0.02860696517412935
2 0.4129720853858785 0.23569651741293532 0.047619047619047616 0.036069651741293535
2 0.48275862068965514 0.17475124378109452 0.04597701149425287 0.036069651741293535
2 0.45320197044334976 0.1921641791044776 0.04597701149425287 0.03109452736318408
2 0.5492610837438423 0.17288557213930347 0.05747126436781609 0.03233830845771144
2 0.5394088669950738 0.21144278606965175 0.06732348111658457 0.04228855721393035
2 0.5229885057471264 0.24004975124378108 0.05090311986863711 0.029850746268656716
2 0.6083743842364532 0.08022388059701492 0.04433497536945813 0.041044776119402986
2 0.6609195402298851 0.07835820895522388 0.047619047619047616 0.03731343283582089
2 0.7142857142857143 0.0914179104477612 0.052545155993431854 0.036069651741293535
2 0.777504105090312 0.1859452736318408 0.04433497536945813 0.041044776119402986
2 0.8111658456486043 0.20087064676616914 0.03284072249589491 0.026119402985074626
2 0.8513957307060755 0.20460199004975124 0.034482758620689655 0.026119402985074626
2 0.9277504105090312 0.2195273631840796 0.04597701149425287 0.041044776119402986
2 0.7725779967159278 0.22823383084577115 0.03776683087027914 0.02860696517412935
2 0.8144499178981938 0.22823383084577115 0.0361247947454844 0.033582089552238806
2 0.8078817733990148 0.26243781094527363 0.03284072249589491 0.02736318407960199
2 0.8399014778325122 0.24502487562189054 0.027914614121510674 0.022388059701492536
2 0.883415435139573 0.23942786069651742 0.04926108374384236 0.048507462686567165
2 0.6600985221674877 0.23196517412935322 0.04597701149425287 0.03109452736318408
2 0.7151067323481116 0.24191542288557213 0.047619047619047616 0.033582089552238806
2 0.6699507389162561 0.2630597014925373 0.04597701149425287 0.03109452736318408
2 0.7249589490968801 0.2630597014925373 0.03776683087027914 0.0236318407960199
2 0.7208538587848933 0.20771144278606965 0.04269293924466338 0.03482587064676617
2 0.5714285714285714 0.2543532338308458 0.04597701149425287 0.033582089552238806
2 0.4129720853858785 0.2978855721393035 0.04433497536945813 0.033582089552238806
2 0.4811165845648604 0.29850746268656714 0.04597701149425287 0.03731343283582089
2 0.32348111658456485 0.3383084577114428 0.04926108374384236 0.03731343283582089
2 0.3850574712643678 0.3289800995024876 0.06075533661740558 0.041044776119402986
2 0.3760262725779967 0.36318407960199006 0.04926108374384236 0.04228855721393035
2 0.458128078817734 0.3296019900497512 0.05582922824302135 0.03731343283582089
2 0.5057471264367815 0.3383084577114428 0.04269293924466338 0.02487562189054726
2 0.26683087027914615 0.34266169154228854 0.05090311986863711 0.033582089552238806
2 0.10344827586206896 0.3439054726368159 0.04926108374384236 0.03109452736318408
2 0.15106732348111657 0.3445273631840796 0.052545155993431854 0.04477611940298507
2 0.06157635467980296 0.3439054726368159 0.03776683087027914 0.033582089552238806
2 0.0361247947454844 0.26554726368159204 0.04269293924466338 0.02860696517412935
2 0.5476190476190476 0.291044776119403 0.034482758620689655 0.02487562189054726
2 0.5730706075533661 0.31529850746268656 0.03940886699507389 0.033582089552238806
2 0.6247947454844006 0.3215174129353234 0.04433497536945813 0.033582089552238806
2 0.6765188834154351 0.33582089552238803 0.04269293924466338 0.029850746268656716
2 0.7479474548440066 0.31032338308457713 0.06075533661740558 0.04353233830845771
2 0.7241379310344828 0.34701492537313433 0.04269293924466338 0.03482587064676617
2 0.7750410509031198 0.35012437810945274 0.04926108374384236 0.03855721393034826
2 0.8711001642036125 0.3289800995024876 0.047619047619047616 0.02860696517412935
2 0.8899835796387521 0.3582089552238806 0.04926108374384236 0.03482587064676617
2 0.8538587848932676 0.361318407960199 0.0361247947454844 0.033582089552238806
2 0.825944170771757 0.34266169154228854 0.0361247947454844 0.033582089552238806
2 0.8579638752052545 0.29539800995024873 0.03776683087027914 0.026119402985074626
2 0.8711001642036125 0.41044776119402987 0.0541871921182266 0.03980099502487562
2 0.8267651888341543 0.417910447761194 0.041050903119868636 0.03482587064676617
2 0.6912972085385878 0.4092039800995025 0.04597701149425287 0.04975124378109452
2 0.7422003284072249 0.4191542288557214 0.0361247947454844 0.01990049751243781
2 0.7323481116584565 0.4490049751243781 0.03940886699507389 0.029850746268656716
2 0.6091954022988506 0.35136815920398007 0.029556650246305417 0.026119402985074626
2 0.6486042692939245 0.3582089552238806 0.04926108374384236 0.03980099502487562
2 0.5656814449917899 0.35945273631840796 0.047619047619047616 0.03482587064676617
2 0.5615763546798029 0.39116915422885573 0.0361247947454844 0.02860696517412935
2 0.5008210180623973 0.38743781094527363 0.04597701149425287 0.026119402985074626
2 0.4975369458128079 0.4259950248756219 0.05582922824302135 0.036069651741293535
2 0.44745484400656815 0.42661691542288555 0.041050903119868636 0.03482587064676617
2 0.3735632183908046 0.4216417910447761 0.047619047619047616 0.029850746268656716
2 0.3883415435139573 0.4496268656716418 0.05090311986863711 0.02860696517412935
2 0.3251231527093596 0.43034825870646765 0.04597701149425287 0.03233830845771144
2 0.2824302134646962 0.4577114427860696 0.04597701149425287 0.03233830845771144
2 0.1863711001642036 0.44154228855721395 0.047619047619047616 0.03731343283582089
2 0.23399014778325122 0.43407960199004975 0.05747126436781609 0.03482587064676617
2 0.10344827586206896 0.4110696517412935 0.06239737274220033 0.05099502487562189
2 0.16009852216748768 0.4577114427860696 0.031198686371100164 0.022388059701492536
2 0.6001642036124795 0.417910447761194 0.027914614121510674 0.01990049751243781
2 0.5886699507389163 0.4465174129353234 0.05090311986863711 0.03980099502487562
2 0.6280788177339901 0.457089552238806 0.02463054187192118 0.02860696517412935
2 0.8103448275862069 0.4956467661691542 0.04433497536945813 0.03109452736318408
2 0.7660098522167488 0.5149253731343284 0.06403940886699507 0.03980099502487562
2 0.7060755336617406 0.5248756218905473 0.05582922824302135 0.05223880597014925
2 0.80623973727422 0.5509950248756219 0.04269293924466338 0.03482587064676617
2 0.7512315270935961 0.5621890547263682 0.05090311986863711 0.029850746268656716
2 0.7619047619047619 0.5814676616915423 0.04926108374384236 0.026119402985074626
2 0.8513957307060755 0.5609452736318408 0.05090311986863711 0.0472636815920398
2 0.8563218390804598 0.5217661691542288 0.05747126436781609 0.03855721393034826
2 0.925287356321839 0.5715174129353233 0.04433497536945813 0.036069651741293535
2 0.876847290640394 0.5988805970149254 0.04269293924466338 0.026119402985074626
2 0.6133004926108374 0.5634328358208955 0.034482758620689655 0.02736318407960199
2 0.6223316912972086 0.5883084577114428 0.0361247947454844 0.02487562189054726
2 0.5098522167487685 0.5105721393034826 0.047619047619047616 0.033582089552238806
2 0.509031198686371 0.4856965174129353 0.03940886699507389 0.0236318407960199
2 0.5459770114942528 0.5435323383084577 0.041050903119868636 0.03233830845771144
2 0.5821018062397373 0.5441542288557214 0.03776683087027914 0.033582089552238806
2 0.5172413793103449 0.5578358208955224 0.05582922824302135 0.046019900497512436
2 0.45977011494252873 0.5733830845771144 0.0722495894909688 0.03482587064676617
2 0.41461412151067323 0.5416666666666666 0.05747126436781609 0.036069651741293535
2 0.4006568144499179 0.5055970149253731 0.06568144499178982 0.03855721393034826
2 0.4688013136288998 0.5174129353233831 0.031198686371100164 0.022388059701492536
2 0.46469622331691296 0.542910447761194 0.029556650246305417 0.018656716417910446
2 0.3431855500821018 0.5708955223880597 0.052545155993431854 0.03482587064676617
2 0.3078817733990148 0.5478855721393034 0.05747126436781609 0.036069651741293535
2 0.2594417077175698 0.5485074626865671 0.04926108374384236 0.03482587064676617
2 0.22495894909688013 0.5267412935323383 0.05582922824302135 0.036069651741293535
2 0.21182266009852216 0.5590796019900497 0.04597701149425287 0.03109452736318408
2 0.17487684729064037 0.5329601990049752 0.047619047619047616 0.036069651741293535
2 0.13054187192118227 0.5522388059701493 0.04433497536945813 0.03731343283582089
2 0.0960591133004926 0.5335820895522388 0.047619047619047616 0.04228855721393035
2 0.14203612479474548 0.6604477611940298 0.03776683087027914 0.03233830845771144
2 0.1863711001642036 0.6735074626865671 0.05090311986863711 0.033582089552238806
2 0.23809523809523808 0.6691542288557214 0.03940886699507389 0.02736318407960199
2 0.27586206896551724 0.652363184079602 0.04926108374384236 0.036069651741293535
2 0.3341543513957307 0.6554726368159204 0.05090311986863711 0.04228855721393035
2 0.39490968801313625 0.6337064676616915 0.04433497536945813 0.03855721393034826
2 0.3793103448275862 0.6660447761194029 0.04597701149425287 0.026119402985074626
2 0.39162561576354676 0.6915422885572139 0.03776683087027914 0.02736318407960199
2 0.438423645320197 0.640547263681592 0.04269293924466338 0.03233830845771144
2 0.4696223316912972 0.6996268656716418 0.03940886699507389 0.02860696517412935
2 0.4417077175697865 0.6803482587064676 0.04926108374384236 0.03731343283582089
2 0.4975369458128079 0.652363184079602 0.03284072249589491 0.03109452736318408
2 0.5623973727422004 0.6393034825870647 0.06403940886699507 0.02736318407960199
2 0.5673234811165846 0.6685323383084577 0.04433497536945813 0.033582089552238806
2 0.535303776683087 0.6722636815920398 0.04597701149425287 0.02860696517412935
2 0.5057471264367815 0.6859452736318408 0.04597701149425287 0.02860696517412935
2 0.6305418719211823 0.6747512437810945 0.052545155993431854 0.036069651741293535
2 0.6756978653530378 0.640547263681592 0.03776683087027914 0.02736318407960199
2 0.7192118226600985 0.6461442786069652 0.04597701149425287 0.033582089552238806
2 0.7536945812807881 0.667910447761194 0.04597701149425287 0.03233830845771144
2 0.8045977011494253 0.6492537313432836 0.04597701149425287 0.03233830845771144
2 0.925287356321839 0.6784825870646766 0.05090311986863711 0.041044776119402986
2 0.944991789819376 0.6430348258706468 0.047619047619047616 0.02736318407960199
2 0.8669950738916256 0.6473880597014925 0.0722495894909688 0.03855721393034826
2 0.812807881773399 0.6766169154228856 0.026272577996715927 0.022388059701492536
2 0.8932676518883416 0.7332089552238806 0.04597701149425287 0.02860696517412935
2 0.9310344827586207 0.7898009950248756 0.059113300492610835 0.04228855721393035
2 0.828407224958949 0.7873134328358209 0.07060755336617405 0.04477611940298507
2 0.764367816091954 0.7406716417910447 0.047619047619047616 0.036069651741293535
2 0.7471264367816092 0.7736318407960199 0.04926108374384236 0.03233830845771144
2 0.7019704433497537 0.7885572139303483 0.047619047619047616 0.02736318407960199
2 0.641215106732348 0.7667910447761194 0.0541871921182266 0.03855721393034826
2 0.5804597701149425 0.7431592039800995 0.05747126436781609 0.046019900497512436
2 0.5977011494252873 0.8072139303482587 0.05582922824302135 0.03482587064676617
2 0.5270935960591133 0.7518656716417911 0.04926108374384236 0.036069651741293535
2 0.4614121510673235 0.724502487562189 0.03940886699507389 0.02860696517412935
2 0.4573070607553366 0.7555970149253731 0.06403940886699507 0.046019900497512436
2 0.3045977011494253 0.6977611940298507 0.04433497536945813 0.029850746268656716
2 0.26354679802955666 0.7543532338308457 0.047619047619047616 0.03109452736318408
2 0.21510673234811165 0.7773631840796019 0.04926108374384236 0.03233830845771144
2 0.14778325123152708 0.7518656716417911 0.052545155993431854 0.04353233830845771
2 0.09688013136288998 0.7562189054726368 0.03940886699507389 0.03482587064676617
2 0.3275862068965517 0.7201492537313433 0.03776683087027914 0.029850746268656716
2 0.3275862068965517 0.7667910447761194 0.034482758620689655 0.02860696517412935
2 0.38341543513957305 0.7630597014925373 0.0541871921182266 0.05099502487562189
2 0.2471264367816092 0.833955223880597 0.047619047619047616 0.03109452736318408
2 0.21510673234811165 0.8569651741293532 0.04926108374384236 0.02736318407960199
2 0.20935960591133004 0.8837064676616915 0.047619047619047616 0.036069651741293535
2 0.4688013136288998 0.8507462686567164 0.041050903119868636 0.029850746268656716
2 0.5459770114942528 0.8681592039800995 0.06403940886699507 0.029850746268656716
2 0.7052545155993432 0.8830845771144279 0.047619047619047616 0.03482587064676617
2 0.8579638752052545 0.8383084577114428 0.05747126436781609 0.029850746268656716
2 0.7339901477832512 0.9135572139303483 0.06896551724137931 0.036069651741293535
2 0.7701149425287356 0.9371890547263682 0.03940886699507389 0.02860696517412935
2 0.8226600985221675 0.9303482587064676 0.059113300492610835 0.03980099502487562
2 0.6633825944170771 0.8942786069651741 0.04269293924466338 0.03233830845771144
2 0.6215106732348111 0.9253731343283582 0.041050903119868636 0.029850746268656716
2 0.5246305418719212 0.8986318407960199 0.047619047619047616 0.03109452736318408
2 0.6190476190476191 0.8924129353233831 0.03940886699507389 0.02860696517412935
2 0.577175697865353 0.9092039800995024 0.0541871921182266 0.04477611940298507
2 0.5492610837438423 0.9278606965174129 0.03776683087027914 0.02736318407960199
2 0.4605911330049261 0.8899253731343283 0.03776683087027914 0.026119402985074626
2 0.48275862068965514 0.9191542288557214 0.05582922824302135 0.03233830845771144
2 0.49507389162561577 0.9477611940298507 0.041050903119868636 0.02736318407960199
2 0.49917898193760263 0.9732587064676617 0.04269293924466338 0.033582089552238806
2 0.389983579638752 0.9036069651741293 0.03776683087027914 0.02860696517412935
2 0.4277504105090312 0.9104477611940298 0.03776683087027914 0.03233830845771144
2 0.43678160919540227 0.945273631840796 0.052545155993431854 0.03731343283582089
2 0.3308702791461412 0.878731343283582 0.04433497536945813 0.036069651741293535
2 0.277504105090312 0.8694029850746269 0.04926108374384236 0.03233830845771144
2 0.17733990147783252 0.9253731343283582 0.08866995073891626 0.04477611940298507
2 0.2684729064039409 0.9023631840796019 0.06075533661740558 0.0236318407960199
2 0.25615763546798026 0.9272388059701492 0.0361247947454844 0.01616915422885572
2 0.10919540229885057 0.958955223880597 0.0541871921182266 0.03980099502487562
2 0.17898193760262726 0.9676616915422885 0.0361247947454844 0.02736318407960199
2 0.389983579638752 0.9552238805970149 0.03776683087027914 0.03233830845771144
2 0.7142857142857143 0.8588308457711442 0.03940886699507389 0.021144278606965175
2 0.8908045977011494 0.9104477611940298 0.03776683087027914 0.022388059701492536
2 0.39983579638752054 0.722636815920398 0.034482758620689655 0.01990049751243781
2 0.5435139573070608 0.6131840796019901 0.0361247947454844 0.022388059701492536
2 0.6108374384236454 0.625 0.0361247947454844 0.0236318407960199
2 0.4417077175697865 0.6069651741293532 0.03940886699507389 0.022388059701492536
2 0.8054187192118226 0.40049751243781095 0.034482758620689655 0.02487562189054726
2 0.2733990147783251 0.09328358208955223 0.047619047619047616 0.022388059701492536
2 0.23234811165845648 0.10509950248756218 0.041050903119868636 0.021144278606965175
2 0.7216748768472906 0.11878109452736318 0.031198686371100164 0.0236318407960199
2 0.09770114942528735 0.16977611940298507 0.034482758620689655 0.0236318407960199
2 0.5533661740558292 0.7972636815920398 0.029556650246305417 0.02487562189054726
2 0.5862068965517241 0.7804726368159204 0.0361247947454844 0.021144278606965175
2 0.9285714285714285 0.7574626865671642 0.03776683087027914 0.02736318407960199
2 0.7980295566502463 0.7568407960199005 0.03284072249589491 0.026119402985074626
2 0.5369458128078818 0.6996268656716418 0.03284072249589491 0.018656716417910446
2 0.2684729064039409 0.7008706467661692 0.034482758620689655 0.026119402985074626
2 0.16912972085385877 0.8893034825870647 0.03940886699507389 0.029850746268656716
2 0.1083743842364532 0.9278606965174129 0.04926108374384236 0.029850746268656716
2 0.8513957307060755 0.8899253731343283 0.027914614121510674 0.01616915422885572
2 0.7783251231527093 0.792910447761194 0.029556650246305417 0.0236318407960199
2 0.8760262725779967 0.8171641791044776 0.03776683087027914 0.02487562189054726
2 0.9367816091954023 0.402363184079602 0.031198686371100164 0.026119402985074626
2 0.06978653530377668 0.09079601990049752 0.047619047619047616 0.03233830845771144
2 0.21592775041050902 0.13992537313432835 0.02463054187192118 0.02860696517412935
2 0.2881773399014778 0.13246268656716417 0.031198686371100164 0.026119402985074626
2 0.312807881773399 0.09763681592039801 0.02134646962233169 0.0236318407960199
2 0.38587848932676516 0.0914179104477612 0.0361247947454844 0.026119402985074626
2 0.5558292282430213 0.09888059701492537 0.03776683087027914 0.033582089552238806
2 0.8078817733990148 0.07711442786069651 0.0361247947454844 0.02487562189054726
2 0.6912972085385878 0.27487562189054726 0.0361247947454844 0.029850746268656716
2 0.5862068965517241 0.18470149253731344 0.026272577996715927 0.033582089552238806
2 0.03037766830870279 0.2978855721393035 0.03776683087027914 0.03109452736318408
2 0.023809523809523808 0.333955223880597 0.04433497536945813 0.036069651741293535
2 0.12561576354679801 0.30472636815920395 0.027914614121510674 0.029850746268656716
2 0.17077175697865352 0.30659203980099503 0.022988505747126436 0.021144278606965175
2 0.1592775041050903 0.4216417910447761 0.03940886699507389 0.03233830845771144
2 0.12397372742200329 0.43594527363184077 0.031198686371100164 0.021144278606965175
2 0.21839080459770113 0.35572139303482586 0.04926108374384236 0.02487562189054726
2 0.34646962233169126 0.31094527363184077 0.029556650246305417 0.02487562189054726
2 0.3587848932676519 0.4017412935323383 0.031198686371100164 0.01990049751243781
2 0.39983579638752054 0.4079601990049751 0.027914614121510674 0.02487562189054726
2 0.5164203612479474 0.361318407960199 0.041050903119868636 0.03109452736318408
2 0.632183908045977 0.42661691542288555 0.029556650246305417 0.02736318407960199
2 0.7101806239737274 0.2972636815920398 0.027914614121510674 0.029850746268656716
2 0.7988505747126436 0.31902985074626866 0.034482758620689655 0.026119402985074626
2 0.7405582922824302 0.3737562189054726 0.03284072249589491 0.01616915422885572
2 0.7733990147783251 0.4060945273631841 0.029556650246305417 0.026119402985074626
2 0.6986863711001642 0.44776119402985076 0.031198686371100164 0.029850746268656716
2 0.7619047619047619 0.445273631840796 0.022988505747126436 0.01990049751243781
2 0.958128078817734 0.5802238805970149 0.031198686371100164 0.033582089552238806
2 0.9745484400656814 0.5491293532338308 0.047619047619047616 0.03109452736318408
2 0.577175697865353 0.6194029850746269 0.027914614121510674 0.02487562189054726
2 0.6527093596059113 0.6921641791044776 0.027914614121510674 0.0236318407960199
2 0.7561576354679803 0.6411691542288557 0.03776683087027914 0.0236318407960199
2 0.8316912972085385 0.6853233830845771 0.027914614121510674 0.02487562189054726
2 0.8620689655172413 0.6772388059701493 0.029556650246305417 0.021144278606965175
2 0.82183908045977 0.8196517412935324 0.027914614121510674 0.017412935323383085
2 0.6945812807881773 0.7643034825870647 0.052545155993431854 0.026119402985074626
2 0.6683087027914614 0.7431592039800995 0.03284072249589491 0.021144278606965175
2 0.24794745484400657 0.9490049751243781 0.026272577996715927 0.029850746268656716
2 0.2110016420361248 0.9490049751243781 0.034482758620689655 0.022388059701492536
2 0.5443349753694581 0.9676616915422885 0.031198686371100164 0.022388059701492536
2 0.5862068965517241 0.9651741293532338 0.029556650246305417 0.017412935323383085
2 0.6190476190476191 0.9527363184079601 0.03284072249589491 0.022388059701492536
2 0.8940886699507389 0.8893034825870647 0.04433497536945813 0.02487562189054726
2 0.312807881773399 0.4664179104477612 0.027914614121510674 0.017412935323383085
2 0.4638752052545156 0.4657960199004975 0.02134646962233169 0.01616915422885572
