2 0.15748031496062992 0.13276492082825822 0.04094488188976378 0.021924482338611447
2 0.27244094488188975 0.16260657734470157 0.04409448818897638 0.03775883069427527
2 0.23228346456692914 0.1735688185140073 0.023622047244094488 0.020706455542021922
2 0.21181102362204723 0.11632155907429963 0.029921259842519685 0.020706455542021922
2 0.16062992125984252 0.16504263093788063 0.025196850393700787 0.023142509135200974
2 0.5196850393700787 0.09866017052375152 0.04409448818897638 0.031668696711327646
2 0.5677165354330709 0.07429963459196103 0.03622047244094488 0.031668696711327646
2 0.44409448818897634 0.10535931790499391 0.025196850393700787 0.028014616321559074
2 0.610236220472441 0.12423873325213154 0.04566929133858268 0.03654080389768575
2 0.5850393700787402 0.14799025578562727 0.029921259842519685 0.023142509135200974
2 0.6606299212598425 0.11266747868453106 0.04566929133858268 0.04506699147381242
2 0.6921259842519685 0.06516443361753958 0.03307086614173228 0.023142509135200974
2 0.7141732283464567 0.09196102314250913 0.023622047244094488 0.020706455542021922
2 0.7480314960629921 0.08282582216808769 0.031496062992125984 0.021924482338611447
2 0.7929133858267716 0.11875761266747868 0.03307086614173228 0.025578562728380022
2 0.8763779527559055 0.10901339829476248 0.048818897637795275 0.03532277710109622
2 0.9307086614173228 0.20462850182704018 0.03779527559055118 0.031668696711327646
2 0.8629921259842519 0.19001218026796587 0.03464566929133858 0.031668696711327646
2 0.8755905511811024 0.2271619975639464 0.03464566929133858 0.028014616321559074
2 0.8196850393700787 0.2028014616321559 0.03622047244094488 0.028014616321559074
2 0.7763779527559055 0.22289890377588306 0.03464566929133858 0.024360535931790498
2 0.7401574803149606 0.21863580998781973 0.031496062992125984 0.020706455542021922
2 0.6661417322834645 0.20706455542021923 0.050393700787401574 0.031668696711327646
2 0.6173228346456693 0.21680876979293542 0.031496062992125984 0.02679658952496955
2 0.5795275590551181 0.22777101096224114 0.031496062992125984 0.02679658952496955
2 0.5070866141732283 0.20645554202192448 0.04094488188976378 0.028014616321559074
2 0.5440944881889763 0.22898903775883067 0.023622047244094488 0.0194884287454324
2 0.21968503937007874 0.22959805115712545 0.029921259842519685 0.023142509135200974
2 0.10551181102362205 0.2448233861144945 0.025196850393700787 0.021924482338611447
2 0.29763779527559053 0.22168087697929353 0.03779527559055118 0.02679658952496955
2 0.3559055118110236 0.20401948842874543 0.03464566929133858 0.025578562728380022
2 0.3362204724409449 0.24116930572472592 0.029921259842519685 0.021924482338611447
2 0.4094488188976378 0.2241169305724726 0.03779527559055118 0.031668696711327646
2 0.44173228346456694 0.21132764920828256 0.03307086614173228 0.03045066991473812
2 0.4811023622047244 0.2417783191230207 0.03622047244094488 0.028014616321559074
2 0.32047244094488186 0.305115712545676 0.03622047244094488 0.025578562728380022
2 0.2543307086614173 0.33008526187576126 0.03937007874015748 0.029232643118148598
2 0.20866141732283464 0.33678440925700365 0.03622047244094488 0.03045066991473812
2 0.1346456692913386 0.3440925700365408 0.03622047244094488 0.028014616321559074
2 0.09448818897637795 0.3635809987819732 0.031496062992125984 0.028014616321559074
2 0.35118110236220473 0.33678440925700365 0.03464566929133858 0.028014616321559074
2 0.3905511811023622 0.3392204628501827 0.03464566929133858 0.03045066991473812
2 0.4196850393700787 0.3233861144945189 0.029921259842519685 0.020706455542021922
2 0.46692913385826773 0.3276492082825822 0.03622047244094488 0.029232643118148598
2 0.5606299212598425 0.3045066991473812 0.04094488188976378 0.031668696711327646
2 0.5133858267716536 0.33678440925700365 0.03464566929133858 0.03045066991473812
2 0.5338582677165354 0.3599269183922046 0.03779527559055118 0.028014616321559074
2 0.5929133858267717 0.34774665042630937 0.03622047244094488 0.03045066991473812
2 0.6165354330708661 0.3093788063337393 0.026771653543307086 0.029232643118148598
2 0.658267716535433 0.30694275274056027 0.03464566929133858 0.029232643118148598
2 0.6322834645669291 0.34470158343483553 0.03937007874015748 0.029232643118148598
2 0.7047244094488189 0.341047503045067 0.03622047244094488 0.0341047503045067
2 0.7803149606299212 0.3337393422655298 0.03622047244094488 0.029232643118148598
2 0.7913385826771654 0.28989037758830694 0.026771653543307086 0.024360535931790498
2 0.7401574803149606 0.3343483556638246 0.028346456692913385 0.03045066991473812
2 0.8354330708661417 0.31912302070645554 0.03937007874015748 0.029232643118148598
2 0.8622047244094488 0.2990255785627284 0.03307086614173228 0.025578562728380022
2 0.9236220472440945 0.3038976857490865 0.03307086614173228 0.03045066991473812
2 0.41023622047244096 0.3745432399512789 0.026771653543307086 0.023142509135200974
2 0.19291338582677164 0.4190012180267966 0.029921259842519685 0.024360535931790498
2 0.15748031496062992 0.44031668696711324 0.028346456692913385 0.025578562728380022
2 0.07716535433070866 0.44518879415347135 0.04409448818897638 0.03045066991473812
2 0.2 0.44336175395858707 0.028346456692913385 0.01705237515225335
2 0.2795275590551181 0.43361753958587085 0.04251968503937008 0.031668696711327646
2 0.26614173228346455 0.40864799025578563 0.031496062992125984 0.023142509135200974
2 0.2377952755905512 0.45797807551766134 0.03464566929133858 0.02679658952496955
2 0.315748031496063 0.44518879415347135 0.04251968503937008 0.03045066991473812
2 0.35748031496062993 0.4250913520097442 0.04094488188976378 0.0341047503045067
2 0.40078740157480314 0.45676004872107184 0.03622047244094488 0.029232643118148598
2 0.45511811023622045 0.4123020706455542 0.028346456692913385 0.023142509135200974
2 0.45354330708661417 0.4464068209500609 0.03779527559055118 0.028014616321559074
2 0.5574803149606299 0.4171741778319123 0.03779527559055118 0.03045066991473812
2 0.5377952755905512 0.45188794153471373 0.03622047244094488 0.029232643118148598
2 0.5913385826771653 0.45066991473812423 0.03307086614173228 0.0341047503045067
2 0.6244094488188976 0.4476248477466504 0.029921259842519685 0.025578562728380022
2 0.6574803149606299 0.41595615103532274 0.03307086614173228 0.025578562728380022
2 0.6653543307086615 0.4652862362971985 0.029921259842519685 0.024360535931790498
2 0.705511811023622 0.4555420219244823 0.03464566929133858 0.02679658952496955
2 0.7433070866141732 0.4287454323995128 0.03464566929133858 0.029232643118148598
2 0.7661417322834646 0.4585870889159561 0.03622047244094488 0.03045066991473812
2 0.7921259842519685 0.4415347137637028 0.03464566929133858 0.03045066991473812
2 0.8015748031496063 0.41108404384896463 0.025196850393700787 0.020706455542021922
2 0.8362204724409449 0.43848964677222896 0.047244094488188976 0.031668696711327646
2 0.8173228346456692 0.46954933008526184 0.03464566929133858 0.025578562728380022
2 0.9070866141732283 0.4232643118148599 0.04094488188976378 0.028014616321559074
2 0.8992125984251969 0.39768574908647986 0.028346456692913385 0.023142509135200974
2 0.9480314960629921 0.4056029232643118 0.025196850393700787 0.021924482338611447
2 0.9338582677165355 0.4378806333739342 0.028346456692913385 0.020706455542021922
2 0.8811023622047244 0.45066991473812423 0.03937007874015748 0.024360535931790498
2 0.22755905511811023 0.4342265529841656 0.029921259842519685 0.018270401948842874
2 0.3102362204724409 0.5450669914738124 0.031496062992125984 0.023142509135200974
2 0.35039370078740156 0.5347137637028014 0.03622047244094488 0.029232643118148598
2 0.2251968503937008 0.5450669914738124 0.03464566929133858 0.028014616321559074
2 0.08740157480314961 0.5298416565164433 0.03307086614173228 0.029232643118148598
2 0.14094488188976378 0.5450669914738124 0.03622047244094488 0.028014616321559074
2 0.17480314960629922 0.561510353227771 0.03779527559055118 0.029232643118148598
2 0.06535433070866142 0.5724725943970767 0.029921259842519685 0.02679658952496955
2 0.0952755905511811 0.5834348355663824 0.03622047244094488 0.024360535931790498
2 0.1283464566929134 0.6035322777101096 0.029921259842519685 0.025578562728380022
2 0.08503937007874016 0.6035322777101096 0.025196850393700787 0.018270401948842874
2 0.18818897637795276 0.6345919610231425 0.029921259842519685 0.024360535931790498
2 0.23858267716535433 0.6352009744214372 0.03307086614173228 0.028014616321559074
2 0.2740157480314961 0.6370280146163215 0.03464566929133858 0.021924482338611447
2 0.48031496062992124 0.535931790499391 0.025196850393700787 0.021924482338611447
2 0.4582677165354331 0.5609013398294762 0.04094488188976378 0.03288672350791717
2 0.4889763779527559 0.5669914738124239 0.026771653543307086 0.023142509135200974
2 0.5244094488188976 0.5584652862362972 0.03464566929133858 0.028014616321559074
2 0.573228346456693 0.561510353227771 0.03779527559055118 0.029232643118148598
2 0.6377952755905512 0.5700365408038977 0.03779527559055118 0.029232643118148598
2 0.6795275590551181 0.5267965895249695 0.029921259842519685 0.025578562728380022
2 0.7196850393700788 0.56394640682095 0.03464566929133858 0.029232643118148598
2 0.737007874015748 0.5292326431181485 0.03464566929133858 0.028014616321559074
2 0.7732283464566929 0.5188794153471377 0.028346456692913385 0.021924482338611447
2 0.7960629921259842 0.5468940316686967 0.03622047244094488 0.029232643118148598
2 0.852755905511811 0.5468940316686967 0.03937007874015748 0.031668696711327646
2 0.8464566929133858 0.5140073081607796 0.023622047244094488 0.021924482338611447
2 0.8968503937007873 0.528014616321559 0.029921259842519685 0.025578562728380022
2 0.8716535433070866 0.5627283800243605 0.026771653543307086 0.021924482338611447
2 0.8181102362204724 0.5694275274056029 0.023622047244094488 0.018270401948842874
2 0.0795275590551181 0.6674786845310596 0.03622047244094488 0.029232643118148598
2 0.13622047244094487 0.6747868453105969 0.03937007874015748 0.024360535931790498
2 0.13543307086614173 0.7015834348355663 0.03779527559055118 0.029232643118148598
2 0.19370078740157481 0.7113276492082825 0.03464566929133858 0.029232643118148598
2 0.24960629921259841 0.6814859926918392 0.04251968503937008 0.03532277710109622
2 0.3220472440944882 0.6784409257003654 0.03622047244094488 0.02679658952496955
2 0.2574803149606299 0.7155907429963458 0.03622047244094488 0.025578562728380022
2 0.4251968503937008 0.6638246041412911 0.03464566929133858 0.0341047503045067
2 0.4401574803149606 0.6425091352009744 0.03307086614173228 0.020706455542021922
2 0.4023622047244094 0.6388550548112059 0.03307086614173228 0.023142509135200974
2 0.36456692913385824 0.6400730816077953 0.029921259842519685 0.018270401948842874
2 0.4811023622047244 0.6443361753958586 0.026771653543307086 0.02679658952496955
2 0.5165354330708661 0.6443361753958586 0.03464566929133858 0.029232643118148598
2 0.4637795275590551 0.6760048721071863 0.03307086614173228 0.02679658952496955
2 0.4149606299212598 0.694884287454324 0.05196850393700787 0.03288672350791717
2 0.5480314960629922 0.6760048721071863 0.028346456692913385 0.021924482338611447
2 0.5881889763779528 0.6729598051157125 0.03622047244094488 0.025578562728380022
2 0.6196850393700787 0.6406820950060901 0.03622047244094488 0.029232643118148598
2 0.6889763779527559 0.6613885505481121 0.03307086614173228 0.02679658952496955
2 0.6204724409448819 0.7021924482338611 0.03464566929133858 0.025578562728380022
2 0.6818897637795276 0.6979293544457977 0.03779527559055118 0.029232643118148598
2 0.7716535433070866 0.6315468940316686 0.028346456692913385 0.023142509135200974
2 0.747244094488189 0.656516443361754 0.023622047244094488 0.0194884287454324
2 0.6929133858267716 0.6181485992691839 0.028346456692913385 0.023142509135200974
2 0.8086614173228346 0.6479902557856273 0.029921259842519685 0.021924482338611447
2 0.8937007874015748 0.6419001218026796 0.03307086614173228 0.024360535931790498
2 0.8566929133858268 0.6753958587088915 0.031496062992125984 0.020706455542021922
2 0.9133858267716535 0.6674786845310596 0.03779527559055118 0.031668696711327646
2 0.9496062992125984 0.6662606577344701 0.03464566929133858 0.02679658952496955
2 0.931496062992126 0.6211936662606578 0.029921259842519685 0.024360535931790498
2 0.9062992125984252 0.7009744214372716 0.029921259842519685 0.03532277710109622
2 0.6897637795275591 0.7247259439707673 0.04094488188976378 0.024360535931790498
2 0.658267716535433 0.7557856272838002 0.03779527559055118 0.025578562728380022
2 0.6913385826771653 0.7789281364190012 0.03779527559055118 0.03288672350791717
2 0.611023622047244 0.7898903775883069 0.03779527559055118 0.028014616321559074
2 0.647244094488189 0.8014616321559074 0.03779527559055118 0.021924482338611447
2 0.7968503937007874 0.7527405602923264 0.03779527559055118 0.029232643118148598
2 0.8267716535433071 0.7722289890377588 0.04094488188976378 0.031668696711327646
2 0.8574803149606299 0.7460414129110841 0.029921259842519685 0.020706455542021922
2 0.9346456692913385 0.7795371498172959 0.029921259842519685 0.02679658952496955
2 0.9440944881889763 0.7624847746650426 0.023622047244094488 0.021924482338611447
2 0.768503937007874 0.8008526187576126 0.03779527559055118 0.03045066991473812
2 0.8826771653543307 0.8087697929354445 0.03307086614173228 0.024360535931790498
2 0.8881889763779527 0.8367844092570036 0.04094488188976378 0.02679658952496955
2 0.7661417322834646 0.8514007308160779 0.03307086614173228 0.021924482338611447
2 0.7125984251968503 0.8623629719853836 0.029921259842519685 0.0194884287454324
2 0.5433070866141733 0.8020706455542022 0.03779527559055118 0.028014616321559074
2 0.5165354330708661 0.761266747868453 0.028346456692913385 0.024360535931790498
2 0.46614173228346456 0.7783191230207064 0.031496062992125984 0.029232643118148598
2 0.4921259842519685 0.7789281364190012 0.026771653543307086 0.023142509135200974
2 0.2566929133858268 0.7783191230207064 0.04094488188976378 0.024360535931790498
2 0.3165354330708661 0.7929354445797807 0.03779527559055118 0.024360535931790498
2 0.33228346456692914 0.8148599269183922 0.028346456692913385 0.0194884287454324
2 0.3716535433070866 0.8410475030450669 0.031496062992125984 0.023142509135200974
2 0.4047244094488189 0.794762484774665 0.031496062992125984 0.028014616321559074
2 0.43149606299212595 0.8026796589524969 0.03464566929133858 0.024360535931790498
2 0.36456692913385824 0.8087697929354445 0.03622047244094488 0.024360535931790498
2 0.18031496062992125 0.7350791717417783 0.03307086614173228 0.023142509135200974
2 0.15826771653543306 0.7777101096224116 0.04251968503937008 0.03045066991473812
2 0.11338582677165354 0.7527405602923264 0.031496062992125984 0.021924482338611447
2 0.2078740157480315 0.7813641900121803 0.047244094488188976 0.025578562728380022
2 0.21338582677165355 0.8087697929354445 0.04566929133858268 0.031668696711327646
2 0.18661417322834645 0.8702801461632156 0.029921259842519685 0.023142509135200974
2 0.13307086614173227 0.8617539585870889 0.03307086614173228 0.023142509135200974
2 0.0795275590551181 0.9068209500609012 0.03622047244094488 0.03775883069427527
2 0.14251968503937007 0.9141291108404385 0.03937007874015748 0.028014616321559074
2 0.2173228346456693 0.9275274056029232 0.03464566929133858 0.025578562728380022
2 0.284251968503937 0.940925700365408 0.03622047244094488 0.023142509135200974
2 0.33385826771653543 0.9165651644336175 0.04094488188976378 0.03045066991473812
2 0.39291338582677166 0.9110840438489646 0.04251968503937008 0.0341047503045067
2 0.4763779527559055 0.8879415347137637 0.03307086614173228 0.029232643118148598
2 0.5385826771653544 0.894640682095006 0.03464566929133858 0.028014616321559074
2 0.5118110236220472 0.930572472594397 0.04094488188976378 0.024360535931790498
2 0.4795275590551181 0.9470158343483556 0.03937007874015748 0.025578562728380022
2 0.5692913385826771 0.9159561510353227 0.03622047244094488 0.031668696711327646
2 0.6409448818897637 0.9104750304506699 0.04094488188976378 0.03045066991473812
2 0.6141732283464567 0.9360535931790499 0.04094488188976378 0.028014616321559074
2 0.6716535433070866 0.8855054811205846 0.04251968503937008 0.0389768574908648
2 0.7244094488188977 0.907429963459196 0.03779527559055118 0.031668696711327646
2 0.6905511811023622 0.9226552984165651 0.029921259842519685 0.020706455542021922
2 0.815748031496063 0.8696711327649208 0.04409448818897638 0.02679658952496955
2 0.8023622047244094 0.8867235079171741 0.03937007874015748 0.02679658952496955
2 0.7614173228346457 0.8964677222898904 0.029921259842519685 0.0194884287454324
2 0.7661417322834646 0.928136419001218 0.03307086614173228 0.024360535931790498
2 0.8023622047244094 0.9336175395858708 0.03622047244094488 0.03045066991473812
2 0.8866141732283465 0.9342265529841656 0.04409448818897638 0.031668696711327646
2 0.9409448818897638 0.8928136419001218 0.03622047244094488 0.02679658952496955
2 0.9488188976377953 0.9293544457978075 0.03937007874015748 0.02679658952496955
2 0.35748031496062993 0.8995127892813641 0.03464566929133858 0.023142509135200974
2 0.4464566929133858 0.5249695493300852 0.029921259842519685 0.024360535931790498
2 0.14566929133858267 0.22838002436053592 0.03622047244094488 0.023142509135200974
2 0.08740157480314961 0.13215590742996344 0.04251968503937008 0.03045066991473812
2 0.03779527559055118 0.06577344701583435 0.03464566929133858 0.029232643118148598
2 0.1220472440944882 0.45615103532277707 0.03307086614173228 0.023142509135200974
2 0.7086614173228346 0.36236297198538364 0.025196850393700787 0.020706455542021922
2 0.6984251968503937 0.3002436053593179 0.03622047244094488 0.028014616321559074
2 0.38976377952755903 0.09683313032886723 0.03307086614173228 0.020706455542021922
2 0.9732283464566929 0.7143727161997564 0.04409448818897638 0.03288672350791717
2 0.978740157480315 0.8045066991473812 0.03622047244094488 0.028014616321559074
2 0.34960629921259845 0.7643118148599268 0.025196850393700787 0.013398294762484775
2 0.5511811023622047 0.7369062119366626 0.031496062992125984 0.024360535931790498
2 0.05433070866141732 0.6120584652862363 0.029921259842519685 0.023142509135200974
2 0.26771653543307083 0.4622411693057247 0.028346456692913385 0.020706455542021922
2 0.49921259842519683 0.35444579780755175 0.028346456692913385 0.02679658952496955
2 0.28188976377952757 0.18879415347137635 0.03779527559055118 0.021924482338611447
2 0.3291338582677165 0.17600487210718635 0.028346456692913385 0.020706455542021922
2 0.2937007874015748 0.14129110840438489 0.03622047244094488 0.021924482338611447
2 0.5622047244094488 0.10109622411693056 0.04409448818897638 0.029232643118148598
2 0.8330708661417323 0.06455542021924482 0.031496062992125984 0.0194884287454324
2 0.8984251968503937 0.12911084043848964 0.029921259842519685 0.0194884287454324
2 0.2874015748031496 0.3398294762484774 0.026771653543307086 0.03654080389768575
2 0.352755905511811 0.3684531059683313 0.025196850393700787 0.015834348355663823
2 0.511023622047244 0.31242387332521315 0.029921259842519685 0.023142509135200974
2 0.4622047244094488 0.5943970767356882 0.026771653543307086 0.01705237515225335
2 0.16220472440944883 0.7984165651644336 0.025196850393700787 0.018270401948842874
2 0.22362204724409449 0.830694275274056 0.031496062992125984 0.0194884287454324
2 0.25984251968503935 0.7978075517661388 0.031496062992125984 0.01705237515225335
2 0.3826771653543307 0.786845310596833 0.02204724409448819 0.024360535931790498
2 0.40629921259842516 0.8154689403166869 0.04094488188976378 0.023142509135200974
2 0.2559055118110236 0.9500609013398295 0.029921259842519685 0.0194884287454324
