2 0.02727272727272727 0.9811498586239397 0.04462809917355372 0.030160226201696512
2 0.09421487603305785 0.9778510838831291 0.05619834710743801 0.03298774740810556
2 0.032231404958677684 0.9467483506126295 0.05454545454545454 0.03110273327049953
2 0.09173553719008264 0.9519321394910462 0.04793388429752066 0.024505183788878417
2 0.1024793388429752 0.9269557021677662 0.05619834710743801 0.02544769085768143
2 0.0628099173553719 0.9255419415645617 0.026446280991735537 0.015080113100848256
2 0.1512396694214876 0.9406220546654099 0.04793388429752066 0.024505183788878417
2 0.1768595041322314 0.9311969839773798 0.04628099173553719 0.022620169651272386
2 0.23553719008264462 0.9453345900094251 0.04462809917355372 0.02639019792648445
2 0.228099173553719 0.9208294062205467 0.05289256198347107 0.02639019792648445
2 0.1652892561983471 0.9000942507068803 0.07603305785123966 0.03204524033930255
2 0.23057851239669422 0.8788878416588124 0.04462809917355372 0.029217719132893494
2 0.25867768595041324 0.8934967012252591 0.0512396694214876 0.024505183788878417
2 0.29173553719008266 0.9359095193213949 0.04462809917355372 0.02827521206409048
2 0.35041322314049583 0.9538171536286522 0.0628099173553719 0.024505183788878417
2 0.3090909090909091 0.8920829406220546 0.04297520661157025 0.029217719132893494
2 0.28264462809917357 0.9123468426013195 0.04628099173553719 0.02639019792648445
2 0.33801652892561984 0.9180018850141376 0.04462809917355372 0.024505183788878417
2 0.36363636363636365 0.9104618284637135 0.049586776859504134 0.024505183788878417
2 0.38264462809917354 0.9288407163053722 0.04132231404958678 0.021677662582469368
2 0.4305785123966942 0.9542884071630537 0.0512396694214876 0.021677662582469368
2 0.34545454545454546 0.883129123468426 0.0396694214876033 0.02827521206409048
2 0.37355371900826445 0.8901979264844486 0.02975206611570248 0.019792648444863337
2 0.4115702479338843 0.8868991517436381 0.049586776859504134 0.030160226201696512
2 0.43388429752066116 0.8595664467483506 0.07107438016528926 0.033930254476908575
2 0.4727272727272727 0.8868991517436381 0.06611570247933884 0.030160226201696512
2 0.4380165289256198 0.9217719132893496 0.04628099173553719 0.030160226201696512
2 0.47603305785123967 0.9377945334590009 0.04628099173553719 0.02639019792648445
2 0.5214876033057851 0.948162111215834 0.04793388429752066 0.01885014137606032
2 0.5256198347107438 0.8605089538171536 0.04297520661157025 0.02073515551366635
2 0.5396694214876033 0.8817153628652215 0.04793388429752066 0.0235626767200754
2 0.6140495867768595 0.8694627709707823 0.04793388429752066 0.02544769085768143
2 0.6074380165289256 0.9222431668237512 0.0512396694214876 0.029217719132893494
2 0.6462809917355372 0.9283694627709708 0.0396694214876033 0.02073515551366635
2 0.5900826446280991 0.9448633364750235 0.0396694214876033 0.016022620169651274
2 0.5016528925619834 0.9170593779453345 0.04793388429752066 0.024505183788878417
2 0.5355371900826447 0.9316682375117813 0.0396694214876033 0.016022620169651274
2 0.5504132231404959 0.9208294062205467 0.04297520661157025 0.01885014137606032
2 0.5652892561983471 0.8939679547596606 0.05289256198347107 0.02544769085768143
2 0.6322314049586777 0.8982092365692742 0.03471074380165289 0.016965127238454288
2 0.6743801652892562 0.8784165881244109 0.07272727272727272 0.024505183788878417
2 0.6818181818181818 0.8949104618284637 0.0512396694214876 0.0235626767200754
2 0.7198347107438017 0.9189443920829407 0.0512396694214876 0.022620169651272386
2 0.724793388429752 0.8991517436380773 0.03471074380165289 0.02073515551366635
2 0.7570247933884298 0.8982092365692742 0.04297520661157025 0.02827521206409048
2 0.7884297520661157 0.8991517436380773 0.03305785123966942 0.02639019792648445
2 0.824793388429752 0.8817153628652215 0.049586776859504134 0.027332704995287463
2 0.8752066115702479 0.887841658812441 0.04462809917355372 0.02639019792648445
2 0.9074380165289256 0.8114985862393967 0.06942148760330578 0.03204524033930255
2 0.8396694214876033 0.8444863336475024 0.03636363636363636 0.01885014137606032
2 0.8471074380165289 0.8100848256361922 0.0512396694214876 0.03110273327049953
2 0.8214876033057851 0.7799245994344958 0.03636363636363636 0.021677662582469368
2 0.7966942148760331 0.8006597549481621 0.049586776859504134 0.029217719132893494
2 0.8041322314049587 0.8223374175306315 0.03140495867768595 0.017907634307257305
2 0.7677685950413223 0.8147973609802074 0.03471074380165289 0.03298774740810556
2 0.7396694214876033 0.8119698397737983 0.04132231404958678 0.027332704995287463
2 0.6950413223140496 0.8053722902921772 0.05454545454545454 0.03487276154571159
2 0.6446280991735537 0.7794533459000942 0.04628099173553719 0.02639019792648445
2 0.612396694214876 0.8072573044297832 0.04132231404958678 0.027332704995287463
2 0.5636363636363636 0.8053722902921772 0.05619834710743801 0.027332704995287463
2 0.5140495867768595 0.7808671065032987 0.05289256198347107 0.029217719132893494
2 0.5107438016528926 0.8091423185673893 0.049586776859504134 0.02544769085768143
2 0.4471074380165289 0.8147973609802074 0.0512396694214876 0.02544769085768143
2 0.4636363636363636 0.8001885014137606 0.0512396694214876 0.02639019792648445
2 0.30578512396694213 0.829406220546654 0.04297520661157025 0.024505183788878417
2 0.38512396694214873 0.7983034872761545 0.06942148760330578 0.030160226201696512
2 0.3909090909090909 0.7629594721960414 0.04462809917355372 0.027332704995287463
2 0.31074380165289256 0.7681432610744581 0.04628099173553719 0.02827521206409048
2 0.27851239669421485 0.7860508953817154 0.05785123966942149 0.033930254476908575
2 0.22479338842975205 0.7865221489161168 0.049586776859504134 0.029217719132893494
2 0.18925619834710744 0.7709707822808671 0.03801652892561983 0.01885014137606032
2 0.11818181818181818 0.8374175306314797 0.04462809917355372 0.027332704995287463
2 0.09256198347107437 0.8049010367577757 0.0396694214876033 0.022620169651272386
2 0.1256198347107438 0.7973609802073516 0.049586776859504134 0.033930254476908575
2 0.06776859504132231 0.7775683317624882 0.04297520661157025 0.024505183788878417
2 0.1140495867768595 0.7563619227144204 0.049586776859504134 0.02544769085768143
2 0.05867768595041322 0.7535344015080113 0.05785123966942149 0.021677662582469368
2 0.06942148760330578 0.7389255419415646 0.04297520661157025 0.024505183788878417
2 0.0652892561983471 0.7153628652214892 0.03471074380165289 0.022620169651272386
2 0.09669421487603305 0.7205466540999057 0.03471074380165289 0.02544769085768143
2 0.13553719008264462 0.7205466540999057 0.05289256198347107 0.03110273327049953
2 0.16115702479338842 0.7064090480678605 0.04132231404958678 0.0235626767200754
2 0.18181818181818182 0.7299717247879359 0.0396694214876033 0.021677662582469368
2 0.21983471074380165 0.7191328934967012 0.0396694214876033 0.02827521206409048
2 0.2553719008264463 0.7196041470311028 0.04132231404958678 0.0235626767200754
2 0.2801652892561983 0.705937794533459 0.04793388429752066 0.02827521206409048
2 0.36446280991735536 0.706880301602262 0.03801652892561983 0.024505183788878417
2 0.5140495867768595 0.7125353440150801 0.04628099173553719 0.02639019792648445
2 0.5636363636363636 0.7243166823751178 0.049586776859504134 0.036757775683317624
2 0.6041322314049586 0.734684260131951 0.05454545454545454 0.036757775683317624
2 0.6512396694214876 0.7172478793590952 0.04628099173553719 0.02639019792648445
2 0.6801652892561983 0.705937794533459 0.04793388429752066 0.024505183788878417
2 0.7066115702479339 0.7426955702167766 0.05454545454545454 0.02639019792648445
2 0.7090909090909091 0.7219604147031102 0.04297520661157025 0.02827521206409048
2 0.743801652892562 0.7139491046182846 0.05289256198347107 0.04241281809613572
2 0.7876033057851239 0.7191328934967012 0.04132231404958678 0.02639019792648445
2 0.7917355371900826 0.7474081055607917 0.0396694214876033 0.024505183788878417
2 0.8239669421487603 0.7445805843543827 0.028099173553719006 0.022620169651272386
2 0.8504132231404958 0.7266729500471253 0.0512396694214876 0.030160226201696512
2 0.9388429752066115 0.7238454288407163 0.049586776859504134 0.030160226201696512
2 0.8900826446280992 0.7016965127238454 0.04132231404958678 0.021677662582469368
2 0.8851239669421488 0.7422243166823751 0.04132231404958678 0.017907634307257305
2 0.9487603305785124 0.6720075400565504 0.02975206611570248 0.02073515551366635
2 0.8140495867768595 0.6776625824693685 0.04793388429752066 0.024505183788878417
2 0.7768595041322314 0.6729500471253534 0.03305785123966942 0.02639019792648445
2 0.8776859504132232 0.677191328934967 0.05950413223140496 0.02544769085768143
2 0.8347107438016529 0.6517436380772855 0.04628099173553719 0.02544769085768143
2 0.8785123966942149 0.651272384542884 0.04462809917355372 0.030160226201696512
2 0.9140495867768594 0.6588124410933082 0.0396694214876033 0.02827521206409048
2 0.9504132231404958 0.6338360037700282 0.0396694214876033 0.02544769085768143
2 0.8834710743801653 0.6244109330819981 0.0743801652892562 0.03487276154571159
2 0.7628099173553718 0.6394910461828464 0.05454545454545454 0.029217719132893494
2 0.7999999999999999 0.616870876531574 0.0628099173553719 0.03110273327049953
2 0.7123966942148761 0.617813383600377 0.04297520661157025 0.02544769085768143
2 0.6826446280991736 0.6361922714420358 0.0396694214876033 0.02639019792648445
2 0.6024793388429752 0.6069745523091423 0.04132231404958678 0.02639019792648445
2 0.5983471074380166 0.6324222431668237 0.0396694214876033 0.024505183788878417
2 0.640495867768595 0.6258246936852027 0.0512396694214876 0.03204524033930255
2 0.6388429752066116 0.6564561734213007 0.04793388429752066 0.02544769085768143
2 0.5702479338842975 0.6663524976437323 0.03636363636363636 0.01885014137606032
2 0.5719008264462809 0.6456173421300659 0.02975206611570248 0.01885014137606032
2 0.5991735537190083 0.65315739868049 0.03140495867768595 0.016965127238454288
2 0.5297520661157025 0.620640904806786 0.0512396694214876 0.036757775683317624
2 0.4793388429752066 0.6508011310084826 0.0628099173553719 0.02544769085768143
2 0.44380165289256196 0.6804901036757776 0.04132231404958678 0.02639019792648445
2 0.41570247933884297 0.6597549481621112 0.0512396694214876 0.030160226201696512
2 0.371900826446281 0.6691800188501413 0.04297520661157025 0.022620169651272386
2 0.3793388429752066 0.6522148916116871 0.03140495867768595 0.022620169651272386
2 0.2140495867768595 0.6418473138548539 0.04462809917355372 0.030160226201696512
2 0.27603305785123966 0.649387370405278 0.049586776859504134 0.024505183788878417
2 0.26198347107438014 0.6281809613572101 0.04793388429752066 0.029217719132893494
2 0.3099173553719008 0.6239396795475965 0.04462809917355372 0.030160226201696512
2 0.34049586776859503 0.6470311027332705 0.04628099173553719 0.029217719132893494
2 0.4462809917355372 0.6192271442035815 0.05950413223140496 0.03581526861451461
2 0.37603305785123964 0.6055607917059378 0.05454545454545454 0.03110273327049953
2 0.38264462809917354 0.6262959472196041 0.0512396694214876 0.02544769085768143
2 0.18512396694214875 0.6149858623939679 0.049586776859504134 0.029217719132893494
2 0.12975206611570247 0.6720075400565504 0.04132231404958678 0.022620169651272386
2 0.13801652892561983 0.6550424128180962 0.04462809917355372 0.024505183788878417
2 0.17107438016528925 0.646559849198869 0.03471074380165289 0.022620169651272386
2 0.14380165289256197 0.6333647502356268 0.04297520661157025 0.022620169651272386
2 0.12892561983471074 0.6069745523091423 0.049586776859504134 0.02827521206409048
2 0.08512396694214876 0.5937794533459001 0.05785123966942149 0.02639019792648445
2 0.08512396694214876 0.6795475966069745 0.03801652892561983 0.016965127238454288
2 0.09008264462809917 0.649387370405278 0.05454545454545454 0.030160226201696512
2 0.09338842975206611 0.622525918944392 0.04793388429752066 0.021677662582469368
2 0.05289256198347107 0.6310084825636192 0.049586776859504134 0.02544769085768143
2 0.06859504132231405 0.5546654099905749 0.05454545454545454 0.027332704995287463
2 0.10413223140495867 0.5640904806786051 0.04628099173553719 0.02544769085768143
2 0.15454545454545454 0.5612629594721961 0.05454545454545454 0.03487276154571159
2 0.19504132231404958 0.5339302544769086 0.07272727272727272 0.03298774740810556
2 0.20082644628099172 0.5 0.05454545454545454 0.027332704995287463
2 0.17024793388429751 0.5212064090480678 0.05950413223140496 0.02639019792648445
2 0.24545454545454545 0.5475966069745523 0.0512396694214876 0.02639019792648445
2 0.2545454545454545 0.5249764373232799 0.0396694214876033 0.02073515551366635
2 0.2636363636363636 0.562205466540999 0.06446280991735537 0.019792648444863337
2 0.2983471074380165 0.5504241281809613 0.05454545454545454 0.02827521206409048
2 0.315702479338843 0.530631479736098 0.0396694214876033 0.016965127238454288
2 0.3603305785123967 0.5541941564561734 0.049586776859504134 0.02639019792648445
2 0.3694214876033058 0.5786993402450519 0.04132231404958678 0.022620169651272386
2 0.3859504132231405 0.5216776625824694 0.0512396694214876 0.027332704995287463
2 0.41074380165289254 0.5447690857681432 0.04132231404958678 0.022620169651272386
2 0.4396694214876033 0.5527803958529689 0.04628099173553719 0.027332704995287463
2 0.4570247933884297 0.5655042412818096 0.04793388429752066 0.02073515551366635
2 0.4305785123966942 0.5216776625824694 0.03801652892561983 0.0235626767200754
2 0.5066115702479339 0.5570216776625825 0.05454545454545454 0.030160226201696512
2 0.48016528925619834 0.5249764373232799 0.04462809917355372 0.030160226201696512
2 0.49669421487603305 0.5075400565504241 0.03801652892561983 0.021677662582469368
2 0.5132231404958677 0.5405278039585297 0.03471074380165289 0.019792648444863337
2 0.5107438016528926 0.590009425070688 0.0396694214876033 0.024505183788878417
2 0.5727272727272728 0.5560791705937794 0.05785123966942149 0.030160226201696512
2 0.5892561983471074 0.5372290292177191 0.04793388429752066 0.022620169651272386
2 0.5570247933884297 0.525918944392083 0.0396694214876033 0.01885014137606032
2 0.5512396694214876 0.5791705937794533 0.08429752066115702 0.0235626767200754
2 0.6049586776859504 0.5786993402450519 0.03636363636363636 0.01885014137606032
2 0.6380165289256198 0.5570216776625825 0.05289256198347107 0.03958529688972667
2 0.696694214876033 0.5499528746465598 0.06115702479338843 0.027332704995287463
2 0.6776859504132231 0.5796418473138548 0.04297520661157025 0.022620169651272386
2 0.7148760330578512 0.5754005655042412 0.0512396694214876 0.03110273327049953
2 0.7305785123966942 0.5956644674835061 0.04628099173553719 0.024505183788878417
2 0.756198347107438 0.5716305372290292 0.03471074380165289 0.021677662582469368
2 0.7760330578512397 0.5494816211121584 0.04793388429752066 0.02639019792648445
2 0.8239669421487603 0.5428840716305372 0.04793388429752066 0.03581526861451461
2 0.8702479338842976 0.5235626767200754 0.04462809917355372 0.027332704995287463
2 0.924793388429752 0.5127238454288408 0.04462809917355372 0.024505183788878417
2 0.9289256198347107 0.5405278039585297 0.0396694214876033 0.0235626767200754
2 0.9578512396694214 0.5640904806786051 0.04132231404958678 0.021677662582469368
2 0.9173553719008264 0.5725730442978322 0.049586776859504134 0.027332704995287463
2 0.924793388429752 0.5937794533459001 0.03801652892561983 0.02073515551366635
2 0.8735537190082644 0.5565504241281809 0.03471074380165289 0.019792648444863337
2 0.8446280991735537 0.5999057492931197 0.04297520661157025 0.021677662582469368
2 0.884297520661157 0.5980207351555137 0.0396694214876033 0.0235626767200754
2 0.8206611570247934 0.5240339302544769 0.04462809917355372 0.016965127238454288
2 0.784297520661157 0.5103675777568332 0.06115702479338843 0.02544769085768143
2 0.7471074380165289 0.5245051837888784 0.04297520661157025 0.021677662582469368
2 0.693388429752066 0.5065975494816211 0.03471074380165289 0.021677662582469368
2 0.6247933884297521 0.5080113100848256 0.0628099173553719 0.02827521206409048
2 0.023140495867768594 0.45098963242224316 0.04297520661157025 0.021677662582469368
2 0.04462809917355372 0.46701225259189444 0.04628099173553719 0.029217719132893494
2 0.09338842975206611 0.47360980207351555 0.06115702479338843 0.03298774740810556
2 0.13884297520661157 0.4769085768143261 0.0396694214876033 0.02073515551366635
2 0.17520661157024792 0.46842601319509897 0.05950413223140496 0.030160226201696512
2 0.1322314049586777 0.4448633364750236 0.049586776859504134 0.030160226201696512
2 0.07768595041322314 0.43920829406220546 0.0396694214876033 0.022620169651272386
2 0.09173553719008264 0.4547596606974552 0.03801652892561983 0.017907634307257305
2 0.1975206611570248 0.4448633364750236 0.0512396694214876 0.02639019792648445
2 0.2545454545454545 0.4462770970782281 0.07603305785123966 0.03110273327049953
2 0.2735537190082645 0.46889726672950044 0.05785123966942149 0.029217719132893494
2 0.315702479338843 0.4594721960414703 0.04297520661157025 0.03110273327049953
2 0.35041322314049583 0.43685202639019793 0.04628099173553719 0.027332704995287463
2 0.45454545454545453 0.4288407163053723 0.04628099173553719 0.030160226201696512
2 0.4305785123966942 0.45711592836946274 0.04462809917355372 0.024505183788878417
2 0.47355371900826443 0.45004712535344016 0.03140495867768595 0.017907634307257305
2 0.46198347107438015 0.46889726672950044 0.03801652892561983 0.021677662582469368
2 0.38925619834710745 0.4524033930254477 0.03801652892561983 0.022620169651272386
2 0.4115702479338843 0.43685202639019793 0.0396694214876033 0.019792648444863337
2 0.4330578512396694 0.4311969839773798 0.03305785123966942 0.017907634307257305
2 0.3785123966942149 0.48727615457115925 0.04297520661157025 0.02073515551366635
2 0.4388429752066116 0.48444863336475025 0.04132231404958678 0.030160226201696512
2 0.39917355371900826 0.47031102733270497 0.04462809917355372 0.016965127238454288
2 0.5231404958677686 0.45051837888784163 0.0512396694214876 0.02639019792648445
2 0.5743801652892562 0.4528746465598492 0.04793388429752066 0.02544769085768143
2 0.6074380165289256 0.46795475966069744 0.04793388429752066 0.02544769085768143
2 0.6371900826446281 0.47360980207351555 0.024793388429752067 0.01413760603204524
2 0.631404958677686 0.4340245051837889 0.0396694214876033 0.019792648444863337
2 0.6851239669421487 0.42742695570216777 0.03140495867768595 0.021677662582469368
2 0.7132231404958678 0.4764373232799246 0.04132231404958678 0.0235626767200754
2 0.6710743801652892 0.46182846371347785 0.0396694214876033 0.022620169651272386
2 0.6950413223140496 0.45193213949104616 0.05454545454545454 0.0235626767200754
2 0.771900826446281 0.4594721960414703 0.05289256198347107 0.0235626767200754
2 0.7537190082644628 0.43826578699340246 0.049586776859504134 0.022620169651272386
2 0.7388429752066116 0.41423185673892554 0.03305785123966942 0.0235626767200754
2 0.771900826446281 0.41658812441093307 0.03636363636363636 0.02073515551366635
2 0.8066115702479338 0.42836946277097077 0.04297520661157025 0.0235626767200754
2 0.828099173553719 0.45098963242224316 0.04297520661157025 0.0235626767200754
2 0.856198347107438 0.42648444863336477 0.04297520661157025 0.021677662582469368
2 0.8950413223140495 0.4297832233741753 0.03140495867768595 0.016965127238454288
2 0.8727272727272727 0.442507068803016 0.049586776859504134 0.02544769085768143
2 0.856198347107438 0.4613572101790763 0.023140495867768594 0.010367577756833175
2 0.9165289256198347 0.4528746465598492 0.024793388429752067 0.017907634307257305
2 0.8826446280991735 0.46701225259189444 0.03305785123966942 0.019792648444863337
2 0.9140495867768594 0.47455230914231855 0.0396694214876033 0.02544769085768143
2 0.8586776859504132 0.4835061262959472 0.03471074380165289 0.016965127238454288
2 0.8231404958677686 0.47455230914231855 0.04297520661157025 0.021677662582469368
2 0.7892561983471075 0.48444863336475025 0.04462809917355372 0.022620169651272386
2 0.8578512396694215 0.3784165881244109 0.03636363636363636 0.0235626767200754
2 0.8090909090909091 0.3779453345900094 0.03140495867768595 0.022620169651272386
2 0.7727272727272727 0.37653157398680487 0.04462809917355372 0.03110273327049953
2 0.7396694214876033 0.38642789820923656 0.03801652892561983 0.022620169651272386
2 0.7016528925619835 0.3930254476908577 0.04132231404958678 0.022620169651272386
2 0.675206611570248 0.37983034872761545 0.04793388429752066 0.02639019792648445
2 0.6363636363636364 0.4019792648444863 0.049586776859504134 0.03110273327049953
2 0.6190082644628099 0.36333647502356264 0.04462809917355372 0.02544769085768143
2 0.5818181818181818 0.34637134778510836 0.03636363636363636 0.01413760603204524
2 0.5851239669421487 0.38642789820923656 0.04297520661157025 0.02639019792648445
2 0.5570247933884297 0.3892554194156456 0.04628099173553719 0.02827521206409048
2 0.5239669421487603 0.38548539114043356 0.04628099173553719 0.030160226201696512
2 0.5685950413223141 0.4062205466540999 0.03305785123966942 0.013195098963242224
2 0.47024793388429753 0.36993402450518376 0.05454545454545454 0.03298774740810556
2 0.4297520661157025 0.3878416588124411 0.049586776859504134 0.02544769085768143
2 0.41983471074380163 0.3661639962299717 0.04628099173553719 0.0235626767200754
2 0.3429752066115702 0.3868991517436381 0.05785123966942149 0.036757775683317624
2 0.37107438016528926 0.36192271442035817 0.05785123966942149 0.02827521206409048
2 0.16033057851239668 0.38737040527803956 0.04628099173553719 0.024505183788878417
2 0.20578512396694215 0.3770028275212064 0.0512396694214876 0.02639019792648445
2 0.033884297520661154 0.412818096135721 0.04132231404958678 0.01885014137606032
2 0.050413223140495865 0.3704052780395853 0.04793388429752066 0.02639019792648445
2 0.04132231404958678 0.39773798303487273 0.03636363636363636 0.015080113100848256
2 0.13471074380165288 0.36145146088595664 0.0512396694214876 0.029217719132893494
2 0.0768595041322314 0.38737040527803956 0.028099173553719006 0.016965127238454288
2 0.10330578512396695 0.3779453345900094 0.03801652892561983 0.013195098963242224
2 0.22975206611570248 0.354382657869934 0.049586776859504134 0.02827521206409048
2 0.22892561983471074 0.33788878416588125 0.03801652892561983 0.017907634307257305
2 0.2809917355371901 0.3294062205466541 0.0396694214876033 0.02544769085768143
2 0.5652892561983471 0.36286522148916117 0.0396694214876033 0.016965127238454288
2 0.7140495867768595 0.36804901036757776 0.0396694214876033 0.019792648444863337
2 0.6198347107438016 0.3308199811498586 0.0396694214876033 0.01885014137606032
2 0.6495867768595042 0.324693685202639 0.04297520661157025 0.021677662582469368
2 0.6727272727272727 0.34637134778510836 0.06611570247933884 0.027332704995287463
2 0.8876033057851239 0.27521206409048066 0.04297520661157025 0.024505183788878417
2 0.88099173553719 0.30348727615457116 0.05289256198347107 0.03204524033930255
2 0.9148760330578513 0.29877474081055605 0.03801652892561983 0.022620169651272386
2 0.8305785123966942 0.2789820923656927 0.04462809917355372 0.024505183788878417
2 0.8239669421487603 0.32045240339302544 0.04793388429752066 0.02639019792648445
2 0.7950413223140496 0.31291234684260133 0.049586776859504134 0.02639019792648445
2 0.78099173553719 0.2983034872761546 0.04132231404958678 0.0235626767200754
2 0.7396694214876033 0.31055607917059375 0.04132231404958678 0.02544769085768143
2 0.768595041322314 0.31621112158341186 0.026446280991735537 0.01413760603204524
2 0.7363636363636363 0.32704995287464655 0.03471074380165289 0.011310084825636193
2 0.7 0.3190386427898209 0.03801652892561983 0.021677662582469368
2 0.7123966942148761 0.295004712535344 0.04628099173553719 0.01885014137606032
2 0.6537190082644628 0.3006597549481621 0.05454545454545454 0.02639019792648445
2 0.6388429752066116 0.28510838831291235 0.04132231404958678 0.019792648444863337
2 0.6338842975206611 0.2704995287464656 0.04462809917355372 0.024505183788878417
2 0.7520661157024793 0.28510838831291235 0.03636363636363636 0.019792648444863337
2 0.7206611570247934 0.2766258246936852 0.0396694214876033 0.019792648444863337
2 0.5421487603305785 0.2747408105560792 0.049586776859504134 0.021677662582469368
2 0.46115702479338844 0.2973609802073515 0.049586776859504134 0.02544769085768143
2 0.41570247933884297 0.3110273327049953 0.04132231404958678 0.02073515551366635
2 0.412396694214876 0.2884071630537229 0.04793388429752066 0.024505183788878417
2 0.3066115702479339 0.27332704995287466 0.03140495867768595 0.01885014137606032
2 0.2892561983471074 0.29594721960414705 0.04628099173553719 0.02827521206409048
2 0.328099173553719 0.29359095193213947 0.03471074380165289 0.0235626767200754
2 0.3 0.3072573044297832 0.03140495867768595 0.02073515551366635
2 0.2512396694214876 0.3176248821866164 0.04628099173553719 0.022620169651272386
2 0.03801652892561983 0.2907634307257304 0.049586776859504134 0.029217719132893494
2 0.0768595041322314 0.3016022620169651 0.04132231404958678 0.02073515551366635
2 0.19173553719008263 0.29217719132893494 0.049586776859504134 0.03204524033930255
2 0.23140495867768596 0.30113100848256363 0.05289256198347107 0.0235626767200754
2 0.13801652892561983 0.2874646559849199 0.0512396694214876 0.02639019792648445
2 0.11983471074380166 0.33270499528746467 0.03801652892561983 0.01885014137606032
2 0.03305785123966942 0.3251649387370405 0.04297520661157025 0.02827521206409048
2 0.08925619834710743 0.3374175306314797 0.0396694214876033 0.024505183788878417
2 0.07272727272727272 0.325636192271442 0.04628099173553719 0.0235626767200754
2 0.7305785123966942 0.26248821866163996 0.04297520661157025 0.0235626767200754
2 0.7107438016528925 0.24882186616399624 0.05289256198347107 0.030160226201696512
2 0.7553719008264462 0.23798303487276154 0.03636363636363636 0.021677662582469368
2 0.7644628099173554 0.2540056550424128 0.03471074380165289 0.019792648444863337
2 0.8057851239669421 0.2483506126295947 0.0512396694214876 0.021677662582469368
2 0.868595041322314 0.24458058435438265 0.05454545454545454 0.027332704995287463
2 0.9041322314049587 0.22808671065032987 0.03636363636363636 0.02073515551366635
2 0.868595041322314 0.2181903864278982 0.0512396694214876 0.02544769085768143
2 0.7892561983471075 0.22101790763430726 0.04132231404958678 0.027332704995287463
2 0.8214876033057851 0.21630537229029217 0.0396694214876033 0.02544769085768143
2 0.715702479338843 0.20546654099905748 0.03636363636363636 0.02639019792648445
2 0.7471074380165289 0.2111215834118756 0.049586776859504134 0.02827521206409048
2 0.7785123966942149 0.19085768143261073 0.04297520661157025 0.02544769085768143
2 0.8363636363636363 0.19227144203581525 0.049586776859504134 0.02827521206409048
2 0.9024793388429752 0.19886899151743637 0.0628099173553719 0.02827521206409048
2 0.9206611570247933 0.18001885014137606 0.02975206611570248 0.011310084825636193
2 0.49752066115702476 0.19886899151743637 0.03305785123966942 0.02073515551366635
2 0.46033057851239667 0.19792648444863337 0.03801652892561983 0.022620169651272386
2 0.4223140495867769 0.21017907634307256 0.04793388429752066 0.033930254476908575
2 0.371900826446281 0.19604147031102734 0.0396694214876033 0.02073515551366635
2 0.3396694214876033 0.22855796418473137 0.04462809917355372 0.02544769085768143
2 0.328099173553719 0.20263901979264845 0.04462809917355372 0.024505183788878417
2 0.26942148760330575 0.25070688030160226 0.03305785123966942 0.02073515551366635
2 0.28429752066115704 0.21017907634307256 0.049586776859504134 0.02639019792648445
2 0.2933884297520661 0.22196041470311026 0.03801652892561983 0.019792648444863337
2 0.2983471074380165 0.23468426013195098 0.03471074380165289 0.016965127238454288
2 0.228099173553719 0.23751178133836004 0.0396694214876033 0.02639019792648445
2 0.25041322314049586 0.236569274269557 0.03801652892561983 0.022620169651272386
2 0.23388429752066114 0.21253534401508012 0.04793388429752066 0.0235626767200754
2 0.171900826446281 0.1946277097078228 0.04297520661157025 0.0235626767200754
2 0.20743801652892563 0.1998114985862394 0.04132231404958678 0.016965127238454288
2 0.18264462809917356 0.23327049952874646 0.04793388429752066 0.0235626767200754
2 0.05537190082644628 0.19180018850141375 0.04462809917355372 0.0235626767200754
2 0.28677685950413223 0.18520263901979264 0.04132231404958678 0.0235626767200754
2 0.19173553719008263 0.16823751178133836 0.03636363636363636 0.019792648444863337
2 0.22892561983471074 0.17342130065975495 0.03140495867768595 0.01885014137606032
2 0.08760330578512396 0.17153628652214892 0.03305785123966942 0.02073515551366635
2 0.8504132231404958 0.17342130065975495 0.03471074380165289 0.011310084825636193
2 0.7578512396694215 0.1583411875589067 0.04462809917355372 0.02639019792648445
2 0.7024793388429752 0.15598491988689914 0.04297520661157025 0.016022620169651274
2 0.8785123966942149 0.13666352497643733 0.0512396694214876 0.03204524033930255
2 0.8727272727272727 0.15457115928369464 0.03305785123966942 0.011310084825636193
2 0.8198347107438017 0.14420358152686144 0.05289256198347107 0.02639019792648445
2 0.8140495867768595 0.12629594721960413 0.04132231404958678 0.02073515551366635
2 0.8297520661157025 0.10367577756833175 0.04628099173553719 0.02639019792648445
2 0.7991735537190082 0.11734213006597549 0.04462809917355372 0.027332704995287463
2 0.784297520661157 0.0942507068803016 0.04462809917355372 0.02073515551366635
2 0.78099173553719 0.06927426955702168 0.05454545454545454 0.027332704995287463
2 0.7214876033057851 0.08388312912346843 0.03801652892561983 0.02073515551366635
2 0.7446280991735537 0.07445805843543826 0.024793388429752067 0.011310084825636193
2 0.7537190082644628 0.06361922714420358 0.03636363636363636 0.016022620169651274
2 0.7231404958677686 0.10131950989632423 0.03801652892561983 0.019792648444863337
2 0.743801652892562 0.1112158341187559 0.026446280991735537 0.015080113100848256
2 0.7644628099173554 0.10933081998114985 0.024793388429752067 0.016965127238454288
2 0.7512396694214876 0.1291234684260132 0.04793388429752066 0.02639019792648445
2 0.7355371900826446 0.1423185673892554 0.02975206611570248 0.011310084825636193
2 0.687603305785124 0.10273327049952874 0.02975206611570248 0.013195098963242224
2 0.7223140495867768 0.10179076343072573 0.0396694214876033 0.02073515551366635
2 0.7066115702479339 0.11357210179076342 0.03801652892561983 0.021677662582469368
2 0.696694214876033 0.1352497643732328 0.04793388429752066 0.02544769085768143
2 0.6256198347107438 0.10508953817153628 0.05785123966942149 0.029217719132893494
2 0.6586776859504132 0.11969839773798303 0.05454545454545454 0.024505183788878417
2 0.6595041322314049 0.13854853911404336 0.03305785123966942 0.016965127238454288
2 0.43636363636363634 0.18661639962299717 0.049586776859504134 0.022620169651272386
2 0.5677685950413223 0.09283694627709707 0.04462809917355372 0.0235626767200754
2 0.6008264462809917 0.08341187558906692 0.05454545454545454 0.027332704995287463
2 0.5247933884297521 0.08671065032987747 0.0512396694214876 0.03204524033930255
2 0.5388429752066115 0.12488218661639962 0.04628099173553719 0.02544769085768143
2 0.49008264462809914 0.12582469368520263 0.04793388429752066 0.029217719132893494
2 0.5140495867768595 0.1116870876531574 0.04297520661157025 0.016022620169651274
2 0.4479338842975206 0.09707822808671064 0.04628099173553719 0.02639019792648445
2 0.43636363636363634 0.07587181903864279 0.04628099173553719 0.021677662582469368
2 0.4033057851239669 0.05984919886899152 0.03305785123966942 0.016022620169651274
2 0.37438016528925616 0.06738925541941565 0.04793388429752066 0.017907634307257305
2 0.39008264462809916 0.08529688972667294 0.05950413223140496 0.036757775683317624
2 0.412396694214876 0.12346842601319509 0.04793388429752066 0.03770028275212064
2 0.38925619834710745 0.146559849198869 0.04462809917355372 0.0235626767200754
2 0.3628099173553719 0.1295947219604147 0.04793388429752066 0.0235626767200754
2 0.3338842975206611 0.06786050895381715 0.02975206611570248 0.013195098963242224
2 0.3446280991735537 0.09236569274269557 0.03140495867768595 0.022620169651272386
2 0.3677685950413223 0.10838831291234684 0.03801652892561983 0.01885014137606032
2 0.3256198347107438 0.11875589066918002 0.04628099173553719 0.024505183788878417
2 0.3190082644628099 0.1531573986804901 0.04628099173553719 0.02544769085768143
2 0.34545454545454546 0.1423185673892554 0.03636363636363636 0.022620169651272386
2 0.27107438016528923 0.1592836946277097 0.049586776859504134 0.024505183788878417
2 0.27107438016528923 0.13336475023562677 0.05289256198347107 0.027332704995287463
2 0.30578512396694213 0.08199811498586239 0.04628099173553719 0.024505183788878417
2 0.2553719008264463 0.17106503298774742 0.028099173553719006 0.017907634307257305
2 0.23388429752066114 0.14043355325164938 0.04462809917355372 0.02827521206409048
2 0.06694214876033058 0.09896324222431668 0.0512396694214876 0.03204524033930255
2 0.14132231404958678 0.09660697455230914 0.03471074380165289 0.0235626767200754
2 0.14132231404958678 0.11639962299717248 0.03140495867768595 0.016022620169651274
2 0.09008264462809917 0.13242224316682374 0.04793388429752066 0.02544769085768143
2 0.14380165289256197 0.15268614514608858 0.03636363636363636 0.024505183788878417
2 0.1884297520661157 0.09189443920829406 0.05619834710743801 0.03298774740810556
2 0.20165289256198346 0.117813383600377 0.0396694214876033 0.022620169651272386
2 0.2140495867768595 0.0645617342130066 0.03801652892561983 0.016022620169651274
2 0.18677685950413223 0.13666352497643733 0.04628099173553719 0.02073515551366635
2 0.19999999999999998 0.14891611687087652 0.03305785123966942 0.01885014137606032
2 0.23388429752066114 0.09142318567389256 0.03801652892561983 0.013195098963242224
2 0.23223140495867767 0.0706880301602262 0.03471074380165289 0.01885014137606032
2 0.22975206611570248 0.12158341187558906 0.026446280991735537 0.016965127238454288
2 0.25289256198347104 0.08623939679547596 0.03636363636363636 0.021677662582469368
2 0.26942148760330575 0.09660697455230914 0.04297520661157025 0.021677662582469368
2 0.28264462809917357 0.10791705937794534 0.05950413223140496 0.021677662582469368
2 0.7471074380165289 0.04429783223374175 0.03636363636363636 0.015080113100848256
2 0.8090909090909091 0.04524033930254477 0.04462809917355372 0.016965127238454288
2 0.15206611570247933 0.06079170593779453 0.049586776859504134 0.0235626767200754
2 0.10743801652892562 0.09519321394910461 0.026446280991735537 0.01885014137606032
2 0.2809917355371901 0.05984919886899152 0.0396694214876033 0.016022620169651274
2 0.4586776859504132 0.13430725730442977 0.01487603305785124 0.016022620169651274
2 0.8661157024793388 0.0829406220546654 0.04297520661157025 0.02639019792648445
2 0.8991735537190082 0.09377945334590009 0.026446280991735537 0.021677662582469368
2 0.9008264462809917 0.11451460885956645 0.049586776859504134 0.019792648444863337
2 0.921487603305785 0.1352497643732328 0.03471074380165289 0.02544769085768143
2 0.14545454545454545 0.3119698397737983 0.04297520661157025 0.024505183788878417
2 0.11239669421487603 0.3119698397737983 0.026446280991735537 0.022620169651272386
2 0.18677685950413223 0.31715362865221486 0.03636363636363636 0.019792648444863337
2 0.3074380165289256 0.5065975494816211 0.05950413223140496 0.02544769085768143
2 0.1231404958677686 0.5409990574929312 0.0512396694214876 0.02073515551366635
2 0.42644628099173554 0.6922714420358153 0.03636363636363636 0.021677662582469368
2 0.7586776859504132 0.7502356267672007 0.026446280991735537 0.01885014137606032
2 0.9537190082644628 0.7422243166823751 0.04297520661157025 0.01413760603204524
2 0.9793388429752066 0.7144203581526861 0.024793388429752067 0.022620169651272386
2 0.9454545454545454 0.6979264844486334 0.03636363636363636 0.02544769085768143
2 0.08429752066115702 0.8251649387370406 0.02975206611570248 0.019792648444863337
2 0.30082644628099175 0.9566446748350612 0.03636363636363636 0.016965127238454288
2 0.04132231404958678 0.9024505183788878 0.04297520661157025 0.016022620169651274
2 0.07107438016528926 0.8845428840716305 0.049586776859504134 0.0235626767200754
2 0.11570247933884298 0.8845428840716305 0.023140495867768594 0.017907634307257305
2 0.17272727272727273 0.8751178133836004 0.03471074380165289 0.012252591894439209
