2 0.020895522388059702 0.013727560718057022 0.03582089552238806 0.021119324181626188
2 0.015671641791044775 0.06969376979936641 0.02537313432835821 0.025343189017951424
2 0.06194029850746269 0.03273495248152059 0.03134328358208955 0.023231256599788804
2 0.05373134328358209 0.06282998944033791 0.041791044776119404 0.026399155227032733
2 0.08432835820895522 0.06388595564941921 0.019402985074626865 0.011615628299894402
2 0.09850746268656717 0.04804646251319957 0.03582089552238806 0.01795142555438226
2 0.10671641791044777 0.034318901795142555 0.028358208955223882 0.01795142555438226
2 0.19925373134328359 0.018479408658922912 0.04029850746268657 0.034846884899683205
2 0.141044776119403 0.06705385427666315 0.04029850746268657 0.036958817317845824
2 0.17164179104477612 0.06810982048574445 0.01791044776119403 0.026399155227032733
2 0.208955223880597 0.059662090813093975 0.029850746268656716 0.026399155227032733
2 0.18880597014925374 0.0675818373812038 0.013432835820895522 0.027455121436114043
2 0.24477611940298508 0.02481520591341077 0.020895522388059702 0.011615628299894402
2 0.25970149253731345 0.05068637803590285 0.03880597014925373 0.01689545934530095
2 0.23059701492537313 0.07127771911298839 0.010447761194029851 0.007391763463569165
2 0.2582089552238806 0.07233368532206969 0.03880597014925373 0.02006335797254488
2 0.28507462686567164 0.08342133051742344 0.041791044776119404 0.02956705385427666
2 0.34776119402985073 0.08870116156282998 0.041791044776119404 0.025343189017951424
2 0.3126865671641791 0.08817317845828933 0.013432835820895522 0.01583949313621964
2 0.33805970149253733 0.04118268215417106 0.034328358208955224 0.01689545934530095
2 0.3455223880597015 0.054910242872228086 0.010447761194029851 0.006335797254487856
2 0.39925373134328357 0.07391763463569165 0.03134328358208955 0.012671594508975712
2 0.3895522388059702 0.08870116156282998 0.01791044776119403 0.021119324181626188
2 0.41194029850746267 0.09134107708553325 0.011940298507462687 0.007391763463569165
2 0.4462686567164179 0.034318901795142555 0.029850746268656716 0.01583949313621964
2 0.4544776119402985 0.04751847940865892 0.04029850746268657 0.012671594508975712
2 0.45970149253731346 0.057022175290390706 0.011940298507462687 0.006335797254487856
2 0.46791044776119406 0.06916578669482576 0.04328358208955224 0.01583949313621964
2 0.45970149253731346 0.08130939809926081 0.014925373134328358 0.012671594508975712
2 0.4716417910447761 0.09028511087645194 0.011940298507462687 0.009503695881731784
2 0.4873134328358209 0.08711721224920801 0.010447761194029851 0.007391763463569165
2 0.5462686567164179 0.04012671594508976 0.03283582089552239 0.03801478352692714
2 0.5380597014925373 0.09345300950369588 0.04029850746268657 0.03062302006335797
2 0.6402985074626866 0.09134107708553325 0.03880597014925373 0.013727560718057022
2 0.6574626865671642 0.12302006335797254 0.0373134328358209 0.026399155227032733
2 0.7955223880597015 0.1129883843717001 0.04776119402985075 0.03167898627243928
2 0.8716417910447761 0.1129883843717001 0.03880597014925373 0.023231256599788804
2 0.8977611940298508 0.11404435058078141 0.007462686567164179 0.008447729672650475
2 0.9440298507462687 0.08553326293558605 0.04029850746268657 0.023231256599788804
2 0.8783582089552239 0.13674762407602956 0.0373134328358209 0.026399155227032733
2 0.917910447761194 0.14730728616684266 0.03283582089552239 0.028511087645195353
2 0.9485074626865672 0.14625131995776133 0.028358208955223882 0.034846884899683205
2 0.9813432835820896 0.14519535374868003 0.03134328358208955 0.024287222808870114
2 0.8597014925373134 0.17529039070749736 0.03283582089552239 0.01900739176346357
2 0.8731343283582089 0.1583949313621964 0.011940298507462687 0.01478352692713833
2 0.9373134328358209 0.17740232312565996 0.008955223880597015 0.008447729672650475
2 0.9604477611940299 0.19640971488912354 0.07014925373134329 0.03801478352692714
2 0.9395522388059702 0.22333685322069693 0.02537313432835821 0.024287222808870114
2 0.9589552238805971 0.22756071805702216 0.013432835820895522 0.011615628299894402
2 0.8985074626865672 0.21911298838437168 0.03880597014925373 0.03062302006335797
2 0.8537313432835821 0.2375923970432946 0.041791044776119404 0.027455121436114043
2 0.826865671641791 0.23072861668426609 0.008955223880597015 0.01583949313621964
2 0.7097014925373134 0.16578669482576555 0.04029850746268657 0.0337909186906019
2 0.7365671641791045 0.20485744456177402 0.04328358208955224 0.025343189017951424
2 0.7708955223880597 0.1932418162618796 0.04029850746268657 0.023231256599788804
2 0.7649253731343284 0.21277719112988383 0.007462686567164179 0.013727560718057022
2 0.7820895522388059 0.21700105596620906 0.026865671641791045 0.02006335797254488
2 0.6917910447761194 0.2222808870116156 0.04328358208955224 0.028511087645195353
2 0.7223880597014926 0.22280887011615627 0.020895522388059702 0.025343189017951424
2 0.6313432835820896 0.16684266103484688 0.029850746268656716 0.012671594508975712
2 0.585820895522388 0.13252375923970433 0.049253731343283584 0.03273495248152059
2 0.5753731343283582 0.16261879619852163 0.0373134328358209 0.01478352692713833
2 0.5723880597014925 0.18057022175290388 0.04328358208955224 0.012671594508975712
2 0.5119402985074627 0.16684266103484688 0.05373134328358209 0.0337909186906019
2 0.49402985074626865 0.13305174234424497 0.029850746268656716 0.025343189017951424
2 0.46492537313432836 0.13727560718057022 0.02537313432835821 0.02956705385427666
2 0.3813432835820896 0.12038014783526926 0.04626865671641791 0.0337909186906019
2 0.3962686567164179 0.13938753959873282 0.028358208955223882 0.010559662090813094
2 0.4343283582089552 0.162090813093981 0.04477611940298507 0.028511087645195353
2 0.30223880597014924 0.13252375923970433 0.0373134328358209 0.034846884899683205
2 0.23582089552238805 0.10982048574445617 0.03880597014925373 0.025343189017951424
2 0.20373134328358208 0.09398099260823653 0.02537313432835821 0.01900739176346357
2 0.20522388059701493 0.11615628299894402 0.022388059701492536 0.023231256599788804
2 0.15746268656716417 0.10665258711721225 0.034328358208955224 0.025343189017951424
2 0.17388059701492536 0.08922914466737064 0.028358208955223882 0.011615628299894402
2 0.10373134328358209 0.11034846884899682 0.05223880597014925 0.024287222808870114
2 0.06417910447761194 0.0976768743400211 0.026865671641791045 0.013727560718057022
2 0.09402985074626866 0.09398099260823653 0.020895522388059702 0.010559662090813094
2 0.023134328358208955 0.12724392819429778 0.04029850746268657 0.03062302006335797
2 0.03283582089552239 0.17212249208025343 0.020895522388059702 0.02956705385427666
2 0.06343283582089553 0.16789862724392818 0.04029850746268657 0.027455121436114043
2 0.16716417910447762 0.14836325237592396 0.04776119402985075 0.03273495248152059
2 0.055970149253731345 0.21752903907074972 0.034328358208955224 0.027455121436114043
2 0.08955223880597014 0.21858500527983102 0.03880597014925373 0.03167898627243928
2 0.15074626865671642 0.22544878563885953 0.03582089552238806 0.024287222808870114
2 0.26119402985074625 0.21964097148891235 0.03880597014925373 0.023231256599788804
2 0.2865671641791045 0.21858500527983102 0.01791044776119403 0.01689545934530095
2 0.29328358208955224 0.16103484688489966 0.02537313432835821 0.022175290390707494
2 0.33805970149253733 0.19852164730728616 0.0373134328358209 0.025343189017951424
2 0.36343283582089553 0.17687434002111932 0.04328358208955224 0.03273495248152059
2 0.408955223880597 0.17951425554382258 0.03880597014925373 0.03167898627243928
2 0.3723880597014925 0.20855332629355858 0.028358208955223882 0.024287222808870114
2 0.39850746268656717 0.21277719112988383 0.01791044776119403 0.022175290390707494
2 0.4082089552238806 0.19640971488912354 0.022388059701492536 0.010559662090813094
2 0.45149253731343286 0.18690601900739176 0.04029850746268657 0.021119324181626188
2 0.4582089552238806 0.20802534318901794 0.041791044776119404 0.023231256599788804
2 0.5388059701492537 0.20749736008447728 0.04477611940298507 0.03062302006335797
2 0.5783582089552239 0.2027455121436114 0.034328358208955224 0.02956705385427666
2 0.6029850746268657 0.19957761351636746 0.014925373134328358 0.025343189017951424
2 0.6261194029850746 0.20116156282998943 0.02537313432835821 0.028511087645195353
2 0.6455223880597015 0.1979936642027455 0.013432835820895522 0.011615628299894402
2 0.9574626865671642 0.2866948257655755 0.028358208955223882 0.026399155227032733
2 0.9813432835820896 0.2866948257655755 0.019402985074626865 0.03062302006335797
2 0.9395522388059702 0.25290390707497357 0.034328358208955224 0.02006335797254488
2 0.9037313432835821 0.2518479408658923 0.03134328358208955 0.013727560718057022
2 0.9305970149253732 0.27296726504751845 0.0373134328358209 0.022175290390707494
2 0.8962686567164179 0.29408658922914466 0.0373134328358209 0.028511087645195353
2 0.8902985074626866 0.2682154171066526 0.04029850746268657 0.023231256599788804
2 0.8261194029850746 0.26715945089757126 0.02537313432835821 0.01900739176346357
2 0.8298507462686567 0.28352692713833155 0.023880597014925373 0.01583949313621964
2 0.8537313432835821 0.2866948257655755 0.01791044776119403 0.024287222808870114
2 0.8014925373134328 0.25448785638859556 0.023880597014925373 0.010559662090813094
2 0.8074626865671641 0.23600844772967264 0.014925373134328358 0.02006335797254488
2 0.8097014925373135 0.28352692713833155 0.016417910447761194 0.01583949313621964
2 0.7805970149253731 0.29778247096092925 0.04776119402985075 0.03167898627243928
2 0.753731343283582 0.3130939809926082 0.01791044776119403 0.013727560718057022
2 0.7 0.3136219640971489 0.041791044776119404 0.025343189017951424
2 0.6537313432835821 0.2914466737064414 0.03880597014925373 0.02956705385427666
2 0.7 0.2946145723336853 0.029850746268656716 0.010559662090813094
2 0.6970149253731344 0.2824709609292502 0.008955223880597015 0.007391763463569165
2 0.7014925373134329 0.26240760295670534 0.03582089552238806 0.022175290390707494
2 0.7291044776119403 0.249208025343189 0.028358208955223882 0.01478352692713833
2 0.7365671641791045 0.2676874340021119 0.034328358208955224 0.02006335797254488
2 0.7656716417910447 0.2703273495248152 0.023880597014925373 0.021119324181626188
2 0.6664179104477612 0.18109820485744454 0.028358208955223882 0.02006335797254488
2 0.6074626865671642 0.2222808870116156 0.03283582089552239 0.01583949313621964
2 0.6291044776119403 0.23231256599788805 0.03134328358208955 0.01478352692713833
2 0.6134328358208956 0.24392819429778245 0.03582089552238806 0.01478352692713833
2 0.5776119402985075 0.25448785638859556 0.04477611940298507 0.03167898627243928
2 0.6149253731343284 0.2502639915522703 0.03283582089552239 0.023231256599788804
2 0.5358208955223881 0.24551214361140442 0.03283582089552239 0.026399155227032733
2 0.5634328358208955 0.23020063357972542 0.04626865671641791 0.012671594508975712
2 0.3365671641791045 0.2375923970432946 0.04626865671641791 0.027455121436114043
2 0.34776119402985073 0.262935586061246 0.03283582089552239 0.023231256599788804
2 0.3044776119402985 0.2756071805702217 0.041791044776119404 0.025343189017951424
2 0.33955223880597013 0.2866948257655755 0.03134328358208955 0.026399155227032733
2 0.25 0.2423442449841605 0.022388059701492536 0.01795142555438226
2 0.26791044776119405 0.24076029567053853 0.016417910447761194 0.01900739176346357
2 0.26343283582089555 0.26557550158394927 0.0373134328358209 0.026399155227032733
2 0.208955223880597 0.24815205913410768 0.04776119402985075 0.027455121436114043
2 0.20223880597014926 0.2771911298838437 0.04626865671641791 0.03062302006335797
2 0.13955223880597015 0.2824709609292502 0.04626865671641791 0.034846884899683205
2 0.026865671641791045 0.24392819429778245 0.03283582089552239 0.025343189017951424
2 0.056716417910447764 0.2423442449841605 0.020895522388059702 0.01795142555438226
2 0.08059701492537313 0.2597676874340021 0.03880597014925373 0.025343189017951424
2 0.08880597014925373 0.2434002111932418 0.034328358208955224 0.011615628299894402
2 0.05522388059701493 0.2761351636747624 0.041791044776119404 0.03062302006335797
2 0.020149253731343283 0.2914466737064414 0.0373134328358209 0.02956705385427666
2 0.05447761194029851 0.32682154171066524 0.022388059701492536 0.02006335797254488
2 0.07611940298507462 0.31626187961985214 0.03582089552238806 0.03062302006335797
2 0.0962686567164179 0.29250263991552267 0.028358208955223882 0.01900739176346357
2 0.16492537313432837 0.31256599788806755 0.028358208955223882 0.01689545934530095
2 0.019402985074626865 0.3511087645195353 0.03283582089552239 0.024287222808870114
2 0.0626865671641791 0.3548046462513199 0.04477611940298507 0.027455121436114043
2 0.05298507462686567 0.3738120380147835 0.0373134328358209 0.010559662090813094
2 0.04402985074626866 0.39704329461457233 0.0373134328358209 0.03167898627243928
2 0.14701492537313432 0.37750791974656805 0.06716417910447761 0.03273495248152059
2 0.12164179104477613 0.40443505807814145 0.0373134328358209 0.023231256599788804
2 0.08134328358208956 0.39862724392819426 0.034328358208955224 0.024287222808870114
2 0.10373134328358209 0.366948257655755 0.03134328358208955 0.02006335797254488
2 0.19029850746268656 0.3489968321013727 0.034328358208955224 0.02006335797254488
2 0.19850746268656716 0.33368532206969376 0.03880597014925373 0.021119324181626188
2 0.23059701492537313 0.32682154171066524 0.02537313432835821 0.013727560718057022
2 0.23805970149253733 0.3421330517423442 0.034328358208955224 0.01478352692713833
2 0.2335820895522388 0.3025343189017951 0.0373134328358209 0.022175290390707494
2 0.2835820895522388 0.3152059134107708 0.03582089552238806 0.03273495248152059
2 0.33134328358208953 0.31837381203801474 0.04776119402985075 0.034846884899683205
2 0.4388059701492537 0.29303062302006333 0.04776119402985075 0.03062302006335797
2 0.4746268656716418 0.28141499472016895 0.01791044776119403 0.022175290390707494
2 0.5 0.27877507919746564 0.03283582089552239 0.02956705385427666
2 0.5291044776119403 0.27771911298838436 0.028358208955223882 0.027455121436114043
2 0.5485074626865671 0.291974656810982 0.028358208955223882 0.02006335797254488
2 0.5888059701492537 0.27455121436114044 0.013432835820895522 0.008447729672650475
2 0.6194029850746269 0.2756071805702217 0.03283582089552239 0.025343189017951424
2 0.6253731343283582 0.31784582893347413 0.03582089552238806 0.01900739176346357
2 0.6582089552238806 0.3505807814149947 0.04477611940298507 0.027455121436114043
2 0.7111940298507463 0.3548046462513199 0.028358208955223882 0.021119324181626188
2 0.8238805970149253 0.3458289334741288 0.04477611940298507 0.03062302006335797
2 0.8149253731343283 0.3189017951425554 0.029850746268656716 0.021119324181626188
2 0.8888059701492538 0.3315733896515311 0.04029850746268657 0.01689545934530095
2 0.8835820895522388 0.3189017951425554 0.041791044776119404 0.01478352692713833
2 0.9343283582089552 0.3115100316789863 0.03582089552238806 0.023231256599788804
2 0.9149253731343283 0.3511087645195353 0.04776119402985075 0.03273495248152059
2 0.9738805970149254 0.34477296726504747 0.022388059701492536 0.02006335797254488
2 0.9514925373134329 0.34477296726504747 0.010447761194029851 0.009503695881731784
2 0.8955223880597015 0.3796198521647307 0.05970149253731343 0.024287222808870114
2 0.8835820895522388 0.39651531151003166 0.014925373134328358 0.009503695881731784
2 0.8134328358208955 0.38806758183738116 0.04477611940298507 0.04118268215417106
2 0.7485074626865672 0.37750791974656805 0.04626865671641791 0.03273495248152059
2 0.753731343283582 0.40443505807814145 0.041791044776119404 0.023231256599788804
2 0.7761194029850746 0.42397043294614567 0.03582089552238806 0.01583949313621964
2 0.7111940298507463 0.44561774023231254 0.028358208955223882 0.027455121436114043
2 0.7485074626865672 0.454065469904963 0.03134328358208955 0.02956705385427666
2 0.8305970149253732 0.47571277719112987 0.04328358208955224 0.03062302006335797
2 0.8716417910447761 0.46726504751847936 0.026865671641791045 0.02006335797254488
2 0.8917910447761194 0.4609292502639915 0.028358208955223882 0.01583949313621964
2 0.8932835820895523 0.45142555438225973 0.022388059701492536 0.013727560718057022
2 0.8626865671641791 0.42344244984160506 0.04477611940298507 0.025343189017951424
2 0.908955223880597 0.43294614572333684 0.026865671641791045 0.01689545934530095
2 0.9343283582089552 0.41288278775079196 0.03283582089552239 0.021119324181626188
2 0.9776119402985075 0.42080253431890174 0.03582089552238806 0.026399155227032733
2 0.9298507462686567 0.4551214361140443 0.03582089552238806 0.025343189017951424
2 0.9208955223880597 0.4825765575501584 0.03880597014925373 0.027455121436114043
2 0.9582089552238806 0.4841605068637803 0.026865671641791045 0.026399155227032733
2 0.9059701492537313 0.5058078141499471 0.029850746268656716 0.025343189017951424
2 0.8850746268656716 0.49788806758183735 0.01791044776119403 0.01583949313621964
2 0.5798507462686567 0.34846884899683206 0.049253731343283584 0.02956705385427666
2 0.5865671641791045 0.3780359028511087 0.041791044776119404 0.027455121436114043
2 0.5805970149253732 0.4076029567053854 0.05970149253731343 0.027455121436114043
2 0.5104477611940299 0.40443505807814145 0.03880597014925373 0.023231256599788804
2 0.48955223880597015 0.33051742344244983 0.029850746268656716 0.021119324181626188
2 0.4634328358208955 0.3257655755015839 0.03134328358208955 0.03273495248152059
2 0.41417910447761197 0.36958817317845827 0.0373134328358209 0.03167898627243928
2 0.4552238805970149 0.37222808870116153 0.03880597014925373 0.022175290390707494
2 0.47761194029850745 0.38806758183738116 0.03880597014925373 0.01795142555438226
2 0.3574626865671642 0.35744456177402323 0.034328358208955224 0.01795142555438226
2 0.33059701492537313 0.34424498416050686 0.04029850746268657 0.023231256599788804
2 0.2985074626865672 0.34266103484688487 0.011940298507462687 0.011615628299894402
2 0.26865671641791045 0.35586061246040124 0.05373134328358209 0.025343189017951424
2 0.24477611940298508 0.38120380147835264 0.041791044776119404 0.027455121436114043
2 0.3111940298507463 0.3711721224920802 0.0373134328358209 0.024287222808870114
2 0.28432835820895525 0.37750791974656805 0.022388059701492536 0.013727560718057022
2 0.30074626865671644 0.3991552270327349 0.05223880597014925 0.025343189017951424
2 0.19701492537313434 0.4039070749736008 0.05074626865671642 0.028511087645195353
2 0.35 0.38437170010559657 0.049253731343283584 0.023231256599788804
2 0.04776119402985075 0.4429778247096093 0.03880597014925373 0.03062302006335797
2 0.08880597014925373 0.43980992608236535 0.04029850746268657 0.03062302006335797
2 0.1082089552238806 0.46145723336853217 0.04328358208955224 0.012671594508975712
2 0.1708955223880597 0.4334741288278775 0.04029850746268657 0.028511087645195353
2 0.18880597014925374 0.469376979936642 0.04328358208955224 0.02006335797254488
2 0.25149253731343285 0.4213305174234424 0.04029850746268657 0.02956705385427666
2 0.23880597014925373 0.4656810982048574 0.026865671641791045 0.01689545934530095
2 0.24029850746268658 0.44403379091869055 0.01791044776119403 0.011615628299894402
2 0.21791044776119403 0.44192185850052795 0.011940298507462687 0.009503695881731784
2 0.2626865671641791 0.4435058078141499 0.020895522388059702 0.01900739176346357
2 0.291044776119403 0.4408658922914466 0.029850746268656716 0.028511087645195353
2 0.3925373134328358 0.40971488912354803 0.03880597014925373 0.025343189017951424
2 0.42686567164179107 0.4086589229144667 0.023880597014925373 0.03167898627243928
2 0.4626865671641791 0.426610348468849 0.04477611940298507 0.03590285110876452
2 0.40373134328358207 0.438753959873284 0.058208955223880594 0.03062302006335797
2 0.33955223880597013 0.46356916578669477 0.04328358208955224 0.04012671594508976
2 0.35 0.4915522703273495 0.03134328358208955 0.01583949313621964
2 0.30223880597014924 0.47782470960929246 0.034328358208955224 0.03062302006335797
2 0.4470149253731343 0.4809926082365364 0.05223880597014925 0.028511087645195353
2 0.5007462686567165 0.4588173178458289 0.049253731343283584 0.03062302006335797
2 0.5477611940298508 0.43505807814149944 0.05074626865671642 0.027455121436114043
2 0.5417910447761194 0.46779303062302 0.03582089552238806 0.027455121436114043
2 0.6037313432835821 0.4498416050686378 0.034328358208955224 0.021119324181626188
2 0.5805970149253732 0.45353748680042233 0.020895522388059702 0.01795142555438226
2 0.9440298507462687 0.5195353748680042 0.04029850746268657 0.025343189017951424
2 0.9649253731343284 0.5401267159450898 0.034328358208955224 0.02006335797254488
2 0.8522388059701492 0.5142555438225976 0.041791044776119404 0.02956705385427666
2 0.8835820895522388 0.5353748680042238 0.05074626865671642 0.0337909186906019
2 0.9 0.5628299894403379 0.03880597014925373 0.021119324181626188
2 0.8283582089552239 0.5464625131995776 0.03283582089552239 0.03273495248152059
2 0.7395522388059702 0.5026399155227033 0.02537313432835821 0.021119324181626188
2 0.7731343283582089 0.512143611404435 0.041791044776119404 0.04435058078141499
2 0.6507462686567165 0.5311510031678985 0.03880597014925373 0.025343189017951424
2 0.6186567164179104 0.5491024287222809 0.034328358208955224 0.025343189017951424
2 0.5582089552238806 0.5253431890179514 0.041791044776119404 0.026399155227032733
2 0.5440298507462686 0.49419218585005276 0.022388059701492536 0.027455121436114043
2 0.4634328358208955 0.5068637803590285 0.03134328358208955 0.023231256599788804
2 0.4947761194029851 0.515311510031679 0.03134328358208955 0.025343189017951424
2 0.4798507462686567 0.5369588173178458 0.04029850746268657 0.024287222808870114
2 0.5231343283582089 0.539598732840549 0.03134328358208955 0.01900739176346357
2 0.5358208955223881 0.5633579725448785 0.03880597014925373 0.024287222808870114
2 0.5022388059701492 0.5628299894403379 0.034328358208955224 0.01900739176346357
2 0.4619402985074627 0.5691657866948258 0.034328358208955224 0.02956705385427666
2 0.42686567164179107 0.558078141499472 0.041791044776119404 0.028511087645195353
2 0.4014925373134328 0.5728616684266103 0.026865671641791045 0.02006335797254488
2 0.3791044776119403 0.5195353748680042 0.041791044776119404 0.02956705385427666
2 0.3485074626865672 0.512143611404435 0.013432835820895522 0.008447729672650475
2 0.30597014925373134 0.5237592397043295 0.03582089552238806 0.0337909186906019
2 0.3440298507462687 0.5385427666314677 0.04029850746268657 0.02956705385427666
2 0.3111940298507463 0.5533262935586061 0.028358208955223882 0.023231256599788804
2 0.33805970149253733 0.5654699049630412 0.028358208955223882 0.011615628299894402
2 0.2671641791044776 0.4994720168954593 0.04477611940298507 0.03167898627243928
2 0.25298507462686565 0.544350580781415 0.0373134328358209 0.03062302006335797
2 0.21567164179104478 0.5559662090813093 0.034328358208955224 0.01795142555438226
2 0.1843283582089552 0.5406546990496304 0.03134328358208955 0.01900739176346357
2 0.20970149253731343 0.5369588173178458 0.019402985074626865 0.013727560718057022
2 0.1917910447761194 0.49419218585005276 0.034328358208955224 0.01478352692713833
2 0.22014925373134328 0.49577613516367475 0.019402985074626865 0.01795142555438226
2 0.18880597014925374 0.5126715945089757 0.04328358208955224 0.02006335797254488
2 0.026119402985074626 0.5021119324181625 0.03134328358208955 0.02006335797254488
2 0.04626865671641791 0.5063357972544879 0.005970149253731343 0.013727560718057022
2 0.030597014925373135 0.529039070749736 0.028358208955223882 0.025343189017951424
2 0.07014925373134329 0.4926082365364308 0.029850746268656716 0.01795142555438226
2 0.09104477611940298 0.47676874340021114 0.023880597014925373 0.013727560718057022
2 0.09179104477611941 0.5448785638859556 0.049253731343283584 0.03167898627243928
2 0.05373134328358209 0.5617740232312566 0.03582089552238806 0.021119324181626188
2 0.024626865671641792 0.5902851108764519 0.04029850746268657 0.023231256599788804
2 0.0373134328358209 0.5744456177402323 0.03582089552238806 0.012671594508975712
2 0.10074626865671642 0.5728616684266103 0.0373134328358209 0.022175290390707494
2 0.1708955223880597 0.5712777191129883 0.04029850746268657 0.025343189017951424
2 0.1798507462686567 0.5939809926082364 0.04029850746268657 0.02006335797254488
2 0.22835820895522388 0.5744456177402323 0.011940298507462687 0.010559662090813094
2 0.2537313432835821 0.5755015839493136 0.026865671641791045 0.023231256599788804
2 0.23582089552238805 0.5913410770855332 0.041791044776119404 0.012671594508975712
2 0.29402985074626864 0.5791974656810982 0.03880597014925373 0.024287222808870114
2 0.3417910447761194 0.5850052798310453 0.020895522388059702 0.023231256599788804
2 0.3701492537313433 0.587117212249208 0.01791044776119403 0.025343189017951424
2 0.32164179104477614 0.6029567053854277 0.034328358208955224 0.023231256599788804
2 0.3753731343283582 0.6103484688489967 0.034328358208955224 0.021119324181626188
2 0.4388059701492537 0.6055966209081309 0.041791044776119404 0.03062302006335797
2 0.5455223880597015 0.6187961985216472 0.05223880597014925 0.03590285110876452
2 0.632089552238806 0.6256599788806758 0.04029850746268657 0.028511087645195353
2 0.6835820895522388 0.5887011615628299 0.026865671641791045 0.024287222808870114
2 0.7082089552238806 0.5881731784582893 0.02537313432835821 0.021119324181626188
2 0.7455223880597015 0.5665258711721225 0.04328358208955224 0.022175290390707494
2 0.7477611940298508 0.5913410770855332 0.03283582089552239 0.023231256599788804
2 0.7977611940298508 0.6092925026399155 0.034328358208955224 0.023231256599788804
2 0.8029850746268656 0.5913410770855332 0.029850746268656716 0.012671594508975712
2 0.826865671641791 0.6071805702217529 0.01791044776119403 0.01900739176346357
2 0.8537313432835821 0.6135163674762407 0.020895522388059702 0.025343189017951424
2 0.8805970149253731 0.6230200633579726 0.029850746268656716 0.01900739176346357
2 0.8865671641791045 0.6013727560718056 0.03283582089552239 0.024287222808870114
2 0.9865671641791045 0.6071805702217529 0.026865671641791045 0.023231256599788804
2 0.9261194029850747 0.5992608236536431 0.028358208955223882 0.009503695881731784
2 0.932089552238806 0.5818373812038015 0.0373134328358209 0.01689545934530095
2 0.9567164179104478 0.5892291446673706 0.011940298507462687 0.023231256599788804
2 0.9544776119402986 0.6414994720168954 0.03134328358208955 0.013727560718057022
2 0.9597014925373134 0.6610348468848997 0.03283582089552239 0.023231256599788804
2 0.9865671641791045 0.6573389651531151 0.011940298507462687 0.007391763463569165
2 0.8985074626865672 0.6510031678986272 0.041791044776119404 0.03273495248152059
2 0.8626865671641791 0.6404435058078141 0.01791044776119403 0.009503695881731784
2 0.8328358208955224 0.6473072861668426 0.03283582089552239 0.027455121436114043
2 0.7985074626865671 0.675818373812038 0.026865671641791045 0.01478352692713833
2 0.7858208955223881 0.64519535374868 0.049253731343283584 0.03167898627243928
2 0.758955223880597 0.6172122492080253 0.028358208955223882 0.024287222808870114
2 0.7365671641791045 0.6504751847940865 0.04626865671641791 0.027455121436114043
2 0.7044776119402986 0.6805702217529038 0.041791044776119404 0.028511087645195353
2 0.6522388059701493 0.6515311510031678 0.029850746268656716 0.021119324181626188
2 0.973134328358209 0.7011615628299894 0.029850746268656716 0.027455121436114043
2 0.9194029850746269 0.7006335797254487 0.03880597014925373 0.01795142555438226
2 0.8895522388059701 0.6842661034846884 0.041791044776119404 0.01478352692713833
2 0.9029850746268657 0.6731784582893346 0.03582089552238806 0.011615628299894402
2 0.9014925373134328 0.7296726504751847 0.03880597014925373 0.03167898627243928
2 0.8126865671641791 0.7228088701161562 0.05223880597014925 0.03062302006335797
2 0.8373134328358209 0.7455121436114044 0.014925373134328358 0.008447729672650475
2 0.7492537313432835 0.7085533262935586 0.03283582089552239 0.023231256599788804
2 0.6761194029850747 0.7154171066525871 0.04477611940298507 0.03062302006335797
2 0.7111940298507463 0.7212249208025343 0.019402985074626865 0.023231256599788804
2 0.7328358208955223 0.7254487856388595 0.023880597014925373 0.025343189017951424
2 0.6141791044776119 0.7154171066525871 0.03134328358208955 0.028511087645195353
2 0.6395522388059701 0.7143611404435057 0.013432835820895522 0.01583949313621964
2 0.5873134328358209 0.7080253431890179 0.016417910447761194 0.022175290390707494
2 0.567910447761194 0.7111932418162619 0.013432835820895522 0.01583949313621964
2 0.5425373134328358 0.7175290390707497 0.034328358208955224 0.03062302006335797
2 0.49701492537313435 0.7027455121436114 0.03880597014925373 0.024287222808870114
2 0.5082089552238807 0.7428722280887011 0.03134328358208955 0.022175290390707494
2 0.5298507462686567 0.7592397043294614 0.029850746268656716 0.008447729672650475
2 0.5261194029850746 0.7729672650475184 0.03134328358208955 0.012671594508975712
2 0.5828358208955224 0.7544878563885955 0.04328358208955224 0.034846884899683205
2 0.6134328358208956 0.7470960929250263 0.014925373134328358 0.01795142555438226
2 0.5537313432835821 0.6409714889123548 0.023880597014925373 0.01689545934530095
2 0.5746268656716418 0.6504751847940865 0.026865671641791045 0.01689545934530095
2 0.48582089552238805 0.6462513199577613 0.04626865671641791 0.027455121436114043
2 0.4208955223880597 0.6573389651531151 0.041791044776119404 0.03273495248152059
2 0.3858208955223881 0.6636747624076029 0.028358208955223882 0.013727560718057022
2 0.3776119402985075 0.6362196409714889 0.026865671641791045 0.01795142555438226
2 0.32611940298507464 0.6209081309398099 0.04029850746268657 0.01689545934530095
2 0.3417910447761194 0.6378035902851108 0.04477611940298507 0.01900739176346357
2 0.25149253731343285 0.619324181626188 0.04626865671641791 0.026399155227032733
2 0.04328358208955224 0.6219640971488912 0.04776119402985075 0.0337909186906019
2 0.08955223880597014 0.6151003167898627 0.029850746268656716 0.024287222808870114
2 0.11194029850746269 0.6288278775079197 0.020895522388059702 0.022175290390707494
2 0.14477611940298507 0.631467793030623 0.026865671641791045 0.02956705385427666
2 0.1701492537313433 0.6293558606124604 0.023880597014925373 0.01689545934530095
2 0.0664179104477612 0.6810982048574445 0.0373134328358209 0.027455121436114043
2 0.0791044776119403 0.6990496304118268 0.04477611940298507 0.012671594508975712
2 0.12462686567164179 0.6795142555438225 0.04328358208955224 0.03062302006335797
2 0.17164179104477612 0.6795142555438225 0.04477611940298507 0.028511087645195353
2 0.23208955223880598 0.6779303062302006 0.049253731343283584 0.03801478352692714
2 0.32238805970149254 0.6605068637803589 0.04477611940298507 0.024287222808870114
2 0.3238805970149254 0.6784582893347413 0.05373134328358209 0.01583949313621964
2 0.3373134328358209 0.6985216473072862 0.026865671641791045 0.02006335797254488
2 0.3604477611940299 0.6953537486800422 0.010447761194029851 0.009503695881731784
2 0.38283582089552237 0.6763463569165786 0.010447761194029851 0.007391763463569165
2 0.3902985074626866 0.7101372756071805 0.0373134328358209 0.03273495248152059
2 0.42835820895522386 0.7096092925026398 0.03582089552238806 0.02956705385427666
2 0.6597014925373135 0.7455121436114044 0.03880597014925373 0.027455121436114043
2 0.6529850746268657 0.7756071805702217 0.04328358208955224 0.03062302006335797
2 0.6067164179104477 0.7856388595564942 0.058208955223880594 0.025343189017951424
2 0.6992537313432836 0.7634635691657866 0.04029850746268657 0.023231256599788804
2 0.7477611940298508 0.7634635691657866 0.03880597014925373 0.023231256599788804
2 0.7843283582089552 0.7708553326293558 0.028358208955223882 0.01478352692713833
2 0.8044776119402985 0.7692713833157339 0.01791044776119403 0.011615628299894402
2 0.8223880597014925 0.7713833157338965 0.008955223880597015 0.007391763463569165
2 0.8567164179104477 0.7734952481520591 0.05074626865671642 0.03062302006335797
2 0.9186567164179105 0.7940865892291447 0.034328358208955224 0.027455121436114043
2 0.9619402985074627 0.7787750791974656 0.034328358208955224 0.02006335797254488
2 0.9626865671641791 0.8020063357972544 0.03283582089552239 0.022175290390707494
2 0.8440298507462687 0.8046462513199577 0.0373134328358209 0.023231256599788804
2 0.7738805970149254 0.7893347412882787 0.04626865671641791 0.022175290390707494
2 0.7305970149253731 0.7998944033790918 0.04328358208955224 0.04329461457233368
2 0.9776119402985075 0.8331573389651531 0.026865671641791045 0.021119324181626188
2 0.9119402985074627 0.8305174234424498 0.03582089552238806 0.028511087645195353
2 0.8746268656716418 0.8310454065469904 0.03880597014925373 0.027455121436114043
2 0.8208955223880597 0.8220696937697993 0.041791044776119404 0.01583949313621964
2 0.835820895522388 0.8468848996832101 0.04477611940298507 0.027455121436114043
2 0.7007462686567164 0.8152059134107708 0.02537313432835821 0.012671594508975712
2 0.723134328358209 0.8257655755015839 0.022388059701492536 0.01900739176346357
2 0.6529850746268657 0.8083421330517423 0.02537313432835821 0.01583949313621964
2 0.6746268656716418 0.8093980992608236 0.01791044776119403 0.01583949313621964
2 0.6425373134328358 0.8262935586061245 0.03134328358208955 0.022175290390707494
2 0.6753731343283582 0.8289334741288278 0.028358208955223882 0.025343189017951424
2 0.6970149253731344 0.8352692713833156 0.01791044776119403 0.021119324181626188
2 0.6492537313432836 0.853220696937698 0.06567164179104477 0.03167898627243928
2 0.5835820895522388 0.8437170010559661 0.04776119402985075 0.03167898627243928
2 0.5186567164179104 0.8489968321013727 0.04626865671641791 0.03590285110876452
2 0.5343283582089552 0.8199577613516367 0.008955223880597015 0.005279831045406547
2 0.4246268656716418 0.8062302006335796 0.04328358208955224 0.03062302006335797
2 0.39477611940298507 0.7423442449841604 0.05223880597014925 0.027455121436114043
2 0.34776119402985073 0.762935586061246 0.056716417910447764 0.03062302006335797
2 0.2992537313432836 0.7771911298838436 0.04029850746268657 0.02956705385427666
2 0.3194029850746269 0.7988384371700105 0.029850746268656716 0.011615628299894402
2 0.36268656716417913 0.7977824709609292 0.03283582089552239 0.01583949313621964
2 0.3888059701492537 0.8078141499472016 0.028358208955223882 0.021119324181626188
2 0.35074626865671643 0.7851108764519534 0.04776119402985075 0.009503695881731784
2 0.23656716417910448 0.7053854276663146 0.013432835820895522 0.012671594508975712
2 0.2619402985074627 0.7090813093980992 0.034328358208955224 0.013727560718057022
2 0.2574626865671642 0.7254487856388595 0.04029850746268657 0.01689545934530095
2 0.30970149253731344 0.7286166842661034 0.0373134328358209 0.025343189017951424
2 0.2582089552238806 0.7434002111932417 0.01791044776119403 0.012671594508975712
2 0.27164179104477615 0.7550158394931361 0.029850746268656716 0.010559662090813094
2 0.20298507462686569 0.7143611404435057 0.029850746268656716 0.01795142555438226
2 0.20373134328358208 0.7317845828933474 0.04029850746268657 0.01689545934530095
2 0.12835820895522387 0.7069693769799366 0.026865671641791045 0.022175290390707494
2 0.15223880597014924 0.7043294614572333 0.01791044776119403 0.01689545934530095
2 0.1537313432835821 0.7228088701161562 0.03582089552238806 0.01583949313621964
2 0.16716417910447762 0.7360084477296726 0.03283582089552239 0.010559662090813094
2 0.11343283582089553 0.7407602956705385 0.04477611940298507 0.03273495248152059
2 0.049253731343283584 0.7270327349524814 0.03283582089552239 0.028511087645195353
2 0.019402985074626865 0.7228088701161562 0.029850746268656716 0.028511087645195353
2 0.06417910447761194 0.7898627243928193 0.03283582089552239 0.027455121436114043
2 0.0962686567164179 0.7866948257655755 0.02537313432835821 0.027455121436114043
2 0.12686567164179105 0.788806758183738 0.03582089552238806 0.02956705385427666
2 0.15522388059701492 0.7608236536430834 0.03283582089552239 0.02006335797254488
2 0.16940298507462687 0.7951425554382259 0.04328358208955224 0.021119324181626188
2 0.17611940298507464 0.7835269271383315 0.029850746268656716 0.010559662090813094
2 0.20671641791044776 0.7613516367476241 0.04328358208955224 0.03167898627243928
2 0.18134328358208956 0.8109820485744456 0.02537313432835821 0.01689545934530095
2 0.21194029850746268 0.8136219640971488 0.03582089552238806 0.024287222808870114
2 0.23805970149253733 0.7972544878563885 0.034328358208955224 0.0337909186906019
2 0.26940298507462684 0.8162618796198521 0.034328358208955224 0.025343189017951424
2 0.4619402985074627 0.8120380147835269 0.03134328358208955 0.025343189017951424
2 0.028358208955223882 0.8141499472016895 0.041791044776119404 0.0337909186906019
2 0.01865671641791045 0.8685322069693769 0.034328358208955224 0.01795142555438226
2 0.03283582089552239 0.8954593453009503 0.03880597014925373 0.023231256599788804
2 0.11567164179104478 0.8357972544878564 0.04626865671641791 0.022175290390707494
2 0.07611940298507462 0.8717001055966208 0.020895522388059702 0.01583949313621964
2 0.1 0.860612460401267 0.026865671641791045 0.021119324181626188
2 0.1291044776119403 0.8680042238648362 0.0373134328358209 0.027455121436114043
2 0.08358208955223881 0.8975712777191129 0.04477611940298507 0.025343189017951424
2 0.05223880597014925 0.9429778247096092 0.03582089552238806 0.04857444561774023
2 0.0791044776119403 0.9340021119324181 0.014925373134328358 0.02006335797254488
2 0.0873134328358209 0.9736008447729672 0.03134328358208955 0.023231256599788804
2 0.10746268656716418 0.9535374868004223 0.026865671641791045 0.01689545934530095
2 0.12014925373134329 0.925026399155227 0.04029850746268657 0.01478352692713833
2 0.15671641791044777 0.9223864836325237 0.026865671641791045 0.01583949313621964
2 0.17686567164179104 0.925026399155227 0.013432835820895522 0.010559662090813094
2 0.16716417910447762 0.9361140443505808 0.026865671641791045 0.009503695881731784
2 0.15074626865671642 0.9519535374868003 0.04477611940298507 0.024287222808870114
2 0.1828358208955224 0.979936642027455 0.05223880597014925 0.03167898627243928
2 0.21119402985074628 0.8907074973600844 0.04328358208955224 0.026399155227032733
2 0.21044776119402986 0.8484688489968321 0.020895522388059702 0.02006335797254488
2 0.23880597014925373 0.8479408658922913 0.03582089552238806 0.01900739176346357
2 0.21791044776119403 0.866948257655755 0.026865671641791045 0.01478352692713833
2 0.2462686567164179 0.8685322069693769 0.026865671641791045 0.01583949313621964
2 0.26940298507462684 0.8717001055966208 0.016417910447761194 0.03062302006335797
2 0.33358208955223884 0.8526927138331573 0.034328358208955224 0.026399155227032733
2 0.35447761194029853 0.8352692713833156 0.03134328358208955 0.012671594508975712
2 0.3656716417910448 0.8458289334741288 0.014925373134328358 0.008447729672650475
2 0.417910447761194 0.8569165786694826 0.041791044776119404 0.026399155227032733
2 0.23208955223880598 0.9324181626187962 0.05522388059701493 0.0337909186906019
2 0.2708955223880597 0.9144667370644138 0.049253731343283584 0.023231256599788804
2 0.28880597014925374 0.9361140443505808 0.022388059701492536 0.011615628299894402
2 0.3119402985074627 0.937170010559662 0.023880597014925373 0.024287222808870114
2 0.3291044776119403 0.8917634635691657 0.04328358208955224 0.026399155227032733
2 0.32313432835820893 0.9149947201689546 0.04328358208955224 0.01583949313621964
2 0.3925373134328358 0.9361140443505808 0.05970149253731343 0.03273495248152059
2 0.3932835820895522 0.8970432946145722 0.049253731343283584 0.03273495248152059
2 0.4671641791044776 0.9023231256599789 0.03283582089552239 0.026399155227032733
2 0.4455223880597015 0.8373812038014783 0.013432835820895522 0.006335797254487856
2 0.5365671641791044 0.895987328405491 0.05223880597014925 0.03062302006335797
2 0.6238805970149254 0.8901795142555438 0.041791044776119404 0.027455121436114043
2 0.5902985074626865 0.8907074973600844 0.019402985074626865 0.026399155227032733
2 0.6805970149253732 0.925026399155227 0.03582089552238806 0.02956705385427666
2 0.7223880597014926 0.9271383315733895 0.04477611940298507 0.03801478352692714
2 0.8126865671641791 0.8864836325237592 0.034328358208955224 0.026399155227032733
2 0.7694029850746269 0.8817317845828933 0.028358208955223882 0.025343189017951424
2 0.741044776119403 0.8780359028511087 0.02537313432835821 0.022175290390707494
2 0.7485074626865672 0.8521647307286166 0.03134328358208955 0.01689545934530095
2 0.8686567164179104 0.8938753959873283 0.04477611940298507 0.026399155227032733
2 0.7865671641791044 0.9361140443505808 0.03582089552238806 0.026399155227032733
2 0.8111940298507463 0.9197465681098205 0.019402985074626865 0.01689545934530095
2 0.8156716417910448 0.9429778247096092 0.022388059701492536 0.023231256599788804
2 0.8492537313432836 0.937170010559662 0.041791044776119404 0.022175290390707494
2 0.9149253731343283 0.9514255543822597 0.03582089552238806 0.02956705385427666
2 0.914179104477612 0.9329461457233368 0.010447761194029851 0.007391763463569165
2 0.9485074626865672 0.9413938753959873 0.03134328358208955 0.02006335797254488
2 0.9313432835820895 0.8585005279831045 0.04477611940298507 0.025343189017951424
2 0.9223880597014925 0.8917634635691657 0.01791044776119403 0.02006335797254488
2 0.9574626865671642 0.8764519535374867 0.03134328358208955 0.012671594508975712
2 0.9589552238805971 0.8885955649419218 0.019402985074626865 0.009503695881731784
2 0.9246268656716418 0.909714889123548 0.019402985074626865 0.013727560718057022
2 0.9492537313432836 0.9176346356916578 0.03283582089552239 0.023231256599788804
2 0.9753731343283583 0.9640971488912354 0.016417910447761194 0.023231256599788804
2 0.7813432835820896 0.8590285110876451 0.013432835820895522 0.009503695881731784
2 0.5492537313432836 0.810454065469905 0.01791044776119403 0.013727560718057022
2 0.5828358208955224 0.6045406546990496 0.019402985074626865 0.01583949313621964
2 0.13059701492537312 0.513727560718057 0.02537313432835821 0.01583949313621964
2 0.49328358208955225 0.23178458289334739 0.02537313432835821 0.02006335797254488
2 0.44402985074626866 0.24551214361140442 0.019402985074626865 0.011615628299894402
2 0.39477611940298507 0.27666314677930304 0.022388059701492536 0.012671594508975712
2 0.4134328358208955 0.31731784582893346 0.023880597014925373 0.011615628299894402
2 0.8373134328358209 0.1979936642027455 0.05074626865671642 0.01583949313621964
2 0.16268656716417912 0.1737064413938754 0.03582089552238806 0.013727560718057022
2 0.5873134328358209 0.3236536430834213 0.034328358208955224 0.013727560718057022
2 0.6805970149253732 0.38225976768743397 0.03283582089552239 0.027455121436114043
2 0.7111940298507463 0.3980992608236536 0.028358208955223882 0.01689545934530095
2 0.85 0.5786694825765575 0.034328358208955224 0.01478352692713833
2 0.5701492537313433 0.8621964097148891 0.01791044776119403 0.013727560718057022
2 0.5514925373134328 0.8611404435058078 0.013432835820895522 0.013727560718057022
2 0.9865671641791045 0.44667370644139387 0.026865671641791045 0.027455121436114043
2 0.985820895522388 0.49049630411826817 0.028358208955223882 0.024287222808870114
2 0.991044776119403 0.5464625131995776 0.01791044776119403 0.02006335797254488
2 0.9835820895522388 0.7312565997888067 0.03283582089552239 0.028511087645195353
2 0.9888059701492538 0.776663146779303 0.022388059701492536 0.024287222808870114
2 0.9895522388059702 0.802534318901795 0.020895522388059702 0.023231256599788804
2 0.9917910447761195 0.8495248152059134 0.016417910447761194 0.034846884899683205
2 0.9791044776119403 0.8917634635691657 0.026865671641791045 0.028511087645195353
2 0.9865671641791045 0.9239704329461457 0.026865671641791045 0.025343189017951424
2 0.9925373134328358 0.9588173178458289 0.014925373134328358 0.03167898627243928
