2 0.24121405750798722 0.06283280085197018 0.04472843450479233 0.027689030883919066
2 0.4153354632587859 0.03780617678381257 0.038338658146964855 0.02449414270500533
2 0.06869009584664537 0.1352502662406816 0.04792332268370607 0.023429179978700747
2 0.12779552715654952 0.11395101171459 0.04153354632587859 0.01916932907348243
2 0.1230031948881789 0.14643237486687968 0.054313099041533544 0.0415335463258786
2 0.16613418530351437 0.15388711395101173 0.03194888178913738 0.02023429179978701
2 0.18849840255591055 0.13791267305644303 0.03194888178913738 0.01810436634717785
2 0.19329073482428114 0.15282215122470716 0.01597444089456869 0.009584664536741215
2 0.23322683706070285 0.14164004259850907 0.051118210862619806 0.03407880724174654
2 0.23722044728434505 0.11821086261980832 0.027156549520766772 0.012779552715654953
2 0.2899361022364217 0.11448349307774229 0.03035143769968051 0.011714589989350373
2 0.3083067092651757 0.1038338658146965 0.03514376996805112 0.01810436634717785
2 0.35862619808306706 0.09478168264110758 0.036741214057507986 0.029818956336528223
2 0.3738019169329073 0.11821086261980832 0.04153354632587859 0.02129925452609159
2 0.3777955271565495 0.14696485623003197 0.052715654952076675 0.03407880724174654
2 0.4185303514376997 0.14323748668796593 0.022364217252396165 0.026624068157614485
2 0.4656549520766773 0.14696485623003197 0.0463258785942492 0.03407880724174654
2 0.5567092651757188 0.1347177848775293 0.04313099041533546 0.026624068157614485
2 0.597444089456869 0.08679446219382322 0.04472843450479233 0.028753993610223644
2 0.6837060702875399 0.06017039403620874 0.038338658146964855 0.02449414270500533
2 0.6996805111821086 0.07348242811501599 0.012779552715654952 0.010649627263045795
2 0.7252396166134185 0.0878594249201278 0.04153354632587859 0.028753993610223644
2 0.7515974440894568 0.07454739084132056 0.01437699680511182 0.010649627263045795
2 0.7715654952076677 0.06443024494142706 0.02875399361022364 0.02449414270500533
2 0.8043130990415335 0.10170394036208734 0.04952076677316294 0.02449414270500533
2 0.7707667731629393 0.0985090521831736 0.011182108626198083 0.009584664536741215
2 0.8945686900958466 0.07135250266240682 0.051118210862619806 0.03407880724174654
2 0.9688498402555911 0.0878594249201278 0.0463258785942492 0.039403620873269436
2 0.8610223642172523 0.11501597444089458 0.02875399361022364 0.01916932907348243
2 0.8777955271565495 0.12619808306709265 0.03354632587859425 0.030883919062832804
2 0.9041533546325878 0.11980830670926519 0.009584664536741214 0.007454739084132056
2 0.9752396166134185 0.1405750798722045 0.0463258785942492 0.03407880724174654
2 0.9416932907348242 0.15388711395101173 0.036741214057507986 0.02236421725239617
2 0.834664536741214 0.13951011714589992 0.03354632587859425 0.01703940362087327
2 0.786741214057508 0.1293929712460064 0.011182108626198083 0.007454739084132056
2 0.7196485623003195 0.12832800851970183 0.03354632587859425 0.02236421725239617
2 0.7452076677316294 0.1458998935037274 0.039936102236421724 0.025559105431309907
2 0.7452076677316294 0.13045793397231098 0.020766773162939296 0.009584664536741215
2 0.6741214057507987 0.12300319488817893 0.03514376996805112 0.015974440894568693
2 0.6158146964856229 0.12247071352502664 0.04313099041533546 0.02129925452609159
2 0.6485623003194888 0.13258785942492013 0.02875399361022364 0.02023429179978701
2 0.6389776357827476 0.1443024494142705 0.03194888178913738 0.013844515441959533
2 0.6461661341853034 0.1869009584664537 0.0463258785942492 0.028753993610223644
2 0.5742811501597443 0.18903088391906286 0.0463258785942492 0.028753993610223644
2 0.6006389776357828 0.20926517571884987 0.03514376996805112 0.02236421725239617
2 0.6094249201277955 0.16773162939297126 0.01757188498402556 0.013844515441959533
2 0.6869009584664536 0.1767838125665602 0.025559105431309903 0.01916932907348243
2 0.4792332268370607 0.20340788072417468 0.051118210862619806 0.029818956336528223
2 0.40974440894568687 0.19435569755058574 0.05591054313099041 0.028753993610223644
2 0.30750798722044725 0.19808306709265178 0.023961661341853034 0.01916932907348243
2 0.33546325878594246 0.20553780617678383 0.04472843450479233 0.0362087326943557
2 0.2787539936102236 0.18956336528221515 0.023961661341853034 0.02129925452609159
2 0.2691693290734824 0.16879659211927583 0.03354632587859425 0.02236421725239617
2 0.24440894568690094 0.170926517571885 0.012779552715654952 0.009584664536741215
2 0.1964856230031949 0.18530351437699683 0.04792332268370607 0.031948881789137386
2 0.16533546325878593 0.19914802981895635 0.027156549520766772 0.014909478168264111
2 0.022364217252396165 0.17891373801916935 0.03194888178913738 0.01703940362087327
2 0.06070287539936102 0.17465388711395102 0.022364217252396165 0.010649627263045795
2 0.018370607028753993 0.19648562300319491 0.01757188498402556 0.015974440894568693
2 0.05591054313099041 0.19808306709265178 0.038338658146964855 0.01916932907348243
2 0.09664536741214057 0.20553780617678383 0.027156549520766772 0.01703940362087327
2 0.03194888178913738 0.21512247071352505 0.022364217252396165 0.014909478168264111
2 0.06549520766773162 0.22204472843450482 0.04153354632587859 0.02023429179978701
2 0.019968051118210862 0.2433439829605964 0.036741214057507986 0.030883919062832804
2 0.06230031948881789 0.27902023429179984 0.051118210862619806 0.03407880724174654
2 0.06789137380191693 0.24707135250266243 0.04952076677316294 0.023429179978700747
2 0.11022364217252395 0.22577209797657083 0.03514376996805112 0.023429179978700747
2 0.15654952076677314 0.22044728434504796 0.04153354632587859 0.029818956336528223
2 0.2084664536741214 0.22417465388711397 0.04952076677316294 0.030883919062832804
2 0.15415335463258786 0.2529286474973376 0.039936102236421724 0.026624068157614485
2 0.18849840255591055 0.2582534611288605 0.025559105431309903 0.02449414270500533
2 0.21485623003194887 0.25612353567625135 0.03035143769968051 0.028753993610223644
2 0.25 0.2603833865814697 0.039936102236421724 0.035143769968051124
2 0.28674121405750796 0.22364217252396168 0.036741214057507986 0.025559105431309907
2 0.3314696485623003 0.26996805111821087 0.04952076677316294 0.02236421725239617
2 0.38498402555910544 0.26730564430244946 0.05750798722044728 0.031948881789137386
2 0.4001597444089457 0.2428115015974441 0.036741214057507986 0.025559105431309907
2 0.4456869009584664 0.2321618743343983 0.038338658146964855 0.023429179978700747
2 0.5143769968051118 0.22736954206602772 0.02875399361022364 0.026624068157614485
2 0.5471246006389776 0.22790202342918 0.03354632587859425 0.025559105431309907
2 0.6373801916932907 0.20873269435569758 0.025559105431309903 0.010649627263045795
2 0.6309904153354632 0.21938232161874335 0.022364217252396165 0.012779552715654953
2 0.6645367412140575 0.22630457933972314 0.038338658146964855 0.026624068157614485
2 0.7068690095846645 0.23482428115015977 0.03354632587859425 0.02449414270500533
2 0.7012779552715654 0.25612353567625135 0.038338658146964855 0.015974440894568693
2 0.7603833865814696 0.22523961661341854 0.051118210862619806 0.030883919062832804
2 0.742811501597444 0.1970181043663472 0.04153354632587859 0.025559105431309907
2 0.7811501597444089 0.20500532481363154 0.03194888178913738 0.02449414270500533
2 0.8226837060702875 0.19914802981895635 0.03194888178913738 0.02129925452609159
2 0.8083067092651757 0.22417465388711397 0.038338658146964855 0.026624068157614485
2 0.845846645367412 0.22577209797657083 0.03035143769968051 0.014909478168264111
2 0.8746006389776357 0.2066027689030884 0.03035143769968051 0.014909478168264111
2 0.9169329073482427 0.20607028753993611 0.051118210862619806 0.035143769968051124
2 0.889776357827476 0.22364217252396168 0.04153354632587859 0.02129925452609159
2 0.8642172523961661 0.248136315228967 0.05750798722044728 0.025559105431309907
2 0.8115015974440895 0.2571884984025559 0.06070287539936102 0.02236421725239617
2 0.7627795527156549 0.2534611288604899 0.03354632587859425 0.01916932907348243
2 0.7340255591054313 0.2529286474973376 0.020766773162939296 0.015974440894568693
2 0.8793929712460063 0.2742279020234292 0.027156549520766772 0.026624068157614485
2 0.8993610223642172 0.2854100106496273 0.01597444089456869 0.008519701810436636
2 0.8730031948881789 0.3093716719914803 0.039936102236421724 0.028753993610223644
2 0.6014376996805112 0.25026624068157616 0.03035143769968051 0.02129925452609159
2 0.5678913738019169 0.2539936102236422 0.03354632587859425 0.028753993610223644
2 0.5359424920127795 0.2534611288604899 0.03035143769968051 0.01916932907348243
2 0.48562300319488816 0.2587859424920128 0.06070287539936102 0.0362087326943557
2 0.5231629392971245 0.29073482428115016 0.039936102236421724 0.023429179978700747
2 0.43690095846645366 0.2870074547390842 0.04952076677316294 0.035143769968051124
2 0.3690095846645367 0.2933972310969116 0.038338658146964855 0.02236421725239617
2 0.40974440894568687 0.29765708200213 0.027156549520766772 0.015974440894568693
2 0.33706070287539935 0.30244941427050054 0.03514376996805112 0.023429179978700747
2 0.2947284345047923 0.3109691160809372 0.039936102236421724 0.023429179978700747
2 0.3059105431309904 0.3312034078807242 0.04313099041533546 0.012779552715654953
2 0.18051118210862618 0.3056443024494143 0.04792332268370607 0.025559105431309907
2 0.18051118210862618 0.2859424920127796 0.03194888178913738 0.015974440894568693
2 0.21884984025559104 0.30244941427050054 0.025559105431309903 0.012779552715654953
2 0.17092651757188498 0.3258785942492013 0.04792332268370607 0.014909478168264111
2 0.04153354632587859 0.33333333333333337 0.054313099041533544 0.03407880724174654
2 0.09824281150159744 0.33280085197018106 0.05591054313099041 0.03301384451544196
2 0.097444089456869 0.35835995740149096 0.04792332268370607 0.015974440894568693
2 0.19568690095846644 0.3471778487752929 0.052715654952076675 0.025559105431309907
2 0.23722044728434505 0.34025559105431313 0.03035143769968051 0.02023429179978701
2 0.16853035143769968 0.36634717784877535 0.0463258785942492 0.02129925452609159
2 0.17252396166134185 0.3881789137380192 0.04472843450479233 0.02023429179978701
2 0.11980830670926518 0.38125665601703945 0.04153354632587859 0.029818956336528223
2 0.07907348242811502 0.3844515441959532 0.039936102236421724 0.01916932907348243
2 0.08466453674121405 0.40681576144834936 0.04153354632587859 0.02129925452609159
2 0.052715654952076675 0.3982960596379127 0.022364217252396165 0.01916932907348243
2 0.011980830670926517 0.4030883919062833 0.020766773162939296 0.01810436634717785
2 0.013578274760383386 0.382321618743344 0.01757188498402556 0.01916932907348243
2 0.2619808306709265 0.3610223642172524 0.03514376996805112 0.029818956336528223
2 0.2971246006389776 0.35516506922257723 0.03514376996805112 0.02449414270500533
2 0.32987220447284343 0.36474973375931846 0.036741214057507986 0.028753993610223644
2 0.35862619808306706 0.3674121405750799 0.020766773162939296 0.023429179978700747
2 0.36261980830670926 0.34451544195953143 0.03514376996805112 0.02236421725239617
2 0.38658146964856227 0.3530351437699681 0.022364217252396165 0.013844515441959533
2 0.41293929712460065 0.31363152289669866 0.03035143769968051 0.013844515441959533
2 0.4257188498402556 0.3274760383386582 0.036741214057507986 0.013844515441959533
2 0.45287539936102233 0.32854100106496276 0.01757188498402556 0.02023429179978701
2 0.40974440894568687 0.338125665601704 0.036741214057507986 0.02023429179978701
2 0.3969648562300319 0.3743343982960597 0.036741214057507986 0.02449414270500533
2 0.4225239616613418 0.35995740149094785 0.020766773162939296 0.012779552715654953
2 0.43849840255591055 0.37486687965921195 0.03035143769968051 0.01703940362087327
2 0.5103833865814696 0.3487752928647498 0.03354632587859425 0.02236421725239617
2 0.4968051118210862 0.32215122470713525 0.04153354632587859 0.028753993610223644
2 0.5710862619808307 0.33599574014909483 0.03354632587859425 0.035143769968051124
2 0.6046325878594249 0.32534611288604903 0.04313099041533546 0.028753993610223644
2 0.652555910543131 0.34451544195953143 0.04952076677316294 0.028753993610223644
2 0.7028753993610224 0.3626198083067093 0.04153354632587859 0.026624068157614485
2 0.786741214057508 0.3530351437699681 0.04313099041533546 0.02449414270500533
2 0.8338658146964856 0.33865814696485624 0.019169329073482427 0.010649627263045795
2 0.8378594249201278 0.3514376996805112 0.04313099041533546 0.010649627263045795
2 0.9257188498402555 0.3157614483493078 0.020766773162939296 0.013844515441959533
2 0.9033546325878594 0.3306709265175719 0.01437699680511182 0.013844515441959533
2 0.7436102236421724 0.29978700745473913 0.039936102236421724 0.02236421725239617
2 0.6461661341853034 0.3732694355697551 0.03035143769968051 0.013844515441959533
2 0.6725239616613419 0.3759318423855165 0.019169329073482427 0.012779552715654953
2 0.7460063897763578 0.39137380191693294 0.054313099041533544 0.026624068157614485
2 0.7995207667731629 0.3828541001064963 0.04952076677316294 0.030883919062832804
2 0.8546325878594249 0.3935037273695421 0.054313099041533544 0.035143769968051124
2 0.9169329073482427 0.3908413205537807 0.025559105431309903 0.014909478168264111
2 0.9161341853035143 0.42012779552715657 0.03035143769968051 0.02023429179978701
2 0.8929712460063898 0.4206602768903089 0.019169329073482427 0.014909478168264111
2 0.8690095846645367 0.43663471778487756 0.051118210862619806 0.027689030883919066
2 0.8250798722044728 0.41693290734824284 0.0463258785942492 0.02023429179978701
2 0.7859424920127795 0.42705005324813633 0.04153354632587859 0.025559105431309907
2 0.8370607028753994 0.46805111821086265 0.03194888178913738 0.028753993610223644
2 0.9105431309904153 0.4627263045793398 0.038338658146964855 0.02449414270500533
2 0.9568690095846645 0.4920127795527157 0.019169329073482427 0.01703940362087327
2 0.9361022364217252 0.49414270500532487 0.01597444089456869 0.008519701810436636
2 0.9177316293929713 0.5106496272630459 0.052715654952076675 0.035143769968051124
2 0.9472843450479232 0.5271565495207668 0.012779552715654952 0.01916932907348243
2 0.9672523961661341 0.529286474973376 0.027156549520766772 0.025559105431309907
2 0.6078274760383386 0.38125665601703945 0.0463258785942492 0.031948881789137386
2 0.6541533546325878 0.3993610223642173 0.03035143769968051 0.02129925452609159
2 0.5710862619808307 0.4046858359957402 0.027156549520766772 0.025559105431309907
2 0.5966453674121406 0.41160809371671997 0.023961661341853034 0.026624068157614485
2 0.6293929712460063 0.43397231096911615 0.038338658146964855 0.030883919062832804
2 0.6573482428115016 0.4345047923322684 0.011182108626198083 0.010649627263045795
2 0.6781150159744409 0.4387646432374867 0.03354632587859425 0.023429179978700747
2 0.5774760383386581 0.43343982960596383 0.039936102236421724 0.02129925452609159
2 0.5375399361022364 0.43184238551650694 0.01757188498402556 0.015974440894568693
2 0.5111821086261981 0.3849840255591055 0.038338658146964855 0.030883919062832804
2 0.4768370607028754 0.3833865814696486 0.03354632587859425 0.01916932907348243
2 0.542332268370607 0.3924387646432375 0.020766773162939296 0.026624068157614485
2 0.4376996805111821 0.40521831735889247 0.03514376996805112 0.01810436634717785
2 0.3969648562300319 0.4089456869009585 0.027156549520766772 0.02129925452609159
2 0.33386581469648563 0.39137380191693294 0.04472843450479233 0.02236421725239617
2 0.36261980830670926 0.42119275825346114 0.03514376996805112 0.02236421725239617
2 0.33226837060702874 0.42172523961661346 0.022364217252396165 0.025559105431309907
2 0.30910543130990414 0.4142705005324814 0.023961661341853034 0.025559105431309907
2 0.2763578274760383 0.41107561235356765 0.038338658146964855 0.027689030883919066
2 0.231629392971246 0.40042598509052185 0.051118210862619806 0.029818956336528223
2 0.1996805111821086 0.4132055378061768 0.022364217252396165 0.023429179978700747
2 0.21645367412140573 0.43343982960596383 0.027156549520766772 0.010649627263045795
2 0.23242811501597443 0.42172523961661346 0.03035143769968051 0.014909478168264111
2 0.05591054313099041 0.4675186368477104 0.05750798722044728 0.03833865814696486
2 0.13019169329073482 0.4329073482428115 0.052715654952076675 0.02023429179978701
2 0.1461661341853035 0.45793397231096916 0.039936102236421724 0.01916932907348243
2 0.13338658146964855 0.4808306709265176 0.04952076677316294 0.02449414270500533
2 0.1757188498402556 0.479765708200213 0.02875399361022364 0.02236421725239617
2 0.20686900958466453 0.4605963791267306 0.036741214057507986 0.030883919062832804
2 0.17891373801916932 0.4526091586794463 0.022364217252396165 0.027689030883919066
2 0.24920127795527156 0.45580404685836 0.054313099041533544 0.029818956336528223
2 0.15894568690095845 0.5010649627263046 0.039936102236421724 0.01810436634717785
2 0.2915335463258786 0.4345047923322684 0.03354632587859425 0.01916932907348243
2 0.2971246006389776 0.45314164004259855 0.03514376996805112 0.015974440894568693
2 0.33785942492012777 0.45793397231096916 0.03035143769968051 0.01916932907348243
2 0.3466453674121406 0.44302449414270506 0.025559105431309903 0.012779552715654953
2 0.3769968051118211 0.44142705005324817 0.02875399361022364 0.02023429179978701
2 0.3666134185303514 0.46219382321618746 0.03354632587859425 0.02129925452609159
2 0.41134185303514376 0.44408945686900964 0.04313099041533546 0.029818956336528223
2 0.4001597444089457 0.4755058572949947 0.023961661341853034 0.015974440894568693
2 0.4376996805111821 0.47710330138445156 0.038338658146964855 0.031948881789137386
2 0.420926517571885 0.42225772097976577 0.027156549520766772 0.011714589989350373
2 0.45287539936102233 0.42598509052183176 0.03354632587859425 0.010649627263045795
2 0.45607028753993606 0.4446219382321619 0.03354632587859425 0.02236421725239617
2 0.4768370607028754 0.4643237486687966 0.04313099041533546 0.01916932907348243
2 0.4776357827476038 0.4137380191693291 0.022364217252396165 0.01810436634717785
2 0.505591054313099 0.41693290734824284 0.03354632587859425 0.030883919062832804
2 0.5135782747603833 0.43769968051118213 0.01757188498402556 0.010649627263045795
2 0.59185303514377 0.4675186368477104 0.036741214057507986 0.023429179978700747
2 0.6301916932907348 0.4627263045793398 0.03035143769968051 0.02023429179978701
2 0.6813099041533546 0.4073482428115016 0.01757188498402556 0.015974440894568693
2 0.7987220447284344 0.5197018104366348 0.04153354632587859 0.025559105431309907
2 0.8322683706070287 0.5452609158679447 0.04472843450479233 0.027689030883919066
2 0.8578274760383386 0.5282215122470714 0.025559105431309903 0.01916932907348243
2 0.8322683706070287 0.5250266240681577 0.012779552715654952 0.010649627263045795
2 0.9065495207667731 0.5447284345047924 0.03354632587859425 0.013844515441959533
2 0.9033546325878594 0.5314164004259851 0.01757188498402556 0.008519701810436636
2 0.8522364217252396 0.5111821086261982 0.023961661341853034 0.014909478168264111
2 0.8658146964856229 0.4701810436634718 0.019169329073482427 0.011714589989350373
2 0.9041533546325878 0.5596379126730565 0.02875399361022364 0.011714589989350373
2 0.871405750798722 0.5644302449414271 0.01757188498402556 0.010649627263045795
2 0.9616613418530351 0.6134185303514378 0.04472843450479233 0.031948881789137386
2 0.845846645367412 0.593716719914803 0.0463258785942492 0.03301384451544196
2 0.792332268370607 0.5692225772097977 0.038338658146964855 0.028753993610223644
2 0.8314696485623003 0.5686900958466454 0.03354632587859425 0.012779552715654953
2 0.744408945686901 0.589989350372737 0.038338658146964855 0.029818956336528223
2 0.7803514376996805 0.6027689030883919 0.027156549520766772 0.012779552715654953
2 0.7851437699680511 0.5894568690095847 0.03035143769968051 0.011714589989350373
2 0.7244408945686901 0.5266240681576145 0.039936102236421724 0.02236421725239617
2 0.7284345047923322 0.5511182108626198 0.04153354632587859 0.02236421725239617
2 0.6725239616613419 0.5250266240681577 0.02875399361022364 0.02129925452609159
2 0.6964856230031948 0.5298189563365283 0.009584664536741214 0.007454739084132056
2 0.6908945686900958 0.5447284345047924 0.03035143769968051 0.01810436634717785
2 0.652555910543131 0.49361022364217255 0.04313099041533546 0.026624068157614485
2 0.5742811501597443 0.49361022364217255 0.020766773162939296 0.015974440894568693
2 0.6022364217252396 0.492545260915868 0.03194888178913738 0.01810436634717785
2 0.5662939297124601 0.5223642172523962 0.03035143769968051 0.02236421725239617
2 0.6166134185303515 0.5202342917997871 0.04792332268370607 0.030883919062832804
2 0.5990415335463258 0.5484558040468585 0.05750798722044728 0.02129925452609159
2 0.5431309904153354 0.5425985090521832 0.051118210862619806 0.02449414270500533
2 0.4928115015974441 0.5005324813631523 0.03035143769968051 0.012779552715654953
2 0.4912140575079872 0.5154419595314165 0.03354632587859425 0.012779552715654953
2 0.3921725239616613 0.4920127795527157 0.027156549520766772 0.010649627263045795
2 0.43051118210862616 0.5101171458998935 0.03354632587859425 0.014909478168264111
2 0.43290734824281146 0.5250266240681577 0.03194888178913738 0.012779552715654953
2 0.37939297124600635 0.5186368477103301 0.027156549520766772 0.01916932907348243
2 0.4057507987220447 0.5250266240681577 0.01597444089456869 0.01916932907348243
2 0.4121405750798722 0.5420660276890309 0.038338658146964855 0.014909478168264111
2 0.45846645367412137 0.5228966986155485 0.01597444089456869 0.01916932907348243
2 0.4536741214057508 0.5553780617678382 0.04792332268370607 0.03301384451544196
2 0.4864217252396166 0.560702875399361 0.01757188498402556 0.02449414270500533
2 0.33785942492012777 0.5425985090521832 0.04952076677316294 0.030883919062832804
2 0.28115015974440893 0.5399361022364217 0.054313099041533544 0.031948881789137386
2 0.3402555910543131 0.5021299254526093 0.04153354632587859 0.039403620873269436
2 0.2963258785942492 0.4776357827476039 0.0463258785942492 0.028753993610223644
2 0.2571884984025559 0.4818956336528222 0.03194888178913738 0.01810436634717785
2 0.22843450479233227 0.49361022364217255 0.04792332268370607 0.026624068157614485
2 0.2691693290734824 0.49946751863684774 0.03354632587859425 0.010649627263045795
2 0.2763578274760383 0.5122470713525027 0.06389776357827476 0.014909478168264111
2 0.050319488817891375 0.5143769968051118 0.04313099041533546 0.025559105431309907
2 0.07747603833865814 0.5069222577209798 0.01757188498402556 0.012779552715654953
2 0.09824281150159744 0.5197018104366348 0.052715654952076675 0.012779552715654953
2 0.10383386581469647 0.5378061767838126 0.054313099041533544 0.02129925452609159
2 0.06789137380191693 0.54419595314164 0.03035143769968051 0.02129925452609159
2 0.0926517571884984 0.549520766773163 0.025559105431309903 0.008519701810436636
2 0.10942492012779552 0.5702875399361023 0.04952076677316294 0.030883919062832804
2 0.1413738019169329 0.5420660276890309 0.027156549520766772 0.025559105431309907
2 0.17731629392971246 0.5415335463258787 0.038338658146964855 0.028753993610223644
2 0.15894568690095845 0.566027689030884 0.039936102236421724 0.013844515441959533
2 0.2204472843450479 0.5399361022364217 0.04792332268370607 0.031948881789137386
2 0.20926517571884984 0.5617678381256657 0.025559105431309903 0.013844515441959533
2 0.23722044728434505 0.5612353567625133 0.027156549520766772 0.012779552715654953
2 0.019169329073482427 0.5553780617678382 0.03514376996805112 0.028753993610223644
2 0.020766773162939296 0.5793397231096912 0.03514376996805112 0.02129925452609159
2 0.06230031948881789 0.5724174653887114 0.04153354632587859 0.02449414270500533
2 0.06389776357827476 0.59531416400426 0.04153354632587859 0.02129925452609159
2 0.04552715654952076 0.6123535676251332 0.04313099041533546 0.023429179978700747
2 0.11980830670926518 0.593716719914803 0.02875399361022364 0.02449414270500533
2 0.14456869009584664 0.5942492012779553 0.01757188498402556 0.025559105431309907
2 0.1853035143769968 0.5931842385516507 0.04153354632587859 0.025559105431309907
2 0.2108626198083067 0.5777422790202343 0.02875399361022364 0.009584664536741215
2 0.2939297124600639 0.5724174653887114 0.03514376996805112 0.028753993610223644
2 0.32987220447284343 0.5761448349307775 0.036741214057507986 0.031948881789137386
2 0.3682108626198083 0.5750798722044729 0.036741214057507986 0.031948881789137386
2 0.38817891373801916 0.5596379126730565 0.02875399361022364 0.015974440894568693
2 0.4281150159744409 0.5830670926517573 0.019169329073482427 0.01810436634717785
2 0.4480830670926517 0.5804046858359958 0.01437699680511182 0.012779552715654953
2 0.40894568690095845 0.6144834930777423 0.04153354632587859 0.031948881789137386
2 0.4744408945686901 0.5873269435569756 0.022364217252396165 0.01810436634717785
2 0.5023961661341853 0.5851970181043664 0.039936102236421724 0.02236421725239617
2 0.5431309904153354 0.5702875399361023 0.04472843450479233 0.02449414270500533
2 0.5862619808306709 0.5724174653887114 0.038338658146964855 0.026624068157614485
2 0.6293929712460063 0.5820021299254526 0.04153354632587859 0.013844515441959533
2 0.6429712460063898 0.606496272630458 0.06230031948881789 0.039403620873269436
2 0.6956869009584664 0.5921192758253462 0.01757188498402556 0.01703940362087327
2 0.6605431309904153 0.6341853035143771 0.03035143769968051 0.015974440894568693
2 0.5950479233226836 0.6155484558040469 0.04313099041533546 0.031948881789137386
2 0.5942492012779552 0.6400425985090522 0.04472843450479233 0.012779552715654953
2 0.6078274760383386 0.6565495207667732 0.03354632587859425 0.02023429179978701
2 0.6757188498402555 0.6682641107561236 0.02875399361022364 0.02236421725239617
2 0.7492012779552716 0.6853035143769969 0.04153354632587859 0.026624068157614485
2 0.8059105431309904 0.663471778487753 0.039936102236421724 0.023429179978700747
2 0.9041533546325878 0.6714589989350374 0.022364217252396165 0.011714589989350373
2 0.9536741214057508 0.6794462193823216 0.025559105431309903 0.02129925452609159
2 0.9113418530351437 0.703940362087327 0.052715654952076675 0.03407880724174654
2 0.9480830670926517 0.7284345047923323 0.036741214057507986 0.025559105431309907
2 0.8442492012779552 0.7082002129925453 0.04952076677316294 0.023429179978700747
2 0.8650159744408945 0.6900958466453675 0.04313099041533546 0.01916932907348243
2 0.7835463258785942 0.7113951011714591 0.04952076677316294 0.031948881789137386
2 0.7228434504792332 0.7236421725239617 0.039936102236421724 0.02449414270500533
2 0.6429712460063898 0.736954206602769 0.0463258785942492 0.029818956336528223
2 0.6357827476038338 0.707667731629393 0.03514376996805112 0.026624068157614485
2 0.5599041533546326 0.7220447284345048 0.05591054313099041 0.027689030883919066
2 0.5958466453674122 0.6895633652822152 0.04792332268370607 0.04579339723109692
2 0.5439297124600638 0.6645367412140576 0.04313099041533546 0.031948881789137386
2 0.4976038338658147 0.646964856230032 0.04952076677316294 0.035143769968051124
2 0.5463258785942492 0.6182108626198084 0.054313099041533544 0.026624068157614485
2 0.5271565495207667 0.5963791267305645 0.025559105431309903 0.01916932907348243
2 0.4752396166134185 0.6112886048988286 0.04313099041533546 0.027689030883919066
2 0.36102236421725237 0.6107561235356763 0.038338658146964855 0.028753993610223644
2 0.32827476038338654 0.6192758253461129 0.03354632587859425 0.02236421725239617
2 0.27955271565495204 0.6293929712460065 0.04153354632587859 0.031948881789137386
2 0.23801916932907347 0.6043663471778489 0.03194888178913738 0.02023429179978701
2 0.2012779552715655 0.6299254526091588 0.038338658146964855 0.026624068157614485
2 0.1501597444089457 0.6411075612353568 0.03194888178913738 0.02129925452609159
2 0.025559105431309903 0.6496272630457934 0.03514376996805112 0.023429179978700747
2 0.06230031948881789 0.646964856230032 0.03194888178913738 0.02023429179978701
2 0.039936102236421724 0.6916932907348243 0.07028753993610223 0.043663471778487756
2 0.11182108626198083 0.6671991480298191 0.051118210862619806 0.035143769968051124
2 0.16533546325878593 0.6703940362087327 0.04952076677316294 0.035143769968051124
2 0.20766773162939295 0.6698615548455805 0.03194888178913738 0.03833865814696486
2 0.2476038338658147 0.6560170394036209 0.04792332268370607 0.027689030883919066
2 0.10702875399361023 0.707667731629393 0.04153354632587859 0.02236421725239617
2 0.15575079872204473 0.7023429179978702 0.04952076677316294 0.01810436634717785
2 0.15495207667731628 0.7252396166134186 0.06070287539936102 0.023429179978700747
2 0.23322683706070285 0.7156549520766774 0.04472843450479233 0.025559105431309907
2 0.3170926517571885 0.6991480298189564 0.0463258785942492 0.02449414270500533
2 0.3402555910543131 0.6773162939297125 0.054313099041533544 0.029818956336528223
2 0.39057507987220447 0.663471778487753 0.04952076677316294 0.031948881789137386
2 0.3170926517571885 0.6443024494142705 0.036741214057507986 0.025559105431309907
2 0.28434504792332266 0.736954206602769 0.04472843450479233 0.027689030883919066
2 0.37939297124600635 0.7273695420660278 0.039936102236421724 0.029818956336528223
2 0.4153354632587859 0.7183173588924389 0.04153354632587859 0.028753993610223644
2 0.4217252396166134 0.6954206602768904 0.02875399361022364 0.023429179978700747
2 0.46485623003194887 0.68370607028754 0.03194888178913738 0.025559105431309907
2 0.4488817891373802 0.6608093716719915 0.04792332268370607 0.01810436634717785
2 0.4281150159744409 0.6421725239616614 0.04472843450479233 0.02129925452609159
2 0.4976038338658147 0.6932907348242812 0.03035143769968051 0.02129925452609159
2 0.5359424920127795 0.6943556975505858 0.04313099041533546 0.027689030883919066
2 0.48961661341853036 0.7140575079872206 0.027156549520766772 0.015974440894568693
2 0.5439297124600638 0.7566560170394037 0.05591054313099041 0.026624068157614485
2 0.7571884984025559 0.7444089456869011 0.038338658146964855 0.031948881789137386
2 0.797923322683706 0.7449414270500533 0.03035143769968051 0.026624068157614485
2 0.8234824281150159 0.757188498402556 0.01757188498402556 0.027689030883919066
2 0.8801916932907348 0.7428115015974441 0.03514376996805112 0.015974440894568693
2 0.9225239616613418 0.7539936102236422 0.03354632587859425 0.02129925452609159
2 0.8506389776357827 0.7513312034078808 0.03035143769968051 0.02449414270500533
2 0.8538338658146964 0.784877529286475 0.036741214057507986 0.029818956336528223
2 0.8250798722044728 0.784877529286475 0.027156549520766772 0.027689030883919066
2 0.7819488817891374 0.7923322683706071 0.0463258785942492 0.027689030883919066
2 0.7987220447284344 0.768370607028754 0.022364217252396165 0.011714589989350373
2 0.7308306709265175 0.7933972310969117 0.036741214057507986 0.025559105431309907
2 0.7523961661341853 0.7875399361022365 0.01597444089456869 0.015974440894568693
2 0.6908945686900958 0.7843450479233227 0.04313099041533546 0.035143769968051124
2 0.634185303514377 0.7949946751863686 0.03514376996805112 0.02023429179978701
2 0.6086261980830671 0.806709265175719 0.022364217252396165 0.026624068157614485
2 0.6373801916932907 0.8136315228966987 0.03194888178913738 0.014909478168264111
2 0.45926517571884984 0.7651757188498404 0.04952076677316294 0.03301384451544196
2 0.3953674121405751 0.7832800851970182 0.04952076677316294 0.028753993610223644
2 0.45766773162939295 0.7939297124600639 0.04313099041533546 0.02236421725239617
2 0.5079872204472843 0.8019169329073483 0.04153354632587859 0.027689030883919066
2 0.5463258785942492 0.7939297124600639 0.04472843450479233 0.026624068157614485
2 0.5782747603833865 0.7891373801916933 0.03194888178913738 0.023429179978700747
2 0.5862619808306709 0.8152289669861555 0.025559105431309903 0.02449414270500533
2 0.547923322683706 0.8125665601703941 0.025559105431309903 0.012779552715654953
2 0.48162939297124596 0.8152289669861555 0.023961661341853034 0.011714589989350373
2 0.4289137380191693 0.8168264110756124 0.03354632587859425 0.014909478168264111
2 0.45607028753993606 0.8152289669861555 0.01757188498402556 0.015974440894568693
2 0.3738019169329073 0.8099041533546326 0.03194888178913738 0.011714589989350373
2 0.3730031948881789 0.8242811501597445 0.039936102236421724 0.01703940362087327
2 0.40654952076677314 0.8338658146964857 0.027156549520766772 0.014909478168264111
2 0.426517571884984 0.8482428115015975 0.025559105431309903 0.02236421725239617
2 0.4480830670926517 0.8418530351437701 0.03035143769968051 0.02449414270500533
2 0.3570287539936102 0.8615548455804047 0.039936102236421724 0.029818956336528223
2 0.3761980830670926 0.8461128860489884 0.04952076677316294 0.02236421725239617
2 0.2939297124600639 0.8407880724174654 0.04153354632587859 0.030883919062832804
2 0.30750798722044725 0.8189563365282216 0.04313099041533546 0.025559105431309907
2 0.26357827476038337 0.8083067092651758 0.054313099041533544 0.03833865814696486
2 0.18610223642172524 0.8162939297124602 0.04313099041533546 0.030883919062832804
2 0.2244408945686901 0.8200212992545262 0.03035143769968051 0.03407880724174654
2 0.20766773162939295 0.79765708200213 0.03514376996805112 0.014909478168264111
2 0.20047923322683706 0.7795527156549521 0.036741214057507986 0.01703940362087327
2 0.036741214057507986 0.7476038338658147 0.054313099041533544 0.029818956336528223
2 0.06469648562300319 0.7641107561235357 0.03035143769968051 0.015974440894568693
2 0.1134185303514377 0.7523961661341854 0.05750798722044728 0.02449414270500533
2 0.12939297124600638 0.7896698615548456 0.04472843450479233 0.026624068157614485
2 0.07747603833865814 0.8008519701810437 0.036741214057507986 0.029818956336528223
2 0.11022364217252395 0.8338658146964857 0.051118210862619806 0.01916932907348243
2 0.12220447284345047 0.8588924387646433 0.052715654952076675 0.028753993610223644
2 0.031150159744408944 0.8567625133120341 0.04952076677316294 0.02449414270500533
2 0.02476038338658147 0.8817891373801918 0.036741214057507986 0.02129925452609159
2 0.02476038338658147 0.904153354632588 0.03354632587859425 0.023429179978700747
2 0.07667731629392971 0.9062832800851971 0.051118210862619806 0.0362087326943557
2 0.12380191693290735 0.8908413205537807 0.039936102236421724 0.02449414270500533
2 0.17092651757188498 0.8913738019169329 0.04792332268370607 0.04472843450479234
2 0.2268370607028754 0.8631522896698617 0.04153354632587859 0.02236421725239617
2 0.21565495207667731 0.8817891373801918 0.03194888178913738 0.02129925452609159
2 0.2707667731629393 0.8849840255591055 0.0463258785942492 0.029818956336528223
2 0.3226837060702875 0.8903088391906284 0.04472843450479233 0.027689030883919066
2 0.30271565495207664 0.865814696485623 0.03035143769968051 0.01703940362087327
2 0.329073482428115 0.8604898828541002 0.019169329073482427 0.029818956336528223
2 0.33706070287539935 0.7784877529286476 0.03514376996805112 0.01916932907348243
2 0.4464856230031949 0.8775292864749734 0.027156549520766772 0.029818956336528223
2 0.468849840255591 0.8738019169329074 0.01437699680511182 0.02236421725239617
2 0.4920127795527156 0.8418530351437701 0.04472843450479233 0.028753993610223644
2 0.46485623003194887 0.9068157614483494 0.03514376996805112 0.02236421725239617
2 0.4664536741214057 0.9302449414270502 0.03514376996805112 0.026624068157614485
2 0.5007987220447284 0.9185303514376998 0.03035143769968051 0.02236421725239617
2 0.5399361022364217 0.9243876464323749 0.03514376996805112 0.031948881789137386
2 0.5263578274760383 0.8919062832800853 0.04952076677316294 0.030883919062832804
2 0.5782747603833865 0.8461128860489884 0.04472843450479233 0.02449414270500533
2 0.5670926517571885 0.8636847710330139 0.051118210862619806 0.014909478168264111
2 0.5718849840255591 0.8844515441959532 0.03194888178913738 0.026624068157614485
2 0.6126198083067093 0.8423855165069223 0.027156549520766772 0.01916932907348243
2 0.6222044728434505 0.86741214057508 0.023961661341853034 0.02449414270500533
2 0.6557507987220447 0.8599574014909479 0.04313099041533546 0.03301384451544196
2 0.6261980830670926 0.8871139510117146 0.038338658146964855 0.01703940362087327
2 0.59185303514377 0.9249201277955272 0.039936102236421724 0.030883919062832804
2 0.6261980830670926 0.9195953141640043 0.03514376996805112 0.02236421725239617
2 0.6253993610223642 0.9030883919062833 0.052715654952076675 0.014909478168264111
2 0.7284345047923322 0.8556975505857296 0.038338658146964855 0.02449414270500533
2 0.731629392971246 0.8722044728434506 0.01597444089456869 0.008519701810436636
2 0.7587859424920127 0.878594249201278 0.038338658146964855 0.01916932907348243
2 0.7236421725239617 0.985090521831736 0.04153354632587859 0.01916932907348243
2 0.7284345047923322 0.9680511182108628 0.038338658146964855 0.008519701810436636
2 0.6597444089456869 0.964856230031949 0.025559105431309903 0.014909478168264111
2 0.6797124600638977 0.9568690095846646 0.020766773162939296 0.013844515441959533
2 0.6685303514376997 0.9424920127795529 0.03035143769968051 0.02129925452609159
2 0.6781150159744409 0.9169329073482428 0.020766773162939296 0.01703940362087327
2 0.7028753993610224 0.9126730564430245 0.025559105431309903 0.027689030883919066
2 0.7667731629392971 0.9158679446219383 0.04153354632587859 0.029818956336528223
2 0.797923322683706 0.8940362087326944 0.03354632587859425 0.02236421725239617
2 0.7691693290734823 0.9510117145899895 0.04952076677316294 0.01703940362087327
2 0.7204472843450479 0.9456869009584665 0.03194888178913738 0.014909478168264111
2 0.7396166134185304 0.9334398296059638 0.038338658146964855 0.011714589989350373
2 0.8099041533546325 0.9313099041533547 0.038338658146964855 0.015974440894568693
2 0.7675718849840255 0.8226837060702876 0.03035143769968051 0.01810436634717785
2 0.8019169329073482 0.8237486687965921 0.03194888178913738 0.02023429179978701
2 0.8274760383386581 0.8455804046858361 0.051118210862619806 0.01916932907348243
2 0.8793929712460063 0.8551650692225773 0.023961661341853034 0.014909478168264111
2 0.9009584664536741 0.8610223642172524 0.025559105431309903 0.02449414270500533
2 0.9297124600638977 0.8631522896698617 0.02875399361022364 0.030883919062832804
2 0.9776357827476038 0.8881789137380193 0.04153354632587859 0.03407880724174654
2 0.8650159744408945 0.9169329073482428 0.06869009584664537 0.04472843450479234
2 0.834664536741214 0.9515441959531418 0.0718849840255591 0.02236421725239617
2 0.3682108626198083 0.9627263045793398 0.03354632587859425 0.03833865814696486
2 0.2803514376996805 0.9589989350372737 0.027156549520766772 0.013844515441959533
2 0.2643769968051118 0.9297124600638978 0.04313099041533546 0.03407880724174654
2 0.30910543130990414 0.9265175718849841 0.0463258785942492 0.0362087326943557
2 0.3690095846645367 0.9078807241746539 0.051118210862619806 0.02023429179978701
2 0.3769968051118211 0.8855165069222578 0.04792332268370607 0.02023429179978701
2 0.20766773162939295 0.9323748668796593 0.04792332268370607 0.03727369542066028
2 0.14297124600638977 0.9382321618743344 0.05591054313099041 0.031948881789137386
2 0.134185303514377 0.9137380191693292 0.022364217252396165 0.014909478168264111
2 0.06549520766773162 0.9408945686900959 0.05750798722044728 0.026624068157614485
2 0.06309904153354633 0.8690095846645368 0.020766773162939296 0.02129925452609159
2 0.9520766773162939 0.9222577209797658 0.022364217252396165 0.01703940362087327
2 0.9201277955271565 0.8972310969116082 0.012779552715654952 0.009584664536741215
2 0.389776357827476 0.7587859424920128 0.025559105431309903 0.011714589989350373
2 0.33067092651757185 0.7390841320553782 0.01597444089456869 0.010649627263045795
2 0.34185303514376997 0.707667731629393 0.01597444089456869 0.013844515441959533
2 0.5407348242811502 0.4568690095846646 0.03035143769968051 0.01916932907348243
2 0.8450479233226836 0.17358892438764645 0.038338658146964855 0.014909478168264111
2 0.8226837060702875 0.16347177848775293 0.025559105431309903 0.013844515441959533
2 0.013578274760383386 0.06922257720979766 0.023961661341853034 0.029818956336528223
2 0.016773162939297124 0.12034078807241748 0.03035143769968051 0.027689030883919066
2 0.01597444089456869 0.5271565495207668 0.02875399361022364 0.029818956336528223
2 0.2340255591054313 0.6794462193823216 0.023961661341853034 0.023429179978700747
2 0.01757188498402556 0.7917997870074548 0.03194888178913738 0.043663471778487756
2 0.10623003194888178 0.9339723109691161 0.023961661341853034 0.023429179978700747
2 0.9768370607028753 0.7987220447284346 0.0463258785942492 0.031948881789137386
