2 0.050793650793650794 0.09778812572759021 0.06031746031746032 0.037252619324796274
2 0.034126984126984124 0.17171129220023282 0.05873015873015873 0.04307334109429569
2 0.09761904761904762 0.17520372526193248 0.03968253968253968 0.033760186263096625
2 0.12698412698412698 0.18859138533178113 0.031746031746031744 0.023282887077997673
2 0.22142857142857142 0.1030267753201397 0.046031746031746035 0.02211874272409779
2 0.18095238095238095 0.17753201396973226 0.044444444444444446 0.038416763678696154
2 0.3396825396825397 0.14551804423748543 0.05396825396825397 0.03259604190919674
2 0.5912698412698413 0.129802095459837 0.03015873015873016 0.033760186263096625
2 0.6134920634920635 0.12281722933643771 0.01746031746031746 0.017462165308498253
2 0.734920634920635 0.1478463329452852 0.03492063492063492 0.025611175785797437
2 0.8507936507936508 0.15366705471478462 0.047619047619047616 0.03259604190919674
2 0.9166666666666666 0.10419091967403958 0.03968253968253968 0.02910360884749709
2 0.8420634920634921 0.22118742724097787 0.03650793650793651 0.03259604190919674
2 0.792063492063492 0.2467986030267753 0.04126984126984127 0.030267753201396973
2 0.530952380952381 0.24505238649592548 0.03968253968253968 0.02211874272409779
2 0.3896825396825397 0.2735739231664726 0.04285714285714286 0.030267753201396973
2 0.5111111111111111 0.2927823050058207 0.044444444444444446 0.03143189755529686
2 0.26904761904761904 0.26658905704307334 0.03968253968253968 0.03259604190919674
2 0.3055555555555556 0.28055878928987193 0.026984126984126985 0.030267753201396973
2 0.18571428571428572 0.2788125727590221 0.04126984126984127 0.02677532013969732
2 0.17142857142857143 0.24155995343422584 0.03492063492063492 0.024447031431897553
2 0.13174603174603175 0.25727590221187424 0.044444444444444446 0.030267753201396973
2 0.09285714285714286 0.22759022118742725 0.03333333333333333 0.01979045401629802
2 0.11428571428571428 0.27939464493597205 0.031746031746031744 0.020954598370197905
2 0.07857142857142857 0.2869615832363213 0.014285714285714285 0.012805587892898719
2 0.08968253968253968 0.3131548311990687 0.04285714285714286 0.030267753201396973
2 0.9071428571428571 0.3131548311990687 0.04285714285714286 0.030267753201396973
2 0.8555555555555555 0.3568102444703143 0.044444444444444446 0.03143189755529686
2 0.7261904761904762 0.36321303841676367 0.023809523809523808 0.025611175785797437
2 0.6738095238095239 0.37427240977881254 0.046031746031746035 0.03143189755529686
2 0.5333333333333333 0.33469150174621654 0.031746031746031744 0.02211874272409779
2 0.34523809523809523 0.3637951105937136 0.04285714285714286 0.03608847497089639
2 0.2841269841269841 0.3469150174621653 0.04126984126984127 0.025611175785797437
2 0.20476190476190476 0.339930151338766 0.044444444444444446 0.03259604190919674
2 0.14523809523809525 0.35157159487776485 0.046031746031746035 0.030267753201396973
2 0.07142857142857142 0.3870779976717113 0.044444444444444446 0.03143189755529686
2 0.11666666666666667 0.4057043073341094 0.046031746031746035 0.024447031431897553
2 0.2261904761904762 0.3777648428405122 0.046031746031746035 0.03143189755529686
2 0.21746031746031746 0.4487776484284051 0.044444444444444446 0.033760186263096625
2 0.2714285714285714 0.46856810244470315 0.0380952380952381 0.03143189755529686
2 0.6547619047619048 0.3416763678696158 0.023809523809523808 0.015133876600698487
2 0.696031746031746 0.4022118742724098 0.03650793650793651 0.01979045401629802
2 0.569047619047619 0.4487776484284051 0.03650793650793651 0.02677532013969732
2 0.4722222222222222 0.37077997671711294 0.03333333333333333 0.024447031431897553
2 0.06507936507936508 0.4138533178114086 0.03492063492063492 0.017462165308498253
2 0.07063492063492063 0.46041909196740394 0.04285714285714286 0.033760186263096625
2 0.6087301587301587 0.46332945285215366 0.03650793650793651 0.027939464493597205
2 0.6492063492063492 0.4935972060535506 0.047619047619047616 0.03259604190919674
2 0.7055555555555556 0.4778812572759022 0.03650793650793651 0.033760186263096625
2 0.7666666666666667 0.4807916181606519 0.04126984126984127 0.03259604190919674
2 0.8595238095238095 0.44644935972060534 0.03968253968253968 0.02910360884749709
2 0.8452380952380952 0.4749708963911525 0.03333333333333333 0.018626309662398137
2 0.9015873015873016 0.439464493597206 0.02857142857142857 0.02211874272409779
2 0.08174603174603175 0.5436554132712457 0.03650793650793651 0.025611175785797437
2 0.12777777777777777 0.5541327124563445 0.03968253968253968 0.030267753201396973
2 0.19126984126984126 0.5541327124563445 0.03650793650793651 0.03259604190919674
2 0.24444444444444444 0.5471478463329452 0.044444444444444446 0.03259604190919674
2 0.2992063492063492 0.5733410942956927 0.049206349206349205 0.033760186263096625
2 0.403968253968254 0.5570430733410943 0.04285714285714286 0.024447031431897553
2 0.35873015873015873 0.6018626309662398 0.031746031746031744 0.020954598370197905
2 0.4849206349206349 0.5745052386495926 0.03333333333333333 0.02677532013969732
2 0.5293650793650794 0.5675203725261933 0.03015873015873016 0.02677532013969732
2 0.5412698412698412 0.6030267753201397 0.03492063492063492 0.027939464493597205
2 0.5785714285714286 0.5919674039580908 0.03650793650793651 0.02677532013969732
2 0.676984126984127 0.5925494761350407 0.026984126984126985 0.027939464493597205
2 0.7373015873015873 0.5774155995343423 0.023809523809523808 0.027939464493597205
2 0.7579365079365079 0.5762514551804424 0.023809523809523808 0.027939464493597205
2 0.8269841269841269 0.5814901047729918 0.044444444444444446 0.033760186263096625
2 0.9619047619047619 0.6350407450523865 0.044444444444444446 0.04074505238649592
2 0.8507936507936508 0.6623981373690337 0.04126984126984127 0.034924330616996506
2 0.9722222222222222 0.6635622817229336 0.03015873015873016 0.020954598370197905
2 0.7658730158730159 0.6944121071012805 0.03968253968253968 0.02211874272409779
2 0.692063492063492 0.6810244470314318 0.03492063492063492 0.027939464493597205
2 0.6166666666666667 0.6676367869615832 0.046031746031746035 0.03143189755529686
2 0.5507936507936508 0.6618160651920838 0.0380952380952381 0.02910360884749709
2 0.4976190476190476 0.6816065192083818 0.03968253968253968 0.03143189755529686
2 0.3373015873015873 0.670547147846333 0.03333333333333333 0.020954598370197905
2 0.2920634920634921 0.6472642607683352 0.025396825396825397 0.025611175785797437
2 0.2634920634920635 0.6635622817229336 0.0380952380952381 0.025611175785797437
2 0.09206349206349207 0.6408614668218859 0.047619047619047616 0.03143189755529686
2 0.016666666666666666 0.6653084982537835 0.023809523809523808 0.02677532013969732
2 0.048412698412698414 0.6519208381839348 0.020634920634920634 0.018626309662398137
2 0.13253968253968254 0.6932479627473807 0.04285714285714286 0.038416763678696154
2 0.4015873015873016 0.6565774155995343 0.022222222222222223 0.013969732246798603
2 0.08571428571428572 0.6845168800931315 0.022222222222222223 0.01629802095459837
2 0.06746031746031746 0.759604190919674 0.03968253968253968 0.02910360884749709
2 0.1595238095238095 0.7607683352735739 0.046031746031746035 0.033760186263096625
2 0.22301587301587303 0.7444703143189756 0.03333333333333333 0.02910360884749709
2 0.42857142857142855 0.749708963911525 0.031746031746031744 0.030267753201396973
2 0.5277777777777778 0.7625145518044237 0.03650793650793651 0.027939464493597205
2 0.6555555555555556 0.7863795110593713 0.0380952380952381 0.02910360884749709
2 0.7301587301587301 0.7718277066356228 0.047619047619047616 0.027939464493597205
2 0.7984126984126985 0.7951105937136205 0.044444444444444446 0.03259604190919674
2 0.85 0.7927823050058207 0.03333333333333333 0.025611175785797437
2 0.8706349206349207 0.7438882421420256 0.023809523809523808 0.018626309662398137
2 0.9007936507936508 0.760186263096624 0.03650793650793651 0.03259604190919674
2 0.9738095238095238 0.770663562281723 0.03015873015873016 0.025611175785797437
2 0.8658730158730159 0.8230500582072177 0.023809523809523808 0.013969732246798603
2 0.8484126984126984 0.860302677532014 0.046031746031746035 0.03259604190919674
2 0.7722222222222223 0.879511059371362 0.05238095238095238 0.033760186263096625
2 0.7380952380952381 0.9039580908032596 0.025396825396825397 0.024447031431897553
2 0.6706349206349206 0.8975552968568102 0.03650793650793651 0.030267753201396973
2 0.8333333333333334 0.909778812572759 0.031746031746031744 0.01979045401629802
2 0.9111111111111111 0.9383003492433062 0.047619047619047616 0.037252619324796274
2 0.5873015873015873 0.9161816065192083 0.0380952380952381 0.027939464493597205
2 0.4380952380952381 0.9371362048894063 0.050793650793650794 0.030267753201396973
2 0.3896825396825397 0.90046565774156 0.04285714285714286 0.033760186263096625
2 0.4301587301587302 0.8661233993015134 0.02857142857142857 0.020954598370197905
2 0.26666666666666666 0.8632130384167637 0.047619047619047616 0.033760186263096625
2 0.2753968253968254 0.9330616996507567 0.046031746031746035 0.01979045401629802
2 0.20238095238095238 0.8882421420256111 0.03650793650793651 0.023282887077997673
2 0.15 0.9062863795110594 0.014285714285714285 0.008149010477299184
2 0.10158730158730159 0.8742724097788126 0.01904761904761905 0.01629802095459837
2 0.1365079365079365 0.8859138533178114 0.047619047619047616 0.03259604190919674
2 0.09603174603174604 0.8172293364377182 0.03968253968253968 0.027939464493597205
2 0.03571428571428571 0.8766006984866124 0.049206349206349205 0.030267753201396973
2 0.9166666666666666 0.9022118742724098 0.023809523809523808 0.020954598370197905
2 0.8833333333333333 0.8684516880093132 0.020634920634920634 0.020954598370197905
2 0.020634920634920634 0.849243306169965 0.02857142857142857 0.03143189755529686
2 0.5595238095238095 0.6239813736903376 0.026984126984126985 0.018626309662398137
2 0.8238095238095238 0.6175785797438882 0.022222222222222223 0.015133876600698487
2 0.9023809523809524 0.4738067520372526 0.03015873015873016 0.020954598370197905
2 0.11984126984126985 0.48894062863795107 0.026984126984126985 0.018626309662398137
2 0.03015873015873016 0.5663562281722934 0.03492063492063492 0.02677532013969732
2 0.15634920634920635 0.449941792782305 0.03968253968253968 0.024447031431897553
2 0.14682539682539683 0.4220023282887078 0.023809523809523808 0.02677532013969732
2 0.7984126984126985 0.4342258440046566 0.02857142857142857 0.020954598370197905
2 0.21428571428571427 0.2270081490104773 0.02857142857142857 0.023282887077997673
2 0.21904761904761905 0.16647264260768335 0.012698412698412698 0.013969732246798603
2 0.4388888888888889 0.1379511059371362 0.023809523809523808 0.017462165308498253
2 0.18015873015873016 0.5873108265424912 0.03333333333333333 0.02211874272409779
2 0.19444444444444445 0.6693830034924331 0.020634920634920634 0.01629802095459837
2 0.2746031746031746 0.9150174621653084 0.025396825396825397 0.013969732246798603
2 0.7126984126984127 0.8591385331781141 0.03492063492063492 0.027939464493597205
