2 0.7243377483443708 0.04513888888888889 0.0347682119205298 0.03009259259259259
2 0.923841059602649 0.08449074074074074 0.046357615894039736 0.032407407407407406
2 0.6084437086092715 0.2685185185185185 0.048013245033112585 0.034722222222222224
2 0.48096026490066224 0.28182870370370366 0.04470198675496689 0.03125
2 0.2259933774834437 0.2824074074074074 0.04470198675496689 0.027777777777777776
2 0.3269867549668874 0.3142361111111111 0.024834437086092714 0.017361111111111112
2 0.36258278145695366 0.4079861111111111 0.039735099337748346 0.024305555555555552
2 0.10513245033112582 0.4560185185185185 0.041390728476821195 0.039351851851851846
2 0.2806291390728477 0.49016203703703703 0.041390728476821195 0.03125
2 0.5745033112582781 0.48668981481481477 0.033112582781456956 0.02662037037037037
2 0.9478476821192053 0.4594907407407407 0.048013245033112585 0.027777777777777776
2 0.9362582781456954 0.5763888888888888 0.048013245033112585 0.034722222222222224
2 0.8832781456953642 0.6695601851851851 0.04470198675496689 0.03587962962962963
2 0.6274834437086093 0.6846064814814814 0.03642384105960265 0.024305555555555552
2 0.5413907284768212 0.5844907407407407 0.039735099337748346 0.03009259259259259
2 0.277317880794702 0.5804398148148148 0.0380794701986755 0.028935185185185182
2 0.028973509933774833 0.5543981481481481 0.028145695364238412 0.023148148148148147
2 0.21937086092715233 0.6707175925925926 0.05132450331125828 0.03356481481481481
2 0.320364238410596 0.673611111111111 0.0380794701986755 0.037037037037037035
2 0.18543046357615894 0.6070601851851851 0.019867549668874173 0.015046296296296295
2 0.12251655629139073 0.7609953703703703 0.023178807947019868 0.024305555555555552
2 0.08526490066225166 0.8252314814814814 0.05132450331125828 0.039351851851851846
2 0.18543046357615894 0.8489583333333333 0.04966887417218543 0.04282407407407407
2 0.30711920529801323 0.9554398148148148 0.0380794701986755 0.028935185185185182
