2 0.11004784688995216 0.0794979079497908 0.05741626794258373 0.03138075313807531
2 0.3133971291866029 0.05857740585774058 0.04944178628389155 0.03347280334728033
2 0.48963317384370014 0.03190376569037657 0.06060606060606061 0.036610878661087864
2 0.4354066985645933 0.059100418410041836 0.044657097288676235 0.02615062761506276
2 0.5039872408293461 0.07635983263598325 0.04146730462519936 0.02719665271966527
2 0.35007974481658694 0.10355648535564853 0.03987240829346093 0.023012552301255228
2 0.7320574162679426 0.018305439330543932 0.025518341307814992 0.021966527196652718
2 0.7607655502392344 0.03399581589958159 0.044657097288676235 0.034518828451882845
2 0.8054226475279107 0.034518828451882845 0.04146730462519936 0.02719665271966527
2 0.7974481658692185 0.010460251046025104 0.012759170653907496 0.010460251046025104
2 0.6419457735247209 0.11087866108786609 0.023923444976076555 0.023012552301255228
2 0.5861244019138756 0.11453974895397488 0.05582137161084529 0.02824267782426778
2 0.9617224880382775 0.15115062761506276 0.04146730462519936 0.02615062761506276
2 0.9082934609250399 0.16997907949790794 0.03349282296650718 0.017782426778242676
2 0.80622009569378 0.2086820083682008 0.03668261562998405 0.02615062761506276
2 0.9114832535885168 0.21077405857740583 0.05263157894736842 0.036610878661087864
2 0.9633173843700159 0.22751046025104602 0.05422647527910686 0.034518828451882845
2 0.9417862838915471 0.2646443514644351 0.023923444976076555 0.02928870292887029
2 0.9776714513556619 0.25836820083682005 0.04146730462519936 0.02719665271966527
2 0.7009569377990431 0.21652719665271963 0.02711323763955343 0.025104602510460247
2 0.6690590111642744 0.17887029288702927 0.02073365231259968 0.014644351464435145
2 0.6068580542264753 0.23430962343096232 0.03349282296650718 0.023012552301255228
2 0.5526315789473685 0.2065899581589958 0.03987240829346093 0.0303347280334728
2 0.49362041467304624 0.19403765690376568 0.046251993620414676 0.0303347280334728
2 0.5007974481658692 0.1412133891213389 0.03827751196172249 0.02719665271966527
2 0.4736842105263158 0.15062761506276148 0.03189792663476874 0.02092050209205021
2 0.4314194577352472 0.08734309623430962 0.03987240829346093 0.02824267782426778
2 0.3620414673046252 0.06694560669456066 0.022328548644338118 0.025104602510460247
2 0.3373205741626794 0.08002092050209204 0.03349282296650718 0.0198744769874477
2 0.2862838915470494 0.08577405857740585 0.03668261562998405 0.014644351464435145
2 0.27751196172248804 0.10094142259414225 0.03189792663476874 0.013598326359832635
2 0.25757575757575757 0.11976987447698743 0.04944178628389155 0.0303347280334728
2 0.2767145135566188 0.15219665271966526 0.0430622009569378 0.02615062761506276
2 0.21850079744816586 0.12761506276150628 0.028708133971291867 0.02719665271966527
2 0.04226475279106858 0.19456066945606693 0.0430622009569378 0.03347280334728033
2 0.17543859649122806 0.17782426778242677 0.03827751196172249 0.02719665271966527
2 0.0215311004784689 0.23953974895397487 0.03987240829346093 0.03347280334728033
2 0.06778309409888357 0.24476987447698742 0.046251993620414676 0.02928870292887029
2 0.11722488038277512 0.21861924686192466 0.03668261562998405 0.03347280334728033
2 0.1547049441786284 0.20815899581589956 0.044657097288676235 0.03347280334728033
2 0.19537480063795853 0.2076359832635983 0.030303030303030304 0.02824267782426778
2 0.3181818181818182 0.18253138075313807 0.03349282296650718 0.021966527196652718
2 0.3779904306220096 0.13493723849372383 0.04784688995215311 0.025104602510460247
2 0.42105263157894735 0.1610878661087866 0.05422647527910686 0.03347280334728033
2 0.39074960127591707 0.19874476987447698 0.051036682615629984 0.03138075313807531
2 0.39712918660287083 0.23326359832635982 0.044657097288676235 0.03138075313807531
2 0.43381180223285487 0.22489539748953974 0.028708133971291867 0.025104602510460247
2 0.4840510366826156 0.22698744769874474 0.046251993620414676 0.02928870292887029
2 0.044657097288676235 0.27824267782426776 0.044657097288676235 0.03138075313807531
2 0.13556618819776714 0.3101464435146443 0.04146730462519936 0.0303347280334728
2 0.13636363636363635 0.2703974895397489 0.05263157894736842 0.021966527196652718
2 0.1586921850079745 0.2557531380753138 0.03668261562998405 0.021966527196652718
2 0.1283891547049442 0.2578451882845188 0.02073365231259968 0.013598326359832635
2 0.1674641148325359 0.2369246861924686 0.03508771929824561 0.0198744769874477
2 0.22966507177033493 0.2405857740585774 0.051036682615629984 0.03556485355648535
2 0.2767145135566188 0.23430962343096232 0.023923444976076555 0.02719665271966527
2 0.3038277511961722 0.229602510460251 0.03987240829346093 0.0303347280334728
2 0.2862838915470494 0.29236401673640167 0.03987240829346093 0.0303347280334728
2 0.23604465709728867 0.3195606694560669 0.05741626794258373 0.034518828451882845
2 0.3660287081339713 0.29550209205020916 0.03987240829346093 0.02615062761506276
2 0.4298245614035088 0.29236401673640167 0.03987240829346093 0.02615062761506276
2 0.4625199362041467 0.323744769874477 0.03508771929824561 0.02824267782426778
2 0.532695374800638 0.3122384937238493 0.044657097288676235 0.03242677824267782
2 0.5757575757575758 0.3153765690376569 0.03827751196172249 0.02824267782426778
2 0.6100478468899522 0.2902719665271966 0.03668261562998405 0.02824267782426778
2 0.8237639553429027 0.28504184100418406 0.04944178628389155 0.0303347280334728
2 0.9019138755980861 0.3247907949790795 0.05582137161084529 0.03242677824267782
2 0.7352472089314195 0.34414225941422594 0.05422647527910686 0.03138075313807531
2 0.5980861244019139 0.3807531380753138 0.04784688995215311 0.02928870292887029
2 0.7065390749601276 0.39644351464435146 0.044657097288676235 0.03556485355648535
2 0.7934609250398724 0.4220711297071129 0.014354066985645933 0.015690376569037656
2 0.5430622009569378 0.39016736401673635 0.023923444976076555 0.016736401673640166
2 0.4688995215311005 0.3802301255230125 0.03827751196172249 0.02615062761506276
2 0.39473684210526316 0.39382845188284515 0.03987240829346093 0.02615062761506276
2 0.3317384370015949 0.3896443514644351 0.06060606060606061 0.03242677824267782
2 0.27910685805422647 0.4095188284518828 0.028708133971291867 0.0198744769874477
2 0.14752791068580542 0.3906903765690376 0.0430622009569378 0.034518828451882845
2 0.07894736842105263 0.49110878661087864 0.02073365231259968 0.017782426778242676
2 0.12041467304625199 0.48169456066945604 0.0430622009569378 0.0303347280334728
2 0.12440191387559808 0.5094142259414226 0.03508771929824561 0.018828451882845185
2 0.14832535885167464 0.46182008368200833 0.025518341307814992 0.015690376569037656
2 0.1722488038277512 0.4497907949790795 0.03508771929824561 0.025104602510460247
2 0.22248803827751196 0.479602510460251 0.0430622009569378 0.02615062761506276
2 0.33253588516746413 0.47018828451882844 0.03668261562998405 0.02824267782426778
2 0.3875598086124402 0.48169456066945604 0.044657097288676235 0.0303347280334728
2 0.430622009569378 0.4623430962343096 0.051036682615629984 0.03347280334728033
2 0.45374800637958534 0.42625523012552297 0.04944178628389155 0.02824267782426778
2 0.43859649122807015 0.49529288702928864 0.04784688995215311 0.03242677824267782
2 0.3293460925039872 0.506276150627615 0.0430622009569378 0.02092050209205021
2 0.5342902711323764 0.5308577405857741 0.04784688995215311 0.0303347280334728
2 0.5996810207336524 0.50836820083682 0.03508771929824561 0.025104602510460247
2 0.645933014354067 0.4764644351464435 0.03189792663476874 0.017782426778242676
2 0.6945773524720893 0.49529288702928864 0.03668261562998405 0.02615062761506276
2 0.7424242424242424 0.4963389121338912 0.03349282296650718 0.024058577405857737
2 0.9346092503987241 0.49215481171548114 0.03189792663476874 0.02615062761506276
2 0.861244019138756 0.5658995815899581 0.04146730462519936 0.023012552301255228
2 0.8915470494417863 0.5690376569037656 0.012759170653907496 0.016736401673640166
2 0.8588516746411483 0.5852510460251046 0.02073365231259968 0.017782426778242676
2 0.8819776714513556 0.5842050209205021 0.019138755980861243 0.011506276150627614
2 0.9074960127591707 0.5904811715481171 0.03189792663476874 0.013598326359832635
2 0.886762360446571 0.5967573221757322 0.012759170653907496 0.011506276150627614
2 0.9066985645933014 0.604602510460251 0.02711323763955343 0.014644351464435145
2 0.9545454545454546 0.5899581589958158 0.03668261562998405 0.023012552301255228
2 0.9282296650717703 0.6229079497907949 0.03827751196172249 0.0198744769874477
2 0.8070175438596491 0.5930962343096233 0.03827751196172249 0.02719665271966527
2 0.7097288676236044 0.5930962343096233 0.051036682615629984 0.03347280334728033
2 0.6028708133971292 0.5962343096234309 0.051036682615629984 0.03347280334728033
2 0.507177033492823 0.5936192468619247 0.03508771929824561 0.02615062761506276
2 0.44417862838915473 0.5988493723849372 0.03668261562998405 0.024058577405857737
2 0.4154704944178628 0.5298117154811715 0.0430622009569378 0.024058577405857737
2 0.3397129186602871 0.5381799163179916 0.01594896331738437 0.024058577405857737
2 0.3748006379585327 0.5428870292887029 0.03827751196172249 0.02928870292887029
2 0.3078149920255183 0.5716527196652719 0.05422647527910686 0.034518828451882845
2 0.22886762360446572 0.5444560669456067 0.03668261562998405 0.02824267782426778
2 0.14752791068580542 0.555439330543933 0.0430622009569378 0.02719665271966527
2 0.10925039872408293 0.5815899581589957 0.046251993620414676 0.03347280334728033
2 0.13157894736842105 0.6009414225941422 0.03349282296650718 0.013598326359832635
2 0.17384370015948963 0.5868200836820083 0.04784688995215311 0.02928870292887029
2 0.215311004784689 0.6025104602510459 0.03827751196172249 0.02719665271966527
2 0.2535885167464115 0.608786610878661 0.03827751196172249 0.03765690376569037
2 0.16985645933014354 0.627092050209205 0.0430622009569378 0.034518828451882845
2 0.2113237639553429 0.6276150627615062 0.030303030303030304 0.02719665271966527
2 0.284688995215311 0.6349372384937237 0.03349282296650718 0.016736401673640166
2 0.55103668261563 0.5732217573221757 0.03668261562998405 0.02719665271966527
2 0.9082934609250399 0.6464435146443515 0.02073365231259968 0.012552301255230124
2 0.8971291866028708 0.6595188284518828 0.03668261562998405 0.02615062761506276
2 0.8596491228070176 0.655857740585774 0.025518341307814992 0.02719665271966527
2 0.7743221690590112 0.6678870292887029 0.03668261562998405 0.0303347280334728
2 0.6507177033492823 0.655857740585774 0.03827751196172249 0.023012552301255228
2 0.6156299840510366 0.682531380753138 0.04146730462519936 0.02824267782426778
2 0.5566188197767146 0.686715481171548 0.051036682615629984 0.036610878661087864
2 0.47607655502392343 0.686715481171548 0.03668261562998405 0.02824267782426778
2 0.45055821371610844 0.6642259414225941 0.0430622009569378 0.03138075313807531
2 0.361244019138756 0.6574267782426778 0.03987240829346093 0.02615062761506276
2 0.284688995215311 0.6626569037656903 0.06539074960127592 0.034518828451882845
2 0.2535885167464115 0.6856694560669455 0.03189792663476874 0.017782426778242676
2 0.21371610845295055 0.6935146443514644 0.04784688995215311 0.02928870292887029
2 0.10845295055821372 0.7003138075313807 0.04784688995215311 0.034518828451882845
2 0.14035087719298245 0.75836820083682 0.03508771929824561 0.04184100418410042
2 0.18421052631578946 0.813807531380753 0.04944178628389155 0.03556485355648535
2 0.2902711323763955 0.8211297071129706 0.044657097288676235 0.03347280334728033
2 0.3779904306220096 0.8143305439330544 0.051036682615629984 0.034518828451882845
2 0.44657097288676234 0.7934100418410042 0.03508771929824561 0.0303347280334728
2 0.2822966507177033 0.7076359832635982 0.03827751196172249 0.02824267782426778
2 0.5239234449760766 0.7646443514644351 0.030303030303030304 0.012552301255230124
2 0.5845295055821371 0.7515690376569037 0.03349282296650718 0.024058577405857737
2 0.6299840510366826 0.7839958158995816 0.04146730462519936 0.02824267782426778
2 0.5135566188197768 0.7996861924686192 0.051036682615629984 0.03242677824267782
2 0.5574162679425837 0.7876569037656903 0.023923444976076555 0.018828451882845185
2 0.5494417862838915 0.8190376569037656 0.03987240829346093 0.018828451882845185
2 0.4880382775119617 0.8216527196652719 0.03827751196172249 0.0198744769874477
2 0.5629984051036683 0.8430962343096233 0.04146730462519936 0.014644351464435145
2 0.6196172248803827 0.8582635983263598 0.046251993620414676 0.02824267782426778
2 0.7169059011164275 0.8336820083682007 0.046251993620414676 0.02719665271966527
2 0.7472089314194578 0.8028242677824267 0.05582137161084529 0.0303347280334728
2 0.7392344497607656 0.7850418410041841 0.023923444976076555 0.013598326359832635
2 0.8078149920255183 0.7866108786610878 0.046251993620414676 0.02719665271966527
2 0.854066985645933 0.7981171548117154 0.0430622009569378 0.03138075313807531
2 0.9035087719298246 0.700836820083682 0.05263157894736842 0.03347280334728033
2 0.9393939393939394 0.6888075313807531 0.019138755980861243 0.02615062761506276
2 0.9792663476874003 0.655857740585774 0.028708133971291867 0.016736401673640166
2 0.8955342902711324 0.7348326359832635 0.03668261562998405 0.021966527196652718
2 0.9401913875598086 0.7573221757322175 0.05263157894736842 0.03138075313807531
2 0.9744816586921851 0.7777196652719665 0.04784688995215311 0.013598326359832635
2 0.9465709728867624 0.8007322175732217 0.05263157894736842 0.0303347280334728
2 0.967304625199362 0.8206066945606694 0.05901116427432217 0.015690376569037656
2 0.6866028708133971 0.752092050209205 0.03349282296650718 0.023012552301255228
2 0.6802232854864434 0.7918410041841003 0.030303030303030304 0.02719665271966527
2 0.7527910685805422 0.7719665271966527 0.025518341307814992 0.014644351464435145
2 0.7751196172248804 0.8331589958158995 0.03189792663476874 0.024058577405857737
2 0.8078149920255183 0.8326359832635982 0.030303030303030304 0.02719665271966527
2 0.7352472089314195 0.8692468619246861 0.044657097288676235 0.02719665271966527
2 0.664274322169059 0.8896443514644351 0.04944178628389155 0.017782426778242676
2 0.664274322169059 0.9095188284518828 0.05901116427432217 0.02615062761506276
2 0.5765550239234449 0.9053347280334727 0.03987240829346093 0.02824267782426778
2 0.5239234449760766 0.9163179916317991 0.06220095693779904 0.03765690376569037
2 0.5574162679425837 0.8859832635983262 0.0430622009569378 0.023012552301255228
2 0.22488038277511962 0.9173640167364016 0.03827751196172249 0.02719665271966527
2 0.27751196172248804 0.9178870292887028 0.04146730462519936 0.02615062761506276
2 0.45534290271132377 0.8933054393305438 0.023923444976076555 0.02719665271966527
2 0.60207336523126 0.9471757322175731 0.05263157894736842 0.0303347280334728
2 0.5933014354066986 0.9806485355648534 0.05741626794258373 0.0303347280334728
2 0.7073365231259968 0.9680962343096233 0.05582137161084529 0.024058577405857737
2 0.9688995215311005 0.9539748953974895 0.05901116427432217 0.02928870292887029
2 0.7527910685805422 0.9450836820083681 0.025518341307814992 0.02824267782426778
2 0.8500797448165869 0.7510460251046025 0.04146730462519936 0.02719665271966527
2 0.8086124401913876 0.6841004184100418 0.03508771929824561 0.02092050209205021
2 0.26156299840510366 0.5700836820083681 0.022328548644338118 0.016736401673640166
2 0.5582137161084529 0.057008368200836816 0.03827751196172249 0.02615062761506276
2 0.3365231259968102 0.1260460251046025 0.03827751196172249 0.0198744769874477
2 0.6842105263157895 0.36035564853556484 0.04784688995215311 0.0198744769874477
2 0.94896331738437 0.3969665271966527 0.03189792663476874 0.021966527196652718
2 0.33413078149920256 0.8274058577405857 0.023923444976076555 0.014644351464435145
2 0.41467304625199364 0.8033472803347279 0.019138755980861243 0.014644351464435145
2 0.8987240829346093 0.7986401673640167 0.03987240829346093 0.0303347280334728
2 0.18740031897926634 0.8446652719665271 0.02711323763955343 0.013598326359832635
2 0.23763955342902712 0.8938284518828451 0.03189792663476874 0.017782426778242676
2 0.6172248803827751 0.8906903765690376 0.03189792663476874 0.024058577405857737
2 0.7575757575757576 0.11506276150627615 0.04146730462519936 0.018828451882845185
2 0.20494417862838915 0.09675732217573221 0.03668261562998405 0.015690376569037656
2 0.0988835725677831 0.28765690376569036 0.025518341307814992 0.014644351464435145
2 0.19218500797448165 0.2672594142259414 0.023923444976076555 0.0198744769874477
2 0.9856459330143541 0.5580543933054393 0.028708133971291867 0.0303347280334728
2 0.988835725677831 0.6882845188284519 0.022328548644338118 0.02092050209205021
2 0.9649122807017544 0.700836820083682 0.028708133971291867 0.025104602510460247
