2 0.06330014224751067 0.0739231664726426 0.021337126600284497 0.024447031431897553
2 0.09743954480796586 0.05587892898719441 0.03840682788051209 0.037252619324796274
2 0.13229018492176386 0.023864959254947613 0.03698435277382646 0.03143189755529686
2 0.14935988620199148 0.0681024447031432 0.042674253200568994 0.03143189755529686
2 0.12731152204836416 0.08847497089639116 0.03556187766714083 0.027939464493597205
2 0.16998577524893316 0.041327124563445866 0.044096728307254626 0.024447031431897553
2 0.2019914651493599 0.03958090803259604 0.02275960170697013 0.030267753201396973
2 0.18207681365576103 0.056461001164144355 0.02275960170697013 0.01979045401629802
2 0.2446657183499289 0.019208381839348077 0.03982930298719772 0.033760186263096625
2 0.21692745376955905 0.07741559953434225 0.029871977240398296 0.02677532013969732
2 0.25604551920341395 0.05471478463329453 0.03698435277382646 0.034924330616996506
2 0.28876244665718354 0.038416763678696154 0.025604551920341397 0.030267753201396973
2 0.32503556187766713 0.012805587892898719 0.044096728307254626 0.023282887077997673
2 0.31934566145092463 0.03608847497089639 0.03271692745376956 0.025611175785797437
2 0.3186344238975818 0.07043073341094296 0.04551920341394026 0.03143189755529686
2 0.2972972972972973 0.08381839348079162 0.02275960170697013 0.027939464493597205
2 0.25889046941678523 0.08032596041909197 0.034139402560455195 0.023282887077997673
2 0.23470839260312945 0.10477299185098952 0.034139402560455195 0.023282887077997673
2 0.267425320056899 0.12689173457508732 0.03982930298719772 0.03958090803259604
2 0.360597439544808 0.08789289871944121 0.029871977240398296 0.02211874272409779
2 0.40682788051209107 0.0809080325960419 0.03982930298719772 0.03143189755529686
2 0.43243243243243246 0.02211874272409779 0.03982930298719772 0.034924330616996506
2 0.48293029871977244 0.05471478463329453 0.03840682788051209 0.030267753201396973
2 0.4544807965860598 0.07450523864959255 0.03556187766714083 0.025611175785797437
2 0.5490753911806544 0.05180442374854482 0.05689900426742532 0.03143189755529686
2 0.5462304409672831 0.08789289871944121 0.03982930298719772 0.033760186263096625
2 0.48008534850640117 0.10768335273573923 0.044096728307254626 0.033760186263096625
2 0.593172119487909 0.04540162980209546 0.02275960170697013 0.018626309662398137
2 0.6081081081081081 0.07159487776484284 0.02418207681365576 0.015133876600698487
2 0.6728307254623045 0.05587892898719441 0.02844950213371266 0.020954598370197905
2 0.7688477951635847 0.0919674039580908 0.044096728307254626 0.034924330616996506
2 0.6948790896159317 0.09720605355064028 0.00995732574679943 0.010477299185098952
2 0.8136557610241821 0.04540162980209546 0.025604551920341397 0.03259604190919674
2 0.9253200568990043 0.018044237485448197 0.02418207681365576 0.02677532013969732
2 0.9473684210526316 0.0389988358556461 0.034139402560455195 0.02677532013969732
2 0.7617354196301566 0.1880093131548312 0.044096728307254626 0.03608847497089639
2 0.6671408250355619 0.2048894062863795 0.03698435277382646 0.037252619324796274
2 0.6372688477951636 0.1589057043073341 0.05120910384068279 0.038416763678696154
2 0.5682788051209104 0.17578579743888242 0.02702702702702703 0.025611175785797437
2 0.5327169274537696 0.17229336437718276 0.03840682788051209 0.037252619324796274
2 0.47297297297297297 0.1420256111757858 0.02702702702702703 0.018626309662398137
2 0.44950213371266007 0.1629802095459837 0.03982930298719772 0.03259604190919674
2 0.4046941678520626 0.16356228172293363 0.04694167852062589 0.033760186263096625
2 0.3790896159317212 0.18626309662398138 0.044096728307254626 0.027939464493597205
2 0.344950213371266 0.2019790454016298 0.044096728307254626 0.03143189755529686
2 0.3300142247510669 0.169965075669383 0.02844950213371266 0.013969732246798603
2 0.23399715504978663 0.1490104772991851 0.02702702702702703 0.025611175785797437
2 0.27880512091038406 0.1490104772991851 0.031294452347083924 0.01629802095459837
2 0.11877667140825036 0.1810244470314319 0.044096728307254626 0.033760186263096625
2 0.21123755334281652 0.19266589057043074 0.04125177809388336 0.02910360884749709
2 0.20625889046941678 0.21536670547147846 0.042674253200568994 0.023282887077997673
2 0.04551920341394026 0.26775320139697323 0.03698435277382646 0.027939464493597205
2 0.09815078236130868 0.2956926658905704 0.01991465149359886 0.013969732246798603
2 0.13229018492176386 0.29743888242142025 0.03698435277382646 0.05471478463329453
2 0.16429587482219063 0.3131548311990687 0.029871977240398296 0.03958090803259604
2 0.1891891891891892 0.2852153667054715 0.03698435277382646 0.023282887077997673
2 0.19630156472261737 0.3079161816065192 0.025604551920341397 0.017462165308498253
2 0.20483641536273117 0.25844004656577413 0.031294452347083924 0.03958090803259604
2 0.24182076813655762 0.24854481955762514 0.034139402560455195 0.02677532013969732
2 0.267425320056899 0.2339930151338766 0.01991465149359886 0.030267753201396973
2 0.2873399715504979 0.2339930151338766 0.02275960170697013 0.030267753201396973
2 0.32930298719772405 0.2270081490104773 0.03840682788051209 0.03259604190919674
2 0.2197724039829303 0.28230500582072177 0.021337126600284497 0.02910360884749709
2 0.2496443812233286 0.2770663562281723 0.03556187766714083 0.027939464493597205
2 0.24182076813655762 0.3084982537834691 0.034139402560455195 0.034924330616996506
2 0.21692745376955905 0.3050058207217695 0.01849217638691323 0.025611175785797437
2 0.29445234708392604 0.2980209545983702 0.03982930298719772 0.03259604190919674
2 0.27524893314367 0.3317811408614668 0.04125177809388336 0.03259604190919674
2 0.24822190611664297 0.3469150174621653 0.03556187766714083 0.030267753201396973
2 0.21408250355618777 0.3317811408614668 0.021337126600284497 0.018626309662398137
2 0.26884779516358465 0.36961583236321305 0.034139402560455195 0.033760186263096625
2 0.34708392603129445 0.3061699650756694 0.03982930298719772 0.030267753201396973
2 0.3314366998577525 0.26542491268917345 0.02844950213371266 0.025611175785797437
2 0.35419630156472265 0.27648428405122233 0.04551920341394026 0.03143189755529686
2 0.4061166429587482 0.2776484284051222 0.049786628733997154 0.02910360884749709
2 0.4559032716927454 0.2520372526193248 0.03556187766714083 0.03143189755529686
2 0.46586059743954483 0.21303841676367868 0.04125177809388336 0.03259604190919674
2 0.519203413940256 0.28463329452852154 0.042674253200568994 0.033760186263096625
2 0.5533428165007113 0.2689173457508731 0.034139402560455195 0.03259604190919674
2 0.5568990042674253 0.29627473806752036 0.03840682788051209 0.02211874272409779
2 0.5725462304409673 0.32305005820721766 0.04125177809388336 0.03143189755529686
2 0.5846372688477952 0.2892898719441211 0.01991465149359886 0.02910360884749709
2 0.6088193456614509 0.30151338766006985 0.042674253200568994 0.037252619324796274
2 0.616642958748222 0.2636786961583236 0.03556187766714083 0.02677532013969732
2 0.662873399715505 0.26775320139697323 0.02275960170697013 0.025611175785797437
2 0.662873399715505 0.31955762514551805 0.05974395448079659 0.038416763678696154
2 0.507823613086771 0.2037252619324796 0.01991465149359886 0.01629802095459837
2 0.9146514935988621 0.30267753201396974 0.042674253200568994 0.037252619324796274
2 0.9765291607396871 0.2671711292200233 0.03271692745376956 0.03608847497089639
2 0.8961593172119489 0.36321303841676367 0.031294452347083924 0.03259604190919674
2 0.7283072546230441 0.380093131548312 0.02275960170697013 0.02677532013969732
2 0.833570412517781 0.42956926658905703 0.02844950213371266 0.030267753201396973
2 0.6116642958748222 0.37427240977881254 0.03982930298719772 0.050058207217694994
2 0.5768136557610242 0.36845168800931316 0.02418207681365576 0.024447031431897553
2 0.5320056899004267 0.3457508731082654 0.03982930298719772 0.03259604190919674
2 0.4260312944523471 0.3538998835855646 0.04125177809388336 0.030267753201396973
2 0.3826458036984353 0.32421420256111755 0.03698435277382646 0.04074505238649592
2 0.310099573257468 0.3789289871944121 0.031294452347083924 0.03143189755529686
2 0.344950213371266 0.39348079161816063 0.03556187766714083 0.03259604190919674
2 0.35206258890469416 0.36670547147846333 0.03556187766714083 0.025611175785797437
2 0.3755334281650071 0.3608847497089639 0.017069701280227598 0.025611175785797437
2 0.37482219061166433 0.40919674039580906 0.03840682788051209 0.033760186263096625
2 0.1500711237553343 0.35739231664726423 0.03556187766714083 0.03259604190919674
2 0.19203413940256048 0.39930151338766007 0.04836415362731152 0.030267753201396973
2 0.19843527738264582 0.3719441210710128 0.03271692745376956 0.015133876600698487
2 0.430298719772404 0.3859138533178114 0.04125177809388336 0.02910360884749709
2 0.4338549075391181 0.4307334109429569 0.042674253200568994 0.03958090803259604
2 0.41465149359886205 0.4610011641443539 0.03840682788051209 0.03259604190919674
2 0.49786628733997157 0.39522700814901046 0.03698435277382646 0.03143189755529686
2 0.534850640113798 0.39755529685681024 0.02275960170697013 0.01979045401629802
2 0.6365576102418208 0.41559953434225844 0.03556187766714083 0.027939464493597205
2 0.8435277382645804 0.4668218859138533 0.03698435277382646 0.025611175785797437
2 0.8392603129445235 0.48370197904540163 0.025604551920341397 0.015133876600698487
2 0.8250355618776671 0.5174621653084982 0.034139402560455195 0.03143189755529686
2 0.8798008534850641 0.5325960419091967 0.03271692745376956 0.033760186263096625
2 0.7724039829302988 0.5215366705471478 0.05120910384068279 0.03259604190919674
2 0.6571834992887625 0.48370197904540163 0.042674253200568994 0.02910360884749709
2 0.5867709815078236 0.45925494761350405 0.02418207681365576 0.03143189755529686
2 0.5512091038406828 0.44644935972060534 0.03840682788051209 0.033760186263096625
2 0.4516358463726885 0.510477299185099 0.029871977240398296 0.02910360884749709
2 0.48790896159317215 0.4918509895227008 0.034139402560455195 0.03143189755529686
2 0.5320056899004267 0.4778812572759022 0.03982930298719772 0.038416763678696154
2 0.5106685633001423 0.44644935972060534 0.01422475106685633 0.015133876600698487
2 0.47581792318634425 0.4481955762514552 0.012802275960170698 0.013969732246798603
2 0.368421052631579 0.48661233993015135 0.025604551920341397 0.025611175785797437
2 0.22759601706970128 0.49010477299185096 0.034139402560455195 0.027939464493597205
2 0.04338549075391181 0.5075669383003493 0.021337126600284497 0.023282887077997673
2 0.077524893314367 0.5034924330616997 0.04125177809388336 0.03608847497089639
2 0.021337126600284497 0.42607683352735737 0.031294452347083924 0.04190919674039581
2 0.16927453769559034 0.5337601862630966 0.03982930298719772 0.03608847497089639
2 0.09174964438122334 0.47846332945285214 0.02702702702702703 0.011641443538998836
2 0.12731152204836416 0.5250291036088475 0.015647226173541962 0.011641443538998836
2 0.26884779516358465 0.5349243306169965 0.04551920341394026 0.038416763678696154
2 0.34921763869132294 0.5477299185098952 0.052631578947368425 0.033760186263096625
2 0.10028449502133713 0.5960419091967404 0.03556187766714083 0.03259604190919674
2 0.11806543385490754 0.6344586728754366 0.031294452347083924 0.030267753201396973
2 0.18990042674253202 0.6152502910360884 0.03840682788051209 0.02677532013969732
2 0.17425320056899005 0.640279394644936 0.029871977240398296 0.023282887077997673
2 0.25675675675675674 0.6175785797438882 0.03556187766714083 0.02211874272409779
2 0.29943100995732574 0.559371362048894 0.02418207681365576 0.017462165308498253
2 0.35988620199146515 0.6018626309662398 0.03698435277382646 0.030267753201396973
2 0.41038406827880514 0.6036088474970897 0.03271692745376956 0.047729918509895226
2 0.44950213371266007 0.6222351571594877 0.01422475106685633 0.017462165308498253
2 0.3812233285917497 0.5430733410942957 0.017069701280227598 0.017462165308498253
2 0.6095305832147938 0.6041909196740396 0.04125177809388336 0.03958090803259604
2 0.6664295874822191 0.5873108265424912 0.03271692745376956 0.024447031431897553
2 0.7091038406827881 0.5925494761350407 0.03840682788051209 0.025611175785797437
2 0.7631578947368421 0.5675203725261933 0.03840682788051209 0.03143189755529686
2 0.7994310099573257 0.59953434225844 0.042674253200568994 0.037252619324796274
2 0.8463726884779517 0.60011641443539 0.03698435277382646 0.02910360884749709
2 0.837126600284495 0.549476135040745 0.03271692745376956 0.030267753201396973
2 0.7695590327169275 0.6210710128055879 0.03982930298719772 0.033760186263096625
2 0.8100995732574681 0.6484284051222351 0.02702702702702703 0.023282887077997673
2 0.8556187766714083 0.6786961583236322 0.04694167852062589 0.03259604190919674
2 0.8200568990042675 0.69965075669383 0.03556187766714083 0.023282887077997673
2 0.7823613086770982 0.7013969732246799 0.031294452347083924 0.024447031431897553
2 0.756045519203414 0.6810244470314318 0.044096728307254626 0.018626309662398137
2 0.6344238975817923 0.6391152502910361 0.025604551920341397 0.020954598370197905
2 0.756045519203414 0.7281722933643772 0.03556187766714083 0.033760186263096625
2 0.7923186344238976 0.749708963911525 0.042674253200568994 0.030267753201396973
2 0.7190611664295875 0.729336437718277 0.04125177809388336 0.03143189755529686
2 0.6770981507823614 0.6984866123399301 0.04551920341394026 0.025611175785797437
2 0.6742532005689901 0.7229336437718277 0.04551920341394026 0.025611175785797437
2 0.7254623044096729 0.7729918509895227 0.03698435277382646 0.030267753201396973
2 0.6102418207681366 0.7380675203725262 0.031294452347083924 0.018626309662398137
2 0.6095305832147938 0.7142025611175785 0.03556187766714083 0.02677532013969732
2 0.5526315789473685 0.6938300349243306 0.03840682788051209 0.03259604190919674
2 0.5092460881934566 0.6839348079161816 0.03982930298719772 0.02677532013969732
2 0.5099573257467994 0.6542491268917345 0.02702702702702703 0.023282887077997673
2 0.5049786628733998 0.7211874272409778 0.01991465149359886 0.01979045401629802
2 0.42816500711237554 0.7008149010477299 0.031294452347083924 0.018626309662398137
2 0.368421052631579 0.7287543655413271 0.042674253200568994 0.03259604190919674
2 0.35490753911806544 0.6915017462165308 0.02418207681365576 0.013969732246798603
2 0.36201991465149364 0.6763678696158324 0.012802275960170698 0.011641443538998836
2 0.33783783783783783 0.6629802095459837 0.03556187766714083 0.038416763678696154
2 0.31578947368421056 0.6979045401629802 0.03982930298719772 0.03143189755529686
2 0.31223328591749644 0.7427240977881258 0.02418207681365576 0.027939464493597205
2 0.2773826458036984 0.7328288707799767 0.04551920341394026 0.038416763678696154
2 0.2318634423897582 0.7386495925494762 0.017069701280227598 0.01979045401629802
2 0.23541963015647227 0.6583236321303841 0.03271692745376956 0.02677532013969732
2 0.2546230440967283 0.6746216530849826 0.031294452347083924 0.01979045401629802
2 0.21763869132290187 0.69965075669383 0.042674253200568994 0.03259604190919674
2 0.15576102418207682 0.6961583236321304 0.03556187766714083 0.034924330616996506
2 0.1159317211948791 0.6827706635622817 0.03556187766714083 0.033760186263096625
2 0.16073968705547653 0.7502910360884749 0.03698435277382646 0.02211874272409779
2 0.155049786628734 0.7252619324796274 0.03698435277382646 0.025611175785797437
2 0.09246088193456616 0.7112922002328289 0.02275960170697013 0.04423748544819558
2 0.1116642958748222 0.7916181606519208 0.03271692745376956 0.027939464493597205
2 0.14580369843527738 0.8044237485448196 0.04125177809388336 0.037252619324796274
2 0.16642958748221906 0.8306169965075669 0.03982930298719772 0.02910360884749709
2 0.22901849217638692 0.8387660069848661 0.031294452347083924 0.03608847497089639
2 0.2546230440967283 0.8259604190919674 0.03982930298719772 0.04074505238649592
2 0.3008534850640114 0.8504074505238649 0.03840682788051209 0.033760186263096625
2 0.3300142247510669 0.8550640279394645 0.02275960170697013 0.02910360884749709
2 0.4046941678520626 0.830034924330617 0.03556187766714083 0.025611175785797437
2 0.43243243243243246 0.8376018626309663 0.02275960170697013 0.024447031431897553
2 0.42532005689900426 0.8608847497089639 0.03982930298719772 0.024447031431897553
2 0.45803698435277385 0.8149010477299184 0.03698435277382646 0.025611175785797437
2 0.4615931721194879 0.840512223515716 0.03556187766714083 0.025611175785797437
2 0.46230440967283076 0.7665890570430733 0.034139402560455195 0.02211874272409779
2 0.49786628733997157 0.819557625145518 0.034139402560455195 0.034924330616996506
2 0.5071123755334281 0.8667054714784633 0.044096728307254626 0.03608847497089639
2 0.5554765291607398 0.8585564610011641 0.03556187766714083 0.02677532013969732
2 0.5526315789473685 0.8370197904540163 0.04694167852062589 0.018626309662398137
2 0.5618776671408251 0.8015133876600699 0.042674253200568994 0.038416763678696154
2 0.5974395448079659 0.830034924330617 0.04836415362731152 0.03259604190919674
2 0.593172119487909 0.8568102444703143 0.03982930298719772 0.025611175785797437
2 0.6749644381223329 0.8020954598370198 0.044096728307254626 0.030267753201396973
2 0.7290184921763869 0.840512223515716 0.04694167852062589 0.03958090803259604
2 0.7652916073968706 0.8835855646100116 0.042674253200568994 0.03259604190919674
2 0.8755334281650071 0.9650756693830035 0.04125177809388336 0.034924330616996506
2 0.8470839260312945 0.9511059371362048 0.015647226173541962 0.023282887077997673
2 0.7155049786628734 0.910360884749709 0.01991465149359886 0.025611175785797437
2 0.65149359886202 0.8818393480791618 0.04551920341394026 0.033760186263096625
2 0.6116642958748222 0.8777648428405121 0.02275960170697013 0.025611175785797437
2 0.8044096728307255 0.8771827706635623 0.03271692745376956 0.02211874272409779
2 0.9317211948790897 0.9278230500582072 0.01991465149359886 0.020954598370197905
2 0.8641536273115221 0.7206053550640279 0.02418207681365576 0.018626309662398137
2 0.5476529160739687 0.8981373690337602 0.03982930298719772 0.033760186263096625
2 0.5206258890469417 0.9109429569266588 0.031294452347083924 0.024447031431897553
2 0.3584637268847795 0.8707799767171129 0.034139402560455195 0.020954598370197905
2 0.3741109530583215 0.8969732246798603 0.03982930298719772 0.02910360884749709
2 0.32930298719772405 0.8870779976717112 0.03556187766714083 0.034924330616996506
2 0.31152204836415365 0.9161816065192083 0.042674253200568994 0.030267753201396973
2 0.29160739687055476 0.9423748544819558 0.03698435277382646 0.02910360884749709
2 0.2844950213371266 0.889988358556461 0.03698435277382646 0.02910360884749709
2 0.22617354196301565 0.8923166472642607 0.05689900426742532 0.03608847497089639
2 0.1714082503556188 0.9086146682188592 0.049786628733997154 0.050058207217694994
2 0.017780938833570414 0.9481955762514551 0.03271692745376956 0.02677532013969732
2 0.04480796586059744 0.9068684516880093 0.044096728307254626 0.037252619324796274
2 0.08748221906116643 0.8963911525029103 0.04125177809388336 0.030267753201396973
2 0.1372688477951636 0.8626309662398137 0.021337126600284497 0.020954598370197905
2 0.21621621621621623 0.9435389988358557 0.034139402560455195 0.02677532013969732
2 0.3577524893314367 0.8230500582072177 0.02702702702702703 0.01629802095459837
2 0.7290184921763869 0.16938300349243307 0.02702702702702703 0.02677532013969732
2 0.8805120910384069 0.012223515715948777 0.025604551920341397 0.01979045401629802
2 0.841394025604552 0.9866123399301513 0.021337126600284497 0.017462165308498253
