2 0.046897546897546896 0.15565509518477044 0.047619047619047616 0.0335946248600224
2 0.09163059163059163 0.10638297872340426 0.03607503607503607 0.02687569988801792
2 0.08297258297258298 0.1696528555431131 0.03318903318903319 0.023516237402015677
2 0.05916305916305916 0.19764837625979845 0.02886002886002886 0.03471444568868981
2 0.12914862914862915 0.2625979843225084 0.03318903318903319 0.027995520716685332
2 0.18253968253968253 0.23572228443449048 0.047619047619047616 0.032474804031354984
2 0.36075036075036077 0.25867861142217247 0.031746031746031744 0.02687569988801792
2 0.35353535353535354 0.23460246360582307 0.031746031746031744 0.023516237402015677
2 0.3629148629148629 0.20772676371780516 0.03896103896103896 0.03471444568868981
2 0.3939393939393939 0.2368421052631579 0.0404040404040404 0.036954087346024636
2 0.411976911976912 0.2536394176931691 0.030303030303030304 0.0167973124300112
2 0.4365079365079365 0.27379619260918253 0.044733044733044736 0.032474804031354984
2 0.398989898989899 0.28163493840985443 0.03607503607503607 0.025755879059350503
2 0.4083694083694084 0.19092945128779396 0.02886002886002886 0.02127659574468085
2 0.42063492063492064 0.2122060470324748 0.027417027417027416 0.02127659574468085
2 0.4444444444444444 0.2200447928331467 0.03463203463203463 0.030235162374020158
2 0.43722943722943725 0.187010078387458 0.031746031746031744 0.022396416573348264
2 0.4696969696969697 0.1707726763717805 0.044733044733044736 0.032474804031354984
2 0.4292929292929293 0.14165733482642778 0.024531024531024532 0.019036954087346025
2 0.49855699855699853 0.12486002239641657 0.03318903318903319 0.023516237402015677
2 0.551948051948052 0.17413213885778275 0.027417027417027416 0.025755879059350503
2 0.523088023088023 0.16349384098544234 0.01875901875901876 0.020156774916013438
2 0.5930735930735931 0.12430011198208286 0.05772005772005772 0.03807390817469205
2 0.5988455988455988 0.08230683090705487 0.049062049062049064 0.03471444568868981
2 0.6327561327561327 0.06215005599104143 0.04184704184704185 0.027995520716685332
2 0.5266955266955267 0.0335946248600224 0.023088023088023088 0.01791713325867861
2 0.5764790764790765 0.022396416573348264 0.03896103896103896 0.022396416573348264
2 0.6031746031746031 0.031914893617021274 0.023088023088023088 0.025755879059350503
2 0.6197691197691197 0.027435610302351626 0.01875901875901876 0.019036954087346025
2 0.6471861471861472 0.014557670772676373 0.03607503607503607 0.020156774916013438
2 0.6608946608946609 0.027435610302351626 0.011544011544011544 0.012318029115341545
2 0.6774891774891775 0.05431131019036954 0.044733044733044736 0.03919372900335946
2 0.7207792207792207 0.05375139977603584 0.027417027417027416 0.02463605823068309
2 0.7265512265512265 0.024076147816349383 0.044733044733044736 0.02127659574468085
2 0.9365079365079365 0.02967525195968645 0.046176046176046176 0.03919372900335946
2 0.6919191919191919 0.09126539753639418 0.03896103896103896 0.036954087346024636
2 0.7323232323232324 0.08902575587905935 0.03896103896103896 0.03919372900335946
2 0.6746031746031746 0.1506159014557671 0.04184704184704185 0.030235162374020158
2 0.6291486291486291 0.2038073908174692 0.046176046176046176 0.03135498320268757
2 0.6291486291486291 0.16349384098544234 0.03463203463203463 0.05375139977603584
2 0.7792207792207793 0.1674132138857783 0.02886002886002886 0.023516237402015677
2 0.803030303030303 0.16685330347144456 0.0101010101010101 0.008958566629339306
2 0.8246753246753247 0.17581187010078386 0.024531024531024532 0.022396416573348264
2 0.8564213564213564 0.1786114221724524 0.04184704184704185 0.03471444568868981
2 0.8347763347763347 0.13829787234042554 0.027417027417027416 0.030235162374020158
2 0.9033189033189033 0.18197088465845465 0.05194805194805195 0.030235162374020158
2 0.8528138528138528 0.20940649496080627 0.031746031746031744 0.03135498320268757
2 0.7352092352092352 0.23348264277715566 0.03607503607503607 0.027995520716685332
2 0.7027417027417028 0.2536394176931691 0.0404040404040404 0.030235162374020158
2 0.613997113997114 0.284434490481523 0.04184704184704185 0.03135498320268757
2 0.5945165945165946 0.2541993281075028 0.02886002886002886 0.022396416573348264
2 0.5476190476190477 0.2553191489361702 0.05916305916305916 0.03807390817469205
2 0.5577200577200577 0.219484882418813 0.044733044733044736 0.0335946248600224
2 0.494949494949495 0.23348264277715566 0.03751803751803752 0.027995520716685332
2 0.4769119769119769 0.24748040313549832 0.024531024531024532 0.01791713325867861
2 0.4971139971139971 0.2631578947368421 0.04184704184704185 0.020156774916013438
2 0.4754689754689755 0.19932810750279956 0.030303030303030304 0.020156774916013438
2 0.5079365079365079 0.19764837625979845 0.023088023088023088 0.012318029115341545
2 0.5108225108225108 0.2122060470324748 0.02886002886002886 0.0167973124300112
2 0.3181818181818182 0.2866741321388578 0.03318903318903319 0.03583426651735722
2 0.22727272727272727 0.3202687569988802 0.03896103896103896 0.029115341545352745
2 0.18975468975468976 0.2788353863381859 0.04184704184704185 0.03135498320268757
2 0.08802308802308802 0.28163493840985443 0.02886002886002886 0.027995520716685332
2 0.026695526695526696 0.30011198208286677 0.030303030303030304 0.022396416573348264
2 0.049783549783549784 0.3258678611422173 0.04184704184704185 0.0335946248600224
2 0.07792207792207792 0.33314669652855544 0.011544011544011544 0.012318029115341545
2 0.09740259740259741 0.33650615901455766 0.021645021645021644 0.02127659574468085
2 0.10461760461760462 0.35498320268757 0.027417027417027416 0.015677491601343786
2 0.31673881673881676 0.3292273236282195 0.04184704184704185 0.0335946248600224
2 0.39105339105339104 0.33762597984322507 0.03463203463203463 0.025755879059350503
2 0.4227994227994228 0.3572228443449048 0.031746031746031744 0.029115341545352745
2 0.4653679653679654 0.3650615901455767 0.030303030303030304 0.01791713325867861
2 0.45454545454545453 0.32866741321388576 0.025974025974025976 0.019036954087346025
2 0.4314574314574315 0.30627099664053753 0.046176046176046176 0.032474804031354984
2 0.47113997113997114 0.3057110862262038 0.03607503607503607 0.03135498320268757
2 0.5512265512265512 0.29843225083986563 0.0404040404040404 0.025755879059350503
2 0.5555555555555556 0.33202687569988804 0.03463203463203463 0.025755879059350503
2 0.5815295815295816 0.3202687569988802 0.031746031746031744 0.029115341545352745
2 0.588023088023088 0.3572228443449048 0.03607503607503607 0.03135498320268757
2 0.6103896103896104 0.3471444568868981 0.008658008658008658 0.01343784994400896
2 0.6356421356421357 0.3471444568868981 0.03607503607503607 0.0335946248600224
2 0.6608946608946609 0.3314669652855543 0.02886002886002886 0.02687569988801792
2 0.670995670995671 0.3051511758118701 0.02886002886002886 0.02127659574468085
2 0.6803751803751804 0.3538633818589026 0.03607503607503607 0.022396416573348264
2 0.7056277056277056 0.34098544232922734 0.031746031746031744 0.03471444568868981
2 0.7373737373737373 0.3135498320268757 0.03751803751803752 0.0335946248600224
2 0.8701298701298701 0.2721164613661814 0.046176046176046176 0.029115341545352745
2 0.8852813852813853 0.29507278835386336 0.03318903318903319 0.019036954087346025
2 0.9494949494949495 0.31858902575587905 0.02886002886002886 0.02127659574468085
2 0.8542568542568543 0.341545352743561 0.03751803751803752 0.0335946248600224
2 0.8802308802308803 0.341545352743561 0.011544011544011544 0.015677491601343786
2 0.9170274170274171 0.35666293393057114 0.03607503607503607 0.032474804031354984
2 0.963924963924964 0.36562150055991044 0.046176046176046176 0.027995520716685332
2 0.9134199134199135 0.3840985442329227 0.031746031746031744 0.02687569988801792
2 0.8795093795093795 0.3723404255319149 0.044733044733044736 0.032474804031354984
2 0.854978354978355 0.39417693169092943 0.03896103896103896 0.029115341545352745
2 0.886002886002886 0.4137737961926092 0.017316017316017316 0.036954087346024636
2 0.9126984126984127 0.41265397536394177 0.03318903318903319 0.025755879059350503
2 0.9682539682539683 0.42721164613661816 0.04329004329004329 0.030235162374020158
2 0.7994227994227994 0.36674132138857785 0.05194805194805195 0.03919372900335946
2 0.8441558441558441 0.4249720044792833 0.025974025974025976 0.023516237402015677
2 0.8665223665223665 0.44400895856662936 0.03896103896103896 0.02127659574468085
2 0.8051948051948052 0.406494960806271 0.03463203463203463 0.0335946248600224
2 0.7438672438672439 0.4008958566629339 0.03896103896103896 0.020156774916013438
2 0.7626262626262627 0.4216125419932811 0.044733044733044736 0.02127659574468085
2 0.6998556998556998 0.39585666293393057 0.03751803751803752 0.030235162374020158
2 0.7251082251082251 0.43449048152295633 0.044733044733044736 0.029115341545352745
2 0.6291486291486291 0.40369540873460247 0.02886002886002886 0.025755879059350503
2 0.6493506493506493 0.4232922732362822 0.03751803751803752 0.02687569988801792
2 0.5786435786435786 0.4305711086226204 0.04329004329004329 0.030235162374020158
2 0.5086580086580087 0.41097424412094063 0.050505050505050504 0.0335946248600224
2 0.4963924963924964 0.43449048152295633 0.03751803751803752 0.020156774916013438
2 0.43722943722943725 0.4328107502799552 0.031746031746031744 0.036954087346024636
2 0.3917748917748918 0.3751399776035834 0.027417027417027416 0.01791713325867861
2 0.4264069264069264 0.3796192609182531 0.030303030303030304 0.015677491601343786
2 0.34415584415584416 0.39249720044792835 0.030303030303030304 0.025755879059350503
2 0.3124098124098124 0.393057110862262 0.030303030303030304 0.02463605823068309
2 0.23809523809523808 0.37793952967525196 0.049062049062049064 0.025755879059350503
2 0.21861471861471862 0.4048152295632699 0.044733044733044736 0.027995520716685332
2 0.08802308802308802 0.4059350503919373 0.0404040404040404 0.03471444568868981
2 0.113997113997114 0.41265397536394177 0.01443001443001443 0.02127659574468085
2 0.13347763347763347 0.4137737961926092 0.01875901875901876 0.023516237402015677
2 0.047619047619047616 0.4227323628219485 0.025974025974025976 0.02127659574468085
2 0.14502164502164502 0.43617021276595747 0.044733044733044736 0.030235162374020158
2 0.12554112554112554 0.45184770436730126 0.02886002886002886 0.014557670772676373
2 0.19480519480519481 0.43449048152295633 0.03463203463203463 0.029115341545352745
2 0.2683982683982684 0.42833146696528557 0.04329004329004329 0.030235162374020158
2 0.3253968253968254 0.45128779395296753 0.044733044733044736 0.0335946248600224
2 0.3686868686868687 0.44568868980963045 0.03607503607503607 0.03807390817469205
2 0.3968253968253968 0.4641657334826428 0.03463203463203463 0.025755879059350503
2 0.43867243867243866 0.46024636058230683 0.031746031746031744 0.015677491601343786
2 0.4639249639249639 0.4507278835386338 0.030303030303030304 0.0167973124300112
2 0.461038961038961 0.4641657334826428 0.015873015873015872 0.019036954087346025
2 0.4769119769119769 0.49272116461366183 0.03318903318903319 0.015677491601343786
2 0.4935064935064935 0.47816349384098544 0.0404040404040404 0.029115341545352745
2 0.6089466089466089 0.46472564389697646 0.0404040404040404 0.02687569988801792
2 0.6616161616161617 0.4776035834266517 0.030303030303030304 0.027995520716685332
2 0.6782106782106783 0.4540873460246361 0.046176046176046176 0.025755879059350503
2 0.7034632034632035 0.47256438969764836 0.01875901875901876 0.029115341545352745
2 0.7380952380952381 0.4708846584546473 0.03896103896103896 0.030235162374020158
2 0.7878787878787878 0.46080627099664057 0.03751803751803752 0.030235162374020158
2 0.810966810966811 0.44680851063829785 0.031746031746031744 0.020156774916013438
2 0.8398268398268398 0.46248600223964165 0.04329004329004329 0.03135498320268757
2 0.9314574314574314 0.46976483762597987 0.05339105339105339 0.030235162374020158
2 0.8968253968253969 0.4876819708846585 0.024531024531024532 0.023516237402015677
2 0.9213564213564214 0.5089585666293394 0.04184704184704185 0.025755879059350503
2 0.8556998556998557 0.4910414333706607 0.02886002886002886 0.023516237402015677
2 0.8246753246753247 0.4843225083986562 0.03318903318903319 0.014557670772676373
2 0.9177489177489178 0.5627099664053752 0.031746031746031744 0.023516237402015677
2 0.9531024531024531 0.5671892497200448 0.03607503607503607 0.030235162374020158
2 0.8831168831168831 0.5582306830907054 0.03463203463203463 0.027995520716685332
2 0.8542568542568543 0.5739081746920492 0.031746031746031744 0.03471444568868981
2 0.8434343434343434 0.538073908174692 0.044733044733044736 0.027995520716685332
2 0.810966810966811 0.5201567749160134 0.02886002886002886 0.032474804031354984
2 0.7777777777777778 0.5067189249720044 0.04329004329004329 0.032474804031354984
2 0.7510822510822511 0.5240761478163494 0.030303030303030304 0.03583426651735722
2 0.7178932178932179 0.5179171332586786 0.030303030303030304 0.030235162374020158
2 0.6746031746031746 0.5526315789473685 0.044733044733044736 0.027995520716685332
2 0.6334776334776335 0.5391937290033595 0.0202020202020202 0.023516237402015677
2 0.6904761904761905 0.5173572228443449 0.015873015873015872 0.029115341545352745
2 0.5555555555555556 0.5016797312430011 0.04329004329004329 0.03807390817469205
2 0.538961038961039 0.5425531914893617 0.050505050505050504 0.03919372900335946
2 0.5180375180375181 0.5201567749160134 0.025974025974025976 0.03471444568868981
2 0.48412698412698413 0.5156774916013438 0.04184704184704185 0.030235162374020158
2 0.4329004329004329 0.4910414333706607 0.0404040404040404 0.04143337066069429
2 0.4069264069264069 0.49720044792833146 0.01443001443001443 0.01791713325867861
2 0.38311688311688313 0.49496080627099664 0.027417027417027416 0.02687569988801792
2 0.3203463203463203 0.5195968645016797 0.03463203463203463 0.03807390817469205
2 0.2857142857142857 0.5251959686450168 0.0404040404040404 0.03583426651735722
2 0.18759018759018758 0.5235162374020157 0.03751803751803752 0.030235162374020158
2 0.20995670995670995 0.47816349384098544 0.04184704184704185 0.03135498320268757
2 0.1378066378066378 0.5016797312430011 0.044733044733044736 0.0335946248600224
2 0.025974025974025976 0.48712206047032475 0.0404040404040404 0.029115341545352745
2 0.023809523809523808 0.5307950727883539 0.03607503607503607 0.03135498320268757
2 0.07503607503607504 0.5957446808510638 0.0404040404040404 0.03135498320268757
2 0.20057720057720058 0.6058230683090705 0.046176046176046176 0.03807390817469205
2 0.2857142857142857 0.5828667413213886 0.03463203463203463 0.030235162374020158
2 0.3629148629148629 0.5604703247480404 0.03607503607503607 0.032474804031354984
2 0.3903318903318903 0.5487122060470325 0.03607503607503607 0.0425531914893617
2 0.424963924963925 0.5436730123180291 0.027417027417027416 0.030235162374020158
2 0.44877344877344877 0.5621500559910414 0.03463203463203463 0.02463605823068309
2 0.5028860028860029 0.5851063829787234 0.03318903318903319 0.027995520716685332
2 0.5533910533910534 0.6035834266517357 0.044733044733044736 0.03135498320268757
2 0.588023088023088 0.6304591265397537 0.03896103896103896 0.03135498320268757
2 0.6594516594516594 0.6019036954087346 0.046176046176046176 0.032474804031354984
2 0.6493506493506493 0.6371780515117581 0.0404040404040404 0.03135498320268757
2 0.6832611832611832 0.6231802911534154 0.01875901875901876 0.019036954087346025
2 0.7085137085137085 0.5806270996640538 0.025974025974025976 0.02127659574468085
2 0.7453102453102453 0.6063829787234043 0.047619047619047616 0.032474804031354984
2 0.7344877344877345 0.6349384098544233 0.03751803751803752 0.02687569988801792
2 0.7907647907647908 0.5587905935050392 0.02886002886002886 0.02463605823068309
2 0.8131313131313131 0.5481522956326987 0.015873015873015872 0.02127659574468085
2 0.8181818181818182 0.5912653975363942 0.03751803751803752 0.02463605823068309
2 0.803030303030303 0.6170212765957447 0.03896103896103896 0.029115341545352745
2 0.8924963924963925 0.616461366181411 0.04184704184704185 0.030235162374020158
2 0.9401154401154401 0.62989921612542 0.030303030303030304 0.036954087346024636
2 0.9617604617604617 0.6293393057110862 0.021645021645021644 0.03135498320268757
2 0.8744588744588745 0.6416573348264277 0.03751803751803752 0.02463605823068309
2 0.862914862914863 0.6662933930571109 0.017316017316017316 0.020156774916013438
2 0.8823953823953824 0.658454647256439 0.015873015873015872 0.008958566629339306
2 0.8831168831168831 0.6774916013437849 0.031746031746031744 0.02687569988801792
2 0.9047619047619048 0.6970884658454647 0.02886002886002886 0.027995520716685332
2 0.963924963924964 0.6942889137737962 0.031746031746031744 0.02463605823068309
2 0.8275613275613276 0.6881298992161254 0.03896103896103896 0.03471444568868981
2 0.8398268398268398 0.7222844344904815 0.04329004329004329 0.0335946248600224
2 0.8823953823953824 0.7206047032474804 0.03318903318903319 0.030235162374020158
2 0.8845598845598845 0.7407614781634938 0.025974025974025976 0.014557670772676373
2 0.9285714285714286 0.7424412094064949 0.03896103896103896 0.03135498320268757
2 0.9689754689754689 0.751959686450168 0.03896103896103896 0.03471444568868981
2 0.7784992784992785 0.7155655095184771 0.03607503607503607 0.02687569988801792
2 0.7936507936507936 0.734602463605823 0.02886002886002886 0.01343784994400896
2 0.7871572871572872 0.6819708846584547 0.03318903318903319 0.02687569988801792
2 0.7121212121212122 0.6903695408734603 0.04184704184704185 0.036954087346024636
2 0.7453102453102453 0.6914893617021277 0.015873015873015872 0.023516237402015677
2 0.7453102453102453 0.7127659574468085 0.0101010101010101 0.0167973124300112
2 0.652958152958153 0.6920492721164614 0.03607503607503607 0.022396416573348264
2 0.626984126984127 0.7200447928331467 0.030303030303030304 0.029115341545352745
2 0.5959595959595959 0.7150055991041433 0.03751803751803752 0.023516237402015677
2 0.5642135642135642 0.7122060470324748 0.025974025974025976 0.020156774916013438
2 0.5447330447330447 0.7217245240761478 0.027417027417027416 0.02127659574468085
2 0.5180375180375181 0.7357222844344905 0.0404040404040404 0.029115341545352745
2 0.468975468975469 0.700447928331467 0.023088023088023088 0.019036954087346025
2 0.4963924963924964 0.7010078387458006 0.031746031746031744 0.03135498320268757
2 0.5288600288600288 0.696528555431131 0.03318903318903319 0.029115341545352745
2 0.5613275613275613 0.6814109742441209 0.025974025974025976 0.023516237402015677
2 0.5909090909090909 0.6914893617021277 0.030303030303030304 0.02127659574468085
2 0.538961038961039 0.6444568868980963 0.03318903318903319 0.027995520716685332
2 0.49783549783549785 0.635498320268757 0.0404040404040404 0.027995520716685332
2 0.4971139971139971 0.6651735722284434 0.03607503607503607 0.029115341545352745
2 0.41774891774891776 0.6483762597984323 0.03607503607503607 0.02687569988801792
2 0.3968253968253968 0.6270996640537514 0.031746031746031744 0.020156774916013438
2 0.3434343434343434 0.6086226203807391 0.0404040404040404 0.030235162374020158
2 0.30663780663780665 0.6181410974244121 0.015873015873015872 0.022396416573348264
2 0.35209235209235207 0.6349384098544233 0.0202020202020202 0.011198208286674132
2 0.2481962481962482 0.6013437849944009 0.011544011544011544 0.01791713325867861
2 0.20346320346320346 0.6371780515117581 0.02886002886002886 0.015677491601343786
2 0.23881673881673882 0.6349384098544233 0.027417027417027416 0.01791713325867861
2 0.01443001443001443 0.6282194848824189 0.0202020202020202 0.01791713325867861
2 0.06204906204906205 0.6388577827547592 0.023088023088023088 0.0167973124300112
2 0.03823953823953824 0.6741321388577828 0.03607503607503607 0.03135498320268757
2 0.049783549783549784 0.6926091825307951 0.030303030303030304 0.012318029115341545
2 0.06349206349206349 0.7150055991041433 0.03751803751803752 0.030235162374020158
2 0.09451659451659451 0.6623740201567749 0.024531024531024532 0.030235162374020158
2 0.09740259740259741 0.6881298992161254 0.01875901875901876 0.019036954087346025
2 0.12698412698412698 0.6730123180291153 0.04329004329004329 0.022396416573348264
2 0.13131313131313133 0.6987681970884658 0.0404040404040404 0.022396416573348264
2 0.19913419913419914 0.6702127659574468 0.0202020202020202 0.02127659574468085
2 0.21717171717171718 0.6763717805151176 0.01875901875901876 0.01791713325867861
2 0.1717171717171717 0.6618141097424413 0.01443001443001443 0.008958566629339306
2 0.1782106782106782 0.7323628219484882 0.03896103896103896 0.03583426651735722
2 0.21356421356421357 0.7183650615901456 0.02886002886002886 0.036954087346024636
2 0.2481962481962482 0.6937290033594625 0.04329004329004329 0.04143337066069429
2 0.29148629148629146 0.6954087346024637 0.03463203463203463 0.0335946248600224
2 0.36075036075036077 0.6959686450167973 0.03463203463203463 0.036954087346024636
2 0.38816738816738816 0.683090705487122 0.023088023088023088 0.03583426651735722
2 0.4235209235209235 0.6909294512877939 0.04184704184704185 0.0335946248600224
2 0.048340548340548344 0.8628219484882419 0.03318903318903319 0.03471444568868981
2 0.10028860028860029 0.8258678611422172 0.044733044733044736 0.027995520716685332
2 0.14285714285714285 0.8292273236282195 0.04329004329004329 0.030235162374020158
2 0.16955266955266957 0.7905935050391938 0.050505050505050504 0.04479283314669653
2 0.22077922077922077 0.8068309070548713 0.0404040404040404 0.03471444568868981
2 0.2727272727272727 0.7681970884658454 0.03751803751803752 0.03135498320268757
2 0.2922077922077922 0.8208286674132139 0.044733044733044736 0.029115341545352745
2 0.2453102453102453 0.8393057110862262 0.03751803751803752 0.030235162374020158
2 0.18975468975468976 0.8611422172452408 0.030303030303030304 0.02687569988801792
2 0.10461760461760462 0.8706606942889138 0.04184704184704185 0.027995520716685332
2 0.1176046176046176 0.8964165733482643 0.03896103896103896 0.023516237402015677
2 0.16666666666666666 0.9008958566629339 0.021645021645021644 0.027995520716685332
2 0.19408369408369408 0.8913773796192609 0.01875901875901876 0.015677491601343786
2 0.19408369408369408 0.9092945128779395 0.030303030303030304 0.022396416573348264
2 0.1847041847041847 0.9316909294512878 0.04329004329004329 0.029115341545352745
2 0.2287157287157287 0.9092945128779395 0.03318903318903319 0.02463605823068309
2 0.23809523809523808 0.8908174692049272 0.03751803751803752 0.0167973124300112
2 0.2842712842712843 0.8673012318029115 0.0404040404040404 0.030235162374020158
2 0.2886002886002886 0.8986562150055991 0.05194805194805195 0.03919372900335946
2 0.2481962481962482 0.9395296752519597 0.0202020202020202 0.015677491601343786
2 0.2828282828282828 0.9316909294512878 0.0404040404040404 0.022396416573348264
2 0.33694083694083693 0.9188129899216125 0.03318903318903319 0.025755879059350503
2 0.37518037518037517 0.9120940649496081 0.03751803751803752 0.025755879059350503
2 0.3463203463203463 0.9473684210526316 0.03463203463203463 0.02463605823068309
2 0.36724386724386726 0.9574468085106383 0.027417027417027416 0.020156774916013438
2 0.33910533910533913 0.8891377379619261 0.0404040404040404 0.022396416573348264
2 0.34704184704184704 0.8661814109742442 0.027417027417027416 0.02127659574468085
2 0.37445887445887444 0.8533034714445689 0.05916305916305916 0.02463605823068309
2 0.455988455988456 0.85498320268757 0.04329004329004329 0.032474804031354984
2 0.40404040404040403 0.8896976483762598 0.03463203463203463 0.027995520716685332
2 0.4379509379509379 0.8896976483762598 0.027417027417027416 0.02127659574468085
2 0.468975468975469 0.9025755879059351 0.023088023088023088 0.03135498320268757
2 0.4935064935064935 0.9053751399776035 0.0202020202020202 0.027995520716685332
2 0.3398268398268398 0.8012318029115342 0.05339105339105339 0.036954087346024636
2 0.3116883116883117 0.761478163493841 0.0202020202020202 0.01343784994400896
2 0.36147186147186144 0.7726763717805151 0.04184704184704185 0.022396416573348264
2 0.43217893217893216 0.7390817469204928 0.04184704184704185 0.029115341545352745
2 0.40115440115440115 0.8029115341545353 0.0404040404040404 0.0335946248600224
2 0.424963924963925 0.8113101903695409 0.03318903318903319 0.036954087346024636
2 0.47835497835497837 0.7715565509518477 0.04184704184704185 0.02463605823068309
2 0.4884559884559885 0.803471444568869 0.03607503607503607 0.025755879059350503
2 0.5577200577200577 0.7715565509518477 0.04184704184704185 0.02687569988801792
2 0.5988455988455988 0.7530795072788354 0.03463203463203463 0.025755879059350503
2 0.6132756132756133 0.7810750279955208 0.03463203463203463 0.025755879059350503
2 0.6443001443001443 0.793952967525196 0.04184704184704185 0.029115341545352745
2 0.5562770562770563 0.8113101903695409 0.044733044733044736 0.027995520716685332
2 0.6702741702741702 0.7603583426651735 0.027417027417027416 0.022396416573348264
2 0.6998556998556998 0.7222844344904815 0.04329004329004329 0.02687569988801792
2 0.7070707070707071 0.7463605823068309 0.02886002886002886 0.014557670772676373
2 0.7157287157287158 0.7609182530795073 0.03463203463203463 0.014557670772676373
2 0.7258297258297258 0.7760358342665173 0.03751803751803752 0.01791713325867861
2 0.7597402597402597 0.8051511758118701 0.04184704184704185 0.029115341545352745
2 0.8297258297258298 0.7961926091825308 0.04329004329004329 0.029115341545352745
2 0.7799422799422799 0.7597984322508399 0.03896103896103896 0.027995520716685332
2 0.836940836940837 0.7541993281075028 0.03751803751803752 0.023516237402015677
2 0.9184704184704184 0.7771556550951848 0.04184704184704185 0.03135498320268757
2 0.810966810966811 0.7575587905935051 0.008658008658008658 0.007838745800671893
2 0.9754689754689755 0.7967525195968646 0.03751803751803752 0.030235162374020158
2 0.9704184704184704 0.8292273236282195 0.027417027417027416 0.027995520716685332
2 0.9227994227994228 0.8443449048152296 0.03607503607503607 0.02687569988801792
2 0.8535353535353535 0.8443449048152296 0.050505050505050504 0.03583426651735722
2 0.7611832611832612 0.8409854423292273 0.03607503607503607 0.029115341545352745
2 0.7518037518037518 0.868421052631579 0.04329004329004329 0.02127659574468085
2 0.6984126984126984 0.8370660694288914 0.0404040404040404 0.043673012318029114
2 0.6544011544011544 0.8337066069428891 0.047619047619047616 0.03471444568868981
2 0.6356421356421357 0.8505039193729004 0.03318903318903319 0.014557670772676373
2 0.6031746031746031 0.8622620380739082 0.0404040404040404 0.03135498320268757
2 0.5577200577200577 0.8639417693169092 0.044733044733044736 0.027995520716685332
2 0.5014430014430015 0.8583426651735723 0.04184704184704185 0.025755879059350503
2 0.5209235209235209 0.879619260918253 0.031746031746031744 0.02127659574468085
2 0.5202020202020202 0.896976483762598 0.024531024531024532 0.015677491601343786
2 0.5577200577200577 0.9031354983202687 0.015873015873015872 0.02127659574468085
2 0.5808080808080808 0.9081746920492721 0.027417027417027416 0.02687569988801792
2 0.6118326118326118 0.9076147816349384 0.02886002886002886 0.027995520716685332
2 0.6565656565656566 0.8891377379619261 0.03751803751803752 0.02463605823068309
2 0.6406926406926406 0.9053751399776035 0.03751803751803752 0.032474804031354984
2 0.6955266955266955 0.8701007838745801 0.04329004329004329 0.02687569988801792
2 0.7027417027417028 0.9092945128779395 0.03463203463203463 0.02463605823068309
2 0.7063492063492064 0.9361702127659575 0.03607503607503607 0.029115341545352745
2 0.7467532467532467 0.9210526315789473 0.03896103896103896 0.030235162374020158
2 0.7395382395382395 0.8913773796192609 0.03318903318903319 0.02687569988801792
2 0.7857142857142857 0.893057110862262 0.03318903318903319 0.025755879059350503
2 0.841991341991342 0.8975363941769317 0.03896103896103896 0.025755879059350503
2 0.9054834054834054 0.8773796192609182 0.03896103896103896 0.032474804031354984
2 0.9545454545454546 0.8751399776035834 0.04184704184704185 0.025755879059350503
2 0.8845598845598845 0.948488241881299 0.03751803751803752 0.0335946248600224
2 0.9292929292929293 0.9322508398656215 0.0404040404040404 0.019036954087346025
2 0.9372294372294372 0.9552071668533034 0.03896103896103896 0.029115341545352745
2 0.8542568542568543 0.9764837625979843 0.03463203463203463 0.029115341545352745
2 0.7886002886002886 0.938969764837626 0.04184704184704185 0.027995520716685332
2 0.5483405483405484 0.9440089585666294 0.023088023088023088 0.02687569988801792
2 0.5043290043290043 0.9322508398656215 0.03896103896103896 0.030235162374020158
2 0.4704184704184704 0.9423292273236282 0.03463203463203463 0.02127659574468085
2 0.8116883116883117 0.9697648376259799 0.03318903318903319 0.02687569988801792
2 0.8268398268398268 0.8773796192609182 0.025974025974025976 0.019036954087346025
2 0.8910533910533911 0.8941769316909295 0.015873015873015872 0.012318029115341545
2 0.1277056277056277 0.6478163493840986 0.01875901875901876 0.007838745800671893
2 0.39321789321789324 0.5879059350503919 0.021645021645021644 0.022396416573348264
2 0.9848484848484849 0.8600223964165734 0.030303030303030304 0.03135498320268757
